 -70810.528     0.638     0.00    0.23
 -70434.886     0.561    -0.20    0.34
 -70059.346     0.536    -0.07    0.36
 -69683.908     0.547     0.03    0.35
 -69308.572     0.737     0.51    0.37
 -68933.338     0.982     0.65    0.46
 -68558.206     1.231     0.66    0.50
 -68183.175     1.480     0.66    0.41
 -67808.246     1.691     0.56    0.00
 -67433.418     1.691     0.00    0.00
 -67058.692     1.691     0.00    0.00
 -66684.067     1.691     0.00    0.00
 -66309.543     1.645    -0.12    0.28
 -65935.121     1.199    -1.19    0.84
 -65560.799     0.606    -1.59    0.98
 -65186.579     0.066    -1.44    0.76
 -64812.460    -0.292    -0.96    0.18
 -64438.441    -0.309    -0.04    0.00
 -64064.523    -0.309     0.00    0.00
 -63690.706    -0.309     0.00    0.00
 -63316.990    -0.309     0.00    0.00
 -62943.374    -0.309     0.00    0.00
 -62569.858    -0.309     0.00    0.00
 -62196.443    -0.309     0.00    0.00
 -61823.128    -0.309     0.00    0.00
 -61449.913    -0.309     0.00    0.00
 -61076.799    -0.017     0.78    0.68
 -60703.784     0.581     1.60    0.98
 -60330.870     1.125     1.46    0.88
 -59958.055     1.561     1.17    0.46
 -59585.340     1.691     0.35    0.00
 -59212.725     1.691     0.00    0.00
 -58840.209     1.691     0.00    0.00
 -58467.793     1.691     0.00    0.00
 -58095.476     1.691     0.00    0.00
 -57723.259     1.691     0.00    0.00
 -57351.141     1.691     0.00    0.00
 -56979.123     1.691     0.00    0.00
 -56607.203     1.691     0.00    0.00
 -56235.383     1.691     0.00    0.00
 -55863.661     1.691     0.00    0.00
 -55492.039     1.691     0.00    0.00
 -55120.515     1.691     0.00    0.00
 -54749.090     1.691     0.00    0.00
 -54377.764     1.691     0.00    0.00
 -54006.536     1.691     0.00    0.00
 -53635.407     1.691     0.00    0.00
 -53264.376     1.691     0.00    0.00
 -52893.444     1.691     0.00    0.00
 -52522.610     1.691     0.00    0.00
 -52151.874     1.691     0.00    0.00
 -51781.236     1.691     0.00    0.00
 -51410.696     1.691     0.00    0.00
 -51040.254     1.691     0.00    0.00
 -50669.910     1.691     0.00    0.00
 -50299.664     1.691     0.00    0.00
 -49929.516     1.691     0.00    0.00
 -49559.465     1.691     0.00    0.00
 -49189.512     1.691     0.00    0.00
 -48819.656     1.691     0.00    0.00
 -48449.898     1.691     0.00    0.00
 -48080.237     1.691     0.00    0.00
 -47710.673     1.691     0.00    0.00
 -47341.207     1.691     0.00    0.00
 -46971.837     1.691     0.00    0.00
 -46602.565     1.691     0.00    0.00
 -46233.390     1.691     0.00    0.00
 -45864.311     1.691     0.00    0.00
 -45495.329     1.691     0.00    0.00
 -45126.444     1.590    -0.27    0.41
 -44757.656     1.485    -0.29    0.57
 -44388.964     1.413    -0.19    0.65
 -44020.369     1.430     0.04    0.63
 -43651.870     1.427    -0.01    0.64
 -43283.467     1.408    -0.05    0.67
 -42915.161     1.433     0.07    0.63
 -42546.951     1.419    -0.04    0.63
 -42178.837     1.337    -0.22    0.70
 -41810.819     1.347     0.03    0.68
 -41442.897     1.305    -0.12    0.71
 -41075.071     1.285    -0.05    0.74
 -40707.340     1.109    -0.48    0.86
 -40339.706     1.008    -0.27    0.91
 -39972.167     1.124     0.32    0.87
 -39604.723     1.238     0.31    0.80
 -39237.376     1.475     0.64    0.58
 -38870.123     1.318    -0.43    0.77
 -38502.966     1.283    -0.10    0.79
 -38135.904     1.393     0.30    0.71
 -37768.938     1.564     0.47    0.49
 -37402.066     1.691     0.35    0.00
 -37035.290     1.691     0.00    0.00
 -36668.608     1.518    -0.47    0.56
 -36302.022     1.215    -0.83    0.84
 -35935.530     0.732    -1.32    0.99
 -35569.133     0.345    -1.06    0.93
 -35202.831    -0.045    -1.06    0.66
 -34836.623    -0.309    -0.72    0.00
 -34470.510    -0.222     0.24    0.38
 -34104.491    -0.146     0.21    0.53
 -33738.567     0.115     0.71    0.82
 -33372.737     0.366     0.69    0.95
 -33007.001     0.641     0.75    1.00
 -32641.360     0.832     0.52    0.99
 -32275.812     0.896     0.18    0.97
 -31910.359     0.918     0.06    0.96
 -31544.999     0.918    -0.00    0.96
 -31179.734     0.912    -0.02    0.95
 -30814.562     1.025     0.31    0.92
 -30449.484     1.132     0.29    0.87
 -30084.499     1.199     0.18    0.83
 -29719.608     1.308     0.30    0.76
 -29354.811     1.251    -0.16    0.81
 -28990.107     1.104    -0.40    0.90
 -28625.496     0.838    -0.73    0.98
 -28260.979     0.620    -0.60    0.97
 -27896.555     0.531    -0.24    0.95
 -27532.224     0.600     0.19    0.98
 -27167.986     0.855     0.70    0.98
 -26803.841     0.953     0.27    0.96
 -26439.789     1.056     0.28    0.92
 -26075.830     1.109     0.15    0.89
 -25711.964     1.274     0.45    0.97
 -25348.190     1.575     0.83    1.05
 -24984.509     1.659     0.23    1.13
 -24620.921     1.487    -0.48    1.28
 -24257.425     1.064    -1.16    1.42
 -23894.022     0.461    -1.66    1.25
 -23530.711     0.025    -1.20    0.88
 -23167.492    -0.309    -0.92    0.00
 -22786.827    -0.309     0.00    0.00
 -22403.962    -0.309     0.00    0.00
 -22021.203    -0.309     0.00    0.00
 -21638.551     1.096     3.67    4.51
 -21256.004     5.464    11.42   10.41
 -20873.563    11.809    16.59   15.43
 -20491.228    17.208    14.12   17.23
 -20108.998    20.778     9.34   18.33
 -19726.874    20.187    -1.55   19.26
 -19344.856    15.577   -12.07   18.58
 -18962.943     9.350   -16.31   15.41
 -18581.135     4.030   -13.93    9.61
 -18199.432     0.880    -8.25    1.67
 -17817.835     1.162     0.74    1.45
 -17436.343     1.659     1.30    1.39
 -17054.955     2.035     0.99    1.19
 -16673.673     2.336     0.79    0.87
 -16292.495     2.445     0.29    0.65
 -15911.422     2.420    -0.07    0.66
 -15530.453     2.455     0.09    0.62
 -15149.589     2.634     0.47    0.30
 -14768.830     2.429    -0.54    0.67
 -14388.175     2.059    -0.97    0.91
 -14007.624     1.925    -0.35    0.94
 -13627.177     1.937     0.03    0.94
 -13246.834     2.226     0.76    0.83
 -12866.596     2.250     0.06    0.93
 -12486.461     1.691    -1.47    1.37
 -12106.430     0.755    -2.46    1.39
 -11726.503     0.187    -1.49    1.03
 -11346.680     0.740     1.46    1.60
 -10966.960     2.451     4.51    2.66
 -10587.343     5.204     7.25    3.91
 -10207.831     8.459     8.58    4.50
  -9828.421    11.531     8.10    4.28
  -9449.115    14.344     7.42    2.79
  -9069.911    15.802     3.85    1.77
  -8690.811    15.044    -2.00    4.13
  -8311.814    11.803    -8.55    6.57
  -7932.920    10.220    -4.18    6.18
  -7554.129     9.707    -1.35    5.23
  -7175.440    12.167     6.50    5.02
  -6796.854    13.846     4.43    4.96
  -6418.371    11.548    -6.07    8.04
  -6039.990     9.537    -5.32    9.01
  -5661.711     7.850    -4.46    8.14
  -5283.535     6.990    -2.27    7.44
  -4905.461     7.617     1.66    7.00
  -4527.490    10.167     6.75    6.15
  -4149.620    13.071     7.69    4.27
  -3771.852    14.199     2.99    2.18
  -3394.187    14.310     0.29    2.10
  -3016.623    14.204    -0.28    2.08
  -2639.161    13.651    -1.46    1.65
  -2261.800    13.381    -0.72    1.49
  -1884.541    12.120    -3.34    4.28
  -1507.384     8.968    -8.36    6.41
  -1130.328     5.052   -10.39    6.93
   -753.373     1.788    -8.66    5.33
   -376.520    -0.309    -5.56    0.00
      0.232    -0.309     0.00    0.00
    376.883    -0.309     0.00    0.00
    753.433    -0.212     0.26    0.63
   1129.883    10.267    27.84   25.46
   1506.231    41.312    82.49   57.05
   1882.478    80.467   104.07   63.11
   2258.625   112.439    85.00   43.25
   2634.671   121.014    22.80   25.92
   3010.617   104.080   -45.04   26.34
   3386.462    87.448   -44.25   16.70
   3762.207    80.315   -18.98   13.44
   4137.852    79.667    -1.73   13.44
   4513.396    79.925     0.69   12.74
   4888.841    78.248    -4.47   13.85
   5264.185    72.307   -15.83   16.14
   5639.429    64.312   -21.30   16.47
   6014.573    56.199   -21.63   15.44
   6389.618    44.716   -30.62   15.17
   6764.563    31.651   -34.84   19.37
   7139.408    17.881   -36.74   17.70
   7514.154     6.987   -29.07   10.54
   7888.800     1.577   -14.44    4.24
   8263.346    -0.224    -4.81    0.61
   8637.794     0.175     1.07    2.27
   9012.142     1.822     4.40    4.70
   9386.391     4.818     8.00    6.22
   9760.541     8.094     8.76    5.95
  10134.592    11.270     8.49    3.61
  10508.544    12.223     2.55    1.23
  10882.397    12.569     0.92    0.58
  11256.151    12.888     0.85    0.70
  11629.807    13.059     0.46    0.75
  12003.364    13.170     0.30    1.06
  12376.822    12.107    -2.85    4.04
  12750.182     9.983    -5.69    6.08
  13123.444     6.821    -8.47    6.89
  13496.607     4.051    -7.42    6.21
  13869.672     1.510    -6.81    4.37
  14242.639    -0.236    -4.68    0.43
  14615.508    -0.309    -0.19    0.00
  14988.279    -0.309     0.00    0.00
  15360.951    -0.309     0.00    0.00
  15733.527    -0.309     0.00    0.00
  16106.004     0.619     2.49    2.92
  16478.383     3.577     7.94    6.24
  16850.665     7.170     9.65    7.43
  17222.850     9.595     6.52    7.18
  17594.937    11.103     4.05    6.27
  17966.927    11.191     0.24    5.89
  18338.819    11.683     1.32    4.93
  18710.614    10.861    -2.21    4.29
  19082.312     8.539    -6.25    5.60
  19453.913     6.090    -6.59    6.11
  19825.417     2.980    -8.37    5.52
  20196.823     0.219    -7.43    2.23
  20568.134    -0.309    -1.42    0.00
  20939.347    -0.309     0.00    0.00
  21310.464    -0.309     0.00    0.00
  21681.484     0.835     3.08    3.72
  22052.407     5.467    12.49    8.17
  22423.234    11.199    15.46    9.54
  22793.965    16.187    13.45    7.20
  23164.599    19.240     8.24    3.91
  23535.137    20.476     3.34    4.97
  23905.579    22.325     4.99    5.70
  24275.925    23.083     2.05    4.98
  24646.174    23.149     0.18    4.95
  25016.328    22.353    -2.15    5.17
  25386.386    21.569    -2.12    5.73
  25756.348    19.992    -4.26    7.51
  26126.215    16.883    -8.41    9.73
  26495.985    12.600   -11.58   10.79
  26865.661     6.757   -15.81    9.19
  27235.240     3.059   -10.00    6.54
  27604.725     3.157     0.27    5.47
  27974.114     5.344     5.92    6.08
  28343.407     5.301    -0.12    6.07
  28712.606     3.945    -3.67    5.96
  29081.709     1.288    -7.20    4.25
  29450.718    -0.040    -3.60    1.17
  29819.631     0.413     1.23    2.50
  30188.449     0.594     0.49    2.87
  30557.173     3.098     6.79    7.23
  30925.802     8.195    13.83   11.41
  31294.336    14.617    17.43   12.46
  31662.776    20.691    16.48    9.33
  32031.121    23.473     7.55    4.09
  32399.371    20.594    -7.82    6.64
  32767.528    16.336   -11.57    9.33
  33135.589    11.861   -12.16   10.43
  33503.557     9.750    -5.74   10.23
  33871.431     8.659    -2.96    9.57
  34239.210     9.619     2.61    9.71
  34606.895    12.156     6.90    9.84
  34974.487    14.862     7.36    8.19
  35341.984    16.421     4.24    5.51
  35709.388    13.269    -8.58    7.08
  36076.698     7.943   -14.50    7.81
  36443.914     3.261   -12.75    6.06
  36811.037    -0.042    -9.00    1.55
  37178.066    -0.309    -0.73    0.00
  37545.002     2.327     7.18    8.43
  37911.844    11.526    25.08   16.70
  38278.593    20.651    24.88   18.19
  38645.249    31.770    30.32   13.87
  39011.811    40.447    23.67    6.66
  39378.281    44.951    12.29    6.41
  39744.657    50.109    14.08    6.33
  40110.941    54.651    12.40    8.06
  40477.132    63.390    23.87   17.40
  40843.230    82.298    51.64   34.98
  41209.235   108.191    70.74   46.07
  41575.147   139.383    85.24   48.00
  41940.967   171.427    87.59   43.18
  42306.695   192.877    58.65   32.87
  42672.330   195.666     7.63   32.28
  43037.872   175.366   -55.53   47.17
  43403.322   146.650   -78.57   49.71
  43768.680   117.630   -79.43   33.61
  44133.946   107.470   -27.82   21.42
  44499.120   112.423    13.56   24.17
  44864.202   127.665    41.75   28.00
  45229.191   147.325    53.86   25.15
  45594.089   164.191    46.22   19.20
  45958.895   177.366    36.11   17.17
  46323.609   188.008    29.18   16.00
  46688.232   197.850    26.99   11.42
  47052.763   202.716    13.35    8.04
  47417.202   202.854     0.38    9.17
  47781.550   202.241    -1.68   11.92
  48145.807   198.300   -10.82   15.85
  48509.972   194.847    -9.48   18.92
  48874.046   190.338   -12.38   19.69
  49238.029   186.500   -10.55   16.46
  49601.920   185.781    -1.97   12.32
  49965.721   188.802     8.30   12.14
  50329.431   198.257    25.99   15.69
  50693.049   208.617    28.49   15.15
  51056.577   217.187    23.57   12.26
  51420.014   216.756    -1.18   16.96
  51793.668   214.119    -7.06   19.36
  52176.382   211.306    -7.35   19.18
  52558.992   211.277    -0.08   19.08
  52941.498   215.823    11.88   21.49
  53323.900   226.265    27.31   24.26
  53706.199   237.965    30.60   25.22
  54088.394   241.862    10.20   27.06
  54470.486   243.341     3.87   28.19
  54852.474   244.352     2.65   25.38
  55234.360   249.740    14.11   23.62
  55616.142   259.945    26.73   24.97
  55997.821   277.055    44.83   28.49
  56379.396   302.396    66.41   35.68
  56760.869   332.342    78.50   41.25
  57142.240   366.675    90.02   43.11
  57523.507   401.964    92.56   38.96
  57904.672   418.947    44.56   26.32
  58285.734   411.532   -19.46   35.26
  58666.694   386.464   -65.80   48.02
  59047.551   351.665   -91.37   38.94
  59428.306   328.245   -61.51   20.88
  59808.958   319.420   -23.18   13.82
  60189.508   314.504   -12.92   19.33
  60569.957   299.347   -39.84   32.26
  60950.303   272.834   -69.70   35.77
  61330.547   251.675   -55.64   26.55
  61710.690   238.174   -35.52   17.99
  62090.730   236.212    -5.16   22.12
  62470.669   238.378     5.70   24.94
  62850.507   230.372   -21.08   28.61
  63230.243   220.344   -26.41   27.06
  63609.877   209.258   -29.20   18.06
  63989.410   205.992    -8.60    9.09
  64368.842   210.249    11.22   10.35
  64748.172   218.183    20.92   12.71
  65127.402   227.982    25.84   13.63
  65506.530   238.435    27.57   14.57
  65885.557   247.183    23.08   14.23
  66264.484   256.246    23.92   13.10
  66643.309   264.290    21.23   11.45
  67022.034   271.797    19.82   11.69
  67400.658   278.904    18.77   11.26
  67779.182   286.341    19.65   12.59
  68157.605   296.369    26.50   15.83
  68535.928   309.166    33.83   19.11
  68914.151   325.064    42.03   19.66
  69292.273   339.894    39.22   17.60
  69670.295   353.022    34.72   14.89
  70048.217   362.427    24.89   13.60
  70426.039   368.050    14.88   12.95
  70803.761   368.641     1.57   14.09
  71181.383   361.544   -18.79   22.26
  71558.905   353.268   -21.92   23.12
  71936.328   354.372     2.93   24.10
  72313.651   364.691    27.35   25.07
  72690.874   374.617    26.31   18.72
  73067.999   368.416   -16.44   27.74
  73445.023   346.002   -59.45   40.74
  73821.949   327.390   -49.38   37.70
  74198.775   316.592   -28.65   29.17
  74575.502   328.195    30.80   34.39
  74952.130   340.081    31.56   35.29
  75328.658   357.005    44.95   39.42
  75705.088   373.437    43.65   41.15
  76081.420   396.122    60.28   37.39
  76457.652   406.773    28.31   32.02
  76833.786   404.238    -6.74   36.58
  77209.821   373.339   -82.17   50.77
  77585.757   338.741   -92.03   46.73
  77961.595   300.213  -102.51   35.99
  78337.335   275.372   -66.11   34.95
  78712.977   258.332   -45.36   26.59
  79088.520   251.658   -17.77   19.62
  79463.965   251.624    -0.09   18.41
  79839.312   258.271    17.71   19.36
  80214.561   262.116    10.25   21.21
  80589.712   265.349     8.62   23.12
  80964.765   267.495     5.72   23.89
  81339.721   268.922     3.81   23.46
  81714.579   275.565    17.72   26.59
  82089.339   282.937    19.67   29.84
  82464.002   291.996    24.18   31.58
  82838.567   306.847    39.65   35.33
  83213.035   319.810    34.62   35.78
  83587.405   336.375    44.24   37.64
  83961.678   348.414    32.17   36.47
  84335.855   358.483    26.91   36.14
  84709.934   358.377    -0.28   40.00
  85083.916   350.639   -20.69   45.66
  85457.801   341.002   -25.77   46.24
  85831.589   333.518   -20.02   42.97
  86205.281   329.606   -10.47   39.84
  86578.875   330.807     3.21   38.42
  86952.374   331.623     2.18   37.37
  87325.775   330.404    -3.26   37.69
  87699.080   324.977   -14.54   38.19
  88072.289   319.639   -14.30   36.30
  88445.401   313.179   -17.31   34.11
  88818.418   308.235   -13.25   28.17
  89191.338   306.960    -3.42   21.39
  89564.161   307.476     1.38   15.16
  89936.889   313.318    15.67   12.51
  90309.521   320.642    19.65   12.23
  90682.057   328.580    21.31   11.81
  91054.497   335.733    19.20   10.01
  91426.842   337.279     4.15    8.49
  91799.090   332.943   -11.65   12.79
  92171.243   326.931   -16.16   13.76
  92543.301   323.717    -8.64   10.41
  92915.263   326.311     6.97   10.58
  93287.130   332.003    15.30    9.17
  93658.902   335.553     9.55    6.68
  94030.578   333.650    -5.12    8.20
  94402.159   328.127   -14.86   10.47
  94773.645   322.183   -16.00   10.87
  95145.036   320.175    -5.41   12.07
  95516.332   318.156    -5.44   14.23
  95887.534   316.385    -4.77   15.28
  96258.640   314.547    -4.95   13.71
  96629.652   310.437   -11.08    9.71
  97000.569   308.975    -3.94    7.16
  97371.392   309.143     0.45    7.32
  97742.120   315.526    17.22   14.04
  98112.754   321.100    15.04   16.60
  98483.293   319.607    -4.03   20.05
  98853.738   306.400   -35.65   31.66
  99224.089   290.218   -43.69   38.24
  99594.345   267.700   -60.81   42.36
  99964.508   253.064   -39.54   38.17
 100334.577   241.489   -31.28   30.58
 100704.551   233.945   -20.39   28.02
 101074.432   227.700   -16.88   41.94
 101444.219   219.078   -23.32   52.77
 101813.912   200.609   -49.96   55.65
 102183.512   177.191   -63.36   48.46
 102553.018   152.050   -68.04   33.30
 102922.431   133.027   -51.49   19.13
 103291.750   122.922   -27.36   10.76
 103660.976   119.402    -9.53    7.62
 104030.109   117.367    -5.51    7.31
 104399.148   115.030    -6.33    6.56
 104768.094   113.918    -3.01    5.86
 105136.947   113.095    -2.23    6.35
 105505.708   115.625     6.86    8.60
 105874.375   120.152    12.28    9.56
 106242.949   124.258    11.14    8.62
 106611.431   124.774     1.40    7.29
 106979.820   121.311    -9.40   11.05
 107348.116   107.103   -38.57   20.89
 107716.319    91.464   -42.47   21.04
 108084.431    77.967   -36.66   13.61
 108452.449    71.972   -16.29    5.07
 108820.376    72.613     1.74    4.11
 109188.210    76.208     9.77    5.60
 109555.951    81.691    14.91    8.01
 109923.601    87.382    15.48    8.84
 110291.159    92.261    13.27    6.82
 110658.624    95.506     8.83    4.93
 111025.998    95.313    -0.53    6.08
 111393.279    94.490    -2.24    6.19
 111760.469    94.002    -1.33    5.34
 112127.567    92.466    -4.18    4.07
 112494.574    91.640    -2.25    3.62
 112861.489    91.272    -1.01    3.84
 113228.312    91.908     1.73    4.25
 113595.044    93.742     5.00    5.40
 113961.684    96.978     8.83    6.52
 114328.233   100.574     9.81    7.22
 114694.691   103.983     9.30    8.61
 115061.057   106.988     8.20    9.22
 115427.333   109.583     7.08    9.18
 115793.517   111.112     4.18    9.02
 116159.611   112.258     3.13    9.10
 116525.613   114.784     6.90   10.02
 116891.525   117.295     6.86   10.12
 117257.346   121.061    10.29    9.77
 117623.076   124.965    10.67    7.98
 117988.715   125.616     1.78    7.14
 118354.264   125.080    -1.47    7.30
 118719.723   124.300    -2.13    7.54
 119085.090   125.174     2.39    7.82
 119450.368   127.658     6.80    7.54
 119815.555   130.986     9.11    6.05
 120180.652   135.400    12.09    7.39
 120545.659   141.967    17.99   10.73
 120910.575   151.149    25.16   13.01
 121275.402   157.716    18.00   11.31
 121640.139   160.204     6.82   11.15
 122004.785   157.462    -7.52   12.98
 122369.342   151.372   -16.71   13.88
 122733.809   142.805   -23.50   11.11
 123098.187   138.414   -12.05    7.77
 123462.474   137.050    -3.74    5.47
 123826.672   139.735     7.37    7.59
 124190.781   146.500    18.58    9.45
 124554.800   152.648    16.89    9.13
 124918.730   161.213    23.53   11.13
 125282.570   169.171    21.87   11.46
 125646.321   177.147    21.93   11.06
 126009.983   185.247    22.27    8.31
 126377.104   189.204    10.78    6.52
 126759.659   191.243     5.33    4.09
 127142.111   190.355    -2.32    4.39
 127524.463   188.853    -3.93    3.97
 127906.713   187.901    -2.49    3.43
 128288.861   187.399    -1.31    3.33
 128670.909   188.734     3.49    4.23
 129052.855   190.903     5.68    5.67
 129434.700   194.614     9.72    6.44
 129816.445   197.734     8.17    6.74
 130198.088   200.648     7.63    7.92
 130579.631   203.625     7.80    8.82
 130961.072   207.655    10.57   10.74
 131342.413   212.522    12.76   13.01
 131723.654   218.151    14.77   14.62
 132104.794   223.263    13.41   15.45
 132485.834   229.869    17.34   16.56
 132866.773   239.183    24.45   19.46
 133247.612   251.349    31.94   20.98
 133628.351   266.957    40.99   21.86
 134008.990   285.266    48.10   26.27
 134389.528   305.319    52.69   27.58
 134769.967   323.912    48.87   23.49
 135150.306   334.543    27.95   16.52
 135530.545   331.775    -7.28   20.17
 135910.685   315.666   -42.38   31.02
 136290.724   287.213   -74.86   37.31
 136670.664   262.895   -64.00   29.14
 137050.505   250.708   -32.08   17.11
 137430.246   258.093    19.44   24.57
 137809.888   278.594    54.00   30.69
 138189.431   304.380    67.94   30.83
 138568.874   328.904    64.62   28.08
 138948.219   349.683    54.77   22.63
 139327.464   361.606    31.44   15.64
 139706.611   370.144    22.52   12.38
 140085.658   376.013    15.48   12.07
 140464.607   382.408    16.87   13.89
 140843.457   390.574    21.55   15.36
 141222.208   400.100    25.15   15.50
 141600.861   410.985    28.74   16.48
 141979.416   421.683    28.26   15.07
 142357.872   432.596    28.84   12.98
 142736.229   440.631    21.23   10.29
 143114.489   447.488    18.12    7.42
 143492.650   449.153     4.40    6.51
 143870.713   446.819    -6.18    9.35
 144248.678   440.327   -17.17   16.11
 144626.545   427.760   -33.25   27.94
 145004.314   416.263   -30.43   33.35
 145381.985   406.426   -26.04   34.22
 145759.559   400.071   -16.83   34.73
 146137.035   396.742    -8.82   35.82
 146514.414   396.361    -1.01   38.15
 146891.694   395.293    -2.83   40.41
 147268.878   385.978   -24.69   46.71
 147645.964   359.510   -70.18   55.61
 148022.953   325.598   -89.95   55.07
 148399.845   290.529   -93.04   41.04
 148776.639   264.293   -69.62   25.46
 149153.337   246.773   -46.51   20.23
 149529.937   240.912   -15.56   16.50
 149906.441   247.430    17.31   26.18
 150282.847   267.315    52.82   34.00
 150659.157   282.096    39.28   26.69
 151035.371   286.770    12.42   17.42
 151411.487   279.389   -19.62   17.19
 151787.508   271.537   -20.88   17.80
 152163.431   268.234    -8.79   19.97
 152539.259   270.135     5.06   20.34
 152914.990   269.717    -1.11   18.48
 153290.624   267.519    -5.85   16.62
 153666.163   264.472    -8.11   12.87
 154041.605   264.878     1.08   10.64
 154416.952   266.164     3.43    9.98
 154792.202   268.895     7.27   10.30
 155167.357   271.786     7.71   10.36
 155542.416   274.881     8.25    8.58
 155917.379   277.532     7.07    6.68
 156292.246   280.950     9.12    6.38
 156667.018   284.588     9.71    6.33
 157041.695   287.968     9.02    6.45
 157416.276   291.441     9.27    6.04
 157790.761   294.640     8.54    6.86
 158165.151   298.691    10.82    7.88
 158539.446   303.330    12.39    7.34
 158913.646   308.300    13.28    5.24
 159287.751   311.742     9.20    5.05
 159661.761   314.958     8.60    7.33
 160035.676   317.837     7.70   11.06
 160409.496   322.295    11.92   15.49
 160783.221   330.628    22.30   20.61
 161156.851   340.969    27.67   23.39
 161530.387   353.320    33.06   23.35
 161903.829   364.187    29.10   19.57
 162277.175   374.226    26.89   14.57
 162650.428   379.143    13.17   11.49
 163023.586   381.871     7.31   11.12
 163396.649   384.333     6.60   12.33
 163769.619   388.426    10.97   11.51
 164142.494   393.091    12.51    9.99
 164515.275   396.865    10.12    8.95
 164887.963   399.751     7.74    9.15
 165260.556   401.909     5.79    8.96
 165633.055   404.895     8.01    8.87
 166005.461   407.089     5.89    8.49
 166377.773   407.381     0.78    9.29
 166749.991   410.002     7.04   11.68
 167122.116   413.259     8.75   14.20
 167494.147   417.872    12.40   12.75
 167866.085   421.552     9.89   10.37
 168237.929   420.478    -2.89    9.52
 168609.680   419.390    -2.93    7.35
 168981.338   418.305    -2.92    6.73
 169352.903   417.506    -2.15    6.83
 169724.374   416.088    -3.82    6.80
 170095.753   413.552    -6.83    8.01
 170467.038   410.580    -8.00    8.75
 170838.231   408.143    -6.56    9.41
 171209.331   408.298     0.42    9.88
 171580.338   406.727    -4.23   10.62
 171951.253   402.570   -11.21   12.91
 172322.074   401.096    -3.97   15.00
 172692.804   402.364     3.42   17.68
 173063.441   409.503    19.26   17.10
 173433.985   415.737    16.82   13.52
 173804.437   413.148    -6.99   15.05
 174174.797   411.174    -5.33   15.65
 174545.065   410.140    -2.79   17.74
 174915.240   414.033    10.52   20.68
 175285.324   423.273    24.96   22.43
 175655.315   433.196    26.82   19.13
 176025.215   434.321     3.04   15.70
 176395.022   427.771   -17.71   18.06
 176764.738   414.252   -36.56   20.04
 177134.363   401.844   -33.56   13.97
 177503.895   398.335    -9.50   11.13
 177873.336   400.053     4.65   10.60
 178242.686   405.417    14.52    6.77
 178611.944   406.700     3.47    7.46
 178981.110   405.971    -1.98    9.69
 179350.186   403.512    -6.66   12.27
 179719.170   404.091     1.57   14.03
 180088.063   404.798     1.92   14.74
 180456.864   405.237     1.19   13.32
 180825.575   406.479     3.37   10.75
 181194.195   405.187    -3.50    8.77
 181562.724   405.785     1.62    9.95
 181931.162   406.493     1.92   14.51
 182299.509   409.982     9.47   20.48
 182667.766   416.859    18.67   24.34
 183035.932   424.726    21.36   26.83
 183404.007   432.856    22.09   28.35
 183771.992   437.128    11.61   30.37
 184139.886   439.622     6.78   28.12
 184507.690   445.542    16.09   21.25
 184875.404   449.481    10.71   13.05
 185243.028   444.126   -14.56   16.60
 185610.561   427.548   -45.10   28.73
 185978.004   406.217   -58.05   32.10
 186345.357   382.424   -64.76   28.59
 186712.621   361.834   -56.06   26.92
 187079.794   351.743   -27.48   29.31
 187446.877   340.013   -31.95   29.55
 187813.871   329.439   -28.81   31.09
 188180.775   320.900   -23.27   29.67
 188547.589   309.555   -30.93   23.07
 188914.314   301.631   -21.60   21.53
 189280.949   299.533    -5.72   21.29
 189647.495   297.622    -5.21   18.70
 190013.952   300.881     8.89   18.11
 190380.319   306.293    14.77   17.58
 190746.597   307.372     2.95   14.53
 191112.785   303.821    -9.70   15.58
 191478.885   291.488   -33.68   18.04
 191844.895   280.433   -30.20   17.36
 192210.817   273.968   -17.66   16.11
 192576.649   272.500    -4.01   18.74
 192942.393   273.622     3.07   18.15
 193308.048   275.419     4.91   17.04
 193673.614   275.329    -0.24   14.75
 194039.091   274.270    -2.90   14.83
 194404.480   271.443    -7.74   14.76
 194769.781   268.174    -8.95   14.09
 195134.992   263.829   -11.90   11.93
 195500.116   258.967   -13.31   10.05
 195865.151   253.924   -13.81   13.43
 196230.098   248.219   -15.63   16.65
 196594.956   244.967    -8.91   16.47
 196959.727   245.877     2.49   14.87
 197324.409   250.682    13.18   14.02
 197689.003   256.435    15.78   12.55
 198053.510   264.091    21.00   11.11
 198417.928   272.352    22.67   11.19
 198782.259   279.056    18.40   10.56
 199146.502   287.061    21.97   11.09
 199510.657   296.778    26.68   14.16
 199874.724   309.516    34.98   18.07
 200238.704   325.446    43.76   18.73
 200602.597   339.536    38.72   16.31
 200966.401   350.764    30.86   10.93
 201345.999   360.407    25.40    9.28
 201728.286   368.948    22.34    9.28
 202110.474   377.248    21.71    8.65
 202492.563   382.325    13.29    7.98
 202874.553   386.126     9.95    6.14
 203256.444   386.665     1.41    5.91
 203638.236   386.222    -1.16    6.13
 204019.930   383.838    -6.25    6.74
 204401.525   379.061   -12.52    8.14
 204783.021   374.993   -10.66    7.78
 205164.419   372.864    -5.58    5.61
 205545.718   374.217     3.55    6.04
 205926.919   377.466     8.52    6.72
 206308.022   381.943    11.75    7.24
 206689.027   386.218    11.22    7.86
 207069.933   389.013     7.34    8.67
 207450.742   389.839     2.17    8.66
 207831.452   386.877    -7.78    8.74
 208212.065   382.187   -12.32    9.18
 208592.579   377.272   -12.91    9.36
 208972.996   370.571   -17.61    8.71
 209353.315   363.507   -18.57    9.33
 209733.537   356.406   -18.67   10.61
