-245613.088   503.179     0.00   40.41
-245241.100   514.023    29.15   35.19
-244869.059   518.029    10.76   29.93
-244496.963   511.241   -18.24   27.78
-244124.814   495.359   -42.67   31.69
-243752.611   475.226   -54.08   36.02
-243380.354   444.602   -82.25   31.97
-243008.043   410.995   -90.25   40.16
-242635.679   367.377  -117.11   55.04
-242263.260   341.792   -68.69   50.59
-241890.787   334.766   -18.86   42.97
-241518.261   340.589    15.63   37.82
-241145.680   358.701    48.60   29.12
-240773.045   375.604    45.35   16.54
-240400.357   384.110    22.82   16.72
-240027.614   401.005    45.32   24.12
-239654.817   428.074    72.60   38.65
-239281.966   465.060    99.17   42.37
-238909.061   498.025    88.38   43.66
-238536.101   535.661   100.89   44.37
-238163.088   558.687    61.72   38.35
-237790.020   571.893    35.39   31.23
-237416.898   578.003    16.37   29.90
-237043.721   574.893    -8.33   29.87
-236670.491   569.995   -13.12   34.07
-236297.206   558.152   -31.72   41.66
-235923.866   542.531   -41.83   39.90
-235550.473   530.517   -32.17   35.24
-235177.024   524.515   -16.07   36.06
-234803.522   517.530   -18.70   33.06
-234429.965   509.340   -21.92   30.97
-234056.353   500.677   -23.18   28.29
-233682.687   489.903   -28.83   23.70
-233308.967   491.025     3.00   31.70
-232935.192   506.792    42.17   50.65
-232561.362   530.208    62.63   61.41
-232187.478   546.893    44.62   58.18
-231813.539   556.213    24.92   50.48
-231439.545   547.777   -22.55   40.30
-231065.497   530.518   -46.13   41.26
-230691.394   491.296  -104.82   60.63
-230317.236   440.307  -136.25   79.51
-229943.024   360.817  -212.37   90.73
-229568.757   280.270  -215.17  101.47
-229194.435   219.052  -163.51   77.37
-228820.058   217.380    -4.47   79.81
-228445.626   283.647   176.94  122.30
-228071.140   380.501   258.58  113.96
-227696.598   471.476   242.85   89.38
-227322.002   535.942   172.06   70.54
-226947.351   583.743   127.56   54.66
-226572.644   607.618    63.70   34.19
-226197.883   608.421     2.14   30.53
-225823.067   595.400   -34.73   30.45
-225448.196   588.321   -18.88   29.56
-225073.269   594.185    15.64   37.84
-224698.288   596.504     6.18   40.86
-224323.251   593.017    -9.30   40.04
-223948.159   579.280   -36.62   38.04
-223573.012   568.515   -28.69   28.14
-223197.810   559.820   -23.17   29.75
-222822.552   550.110   -25.87   39.42
-222447.240   547.971    -5.70   45.39
-222071.872   542.912   -13.47   38.73
-221696.449   555.531    33.60   44.04
-221320.970   571.053    41.33   49.47
-220945.436   586.110    40.09   46.70
-220569.847   596.462    27.55   41.31
-220194.202   604.989    22.70   32.71
-219818.502   619.429    38.43   28.73
-219442.746   644.898    67.77   32.30
-219066.935   667.912    61.23   36.09
-218691.069   675.081    19.07   33.86
-218315.146   662.726   -32.86   46.56
-217939.169   616.110  -123.96   63.52
-217563.136   569.605  -123.65   51.89
-217187.047   535.357   -91.04   41.84
-216810.902   522.299   -34.71   40.86
-216434.702   531.917    25.56   48.71
-216058.446   561.955    79.82   57.18
-215682.135   595.574    89.32   51.03
-215305.767   622.264    70.90   49.03
-214929.344   644.660    59.48   53.51
-214552.865   662.588    47.61   58.02
-214176.331   674.694    32.14   60.99
-213799.740   667.709   -18.54   73.51
-213423.094   649.707   -47.79   78.46
-213046.392   630.124   -51.98   71.83
-212669.634   609.690   -54.22   64.39
-212292.819   591.997   -46.95   66.51
-211915.949   559.003   -87.53   72.95
-211539.023   534.060   -66.16   81.80
-211162.041   503.174   -81.91   80.99
-210785.003   474.089   -77.13   78.13
-210407.909   416.489  -152.72   94.78
-210030.759   352.957  -168.42  105.96
-209653.552   270.435  -218.73  111.85
-209276.290   185.620  -224.78   83.86
-208898.971   131.155  -144.32   64.10
-208521.596    91.425  -105.26   40.48
-208144.165    69.547   -57.96   19.81
-207766.678    66.545    -7.95   21.02
-207389.134    81.828    40.47   44.79
-207011.534   125.983   116.91   76.39
-206633.878   193.757   179.43  105.88
-206256.165   274.701   214.26  103.55
-205878.396   343.255   181.44   81.13
-205500.571   392.864   131.28   62.28
-205122.689   420.527    73.19   59.51
-204744.750   455.879    93.52   66.59
-204366.755   490.574    91.77   74.85
-203988.704   523.274    86.48   81.85
-203610.596   550.335    71.56   90.71
-203232.432   566.067    41.59   93.66
-202854.211   584.969    49.97   86.98
-202475.933   593.203    21.76   76.42
-202097.599   603.752    27.88   60.85
-201719.208   608.468    12.46   42.90
-201340.760   592.774   -41.46   49.51
-200962.256   565.604   -71.77   58.37
-200583.695   524.185  -109.39   54.83
-200205.077   496.846   -72.20   42.91
-199826.402   485.476   -30.02   41.74
-199447.671   472.989   -32.96   44.17
-199068.882   452.222   -54.81   52.85
-198690.037   422.931   -77.30   46.51
-198311.135   414.810   -21.43   40.73
-197932.176   437.168    58.99   49.64
-197553.160   476.486   103.72   52.29
-197174.087   515.645   103.28   52.60
-196794.957   554.995   103.77   47.86
-196426.630   590.152    95.43   54.40
-196058.458   628.831   105.04   54.85
-195690.232   651.807    62.38   45.84
-195321.953   650.183    -4.41   44.47
-194953.621   620.999   -79.22   66.84
-194585.234   566.046  -149.15   75.40
-194216.795   520.518  -123.55   58.97
-193848.301   495.487   -67.92   33.74
-193479.755   501.631    16.67   34.00
-193111.154   530.828    79.20   39.83
-192742.500   561.433    83.01   49.21
-192373.792   603.011   112.75   51.03
-192005.031   636.289    90.23   43.79
-191636.215   650.898    39.61   32.14
-191267.347   639.531   -30.81   44.98
-190898.424   613.800   -69.74   54.66
-190529.447   590.462   -63.24   50.65
-190160.417   566.208   -65.71   46.77
-189791.333   547.949   -49.46   52.74
-189422.195   535.630   -33.37   47.61
-189053.003   536.109     1.30   49.01
-188683.757   558.701    61.17   64.64
-188314.457   593.360    93.83   64.16
-187945.104   617.880    66.37   45.74
-187575.696   619.474     4.32   42.72
-187206.234   588.983   -82.52   61.66
-186836.719   551.081  -102.55   69.07
-186467.149   498.144  -143.22   66.16
-186097.525   454.222  -118.81   59.42
-185727.847   418.433   -96.79   55.37
-185358.115   385.831   -88.16   53.46
-184988.329   345.053  -110.26   52.04
-184618.488   327.795   -46.66   44.27
-184248.594   322.800   -13.50   46.77
-183878.645   325.017     5.99   53.26
-183508.642   322.785    -6.03   47.04
-183138.584   312.487   -27.82   39.46
-182768.472   299.255   -35.75   40.13
-182398.306   279.679   -52.88   48.19
-182028.086   252.304   -73.93   58.12
-181657.811   224.923   -73.94   53.76
-181287.482   209.761   -40.93   44.06
-180917.098   201.650   -21.90   38.55
-180546.660   212.374    28.95   52.49
-180176.168   223.544    30.14   67.86
-179805.621   234.669    30.02   72.93
-179435.019   252.280    47.51   80.75
-179064.363   276.715    65.91   88.03
-178693.652   301.734    67.48   96.31
-178322.887   312.391    28.74   88.50
-177952.067   309.197    -8.61   75.22
-177581.193   275.074   -91.99   74.29
-177210.263   246.197   -77.84   60.50
-176839.279   257.477    30.40   75.57
-176468.241   313.616   151.28  109.90
-176097.147   375.307   166.21   95.90
-175725.999   413.701   103.43   46.70
-175354.796   402.783   -29.41   52.92
-174983.538   376.673   -70.32   44.09
-174612.226   374.278    -6.45   40.00
-174240.858   388.236    37.58   50.68
-173869.436   376.415   -31.82   78.61
-173497.958   334.273  -113.43  106.79
-173126.426   289.331  -120.94   94.59
-172754.838   252.081  -100.23   48.98
-172383.196   254.217     5.75   44.62
-172011.499   288.852    93.17   55.37
-171639.746   328.546   106.76   54.81
-171267.939   372.977   119.48   56.13
-170896.076   411.471   103.50   47.96
-170524.159   437.821    70.84   48.53
-170152.186   465.574    74.60   46.12
-169780.158   478.806    35.56   41.35
-169408.074   499.105    54.55   33.79
-169035.936   514.415    41.14   37.08
-168663.742   535.174    55.77   40.59
-168291.493   555.307    54.07   37.33
-167919.189   578.489    62.26   32.36
-167546.829   604.532    69.93   29.59
-167174.414   629.960    68.27   37.13
-166801.944   660.081    80.86   52.06
-166429.418   698.194   102.29   59.34
-166056.837   713.310    40.57   51.20
-165684.200   703.060   -27.50   65.24
-165311.508   667.532   -95.31   95.78
-164938.760   614.533  -142.16   93.28
-164565.957   573.831  -109.16   82.99
-164193.098   531.341  -113.94   87.38
-163820.184   518.689   -33.92   86.39
-163447.214   509.885   -23.60   76.99
-163074.188   503.792   -16.33   67.69
-162701.107   502.338    -3.90   59.29
-162327.970   508.765    17.22   49.74
-161954.777   529.821    56.41   65.29
-161581.529   574.604   119.96   82.04
-161208.224   619.995   121.57   77.14
-160834.864   672.212   139.84   69.81
-160461.448   708.199    96.36   67.33
-160087.977   744.110    96.14   65.00
-159714.449   772.180    75.14   58.13
-159340.866   789.741    47.00   52.17
-158967.226   791.602     4.98   52.43
-158593.531   781.645   -26.64   56.70
-158219.780   786.081    11.87   53.14
-157845.973   803.491    46.57   55.90
-157472.109   827.038    62.97   47.59
-157098.190   835.793    23.41   47.24
-156724.214   817.331   -49.36   72.49
-156350.183   773.930  -116.02   89.03
-155976.095   717.665  -150.39   87.08
-155601.951   678.534  -104.57   92.68
-155227.751   628.256  -134.34  108.13
-154853.495   590.736  -100.24   99.54
-154479.183   581.295   -25.22   78.76
-154104.814   587.074    15.44   64.68
-153730.389   593.532    17.24   64.95
-153355.908   562.095   -83.94   93.43
-152981.370   502.699  -158.56   95.90
-152606.776   448.729  -144.06   91.67
-152232.125   412.005   -98.01   79.78
-151857.419   400.969   -29.45   64.47
-151482.655   416.505    41.45   75.12
-151107.836   438.060    57.50   81.35
-150732.959   485.396   126.25   71.18
-150358.027   538.246   140.94   74.92
-149983.037   583.331   120.22  107.48
-149607.991   638.530   147.16  123.36
-149232.889   688.960   134.42  102.94
-148857.730   705.192    43.26   79.95
-148482.514   725.394    53.83   67.09
-148107.241   720.870   -12.05   79.64
-147731.912   725.741    12.98   88.81
-147356.526   704.131   -57.56  105.16
-146981.084   681.130   -61.26  108.44
-146605.584   657.116   -63.94   87.35
-146230.028   646.208   -29.04   61.42
-145854.415   676.108    79.59   71.09
-145478.745   715.974   106.11   67.87
-145103.018   744.821    76.77   53.92
-144727.234   751.839    18.67   48.92
-144351.394   758.294    17.17   45.66
-143975.496   761.633     8.88   44.25
-143599.541   776.169    38.66   41.51
-143223.529   790.617    38.42   36.13
-142847.461   809.616    50.51   37.14
-142471.335   835.335    68.37   39.02
-142095.152   861.269    68.93   37.04
-141718.912   884.949    62.93   34.12
-141342.614   901.866    44.95   31.46
-140966.260   924.259    59.49   38.40
-140589.848   945.346    56.01   37.81
-140213.379   952.727    19.60   33.98
-139836.853   950.560    -5.76   47.24
-139460.270   925.060   -67.70   58.62
-139083.629   893.104   -84.84   55.72
-138706.931   866.504   -70.60   55.75
-138330.175   837.403   -77.23   63.57
-137953.362   805.011   -85.95   63.00
-137576.492   763.983  -108.85   59.24
-137199.564   727.158   -97.69   49.88
-136822.579   690.699   -96.70   50.47
-136445.536   652.931  -100.16   50.21
-136068.436   614.465  -101.99   52.03
-135691.278   588.313   -69.33   40.49
-135314.062   593.182    12.91   45.47
-134936.789   625.892    86.69   68.42
-134559.459   673.788   126.92   74.36
-134182.070   716.736   113.79   73.24
-133804.624   750.985    90.73   82.57
-133427.120   771.817    55.18   89.39
-133049.559   788.921    45.30   84.96
-132671.939   809.711    55.05   68.35
-132294.262   832.025    59.07   62.56
-131916.527   860.283    74.80   54.24
-131538.734   868.589    21.98   40.48
-131160.883   848.696   -52.64   47.26
-130782.975   811.868   -97.44   44.24
-130405.008   783.711   -74.49   33.32
-130026.983   758.031   -67.92   30.04
-129648.901   744.408   -36.03   34.24
-129270.760   750.116    15.09   40.10
-128892.561   761.180    29.25   43.52
-128514.304   763.783     6.88   46.92
-128135.990   751.338   -32.89   65.28
-127757.617   705.534  -121.04   82.47
-127379.185   660.631  -118.64   59.36
-127000.696   644.431   -42.79   32.33
-126622.148   660.810    43.26   44.81
-126243.542   708.377   125.62   72.44
-125864.878   768.989   160.05   67.95
-125486.156   793.040    63.50   55.92
-125107.375   770.977   -58.24   82.33
-124728.536   714.264  -149.68   96.86
-124349.638   640.074  -195.78   71.79
-123970.682   598.546  -109.57   35.95
-123591.668   601.926     8.92   40.95
-123212.595   642.868   108.00   74.69
-122833.464   718.201   198.68   99.88
-122454.274   791.824   194.14   75.33
-122075.026   822.054    79.70   50.16
-121704.261   810.674   -30.69   64.65
-121336.258   790.465   -54.91   65.13
-120968.201   765.180   -68.69   51.89
-120600.089   763.232    -5.29   48.20
-120231.922   790.236    73.34   57.81
-119863.700   817.561    74.20   71.13
-119495.424   849.289    86.14   62.19
-119127.092   860.177    29.56   53.21
-118758.706   865.646    14.84   48.32
-118390.264   866.752     3.00   40.48
-118021.768   882.731    43.36   39.67
-117653.216   906.824    65.36   27.77
-117284.610   920.755    37.79   15.98
-116915.948   913.828   -18.79   24.89
-116547.232   890.898   -62.18   43.94
-116178.460   880.969   -26.92   50.66
-115809.633   878.856    -5.73   63.73
-115440.751   903.324    66.32   55.99
-115071.813   925.755    60.79   38.75
-114702.821   932.644    18.67   20.16
-114333.773   927.227   -14.68   23.49
-113964.670   905.466   -58.95   40.53
-113595.512   871.232   -92.73   52.18
-113226.298   839.615   -85.62   50.29
-112857.029   810.046   -80.07   36.08
-112487.705   794.366   -42.45   26.43
-112118.325   784.171   -27.60   25.61
-111748.890   767.199   -45.94   38.30
-111379.399   737.561   -80.21   56.46
-111009.853   711.095   -71.61   55.37
-110640.251   686.824   -65.66   43.59
-110270.594   668.699   -49.03   41.06
-109900.881   646.533   -59.95   52.90
-109531.113   615.949   -82.70   66.17
-109161.289   579.025   -99.83   61.51
-108791.409   560.824   -49.20   53.47
-108421.474   583.449    61.15   85.02
-108051.483   631.935   131.03  106.48
-107681.437   681.491   133.90   90.14
-107311.334   705.476    64.80   71.90
-106941.176   680.435   -67.64   86.41
-106570.962   639.278  -111.16   88.70
-106200.693   587.191  -140.66   75.38
-105830.367   563.946   -62.76   72.18
-105459.986   553.026   -29.48   75.39
-105089.548   545.217   -21.08   71.27
-104719.055   519.013   -70.72   73.47
-104348.506   486.081   -88.86   73.03
-103977.901   445.858  -108.52   68.01
-103607.240   402.824  -116.09   63.28
-103236.523   341.374  -165.74   78.38
-102865.749   281.001  -162.82   74.52
-102494.920   260.348   -55.69   65.10
-102124.035   277.126    45.24   92.02
-101753.093   364.841   236.44  134.28
-101382.096   475.677   298.73  116.38
-101011.042   561.454   231.15   97.71
-100639.932   613.089   139.12   60.50
-100268.766   587.385   -69.25   89.97
 -99897.543   535.647  -139.36  100.49
 -99526.264   497.628  -102.39   80.35
 -99154.929   501.974    11.70   96.79
 -98783.538   548.682   125.75  106.92
 -98412.090   610.842   167.33   89.97
 -98040.586   628.880    48.55   85.69
 -97669.025   635.894    18.88   84.57
 -97297.408   635.519    -1.01   85.84
 -96925.734   634.144    -3.70   86.84
 -96554.004   625.671   -22.79   89.09
 -96182.218   625.060    -1.64   87.61
 -95810.375   623.658    -3.77   74.23
 -95438.475   629.727    16.32   61.54
 -95066.519   643.366    36.66   51.65
 -94694.506   670.793    73.72   45.98
 -94322.436   702.644    85.60   59.81
 -93950.310   748.670   123.67   64.18
 -93578.127   781.025    86.93   58.25
 -93205.887   804.101    61.99   50.67
 -92833.591   810.039    15.95   47.93
 -92461.238   795.866   -38.06   50.86
 -92088.828   771.546   -65.30   54.09
 -91716.361   760.227   -30.39   47.76
 -91343.837   752.138   -21.71   43.09
 -90971.256   741.117   -29.58   55.29
 -90598.619   703.866   -99.96   77.42
 -90225.924   640.060  -171.19   86.10
 -89853.173   569.474  -189.35   82.93
 -89480.364   505.227  -172.32   76.88
 -89107.499   444.824  -161.98   73.00
 -88734.576   391.169  -143.87   72.20
 -88361.597   334.264  -152.56   79.38
 -87988.560   260.894  -196.67   92.71
 -87615.466   199.410  -164.78   75.93
 -87242.315   180.926   -49.53   64.88
 -86869.107   213.163    86.37  102.62
 -86495.841   284.725   191.70  110.33
 -86122.519   347.437   167.97   84.43
 -85749.139   368.944    57.60   77.41
 -85375.701   361.750   -19.26   75.39
 -85002.207   360.588    -3.11   68.16
 -84628.655   373.777    35.30   65.02
 -84255.045   391.264    46.80   57.49
 -83881.379   389.046    -5.94   63.03
 -83507.655   359.821   -78.20   79.20
 -83133.873   319.669  -107.41   88.31
 -82760.034   270.280  -132.10   99.96
 -82386.137   227.844  -113.49   89.85
 -82012.183   189.765  -101.82   67.95
 -81638.171   171.020   -50.12   45.53
 -81264.102   192.377    57.09   66.78
 -80889.975   236.643   118.31   90.31
 -80515.790   296.884   160.98   75.88
 -80141.548   336.889   106.89   47.68
 -79767.248   374.963   101.71   44.14
 -79392.890   403.408    75.98   49.27
 -79018.475   436.658    88.80   48.89
 -78644.002   463.435    71.50   52.35
 -78269.471   474.396    29.26   56.53
 -77894.882   476.519     5.67   58.91
 -77520.235   484.142    20.35   52.83
 -77145.530   485.917     4.74   44.48
 -76770.767   489.358     9.18   37.90
 -76395.947   479.251   -26.96   47.42
 -76021.068   447.761   -83.99   69.38
 -75646.132   399.104  -129.77   67.78
 -75271.137   375.885   -61.91   56.09
 -74896.084   374.946    -2.50   52.46
 -74520.974   395.684    55.28   59.88
 -74145.805   439.338   116.35   66.49
 -73770.578   483.372   117.34   64.75
 -73395.293   541.491   154.86   77.08
 -73019.949   593.711   139.12   74.10
 -72644.548   629.807    96.15   51.85
 -72269.088   632.644     7.55   57.48
 -71893.569   580.245  -139.53   95.43
 -71517.993   509.631  -188.01   91.10
 -71142.358   491.399   -48.53   85.90
 -70766.665   518.280    71.55  120.87
 -70390.913   595.868   206.47  124.46
 -70015.103   649.295   142.16  101.72
 -69639.235   671.263    58.44  106.82
 -69263.308   680.989    25.87  103.30
 -68887.322   695.971    39.85   86.63
 -68511.278   713.824    47.47   73.14
 -68135.176   712.958    -2.30   81.33
 -67759.015   690.355   -60.08  102.05
 -67382.795   644.435  -122.05  119.09
 -67006.517   586.903  -152.89  106.28
 -66630.179   555.659   -83.02   71.29
 -66253.784   546.533   -24.24   50.74
 -65877.329   542.360   -11.08   44.40
 -65500.816   531.001   -30.17   49.42
 -65124.244   504.133   -71.34   49.96
 -64747.613   477.761   -70.02   60.47
 -64370.923   455.574   -58.90   63.78
 -63994.174   412.629  -113.98   68.49
 -63617.367   367.307  -120.27   78.88
 -63240.501   327.711  -105.06   72.49
 -62863.575   289.136  -102.34   48.25
 -62486.591   279.958   -24.34   50.40
 -62109.547   288.684    23.14   49.88
 -61732.445   282.518   -16.35   44.05
 -61355.283   248.903   -89.12   57.70
 -60978.063   201.774  -124.93   69.34
 -60600.783   154.494  -125.31   51.51
 -60223.444   126.045   -75.39   20.04
 -59846.046   123.374    -7.08   13.28
 -59468.589   127.231    10.22   12.85
 -59091.072   130.287     8.09   11.07
 -58713.496   133.296     7.97    9.95
 -58335.861   141.088    20.63   19.09
 -57958.167   156.793    41.58   30.16
 -57580.413   172.492    41.56   34.86
 -57202.600   195.341    60.47   38.07
 -56824.727   225.935    80.96   51.87
 -56446.795   274.344   128.08   71.19
 -56068.804   329.486   145.87   69.07
 -55690.752   382.854   141.16   64.16
 -55312.642   428.589   120.95   42.94
 -54934.472   450.763    58.63   39.11
 -54556.242   459.396    22.82   43.85
 -54177.953   469.331    26.26   46.38
 -53799.604   486.465    45.28   56.94
 -53421.195   503.019    43.74   59.81
 -53042.727   539.245    95.71   54.05
 -52664.199   559.506    53.52   49.89
 -52285.611   579.966    54.04   51.12
 -51906.963   601.795    57.65   49.96
 -51528.256   628.241    69.83   47.21
 -51149.489   650.864    59.73   34.33
 -50770.662   662.682    31.20   27.14
 -50391.775   662.670    -0.03   24.35
 -50012.828   656.273   -16.88   35.17
 -49633.821   645.848   -27.50   49.88
 -49254.754   625.369   -54.02   54.18
 -48875.627   595.204   -79.56   55.60
 -48496.440   576.462   -49.43   57.00
 -48117.193   545.331   -82.08   53.14
 -47737.885   515.471   -78.72   44.82
 -47358.518   483.885   -83.26   58.22
 -46985.080   453.989   -80.05   59.86
 -46617.251   425.547   -77.32   56.63
 -46249.366   400.774   -67.34   59.21
 -45881.425   392.547   -22.36   68.05
 -45513.427   410.531    48.87   94.33
 -45145.374   417.493    18.91  110.64
 -44777.264   431.647    38.45  102.88
 -44409.097   410.721   -56.84   93.28
 -44040.875   386.183   -66.64   76.91
 -43672.596   360.734   -69.10   69.45
 -43304.260   353.908   -18.53   66.17
 -42935.869   348.574   -14.48   69.32
 -42567.421   347.017    -4.23   70.50
 -42198.916   319.908   -73.56   85.44
 -41830.355   280.403  -107.18   93.29
 -41461.737   224.774  -150.91  102.67
 -41093.063   172.025  -143.07   76.67
 -40724.332   134.561  -101.60   60.51
 -40355.545   109.955   -66.72   42.75
 -39986.701    99.493   -28.36   31.70
 -39617.801    92.278   -19.56   25.49
 -39248.843    94.821     6.89   33.34
 -38879.829    89.810   -13.58   29.22
 -38510.759    85.236   -12.39   19.22
 -38141.631    89.040    10.30   20.46
 -37772.447   103.268    38.54   29.84
 -37403.206   116.519    35.89   30.39
 -37033.908   123.574    19.10   28.96
 -36664.554   123.519    -0.15   26.69
 -36295.142   115.788   -20.93   22.94
 -35925.674   107.199   -23.24   21.35
 -35556.148    96.094   -30.05   16.73
 -35186.566    86.949   -24.74   14.12
 -34816.927    79.401   -20.42   13.45
 -34447.230    72.477   -18.73   14.74
 -34077.477    64.841   -20.65   15.43
 -33707.666    57.935   -18.67   14.43
 -33337.799    54.961    -8.04   12.67
 -32967.874    56.561     4.32   17.13
 -32597.892    60.035     9.39   22.83
 -32227.853    64.019    10.77   28.63
 -31857.757    62.666    -3.65   35.76
 -31487.604    61.588    -2.91   40.59
 -31117.393    52.468   -24.64   43.08
 -30747.125    43.903   -23.13   41.92
 -30376.800    32.668   -30.34   35.96
 -30006.417    24.296   -22.60   29.41
 -29635.977    17.763   -17.64   22.56
 -29265.479    14.191    -9.64   18.07
 -28894.925    10.834    -9.06   12.40
 -28524.312    10.314    -1.40   10.06
 -28153.642    11.478     3.14   10.45
 -27782.915    11.670     0.52   10.63
 -27412.130    11.834     0.44   10.87
 -27041.288    11.196    -1.72   10.31
 -26670.388    11.081    -0.31   10.43
 -26299.430    11.399     0.86   10.48
 -25928.415    10.930    -1.26    9.43
 -25557.342    11.273     0.92    8.94
 -25186.211    11.102    -0.46    8.76
 -24815.023    11.519     1.12    8.71
 -24443.777    11.729     0.56    8.75
 -24072.473    10.944    -2.11    9.00
 -23701.111    10.729    -0.58    9.13
 -23329.692     9.821    -2.45    9.24
 -22958.214    10.602     2.10   11.78
 -22586.679    15.385    12.87   29.70
 -22215.086    18.446     8.24   34.17
 -21843.435    19.493     2.82   36.43
 -21471.726    15.908    -9.65   25.74
 -21099.959    12.214    -9.93   16.18
 -20728.133     9.839    -6.39   11.91
 -20356.250    10.654     2.19   13.29
 -19984.309    11.868     3.26   15.39
 -19612.309    33.668    58.60   47.27
 -19240.252    64.324    82.40   65.63
 -18868.136    98.908    92.94   70.01
 -18495.962   140.603   112.03   62.93
 -18123.730   176.281    95.85   58.48
 -17751.440   206.352    80.77   60.10
 -17379.091   223.769    46.78   47.13
 -17006.684   233.061    24.95   28.82
 -16634.219   224.087   -24.09   36.12
 -16261.695   223.804    -0.76   35.98
 -15889.113   234.681    29.19   34.08
 -15516.472   242.872    21.98   27.77
 -15143.773   254.736    31.83   19.53
 -14771.016   260.912    16.57   22.46
 -14398.200   272.872    32.08   28.15
 -14025.325   290.385    46.97   29.48
 -13652.392   309.628    51.60   29.54
 -13279.401   331.719    59.22   32.33
 -12906.350   347.953    43.52   26.20
 -12533.241   356.811    23.74   15.99
 -12160.074   353.574    -8.67   16.86
 -11786.848   336.348   -46.16   21.02
 -11413.562   320.108   -43.50   22.34
 -11040.219   301.334   -50.29   24.27
 -10666.816   285.023   -43.68   25.27
 -10293.355   271.482   -36.26   26.04
  -9919.834   260.104   -30.46   25.84
  -9546.255   251.614   -22.72   20.77
  -9172.617   246.383   -14.00   13.57
  -8798.920   237.074   -24.91   15.78
  -8425.164   221.419   -41.89   24.52
  -8051.350   198.670   -60.86   32.37
  -7677.476   172.684   -69.51   33.34
  -7303.543   150.971   -58.06   28.10
  -6929.551   132.821   -48.53   16.07
  -6555.500   125.177   -20.44    7.13
  -6181.389   123.241    -5.18    4.12
  -5807.220   124.494     3.35    4.39
  -5432.991   127.480     7.98    4.22
  -5058.703   127.807     0.87    5.26
  -4684.356   126.506    -3.48    6.45
  -4309.950   123.958    -6.81    6.97
  -3935.484   120.817    -8.39    6.21
  -3560.959   117.997    -7.53    5.25
  -3186.375   115.081    -7.78    5.10
  -2811.731   110.676   -11.76    7.55
  -2437.028   101.574   -24.29   16.73
  -2062.266    83.771   -47.50   26.38
  -1687.444    64.188   -52.25   29.42
  -1312.562    41.588   -60.28   23.36
   -937.621    23.298   -48.78   17.90
   -562.620     9.685   -36.30   14.05
   -187.560     4.508   -13.80   11.23
    187.560     4.480    -0.08   10.44
    562.740     9.317    12.89    9.38
    937.979    18.642    24.85   13.36
   1313.278    29.061    27.76   25.69
   1688.636    38.374    24.81   27.36
   2064.055    47.101    23.25   24.64
   2439.533    56.535    25.12   21.22
   2815.071    66.478    26.48   18.28
   3190.669    75.534    24.11   20.98
   3566.327    93.631    48.17   31.40
   3942.044   133.035   104.88   51.07
   4317.822   180.677   126.78   55.45
   4693.660   223.696   114.46   49.33
   5069.557   252.095    75.55   27.79
   5445.515   258.980    18.31   20.52
   5821.532   248.204   -28.66   30.47
   6197.610   228.752   -51.72   36.90
   6573.748   192.201   -97.18   48.84
   6949.946   156.868   -93.92   50.87
   7326.204   110.453  -123.36   45.97
   7702.523    76.245   -90.90   36.68
   8078.901    51.519   -65.69   24.90
   8455.340    43.245   -21.98   15.37
   8831.839    57.966    39.10   35.48
   9208.399    94.427    96.83   55.06
   9585.019   149.153   145.31   74.74
   9961.699   208.166   156.67   63.89
  10338.440   253.774   121.06   44.08
  10715.241   284.725    82.14   27.62
  11092.102   302.114    46.14   21.29
  11469.025   310.844    23.16   13.94
  11846.007   304.894   -15.78   21.90
  12223.050   288.480   -43.54   31.09
  12600.154   274.777   -36.34   25.95
  12977.318   274.679    -0.26   24.34
  13354.543   286.341    30.92   29.19
  13731.829   297.691    30.08   22.92
  14109.176   301.769    10.81   19.68
  14486.583   295.694   -16.10   19.78
  14864.051   289.060   -17.58   16.08
  15241.579   290.961     5.04   18.49
  15619.169   294.810    10.19   21.87
  15996.819   299.331    11.97   21.65
  16374.531   301.752     6.41   21.07
  16752.303   307.007    13.91   19.03
  17130.136   310.334     8.81   16.25
  17508.030   314.521    11.08   12.53
  17885.985   318.054     9.35   10.85
  18264.001   316.876    -3.12   13.53
  18642.079   307.493   -24.82   20.71
  19020.217   295.937   -30.56   23.86
  19398.417   284.908   -29.16   23.53
  19776.677   276.177   -23.08   21.22
  20154.999   271.068   -13.51   23.71
  20533.382   267.561    -9.27   22.59
  20911.826   251.496   -42.45   34.20
  21290.332   214.750   -97.08   53.74
  21668.899   186.155   -75.54   47.59
  22047.527   177.961   -21.64   45.07
  22426.217   182.804    12.79   52.88
  22804.968   196.377    35.84   45.99
  23183.780   207.763    30.06   35.47
  23562.654   217.535    25.79   33.46
  23941.589   226.144    22.72   30.98
  24320.586   235.388    24.39   28.41
  24699.645   242.492    18.74   27.72
  25078.765   250.808    21.94   25.84
  25457.946   262.441    30.68   28.63
  25837.190   278.245    41.67   26.67
  26216.495   296.453    48.00   16.58
  26595.861   301.684    13.79   10.25
  26975.290   291.656   -26.43   20.48
  27354.780   282.236   -24.82   22.57
  27731.137   274.761   -19.86   21.60
  28098.789   270.631   -11.23   22.96
  28466.498   271.668     2.82   21.00
  28834.264   274.618     8.02   20.97
  29202.089   279.521    13.33   19.90
  29569.971   282.264     7.46   16.67
  29937.910   272.228   -27.28   23.72
  30305.908   254.136   -49.16   22.74
  30673.963   240.179   -37.92   16.06
  31042.076   232.382   -21.18    8.50
  31410.246   230.626    -4.77    7.31
  31778.475   229.155    -3.99    8.17
  32146.761   226.211    -8.00    8.90
  32515.105   225.300    -2.47    9.56
  32883.507   230.215    13.34   14.99
  33251.967   236.259    16.40   15.82
  33620.485   235.899    -0.98   18.17
  33989.061   228.790   -19.29   23.59
  34357.695   216.774   -32.60   22.47
  34726.387   206.684   -27.37   17.75
  35095.137   208.358     4.54   14.75
  35463.946   217.218    24.02   15.83
  35832.812   227.314    27.37   17.06
  36201.736   233.848    17.71   15.14
  36570.719   230.478    -9.13   20.83
  36939.760   212.300   -49.26   36.39
  37308.859   167.921  -120.24   63.33
  37678.016   121.277  -126.36   67.10
  38047.232    84.301  -100.15   48.10
  38416.506    75.254   -24.50   30.09
  38785.838    92.379    46.37   39.63
  39155.229   126.081    91.24   45.37
  39524.678   154.185    76.07   42.71
  39894.185   179.352    68.11   34.51
  40263.751   195.886    44.74   27.39
  40633.376   211.670    42.70   20.45
  41003.059   224.369    34.35   19.88
  41372.801   236.574    33.01   19.03
  41742.601   250.691    38.18   20.23
  42112.459   264.169    36.44   19.25
  42482.377   279.534    41.54   20.01
  42852.353   291.866    33.33   20.02
  43222.388   301.115    25.00   15.11
  43592.481   303.560     6.61   10.63
  43962.633   301.041    -6.81    9.44
  44332.844   295.391   -15.26    8.53
  44703.114   291.412   -10.75    8.09
  45073.442   289.433    -5.34    9.79
  45443.830   296.294    18.52   15.00
  45814.276   305.757    25.55   17.15
  46184.782   314.988    24.91   14.07
  46555.346   318.828    10.36    8.44
  46925.969   314.535   -11.58    9.79
  47296.651   307.338   -19.42    9.53
  47667.392   299.677   -20.67    9.00
  48038.193   290.116   -25.79   12.03
  48409.052   278.851   -30.38   17.75
  48779.971   264.727   -38.08   21.25
  49150.948   249.061   -42.23   20.97
  49521.985   236.989   -32.54   15.70
  49893.081   224.574   -33.45   12.53
  50264.236   214.774   -26.41   12.19
  50635.451   205.094   -26.08   14.74
  51006.725   194.846   -27.61   11.71
  51378.058   187.814   -18.94   12.38
  51749.450   180.462   -19.80   12.54
  52120.902   176.974    -9.39   12.75
  52492.414   177.944     2.61   11.71
  52863.984   182.588    12.50   12.56
  53235.614   192.020    25.38   17.01
  53607.304   197.497    14.74   17.98
  53979.053   198.750     3.37   19.57
  54350.862   194.821   -10.57   21.82
  54722.731   194.317    -1.35   21.85
  55094.658   197.977     9.84   19.05
  55466.646   195.088    -7.77   18.88
  55838.693   187.127   -21.40   25.12
  56210.800   165.943   -56.93   36.49
  56582.967   147.127   -50.56   35.46
  56955.194   133.087   -37.72   31.73
  57327.480   127.969   -13.75   30.80
  57699.826   129.254     3.45   34.05
  58072.232   134.628    14.43   40.52
  58444.698   148.761    37.95   55.21
  58817.223   164.681    42.74   61.51
  59189.809   185.456    55.76   67.12
  59562.454   193.948    22.79   67.36
  59935.160   201.613    20.57   63.97
  60307.926   201.601    -0.03   58.20
  60680.751   190.126   -30.78   48.93
  61053.637   175.834   -38.33   37.06
  61426.583   162.754   -35.08   27.96
  61799.589   156.034   -18.02   14.86
  62172.655   157.535     4.03   14.33
  62545.781   166.870    25.02   20.37
  62918.968   185.745    50.58   30.10
  63292.215   202.602    45.16   33.99
  63665.522   220.561    48.11   34.06
  64038.889   240.774    54.14   30.88
  64412.317   252.081    30.28   23.52
  64785.805   259.011    18.56   15.75
  65159.354   263.481    11.97   14.65
  65532.963   265.026     4.14   13.38
  65906.633   262.743    -6.11   15.26
  66280.363   251.734   -29.46   20.88
  66654.153   239.023   -34.01   19.22
  67028.004   226.041   -34.73   10.80
  67401.916   224.193    -4.94   12.29
  67775.888   226.669     6.62   14.76
  68149.921   231.254    12.26   13.98
  68524.015   234.166     7.78   11.97
  68898.169   237.734     9.54   13.06
  69272.384   242.429    12.55   19.19
  69646.660   244.723     6.13   21.79
  70020.997   248.750    10.76   19.99
  70395.394   251.655     7.76   17.46
  70769.852   247.881   -10.08   13.14
  71144.372   246.391    -3.98    9.91
  71518.952   254.943    22.83   13.85
  71893.593   269.424    38.66   25.91
  72268.295   299.627    80.61   44.04
  72643.058   326.324    71.24   38.43
  73017.882   336.146    26.20   29.31
  73392.767   328.615   -20.09   33.80
  73767.713   311.824   -44.79   30.66
  74142.721   296.930   -39.72   20.85
  74517.789   291.741   -13.84   22.59
  74892.919   284.916   -18.19   24.76
  75268.110   274.166   -28.65   22.24
  75643.362   264.429   -25.95   17.97
  76018.676   265.146     1.91   21.56
  76394.051   279.174    37.37   29.13
  76769.487   296.321    45.67   27.56
  77144.984   312.761    43.78   16.10
  77520.543   317.317    12.13   11.90
  77896.164   316.613    -1.88   12.63
  78271.845   318.763     5.72   13.57
  78647.589   327.509    23.28   18.02
  79023.394   340.533    34.66   17.01
  79399.260   346.587    16.11   11.98
  79775.188   342.783   -10.12   18.59
  80151.178   325.484   -46.01   27.46
  80527.229   306.209   -51.26   22.82
  80903.342   292.483   -36.50   17.45
  81279.517   285.374   -18.90   15.14
  81655.753   285.324    -0.13   13.91
  82032.051   283.748    -4.19   11.64
  82408.411   283.361    -1.03   10.04
  82784.833   284.756     3.71    9.90
  83161.317   288.285     9.37   11.33
  83537.862   295.429    18.98   10.10
  83914.470   299.374    10.48    7.62
  84291.139   296.536    -7.54   10.25
  84667.871   291.790   -12.60   14.69
  85044.664   287.124   -12.38   21.17
  85421.520   285.963    -3.08   27.04
  85798.437   288.626     7.06   29.31
  86175.417   289.478     2.26   28.11
  86552.459   289.679     0.53   24.78
  86929.563   289.721     0.11   22.88
  87306.729   297.241    19.94   22.70
  87683.958   306.943    25.72   22.56
  88061.249   312.390    14.44   20.38
  88438.602   306.172   -16.48   25.86
  88816.017   293.468   -33.66   28.55
  89193.495   277.613   -42.01   26.40
  89571.035   268.281   -24.72   21.86
  89948.638   263.372   -13.00   17.91
  90326.303   260.255    -8.25   14.76
  90704.030   263.100     7.53   16.36
  91081.820   265.769     7.06   20.40
  91459.673   268.081     6.12   21.27
  91837.588   270.628     6.74   18.36
  92215.566   272.561     5.11   15.14
  92593.606   280.388    20.70   15.69
  92971.709   289.068    22.96   16.48
  93349.875   295.903    18.08   13.01
  93728.104   297.140     3.27   12.56
  94106.395   295.429    -4.52   13.97
  94484.749   296.108     1.79   13.87
  94863.166   302.882    17.90   17.67
  95241.646   312.435    25.24   18.63
  95620.189   321.484    23.91   17.61
  95998.795   326.685    13.74   17.91
  96377.463   331.818    13.56   19.32
  96756.195   336.228    11.64   19.96
  97134.990   340.298    10.75   19.10
  97513.847   347.469    18.93   17.28
  97892.768   355.782    21.94   19.98
  98271.752   371.921    42.59   24.70
  98650.799   386.916    39.56   21.47
  99029.910   395.691    23.15   12.03
  99409.083   394.872    -2.16   12.85
  99788.320   387.483   -19.48   15.21
 100167.620   377.324   -26.79   13.83
 100546.983   365.837   -30.28   16.93
 100926.410   351.520   -37.74   19.61
 101305.900   336.305   -40.10   20.42
 101685.454   322.101   -37.43   18.47
 102065.071   318.496    -9.50   16.35
 102444.600   326.600    21.35   21.27
 102812.065   336.496    26.93   21.31
 103179.590   344.405    21.52   16.41
 103547.174   341.769    -7.17   18.96
 103914.817   330.704   -30.10   20.36
 104282.519   317.068   -37.09   18.08
 104650.280   305.894   -30.39   15.29
 105018.100   297.232   -23.55   13.90
 105385.979   288.953   -22.51   14.49
 105753.918   285.010   -10.72   14.68
 106121.916   282.798    -6.01   14.56
 106489.973   278.561   -11.51   15.48
 106858.089   271.334   -19.63   18.64
 107226.265   263.324   -21.76   18.18
 107594.500   257.308   -16.34   11.25
 107962.795   258.844     4.17   10.95
 108331.149   263.854    13.60    9.80
 108699.562   265.392     4.18   11.50
 109068.035   257.041   -22.67   18.76
 109436.567   242.446   -39.61   23.65
 109805.159   226.682   -42.77   22.32
 110173.810   213.749   -35.09   13.69
 110542.521   206.885   -18.62    5.32
 110911.292   205.856    -2.79    4.98
 111280.122   206.263     1.10    4.97
 111649.012   208.428     5.87    5.71
 112017.962   210.766     6.34    5.86
 112386.971   213.087     6.29    4.74
 112756.040   214.142     2.86    3.08
 113125.169   213.694    -1.21    4.30
 113494.358   211.698    -5.41    4.71
 113863.607   209.220    -6.71    4.43
 114232.915   207.547    -4.53    3.75
 114602.284   207.912     0.99    4.60
 114971.712   210.144     6.04    6.29
 115341.200   215.224    13.75    8.30
 115710.749   221.684    17.48   10.16
 116080.357   229.219    20.39    9.92
 116450.025   235.278    16.39    9.43
 116819.754   238.679     9.20    9.72
 117189.542   240.451     4.79   10.69
 117559.391   238.324    -5.75   11.18
 117929.300   236.324    -5.41   11.30
 118299.269   234.343    -5.35   10.53
 118669.299   232.546    -4.86    9.39
 119039.388   232.062    -1.31    8.00
 119409.538   232.130     0.18    7.83
 119779.749   230.133    -5.40    9.20
 120150.019   228.534    -4.32   10.36
 120520.350   228.561     0.07    9.83
 120890.742   229.546     2.66    8.49
 121261.194   234.824    14.25   11.09
 121631.706   245.723    29.42   14.73
 122002.279   258.969    35.75   18.34
 122372.913   272.601    36.78   18.67
 122743.607   284.106    31.04   17.64
 123114.361   292.331    22.19   17.11
 123485.177   297.349    13.53   19.00
 123856.052   305.209    21.20   22.24
 124226.989   316.010    29.12   26.65
 124597.986   327.681    31.46   27.37
 124969.044   335.308    20.56   24.48
 125340.163   340.140    13.02   22.33
 125711.343   344.641    12.13   19.49
 126082.584   352.161    20.26   17.38
 126453.885   356.010    10.37   12.75
 126825.247   354.001    -5.41   15.76
 127196.670   344.802   -24.77   20.30
 127568.155   328.798   -43.09   20.60
 127939.700   317.651   -30.00   17.24
 128311.306   307.706   -26.77   15.10
 128682.973   303.772   -10.59   14.83
 129054.702   302.824    -2.55   15.65
 129426.491   304.392     4.22   17.32
 129798.342   306.405     5.41   15.96
 130170.253   312.237    15.68   16.68
 130542.226   321.351    24.50   19.12
 130914.261   326.587    14.08   17.31
 131286.356   325.127    -3.93   16.94
 131658.513   316.721   -22.59   18.48
 132030.731   300.627   -43.24   19.68
 132403.011   290.561   -27.04   17.45
 132775.351   287.267    -8.85   13.65
 133147.754   289.484     5.96   11.80
 133520.218   294.211    12.69   11.27
 133892.743   297.331     8.38   11.95
 134265.330   296.730    -1.61   13.83
 134637.978   292.916   -10.24   12.67
 135010.688   291.574    -3.60   11.16
 135383.459   297.101    14.83   15.79
 135756.292   307.245    27.21   20.29
 136129.187   316.414    24.59   16.87
 136502.144   324.292    21.13   10.73
 136875.162   326.134     4.94   14.02
 137248.242   323.289    -7.63   16.18
 137621.384   321.642    -4.41   17.35
 137994.587   318.456    -8.54   16.36
 138367.853   317.047    -3.77   16.05
 138741.180   321.149    10.99   16.92
 139114.569   326.269    13.71   16.45
 139488.021   328.169     5.09   15.25
 139861.534   329.136     2.59   13.92
 140235.109   330.138     2.68   11.55
 140608.746   331.615     3.95   12.36
 140982.446   338.245    17.75   16.66
 141356.207   346.495    22.08   15.66
 141730.031   350.061     9.54   13.11
 142103.916   347.188    -7.69   15.34
 142477.864   334.895   -32.88   21.05
 142851.875   318.061   -45.01   22.50
 143225.947   306.331   -31.36   16.36
 143600.082   301.008   -14.23    9.68
 143974.279   304.639     9.70   10.33
 144348.538   312.856    21.96   13.18
 144722.860   321.959    24.32   13.86
 145097.244   333.815    31.67   13.56
 145471.691   343.779    26.61   12.46
 145846.200   349.730    15.89    9.64
 146220.772   352.903     8.47    8.68
 146595.406   352.688    -0.57    9.96
 146970.103   352.493    -0.52   10.38
 147344.862   353.903     3.76   10.57
 147719.684   356.214     6.17   10.20
 148094.569   354.211    -5.35   12.10
 148469.516   350.273   -10.50   13.82
 148844.527   347.886    -6.37   13.92
 149219.600   345.245    -7.04   12.23
 149594.735   342.946    -6.13   10.33
 149969.934   340.067    -7.67   11.59
 150345.195   332.887   -19.14   15.90
 150720.520   324.439   -22.51   17.34
 151095.907   314.815   -25.64   16.26
 151471.357   308.868   -15.84   11.38
 151846.871   309.146     0.74   11.07
 152222.447   314.159    13.35   14.44
 152598.086   321.954    20.75   15.99
 152973.789   328.908    18.51   15.34
 153349.554   332.509     9.59   14.16
 153725.383   334.834     6.19   12.33
 154101.275   336.881     5.45    9.71
 154477.230   338.270     3.70    7.41
 154853.248   340.788     6.70    6.84
 155229.330   345.446    12.39    7.93
 155605.475   351.155    15.18    7.05
 155981.683   355.418    11.33    4.31
 156357.955   357.088     4.44    2.38
 156734.290   356.574    -1.37    2.51
 157110.688   354.588    -5.28    4.48
 157487.150   351.099    -9.27    6.31
 157863.676   347.709    -9.00    6.14
 158240.265   344.992    -7.22    5.01
 158616.917   342.401    -6.88    3.62
 158993.634   340.665    -4.61    3.70
 159370.413   339.283    -3.67    3.00
 159747.257   337.739    -4.10    3.15
 160124.164   336.779    -2.55    4.15
 160501.135   336.101    -1.80    5.27
 160878.170   334.638    -3.88    5.68
 161255.269   332.281    -6.25    7.10
 161632.431   326.674   -14.87    9.83
 162009.657   318.308   -22.18    9.74
 162386.947   308.087   -27.09   13.22
 162764.302   296.935   -29.56   14.84
 163141.720   284.795   -32.17   16.73
 163519.202   275.196   -25.43   13.88
 163896.748   267.292   -20.94   14.13
 164274.358   259.214   -21.40   14.72
 164652.032   249.815   -24.89   16.33
 165029.771   241.166   -22.90   11.48
 165407.573   241.289     0.32   12.78
 165785.440   244.254     7.85   15.91
 166163.371   250.728    17.13   15.12
 166541.366   257.422    17.71   12.49
 166919.426   259.133     4.53   10.04
 167297.550   262.762     9.60    7.27
