-229642.931    51.665     0.00    0.79
-229274.043    51.456    -0.57    0.98
-228905.087    50.944    -1.39    1.21
-228536.063    50.318    -1.70    1.24
-228166.970    48.947    -3.71    2.41
-227797.810    46.975    -5.34    3.75
-227428.581    44.393    -6.99    4.34
-227059.283    41.912    -6.72    3.98
-226689.917    39.899    -5.45    2.49
-226320.483    38.680    -3.30    1.70
-225950.980    38.473    -0.56    2.23
-225581.408    38.478     0.01    2.89
-225211.768    39.351     2.36    2.45
-224842.060    39.643     0.79    2.50
-224472.283    37.480    -5.85    6.42
-224102.437    35.015    -6.66    8.17
-223732.522    32.363    -7.17    8.78
-223362.539    31.387    -2.64    9.65
-222992.487    34.728     9.03   11.59
-222622.366    35.875     3.10   11.69
-222252.176    36.042     0.45   11.73
-221881.917    38.217     5.87   10.76
-221511.590    41.292     8.30    9.45
-221141.193    42.946     4.46    7.57
-220770.727    44.817     5.05    3.68
-220400.192    44.678    -0.38    2.92
-220029.589    43.534    -3.09    3.18
-219658.916    43.099    -1.17    2.75
-219288.173    42.960    -0.37    2.98
-218917.362    44.083     3.03    3.38
-218546.481    44.393     0.84    4.22
-218175.531    43.794    -1.61    6.15
-217804.512    42.400    -3.76    8.16
-217433.423    41.968    -1.16    8.63
-217062.265    40.282    -4.54    8.89
-216691.038    41.899     4.35    8.59
-216319.741    45.875    10.71    5.25
-215948.374    46.934     2.85    2.70
-215576.938    47.375     1.19    2.22
-215205.433    47.876     1.35    2.94
-214833.857    47.850    -0.07    4.03
-214462.212    46.190    -4.47    6.49
-214090.498    43.776    -6.49    8.01
-213718.713    42.550    -3.30    6.22
-213346.859    42.949     1.07    4.37
-212974.935    43.060     0.30    3.06
-212602.941    42.042    -2.74    2.97
-212230.877    41.324    -1.93    3.03
-211858.743    40.658    -1.79    2.59
-211486.539    42.922     6.08    7.00
-211114.265    47.803    13.11    9.82
-210741.921    53.922    16.43   10.34
-210369.507    58.817    13.14    8.31
-209997.023    62.876    10.89    3.32
-209624.468    63.936     2.85    1.67
-209251.843    63.364    -1.53    2.25
-208879.148    60.981    -6.39    4.76
-208506.383    56.713   -11.45    8.07
-208133.548    49.027   -20.61   13.35
-207760.642    40.690   -22.35   13.53
-207387.665    35.815   -13.07   10.40
-207014.618    34.131    -4.51    7.87
-206641.501    38.511    11.74    7.44
-206268.313    43.852    14.31    6.50
-205895.054    47.527     9.84    5.10
-205521.725    49.198     4.47    3.58
-205148.325    49.200     0.01    3.42
-204774.855    49.094    -0.28    3.14
-204401.313    47.876    -3.26    3.76
-204027.701    45.161    -7.26    6.16
-203654.018    42.480    -7.17    7.50
-203280.264    39.899    -6.91    7.54
-202906.440    39.200    -1.87    7.46
-202532.544    42.680     9.31    7.64
-202158.577    45.692     8.05    6.69
-201784.540    49.030     8.92    3.09
-201410.431    50.120     2.91    1.34
-201036.251    50.728     1.63    1.52
-200662.000    51.020     0.78    1.58
-200287.678    51.037     0.05    1.64
-199913.284    51.565     1.41    1.86
-199538.819    51.673     0.29    2.04
-199164.283    50.503    -3.12    2.87
-198789.676    49.244    -3.36    3.48
-198414.997    47.478    -4.71    3.28
-198040.247    45.585    -5.05    1.20
-197665.425    45.399    -0.50    1.08
-197290.532    45.113    -0.76    1.18
-196915.567    44.923    -0.51    1.49
-196540.531    44.715    -0.55    1.53
-196165.423    44.598    -0.31    1.53
-195790.243    44.585    -0.04    1.36
-195414.991    44.794     0.56    1.33
-195039.668    45.140     0.92    1.38
-194664.273    45.492     0.94    1.46
-194288.806    46.692     3.20    2.08
-193913.268    48.290     4.25    2.21
-193537.657    49.783     3.97    2.12
-193161.974    50.515     1.95    1.93
-192786.220    50.795     0.75    1.87
-192410.393    50.546    -0.66    1.52
-192034.494    50.259    -0.76    1.03
-191658.523    51.188     2.47    1.83
-191282.480    55.190    10.64    6.90
-190906.365    61.417    16.56   10.43
-190530.177    69.646    21.87   11.06
-190153.918    76.851    19.15    7.55
-189777.585    80.290     9.14    4.02
-189401.181    80.579     0.77    4.23
-189024.704    77.496    -8.19    6.41
-188648.154    73.753    -9.94    5.62
-188271.532    72.699    -2.80    4.36
-187894.838    73.997     3.45    5.25
-187518.071    79.626    14.94    8.15
-187141.231    86.640    18.61    8.38
-186764.319    93.795    18.98    8.07
-186387.334    99.253    14.48    4.73
-186010.276   101.294     5.41    2.50
-185633.145   101.280    -0.04    2.30
-185255.941    99.910    -3.63    1.87
-184878.665    98.851    -2.81    1.35
-184501.316    98.585    -0.71    1.53
-184123.893    99.101     1.37    2.08
-183746.398   100.489     3.68    2.80
-183368.830   102.922     6.44    3.36
-182991.188   104.538     4.28    2.55
-182613.474   104.434    -0.28    2.93
-182235.686   102.512    -5.09    4.07
-181857.825    99.411    -8.21    3.72
-181479.891    97.038    -6.28    2.92
-181101.883    95.353    -4.46    2.18
-180723.802    94.851    -1.33    1.73
-180345.648    94.979     0.34    1.72
-179967.421    95.713     1.94    1.79
-179589.119    97.071     3.59    2.38
-179210.745    98.631     4.12    3.20
-178832.296    99.864     3.26    3.85
-178453.775    99.731    -0.35    5.01
-178075.179    96.678    -8.06    7.42
-177696.510    92.128   -12.01    8.65
-177317.767    87.427   -12.41    7.65
-176938.950    83.665    -9.93    4.46
-176560.060    82.535    -2.98    2.45
-176181.096    82.245    -0.76    1.14
-175802.057    82.045    -0.53    1.57
-175422.945    81.221    -2.17    2.33
-175043.759    79.749    -3.88    3.02
-174664.499    77.280    -6.51    3.53
-174285.165    74.308    -7.83    4.83
-173905.756    71.554    -7.26    4.44
-173526.274    71.251    -0.80    4.52
-173146.717    72.685     3.78    4.91
-172767.086    76.496    10.04    5.41
-172387.381    82.106    14.77    6.92
-172007.601    87.381    13.89    7.02
-171627.747    91.944    12.01    4.69
-171247.819    93.163     3.21    3.96
-170867.816    91.037    -5.60    6.02
-170487.738    87.992    -8.01    6.76
-170107.586    84.126   -10.17    5.76
-169727.360    81.381    -7.22    3.40
-169347.059    80.228    -3.03    1.87
-168966.683    80.107    -0.32    1.69
-168593.753    80.910     2.15    2.11
-168227.573    80.197    -1.95    2.87
-167861.325    78.171    -5.53    3.79
-167495.008    76.152    -5.51    4.05
-167128.623    74.035    -5.78    3.11
-166762.169    72.779    -3.43    2.87
-166395.647    71.058    -4.70    4.44
-166029.056    68.251    -7.66    7.05
-165662.396    65.345    -7.92    8.41
-165295.668    62.296    -8.31    9.18
-164928.870    59.237    -8.34   10.92
-164562.004    55.217   -10.96   12.66
-164195.070    53.134    -5.68   12.67
-163828.066    53.558     1.15   10.28
-163460.993    53.646     0.24    8.38
-163093.852    53.432    -0.58    5.55
-162726.641    52.209    -3.33    5.23
-162359.362    50.934    -3.47    5.65
-161992.013    49.562    -3.73    6.44
-161624.595    48.534    -2.80    5.63
-161257.108    45.955    -7.02    6.26
-160889.552    41.342   -12.55    8.38
-160521.927    37.399   -10.72    8.85
-160154.233    33.643   -10.21    7.11
-159786.469    32.603    -2.83    5.65
-159418.636    32.428    -0.47    5.93
-159050.733    31.665    -2.07    7.28
-158682.761    32.387     1.96    8.10
-158314.720    32.012    -1.02    9.30
-157946.609    32.233     0.60   10.19
-157578.429    29.692    -6.90   12.06
-157210.179    29.008    -1.86   12.43
-156841.859    32.703    10.03   13.17
-156473.470    38.006    14.39   10.26
-156105.011    40.353     6.37    6.44
-155736.482    40.274    -0.22    4.44
-155367.884    38.440    -4.97    3.98
-154999.216    36.910    -4.15    2.66
-154630.477    35.554    -3.68    1.37
-154261.669    34.956    -1.62    1.17
-153892.792    34.759    -0.53    1.19
-153523.844    34.600    -0.43    2.20
-153154.826    31.617    -8.08    8.10
-152785.738    26.290   -14.43   11.60
-152416.580    20.080   -16.82   11.78
-152047.352    14.348   -15.52    8.21
-151678.054    12.143    -5.97    5.51
-151308.685    14.399     6.11    7.87
-150939.246    18.521    11.16   10.23
-150569.737    25.478    18.82   11.85
-150200.158    32.682    19.49    9.44
-149830.508    37.393    12.74    3.90
-149460.788    38.911     4.11    2.06
-149090.998    38.478    -1.17    1.75
-148721.137    36.335    -5.79    3.76
-148351.205    32.097   -11.46    7.60
-147981.203    28.794    -8.92    8.13
-147611.130    27.546    -3.37    6.34
-147240.987    28.103     1.50    3.73
-146870.773    28.129     0.07    1.54
-146500.488    27.946    -0.49    1.55
-146130.133    28.527     1.57    2.91
-145759.706    29.922     3.77    4.04
-145389.209    31.464     4.16    3.91
-145018.641    30.944    -1.40    4.13
-144648.002    29.934    -2.72    3.66
-144277.292    29.623    -0.84    3.52
-143906.511    30.265     1.73    3.77
-143535.659    32.462     5.92    3.17
-143164.736    34.302     4.96    1.64
-142793.742    33.603    -1.88    2.43
-142422.676    32.411    -3.21    3.05
-142051.540    31.421    -2.67    3.07
-141680.332    29.743    -4.52    2.54
-141309.053    28.807    -2.52    2.85
-140937.702    28.590    -0.58    3.20
-140566.280    28.703     0.31    2.88
-140194.787    28.828     0.34    2.35
-139823.222    29.319     1.32    1.94
-139451.586    29.244    -0.20    1.86
-139079.878    28.798    -1.20    2.55
-138708.099    29.236     1.18    3.43
-138336.248    32.308     8.26    6.76
-137964.325    36.577    11.48    9.39
-137592.331    40.562    10.71    8.06
-137220.265    40.978     1.12    6.78
-136848.127    38.358    -7.04    9.40
-136475.917    34.817    -9.51   10.17
-136103.636    34.114    -1.89    9.42
-135731.282    35.899     4.79   10.16
-135358.857    38.183     6.13    9.44
-134986.359    36.228    -5.25   12.25
-134613.790    30.910   -14.27   16.58
-134241.148    27.370    -9.50   17.92
-133868.435    25.784    -4.26   18.85
-133495.649    25.232    -1.48   19.97
-133122.791    25.864     1.69   19.06
-132749.860    25.228    -1.70   15.93
-132376.858    26.600     3.68   13.28
-132003.783    29.078     6.64   11.24
-131630.636    29.213     0.36   13.56
-131257.416    21.887   -19.63   16.84
-130884.124    16.655   -14.02   15.92
-130510.759    17.955     3.48   16.21
-130137.322    24.209    16.75   17.02
-129763.812    33.705    25.42   10.50
-129390.230    37.887    11.19    5.63
-129016.575    37.558    -0.88    6.24
-128642.847    37.280    -0.74    8.27
-128269.047    36.975    -0.82    9.60
-127895.174    36.448    -1.41   10.70
-127521.228    31.987   -11.93   14.15
-127147.209    27.213   -12.76   16.67
-126773.117    21.129   -16.26   17.92
-126398.952    13.973   -19.12   16.06
-126024.714     9.450   -12.08   13.56
-125650.403     4.509   -13.20    7.64
-125276.019     5.157     1.73    9.58
-124901.562     7.959     7.48   13.06
-124527.032    14.942    18.64   17.04
-124152.429    23.435    22.67   17.80
-123777.752    29.137    15.22   15.05
-123403.002    32.558     9.13   12.58
-123028.179    29.808    -7.34   14.32
-122653.282    24.473   -14.23   14.95
-122278.312    17.910   -17.50   15.52
-121903.268    11.590   -16.85   13.47
-121528.151    13.498     5.09   14.43
-121152.960    16.107     6.95   15.32
-120777.696    20.898    12.77   14.71
-120402.358    25.345    11.85   13.22
-120026.946    22.455    -7.70   15.29
-119651.461    17.827   -12.33   15.79
-119275.902    12.496   -14.19   14.29
-118900.269     7.204   -14.09    9.91
-118524.562     6.092    -2.96    7.89
-118148.781     7.697     4.27   11.22
-117772.927    13.536    15.53   15.12
-117396.998    19.863    16.83   16.13
-117020.995    23.640    10.04   15.23
-116644.919    26.277     7.01   13.83
-116268.768    25.671    -1.61   15.14
-115892.543    22.253    -9.08   16.03
-115516.244    16.103   -16.34   16.30
-115139.870    13.851    -5.98   15.72
-114763.423    15.717     4.95   16.90
-114386.900    17.934     5.89   18.21
-114010.304    23.654    15.19   18.16
-113633.633    28.213    12.10   16.21
-113256.888    29.674     3.88   14.33
-112880.068    31.028     3.59   12.18
-112503.174    31.421     1.04   10.36
-112126.205    33.170     4.64    7.01
-111749.161    33.467     0.79    5.35
-111372.043    33.550     0.22    4.82
-110994.849    34.864     3.48    2.85
-110617.582    35.864     2.65    2.61
-110240.239    37.121     3.33    2.16
-109862.822    38.404     3.40    2.89
-109485.329    39.239     2.21    3.18
-109107.762    40.335     2.90    3.44
-108730.119    40.462     0.33    3.62
-108352.402    40.255    -0.55    3.33
-107974.609    40.416     0.43    2.98
-107596.742    40.819     1.07    2.39
-107218.799    41.103     0.75    2.13
-106840.781    41.244     0.37    2.42
-106462.688    41.094    -0.40    2.43
-106084.519    41.080    -0.04    2.29
-105706.275    41.715     1.68    2.60
-105327.956    42.660     2.50    2.48
-104949.561    41.035    -4.29    5.67
-104571.091    33.621   -19.59   14.97
-104192.545    28.301   -14.05   16.15
-103813.924    27.087    -3.21   15.73
-103435.227    26.244    -2.23   16.00
-103056.454    23.853    -6.31   16.88
-102677.606    21.613    -5.91   17.76
-102298.682    15.651   -15.73   17.49
-101919.682     6.887   -23.12   12.68
-101540.607     1.342   -14.63    2.36
-101161.455     1.054    -0.76    1.08
-100782.227     6.503    14.37   13.28
-100402.924    13.399    18.18   18.21
-100023.544    22.338    23.56   19.32
 -99644.089    30.935    22.65   15.99
 -99264.557    36.528    14.74    9.08
 -98884.949    37.275     1.97    3.88
 -98505.265    36.202    -2.83    3.78
 -98125.505    36.152    -0.13    4.45
 -97745.668    35.121    -2.71    4.76
 -97365.755    33.899    -3.22    4.83
 -96985.766    33.494    -1.07    5.12
 -96605.700    32.989    -1.33    4.97
 -96225.558    31.721    -3.34    7.72
 -95845.339    28.554    -8.33   10.82
 -95465.044    25.330    -8.48   12.55
 -95084.672    24.580    -1.97   12.27
 -94704.223    23.103    -3.88   12.44
 -94323.698    20.606    -6.56   13.51
 -93946.070    16.819   -10.03   14.51
 -93580.109    12.764   -11.08   14.26
 -93214.077     8.683   -11.15   12.77
 -92847.976     4.819   -10.55    9.72
 -92481.804     1.910    -7.94    4.76
 -92115.562     1.140    -2.10    2.36
 -91749.250     0.887    -0.69    0.00
 -91382.868     0.887     0.00    0.00
 -91016.415     0.887     0.00    0.00
 -90649.892     0.887     0.00    0.00
 -90283.298     0.887     0.00    0.00
 -89916.634     0.887     0.00    0.00
 -89549.899     0.887     0.00    0.00
 -89183.094     0.887     0.00    0.00
 -88816.218     0.887     0.00    0.00
 -88449.272     0.887     0.00    0.00
 -88082.255     0.887     0.00    0.00
 -87715.167     0.887     0.00    0.00
 -87348.008     0.887     0.00    0.00
 -86980.779     0.887     0.00    0.00
 -86613.479     0.887     0.00    0.00
 -86246.107     1.043     0.42    1.04
 -85878.665     1.780     2.01    5.04
 -85511.153     1.492    -0.78    3.91
 -85143.569     0.887    -1.64    0.00
 -84775.914     0.887     0.00    0.00
 -84408.187     0.887     0.00    0.00
 -84040.390     0.887     0.00    0.00
 -83672.522     0.887     0.00    0.00
 -83304.582     0.887     0.00    0.00
 -82936.571     0.887     0.00    0.00
 -82568.489     0.887     0.00    0.00
 -82200.336     0.887     0.00    0.00
 -81832.111     0.887     0.00    0.00
 -81463.815     0.887     0.00    0.00
 -81095.447     0.887     0.00    0.00
 -80727.008     0.887     0.00    0.00
 -80358.497     0.887     0.00    0.00
 -79989.915     0.887     0.00    0.00
 -79621.261     0.887     0.00    0.00
 -79252.536     1.109     0.60    1.21
 -78883.738     1.114     0.01    1.22
 -78514.869     1.109    -0.01    1.21
 -78145.928     1.012    -0.26    0.77
 -77776.916     0.887    -0.34    0.00
 -77407.831     0.887     0.00    0.00
 -77038.675     0.887     0.00    0.00
 -76669.447     0.887     0.00    0.00
 -76300.146     0.887     0.00    0.00
 -75930.774     0.887     0.00    0.00
 -75561.329     0.887     0.00    0.00
 -75191.813     0.996     0.29    0.69
 -74822.224     1.530     1.45    2.32
 -74452.563     2.645     3.02    4.20
 -74082.830     3.017     1.00    4.44
 -73713.025     2.764    -0.68    4.35
 -73343.147     2.140    -1.69    3.78
 -72973.197     1.494    -1.75    2.91
 -72603.174     2.347     2.31    6.17
 -72233.079     5.265     7.88   11.73
 -71862.911     7.649     6.44   14.29
 -71492.671     7.149    -1.35   13.43
 -71122.359     5.539    -4.35   11.19
 -70751.973     2.519    -8.15    5.92
 -70381.515     0.977    -4.16    0.61
 -70010.985     0.887    -0.24    0.00
 -69640.381     0.887     0.00    0.00
 -69269.705     0.887     0.00    0.00
 -68898.956     0.887     0.00    0.00
 -68528.134     1.066     0.48    1.23
 -68157.239     2.239     3.16    4.10
 -67786.271     2.317     0.21    4.20
 -67415.230     4.996     7.22    8.26
 -67044.117     6.248     3.37    9.61
 -66672.930     6.953     1.90    9.70
 -66301.669     8.129     3.17   10.33
 -65930.336     7.709    -1.13    9.44
 -65558.930     6.620    -2.93    7.59
 -65187.450     8.689     5.57    9.56
 -64815.897    10.347     4.46   11.88
 -64444.270    13.134     7.50   13.77
 -64072.570    13.274     0.37   14.08
 -63700.797    13.089    -0.50   13.44
 -63328.950    11.251    -4.94   11.56
 -62957.030    11.137    -0.31   10.41
 -62585.036    11.432     0.79    9.67
 -62212.969    11.232    -0.54    9.89
 -61840.827    12.382     3.09    9.83
 -61468.613    15.080     7.25   10.13
 -61096.324    16.629     4.16   11.57
 -60723.962    17.381     2.02   12.03
 -60351.525    18.788     3.78   12.09
 -59979.015    22.646    10.36   10.40
 -59606.431    22.360    -0.77    9.78
 -59233.773    20.640    -4.61    8.77
 -58861.041    19.074    -4.20    6.80
 -58488.235    18.457    -1.66    6.09
 -58115.355    20.800     6.28    6.14
 -57742.401    24.597    10.18    7.00
 -57369.373    31.659    18.93   10.66
 -56996.270    38.947    19.53   11.97
 -56623.093    43.343    11.78   10.30
 -56249.842    41.334    -5.38   12.74
 -55876.516    31.932   -25.19   15.56
 -55503.116    23.899   -21.51   11.91
 -55129.642    21.067    -7.58    7.99
 -54756.093    19.123    -5.21    8.72
 -54382.470    15.427    -9.89   11.49
 -54008.772    10.876   -12.18   11.57
 -53634.999     4.788   -16.29    8.54
 -53261.152     2.002    -7.45    7.68
 -52887.230     0.316    -4.51    6.74
 -52513.233     0.409     0.25    6.36
 -52139.161     1.332     2.47    6.10
 -51765.015     1.594     0.70    5.50
 -51390.794    -0.346    -5.18    6.59
 -51016.497    -1.700    -3.62    7.53
 -50642.126    -1.468     0.62    8.52
 -50267.680     0.370     4.91   11.06
 -49893.159     1.254     2.36   11.80
 -49518.562     0.092    -3.10   10.60
 -49143.891    -2.629    -7.26   10.35
 -48769.144    -2.647    -0.05   11.36
 -48394.322     1.370    10.72   11.08
 -48019.425     5.976    12.28    8.84
 -47644.452    10.382    11.75    6.15
 -47269.404    13.209     7.54    4.95
 -46894.281    14.454     3.32    4.43
 -46519.082    14.543     0.24    5.09
 -46143.807    13.321    -3.26    6.03
 -45768.457    11.109    -5.89    6.04
 -45393.032     9.376    -4.62    6.43
 -45017.531     7.129    -5.98    7.84
 -44641.954     4.764    -6.30    9.60
 -44266.301     3.438    -3.53   10.04
 -43890.572     6.089     7.06   10.32
 -43514.768     8.404     6.16    9.33
 -43138.888     9.932     4.07    7.49
 -42762.932     8.821    -2.96    7.71
 -42386.900     5.739    -8.19    6.70
 -42010.792     4.492    -3.32    5.28
 -41634.608     3.683    -2.15    4.63
 -41258.347     5.021     3.56    5.54
 -40882.011     6.393     3.65    5.60
 -40505.598     7.309     2.44    6.39
 -40129.110     7.162    -0.39    7.37
 -39752.545     3.565    -9.55    8.90
 -39375.903    -0.113    -9.76    8.70
 -38999.185    -2.168    -5.46    7.44
 -38622.391    -4.025    -4.93    3.55
 -38245.520    -2.502     4.04    3.46
 -37868.573     0.365     7.60    3.36
 -37491.549     2.087     4.57    4.24
 -37114.449     4.728     7.00    6.09
 -36737.272     8.514    10.04    8.05
 -36360.018    13.160    12.32    9.43
 -35982.687    14.321     3.08   10.22
 -35605.280    14.987     1.77   11.52
 -35227.796    16.008     2.70   13.47
 -34850.235    11.143   -12.89   14.47
 -34472.597     4.823   -16.74   10.95
 -34094.882     1.287    -9.36    6.04
 -33717.090    -0.822    -5.58    4.03
 -33339.221    -0.924    -0.27    3.65
 -32961.274    -1.079    -0.41    3.05
 -32583.251     1.272     6.22    5.66
 -32205.150     4.955     9.74    7.86
 -31826.973     7.569     6.91    7.76
 -31448.717     7.680     0.30    8.28
 -31070.385     5.525    -5.70    8.78
 -30691.975     3.772    -4.63    8.30
 -30313.488     2.810    -2.54    7.09
 -29934.923     4.399     4.20    7.42
 -29556.280     7.709     8.74    7.82
 -29177.560    11.666    10.45    6.37
 -28798.763    15.054     8.94    5.31
 -28419.887    15.457     1.06    7.52
 -28040.934    14.743    -1.88    7.51
 -27661.903    11.887    -7.53    6.91
 -27282.795     9.580    -6.09    8.44
 -26903.608    12.287     7.14   14.13
 -26524.344    14.755     6.51   16.67
 -26145.001    13.649    -2.92   17.21
 -25765.581    18.113    11.76   18.06
 -25386.082    19.946     4.83   19.31
 -25006.506    23.507     9.38   18.26
 -24626.851    24.271     2.01   17.27
 -24247.118    15.431   -23.28   15.31
 -23867.306     9.048   -16.80    8.36
 -23487.417     8.779    -0.71    8.22
 -23107.449    13.022    11.17    9.62
 -22727.403    17.833    12.66   11.17
 -22347.278    22.030    11.04   13.22
 -21967.075    20.997    -2.72   13.87
 -21586.793    17.403    -9.45   13.38
 -21206.432    12.487   -12.92   11.26
 -20825.993     8.997    -9.17    9.31
 -20445.476     9.632     1.67   11.21
 -20064.879     7.198    -6.39   11.98
 -19684.204     7.808     1.60   12.26
 -19303.450    10.148     6.15   10.65
 -18935.757    12.276     5.79    9.96
 -18569.948    16.569    11.74    7.16
 -18204.067    18.529     5.36    5.20
 -17838.114    17.175    -3.70    4.06
 -17472.090    14.162    -8.23    7.72
 -17105.993    11.631    -6.91    8.84
 -16739.824    11.459    -0.47    9.83
 -16373.584    13.117     4.53   10.77
 -16007.271    16.810    10.08    9.54
 -15640.886    18.262     3.96    7.86
 -15274.429    16.316    -5.31    8.77
 -14907.899    15.354    -2.62    8.72
 -14541.298    14.489    -2.36    9.62
 -14174.624    13.583    -2.47    9.72
 -13807.878    13.060    -1.43    9.61
 -13441.059    12.724    -0.91   10.03
 -13074.168    12.748     0.06   10.08
 -12707.205    10.496    -6.14    9.99
 -12340.168     9.087    -3.84    8.68
 -11973.060     6.404    -7.31    7.13
 -11605.879     4.678    -4.70    6.01
 -11238.625     3.283    -3.80    4.86
 -10871.298     2.601    -1.85    4.36
 -10503.899     2.103    -1.36    4.18
 -10136.427     3.572     4.00    5.79
  -9768.882     3.910     0.92    6.33
  -9401.264     3.210    -1.90    5.74
  -9033.573     3.015    -0.53    4.65
  -8665.810     1.178    -5.00    3.68
  -8297.973    -0.158    -3.63    3.61
  -7930.064    -1.146    -2.69    3.12
  -7562.081    -1.541    -1.08    2.88
  -7194.025    -0.640     2.45    1.83
  -6825.896    -0.156     1.31    0.33
  -6457.694    -0.113     0.12    0.00
  -6089.418    -0.113     0.00    0.00
  -5721.070    -0.113     0.00    0.00
  -5352.647    -0.113     0.00    0.00
  -4984.152    -0.113     0.00    0.00
  -4615.583    -0.113     0.00    0.00
  -4246.941    -0.113     0.00    0.00
  -3878.225    -0.113     0.00    0.00
  -3509.435    -0.113     0.00    0.00
  -3140.572    -0.113     0.00    0.00
  -2771.636    -0.090     0.06    0.21
  -2402.625     0.178     0.73    1.31
  -2033.541     0.032    -0.40    1.59
  -1664.383    -0.188    -0.60    1.91
  -1295.152    -0.079     0.29    2.30
   -925.846     0.550     1.71    3.02
   -556.467     0.713     0.44    2.91
   -187.013     0.932     0.59    3.05
    182.514     0.485    -1.21    2.18
    552.116     0.108    -1.02    1.46
    921.791    -0.113    -0.60    0.00
   1291.541     0.015     0.35    0.72
   1661.365     0.224     0.57    1.63
   2031.263     1.443     3.29    5.60
   2401.235     2.876     3.87    8.78
   2771.282     5.007     5.76   11.50
   3141.403     6.689     4.55   13.38
   3511.598     9.681     8.08   16.76
   3881.868    12.287     7.04   18.89
   4252.212    14.173     5.09   19.38
   4622.631    16.342     5.86   19.12
   4993.124    18.170     4.93   18.35
   5363.692    20.224     5.54   17.52
   5734.335    23.550     8.97   16.98
   6105.052    26.017     6.65   16.19
   6475.845    29.274     8.79   13.99
   6846.711    31.376     5.67   10.97
   7217.653    32.156     2.10    7.72
   7588.670    28.664    -9.41   11.36
   7959.761    24.137   -12.20   12.51
   8330.928    21.080    -8.24   11.90
   8702.170    21.083     0.01   12.26
   9073.486    23.103     5.44   11.40
   9444.878    23.224     0.33   10.21
   9816.345    20.298    -7.88    9.92
  10187.887    15.887   -11.87    9.03
  10559.504    12.594    -8.86    7.01
  10931.197    10.224    -6.38    5.31
  11302.965     9.855    -0.99    4.76
  11674.808    10.333     1.29    3.72
  12046.727    10.446     0.31    3.15
  12418.721    10.998     1.48    3.29
  12790.791    12.121     3.02    4.49
  13162.936    14.183     5.54    4.96
  13535.157    15.393     3.25    4.09
  13907.454    15.783     1.05    3.53
  14279.826    15.005    -2.09    3.51
  14652.274    14.027    -2.63    2.98
  15024.798    14.640     1.65    3.96
  15397.398    15.387     2.01    5.36
  15770.074    13.930    -3.91    7.48
  16142.825    12.176    -4.71    8.48
  16515.653    10.081    -5.62    8.41
  16888.556     9.162    -2.46    8.43
  17261.536     9.305     0.38    8.74
  17634.591     9.812     1.36    8.77
  18007.723    10.118     0.82    8.72
  18380.931    10.661     1.46    8.85
  18754.216    11.365     1.88    9.26
  19127.576    11.113    -0.67    8.99
  19501.013    10.687    -1.14    8.43
  19874.527    10.426    -0.70    7.73
  20248.116    11.683     3.36    7.55
  20621.783    13.543     4.98    7.65
  20995.525    16.330     7.46    6.44
  21369.345    17.769     3.85    4.86
  21743.241    19.080     3.51    3.78
  22117.214    19.350     0.72    4.12
  22491.263    19.739     1.04    4.17
  22865.389    19.661    -0.21    3.87
  23239.592    18.364    -3.47    4.47
  23613.872    14.985    -9.03    7.05
  23988.229    10.680   -11.50    8.27
  24362.663     6.016   -12.46    9.38
  24737.173     6.271     0.68   12.20
  25111.761     7.059     2.10   12.76
  25486.426     9.069     5.36   13.61
  25861.168    10.124     2.81   12.56
  26235.987     6.342   -10.09    9.47
  26610.883     3.377    -7.91    8.62
  26985.857     2.083    -3.45    9.42
  27360.908     7.866    15.42   17.70
  27736.037    12.364    11.99   21.07
  28111.242    17.706    14.24   22.79
  28486.526    22.550    12.91   21.04
  28861.887    23.334     2.09   17.73
  29237.325    20.598    -7.29   13.18
  29612.841    17.393    -8.54    7.49
  29988.435    15.787    -4.27    4.35
  30364.106    15.962     0.46    6.25
  30739.855    18.920     7.87   12.12
  31115.682    23.586    12.42   15.75
  31491.587    25.008     3.78   17.93
  31867.569    25.224     0.57   17.98
  32243.630    23.173    -5.45   17.46
  32619.769    18.387   -12.72   15.68
  32995.985    13.919   -11.88   13.60
  33372.280     9.964   -10.51   10.57
  33748.653     9.070    -2.38   10.16
  34125.104     9.985     2.43   11.53
  34501.634    12.328     6.22   12.78
  34878.241    15.702     8.96   13.22
  35254.927    19.866    11.05   12.71
  35631.692    25.507    14.97   12.40
  36008.534    29.536    10.69   12.53
  36385.456    33.409    10.28   12.84
  36762.455    33.459     0.13   14.54
  37139.534    31.196    -6.00   15.92
  37516.691    29.766    -3.79   16.36
  37893.926    28.036    -4.59   15.54
  38271.241    28.398     0.96   15.03
  38648.634    27.940    -1.21   14.52
  39026.106    28.683     1.97   12.88
  39403.657    29.769     2.88   12.08
  39781.286    30.569     2.12    9.43
  40158.995    29.801    -2.03    8.35
  40536.783    30.342     1.43    6.08
  40914.650    28.238    -5.57    6.75
  41292.596    26.955    -3.40    7.32
  41670.621    27.803     2.24    7.68
  42048.725    28.343     1.43    8.35
  42426.908    31.446     8.21    8.29
  42805.171    33.681     5.91    7.02
  43183.513    36.865     8.42    7.83
  43561.935    39.274     6.37    6.29
  43940.436    37.996    -3.38    6.71
  44319.017    34.974    -7.98    7.28
  44697.677    32.942    -5.37    6.65
  45076.417    33.702     2.01    6.69
  45455.236    35.264     4.12    5.20
  45834.135    34.799    -1.23    3.99
  46213.114    35.737     2.47    4.01
  46592.173    36.261     1.38    3.85
  46971.311    35.153    -2.92    4.32
  47350.530    34.087    -2.81    4.94
  47729.828    33.124    -2.54    4.65
  48109.206    32.309    -2.15    3.92
  48488.665    31.328    -2.59    3.28
  48868.203    30.876    -1.19    3.76
  49247.822    30.618    -0.68    3.83
  49627.521    30.460    -0.42    4.21
  50007.300    31.696     3.25    4.84
  50387.159    32.262     1.49    7.04
  50767.099    29.068    -8.41   12.19
  51147.119    28.774    -0.77   16.03
  51527.220    31.582     7.39   23.50
  51907.401    38.944    19.37   29.05
  52287.663    47.004    21.20   32.37
  52668.005    54.539    19.81   31.82
  53048.428    65.174    27.96   20.86
  53428.932    72.117    18.25    7.68
  53809.516    73.026     2.39    5.63
  54190.182    73.977     2.50    3.47
  54570.928    73.823    -0.40    2.75
  54951.755    72.338    -3.90    3.21
  55332.663    70.132    -5.79    5.10
  55705.445    64.678   -14.63    8.39
  56071.028    53.640   -30.20   19.25
  56436.684    39.294   -39.23   22.62
  56802.415    31.334   -21.77   18.84
  57168.219    27.143   -11.46   16.46
  57534.096    31.181    11.04   12.90
  57900.047    34.747     9.75   10.05
  58266.072    32.026    -7.44   14.15
  58632.171    30.135    -5.17   15.17
  58998.344    28.503    -4.46   15.46
  59364.591    29.565     2.90   14.16
  59730.911    23.736   -15.91   15.85
  60097.306    22.930    -2.20   14.86
  60463.775    28.019    13.89   15.23
  60830.318    33.102    13.87   15.43
  61196.935    38.440    14.56   12.67
  61563.626    42.124    10.05   12.23
  61930.391    45.156     8.27   11.81
  62297.231    50.587    14.81    6.20
  62664.144    54.302    10.13    5.87
  63031.133    58.830    12.34    5.04
  63398.195    61.328     6.81    4.67
  63765.333    62.809     4.03    3.58
  64132.544    63.603     2.16    2.56
  64499.830    63.780     0.48    2.39
  64867.191    63.865     0.23    2.72
  65234.626    63.791    -0.20    3.34
  65602.136    62.951    -2.29    4.26
  65969.721    62.387    -1.53    4.02
  66337.381    61.454    -2.54    3.56
  66705.115    60.941    -1.39    3.58
  67072.924    60.248    -1.89    3.54
  67440.808    59.317    -2.53    6.90
  67808.767    55.569   -10.19   13.63
  68176.801    51.643   -10.67   17.66
  68544.910    47.440   -11.42   19.76
  68913.095    45.430    -5.46   18.66
  69281.354    45.489     0.16   14.46
  69649.688    44.515    -2.65    9.85
  70018.098    39.302   -14.15   13.37
  70386.583    32.810   -17.62   15.24
  70755.143    27.291   -14.97   15.03
  71123.779    23.108   -11.35   14.06
  71492.490    22.345    -2.07   13.68
  71861.276    23.179     2.26   12.83
  72230.138    24.156     2.65   12.85
  72599.076    24.855     1.89   12.70
  72968.089    26.908     5.57   11.57
  73337.178    28.583     4.54    8.86
  73706.342    29.726     3.10    3.67
  74075.582    28.973    -2.04    3.64
  74444.898    27.876    -2.97    3.34
  74814.290    26.845    -2.79    3.48
  75183.757    25.944    -2.44    4.73
  75553.301    22.643    -8.93    5.55
  75922.920    19.654    -8.09    5.38
  76292.615    18.287    -3.70    4.38
  76662.387    16.995    -3.50    2.82
  77032.235    14.982    -5.44    4.62
  77402.158    12.810    -5.87    7.00
  77772.158    10.802    -5.43    8.16
  78142.234    10.238    -1.52    7.98
  78512.387    11.430     3.22    7.73
  78882.615    12.898     3.97    6.77
  79252.921    14.239     3.62    4.44
  79623.302    15.392     3.11    2.65
  79993.760    15.154    -0.64    2.60
  80364.295    15.116    -0.10    2.97
  80734.906    14.561    -1.50    3.09
  81105.593    12.717    -4.98    5.28
  81476.358    11.494    -3.30    5.96
  81847.199    10.424    -2.89    7.08
  82218.117    11.420     2.68    7.47
  82589.111    12.174     2.03    6.88
  82960.183    13.260     2.92    5.64
  83331.331    12.855    -1.09    6.19
  83702.556    11.398    -3.93    7.17
  84073.859    10.121    -3.44    7.36
  84445.238     9.472    -1.75    7.11
  84816.694    11.239     4.76    6.69
  85188.228    13.491     6.06    6.14
  85559.839    15.290     4.84    6.41
  85931.527    17.307     5.43    6.03
  86303.292    19.092     4.80    6.51
  86675.134    19.140     0.13    5.90
  87047.054    19.964     2.22    4.59
  87419.052    18.824    -3.06    4.67
  87791.126    16.206    -7.04    6.69
  88163.279    12.728    -9.35    9.19
  88535.509     9.801    -7.86    9.52
  88907.816     9.174    -1.68   10.56
  89280.201    11.738     6.89   12.31
  89652.664    16.317    12.29   12.92
  90025.205    22.763    17.30   10.37
  90397.823    28.887    16.44    3.88
  90770.519    31.260     6.37    3.75
  91143.293    33.083     4.89    2.91
  91516.145    34.260     3.16    3.17
  91889.075    36.449     5.87    4.50
  92262.083    39.129     7.19    5.68
  92635.170    42.496     9.03    6.11
  93008.334    45.802     8.86    5.61
  93381.576    48.944     8.42    5.13
  93754.897    47.392    -4.16   11.84
  94128.296    45.000    -6.41   14.55
  94501.774    46.498     4.01   14.60
  94875.329    45.692    -2.16   14.37
  95248.964    47.129     3.85   10.22
  95622.676    47.376     0.66    5.57
  95996.467    43.445   -10.52    5.50
  96370.337    39.015   -11.85    5.45
  96744.286    34.629   -11.73    6.58
  97118.313    31.334    -8.81    5.25
  97492.418    28.102    -8.64    4.24
  97866.603    26.334    -4.73    3.28
  98240.866    26.366     0.09    3.27
  98615.209    27.908     4.12    4.21
  98989.630    31.760    10.29    5.01
  99364.130    36.004    11.34    5.44
  99738.709    39.711     9.90    5.04
 100113.368    42.656     7.86    4.56
 100488.105    44.525     4.99    4.00
 100862.921    44.424    -0.27    3.93
 101237.817    43.637    -2.10    4.24
 101612.792    43.606    -0.08    5.27
 101987.847    45.543     5.16    6.52
 102362.980    48.554     8.03    6.90
 102738.193    51.509     7.88    5.61
 103113.486    53.823     6.16    2.81
 103488.858    54.531     1.89    2.18
 103864.310    54.526    -0.01    2.82
 104239.841    54.853     0.87    4.77
 104615.452    56.260     3.75    6.63
 104991.143    58.598     6.23    7.56
 105366.913    60.571     5.25    6.21
 105742.764    60.479    -0.25    4.64
 106118.694    57.677    -7.45    5.58
 106494.704    52.920   -12.65    6.74
 106870.794    48.592   -11.51    5.95
 107246.964    47.113    -3.93    6.40
 107623.214    45.666    -3.85    6.92
 107999.544    44.930    -1.96    6.74
 108375.955    45.313     1.02    6.13
 108752.445    47.057     4.63    5.95
 109129.016    48.494     3.81    6.51
 109505.667    50.436     5.16    6.65
 109882.399    52.351     5.08    5.89
 110259.211    52.308    -0.11    5.60
 110636.103    52.256    -0.14    5.46
 111013.076    52.813     1.48    5.22
 111390.130    54.877     5.47    5.12
 111767.264    56.129     3.32    4.54
 112144.479    58.345     5.87    2.83
 112521.775    58.877     1.41    2.33
 112899.151    59.334     1.21    2.53
 113276.608    60.206     2.31    3.27
 113654.147    61.153     2.51    3.80
 114031.766    62.462     3.47    4.26
 114409.466    63.834     3.63    3.76
 114787.247    63.738    -0.25    3.78
 115165.109    63.802     0.17    3.59
 115543.052    64.543     1.96    4.35
 115921.077    65.468     2.45    5.04
 116299.183    66.575     2.93    4.94
 116677.370    67.515     2.49    6.83
 117055.638    67.971     1.21    8.73
 117433.988    69.834     4.92    8.16
 117812.419    70.834     2.64    6.36
 118190.932    70.164    -1.77    5.01
 118569.526    70.035    -0.34    4.59
 118948.202    68.758    -3.37    4.73
 119326.960    66.918    -4.86    5.19
 119705.799    64.260    -7.02    5.86
 120084.720    60.846    -9.01    6.49
 120463.723    57.398    -9.10    7.41
 120842.807    53.856    -9.34    8.50
 121221.974    49.047   -12.68    9.53
 121601.223    46.614    -6.42    9.31
 121980.553    43.706    -7.66    7.54
 122359.966    42.182    -4.02    6.82
 122739.461    42.666     1.28    6.31
 123119.038    45.248     6.80    8.86
 123498.697    51.056    15.30   11.82
 123878.439    58.568    19.78   12.86
 124258.263    65.483    18.21   11.77
 124638.169    70.887    14.23    8.70
 125018.158    75.771    12.85    3.86
 125398.229    78.403     6.92    4.37
 125778.383    80.026     4.27    4.67
 126158.619    82.098     5.45    4.84
 126538.938    82.304     0.54    4.58
 126919.340    80.414    -4.97    5.43
 127299.824    76.908    -9.21    6.46
 127680.392    73.387    -9.25    5.82
 128061.042    71.606    -4.68    4.97
 128441.775    70.108    -3.93    5.21
 128822.591    68.579    -4.02    5.34
 129203.490    67.281    -3.41    4.78
 129584.472    65.752    -4.01    4.24
 129965.538    66.308     1.46    3.81
 130343.823    68.439     5.63    5.35
 130709.172    72.424    10.91    8.15
 131074.596    78.260    15.97   10.01
 131440.096    83.533    14.43    9.11
 131805.671    89.359    15.94    4.86
 132171.321    92.158     7.66    3.35
 132537.047    93.634     4.04    3.48
 132902.848    94.803     3.19    4.30
 133268.725    95.866     2.91    4.54
 133634.678    96.424     1.53    4.37
 134000.706    96.719     0.81    3.76
 134366.810    96.498    -0.60    2.49
 134732.990    96.392    -0.29    2.47
 135099.245    96.232    -0.44    2.58
 135465.577    96.346     0.31    2.76
 135831.984    96.659     0.86    3.75
 136198.467    95.983    -1.84    5.11
 136565.027    96.791     2.21    5.68
 136931.662    98.685     5.17    6.59
 137298.373   100.908     6.06    7.22
 137665.161   103.217     6.30    5.98
 138032.025   103.856     1.74    5.03
 138398.964   104.576     1.96    4.76
 138765.981   105.135     1.52    4.05
 139133.073   105.981     2.31    4.35
 139500.242   107.210     3.35    4.01
 139867.487   108.361     3.13    3.54
 140234.809   109.045     1.86    3.26
 140602.207   109.203     0.43    3.60
 140969.682   107.696    -4.10    5.60
 141337.234   107.429    -0.73    7.08
 141704.862   108.432     2.73    7.88
 142072.567   110.814     6.48    9.06
 142440.348   113.126     6.29    9.44
 142808.207   115.001     5.10    8.81
 143176.142   117.014     5.47    7.04
 143544.154   120.087     8.35    6.18
 143912.243   123.096     8.17    6.37
 144280.409   126.365     8.88    7.43
 144648.652   129.032     7.24    7.47
 145016.972   132.561     9.58    7.15
 145385.370   135.224     7.23    5.91
 145753.844   138.572     9.09    6.03
 146122.396   144.248    15.40    8.96
 146491.025   148.392    11.24    9.22
 146859.731   152.814    11.99   10.51
 147228.515   153.635     2.22   12.68
 147597.376   155.224     4.31   16.03
 147966.314   159.454    11.47   17.71
 148335.330   163.689    11.48   15.23
 148704.424   159.671   -10.89   16.96
 149073.595   152.083   -20.56   22.03
 149442.844   137.083   -40.63   22.35
 149812.171   121.597   -41.94   16.33
 150181.575   114.032   -20.48   14.05
 150551.057   112.435    -4.32   14.33
 150920.618   112.210    -0.61   13.29
 151290.255   108.350   -10.44   15.95
 151659.971    95.770   -34.03   25.40
 152029.765    82.361   -36.26   29.57
 152399.637    68.612   -37.18   30.29
 152769.587    61.093   -20.33   31.65
 153139.616    57.909    -8.61   31.79
 153509.722    53.073   -13.07   29.67
 153879.907    48.355   -12.74   29.06
 154250.170    41.506   -18.50   25.45
 154620.511    34.024   -20.20   19.04
 154990.931    28.262   -15.56   10.13
 155361.429    24.982    -8.85    4.68
 155732.006    23.666    -3.55    3.31
 156102.661    23.606    -0.16    3.62
 156473.395    23.072    -1.44    3.29
 156844.207    24.279     3.26    4.16
 157215.098    26.289     5.42    3.52
 157586.068    26.540     0.68    3.26
 157957.117    26.832     0.79    3.44
 158328.244    29.836     8.10    5.40
 158699.451    34.253    11.90    8.00
 159070.736    41.248    18.84   10.94
 159442.100    48.677    20.01   12.93
 159813.544    58.192    25.62   13.58
 160185.066    65.585    19.90   12.98
 160556.668    72.403    18.35    9.57
 160928.349    76.803    11.84    4.48
 161300.109    77.792     2.66    4.87
 161671.948    79.142     3.63    5.96
 162043.867    79.799     1.77    6.36
 162415.865    80.632     2.24    5.71
 162787.942    82.032     3.76    4.69
 163160.099    81.941    -0.24    4.19
