-206621.899   100.082     0.00   25.29
-206252.015   102.376     6.20   19.02
-205882.198   101.240    -3.07   12.75
-205512.447   103.763     6.82   10.29
-205142.762   107.564    10.28    8.88
-204773.144   110.120     6.91    5.93
-204403.592   111.014     2.42    4.25
-204034.106   110.696    -0.86    4.61
-203664.687   109.228    -3.98    3.81
-203295.334   108.732    -1.34    2.94
-202926.047   108.973     0.65    3.31
-202556.826   108.095    -2.38    3.74
-202187.672   107.571    -1.42    4.27
-201818.583   109.664     5.67    6.26
-201449.560   112.110     6.63    6.08
-201080.604   115.191     8.35    3.89
-200711.713   117.158     5.33    3.33
-200342.889   117.071    -0.24    3.82
-199974.130   116.660    -1.11    4.43
-199605.437   116.845     0.50    5.28
-199236.810   116.769    -0.21    6.17
-198868.249   116.981     0.57    5.35
-198499.753   115.827    -3.13    5.99
-198131.324   114.044    -4.84    5.73
-197762.959   111.963    -5.65    5.76
-197394.661   109.916    -5.56    5.84
-197026.428   109.982     0.18    5.47
-196658.261   111.237     3.41    5.66
-196290.159   114.998    10.22    5.69
-195922.123   117.002     5.45    3.80
-195554.153   117.242     0.65    3.23
-195186.247   116.401    -2.29    3.29
-194818.408   115.704    -1.90    2.60
-194450.633   115.644    -0.16    3.54
-194082.924   116.010     1.00    4.24
-193715.280   116.179     0.46    4.47
-193347.702   114.942    -3.37    4.65
-192980.188   112.644    -6.25    3.90
-192612.740   110.888    -4.78    4.01
-192245.357   112.161     3.46    5.26
-191878.040   114.164     5.46    5.79
-191510.787   116.101     5.27    5.31
-191143.599   116.388     0.78    4.32
-190776.477   114.265    -5.78    4.23
-190409.419   111.237    -8.25    4.00
-190042.426   108.351    -7.86    3.64
-189675.499   105.775    -7.02    4.26
-189308.636   103.580    -5.98    4.41
-188941.838   103.690     0.30    4.16
-188562.735   106.116     6.40    3.28
-188182.530   109.070     7.77    3.96
-187802.395   111.888     7.41    4.16
-187422.331   113.574     4.44    3.08
-187042.337   113.669     0.25    2.67
-186662.413   113.827     0.42    2.62
-186282.560   115.487     4.37    3.50
-185902.776   119.132     9.60    4.97
-185523.063   121.827     7.10    3.46
-185143.419   122.065     0.63    3.36
-184763.846   121.363    -1.85    3.59
-184384.343   119.351    -5.30    2.41
-184004.910   118.365    -2.60    1.92
-183625.546   118.661     0.78    1.89
-183246.253   118.339    -0.85    2.35
-182867.029   117.243    -2.89    2.66
-182487.875   115.493    -4.62    2.22
-182108.791   113.222    -5.99    2.95
-181729.777   113.389     0.44    3.84
-181350.832   114.537     3.03    4.40
-180971.957   114.439    -0.26    4.82
-180593.152   113.303    -3.00    5.46
-180214.416   110.598    -7.14    4.83
-179835.750   108.998    -4.23    3.05
-179457.153   107.986    -2.67    2.90
-179078.625   106.697    -3.40    2.95
-178700.168   105.446    -3.31    2.50
-178321.779   104.168    -3.38    2.11
-177943.460   103.729    -1.16    2.64
-177565.210   103.314    -1.10    3.00
-177187.029   104.137     2.18    3.31
-176808.918   106.224     5.52    3.47
-176430.876   107.864     4.34    3.34
-176052.903   109.955     5.53    2.25
-175674.999   111.292     3.54    2.03
-175297.164   111.762     1.25    1.81
-174919.398   111.747    -0.04    2.00
-174541.701   110.389    -3.59    2.65
-174164.074   110.316    -0.19    3.16
-173786.515   113.092     7.36    6.34
-173409.025   117.870    12.66    8.37
-173031.604   123.845    15.83    5.69
-172654.251   126.400     6.77    3.45
-172276.968   126.986     1.55    2.65
-171899.753   126.717    -0.71    2.42
-171522.607   126.496    -0.59    2.23
-171145.529   126.166    -0.87    2.35
-170768.520   125.534    -1.68    2.51
-170391.580   123.266    -6.02    4.02
-170014.708   119.821    -9.14    4.36
-169637.905   117.364    -6.52    3.38
-169261.171   115.139    -5.91    1.99
-168884.504   112.099    -8.07    5.71
-168507.907   108.181   -10.41    6.36
-168131.377   106.185    -5.30    5.54
-167754.916   107.768     4.20    6.99
-167378.523   112.685    13.07    8.08
-167002.198   118.522    15.51    6.37
-166625.942   123.495    13.22    5.30
-166249.754   125.616     5.64    4.05
-165873.634   127.019     3.73    2.67
-165497.582   127.449     1.14    2.23
-165121.598   126.660    -2.10    1.93
-164745.682   125.635    -2.72    3.00
-164369.834   124.099    -4.09    3.19
-163994.054   121.881    -5.90    3.31
-163618.342   118.771    -8.28    4.54
-163242.698   115.623    -8.38    5.95
-162867.122   109.969   -15.06    6.65
-162491.613   105.425   -12.10    6.07
-162116.173   103.559    -4.97    5.21
-161740.800   102.577    -2.62    4.35
-161365.495   101.412    -3.10    5.43
-160990.257    98.632    -7.41    7.90
-160615.087    92.339   -16.78   10.79
-160239.985    83.771   -22.84   12.28
-159864.950    79.623   -11.06   10.70
-159489.983    79.018    -1.61    9.54
-159115.083    80.460     3.85    8.81
-158740.250    80.845     1.03    8.71
-158365.485    77.487    -8.96    9.30
-157990.788    72.092   -14.40    9.19
-157616.158    66.749   -14.27    7.60
-157241.595    63.864    -7.70    5.88
-156867.099    68.487    12.35   12.62
-156492.670    78.108    25.70   18.29
-156118.309    90.278    32.51   18.02
-155744.015   100.638    27.68   11.76
-155369.788   107.473    18.27    5.85
-154995.628   111.155     9.84    4.14
-154621.535   113.815     7.11    4.45
-154247.509   115.794     5.29    3.15
-153873.550   116.732     2.51    2.41
-153499.659   116.608    -0.33    2.65
-153125.833   117.668     2.84    2.93
-152752.075   119.839     5.81    3.14
-152378.384   121.198     3.64    2.56
-152004.759   122.379     3.16    1.85
-151631.202   121.705    -1.80    2.12
-151257.710   121.339    -0.98    2.01
-150884.286   120.994    -0.93    2.03
-150510.928   120.929    -0.17    1.88
-150137.637   121.876     2.54    1.80
-149764.413   122.773     2.41    1.97
-149391.255   123.144     0.99    1.74
-149018.163   122.429    -1.92    2.35
-148645.138   121.315    -2.99    2.39
-148272.179   120.185    -3.03    2.00
-147899.287   120.752     1.52    2.46
-147526.461   121.757     2.70    2.66
-147153.702   123.592     4.92    3.58
-146781.009   127.516    10.53    5.84
-146408.382   132.352    12.98    7.00
-146035.821   137.035    12.57    5.36
-145663.326   139.375     6.28    2.96
-145290.898   140.224     2.28    2.37
-144918.536   141.327     2.96    2.77
-144546.239   142.352     2.75    3.09
-144174.009   144.574     5.97    3.12
-143801.845   146.719     5.76    2.92
-143429.747   148.530     4.87    2.75
-143057.715   149.489     2.58    1.99
-142685.748   149.127    -0.97    2.17
-142313.848   148.214    -2.45    2.40
-141942.013   146.761    -3.91    2.75
-141570.244   144.010    -7.40    5.34
-141198.541   139.006   -13.46    8.43
-140826.904   133.865   -13.84    8.56
-140455.332   130.327    -9.52    6.66
-140083.826   128.521    -4.86    5.87
-139712.386   129.510     2.66    6.65
-139341.011   130.788     3.44    6.89
-138969.702   130.450    -0.91    6.50
-138598.458   129.711    -1.99    5.21
-138227.280   128.664    -2.82    5.21
-137856.168   128.326    -0.91    5.65
-137485.120   128.932     1.63    5.30
-137114.138   129.971     2.80    4.41
-136743.222   131.463     4.02    3.53
-136372.370   133.495     5.48    3.10
-136001.584   135.486     5.37    3.58
-135630.864   137.471     5.36    2.94
-135260.208   138.449     2.64    2.31
-134889.618   139.118     1.81    2.19
-134519.092   139.689     1.54    2.10
-134148.632   139.892     0.55    1.74
-133778.237   139.668    -0.60    1.60
-133407.907   139.794     0.34    1.85
-133037.642   139.766    -0.07    2.13
-132667.442   139.456    -0.84    2.32
-132297.307   139.400    -0.15    2.33
-131927.237   139.221    -0.48    2.47
-131557.231   139.925     1.90    2.48
-131187.291   141.224     3.51    2.93
-130817.415   142.399     3.18    3.01
-130447.604   143.108     1.92    3.01
-130077.858   143.414     0.83    3.21
-129708.176   143.152    -0.71    3.30
-129338.559   142.472    -1.84    3.40
-128969.007   141.947    -1.42    2.98
-128599.519   141.339    -1.64    2.24
-128230.096   141.149    -0.51    1.97
-127860.737   141.644     1.34    2.96
-127491.443   141.985     0.92    3.43
-127122.214   141.815    -0.46    3.79
-126753.048   141.164    -1.76    4.02
-126383.948   139.039    -5.76    2.87
-126014.911   138.227    -2.20    2.39
-125645.939   138.673     1.21    2.54
-125277.031   139.486     2.20    3.14
-124908.187   141.253     4.79    3.49
-124539.408   143.502     6.10    3.05
-124170.693   146.127     7.12    3.09
-123802.041   147.986     5.04    3.50
-123433.455   148.927     2.55    3.25
-123064.932   149.487     1.52    2.90
-122696.473   149.542     0.15    2.50
-122328.078   149.339    -0.55    2.66
-121959.747   149.149    -0.52    3.41
-121591.480   148.761    -1.05    3.54
-121223.277   147.711    -2.85    3.50
-120855.138   147.202    -1.38    4.09
-120487.063   147.129    -0.20    4.74
-120119.051   146.376    -2.05    5.47
-119751.104   146.326    -0.13    6.62
-119383.220   146.401     0.20    6.98
-119015.400   146.721     0.87    7.40
-118647.643   146.803     0.22    7.09
-118279.950   147.044     0.66    6.56
-117912.321   147.869     2.24    5.29
-117544.755   149.554     4.58    5.33
-117177.253   152.477     7.95    5.80
-116809.815   155.927     9.39    6.17
-116442.439   159.725    10.34    6.50
-116075.128   161.732     5.46    4.93
-115707.880   162.912     3.22    3.94
-115340.695   163.224     0.85    4.55
-114973.573   162.402    -2.24    5.24
-114606.515   162.412     0.03    5.83
-114239.520   162.154    -0.70    5.62
-113863.864   163.426     3.39    5.79
-113483.799   164.808     3.64    5.82
-113103.801   166.289     3.90    4.90
-112723.873   166.956     1.76    4.45
-112344.012   167.289     0.87    4.68
-111964.220   169.827     6.68    3.95
-111584.496   172.433     6.86    3.56
-111204.841   174.717     6.02    3.66
-110825.254   177.273     6.73    2.96
-110445.735   179.949     7.05    3.40
-110066.284   182.630     7.07    3.99
-109686.901   184.129     3.95    3.45
-109307.587   182.288    -4.85    6.12
-108928.340   178.611    -9.70    7.66
-108549.162   176.129    -6.54    7.70
-108170.052   175.660    -1.24    8.43
-107791.009   179.327     9.67    8.05
-107412.035   184.339    13.23    7.55
-107033.128   186.956     6.91    7.97
-106654.289   185.365    -4.20   10.02
-106275.519   182.315    -8.05   10.01
-105896.815   178.260   -10.71    8.74
-105518.180   178.388     0.34    7.57
-105139.612   181.833     9.10    7.12
-104761.112   183.876     5.40    5.22
-104382.680   184.327     1.19    3.22
-104004.315   185.475     3.04    3.97
-103626.018   187.764     6.05    4.00
-103247.788   189.002     3.27    3.80
-102869.626   191.452     6.48    4.65
-102491.531   194.265     7.44    4.95
-102113.504   194.512     0.65    5.09
-101735.544   191.002    -9.29    9.17
-101357.651   183.389   -20.15   11.38
-100979.826   177.185   -16.42    8.46
-100602.068   171.290   -15.61    6.40
-100224.377   170.027    -3.34    6.80
 -99846.754   174.907    12.92   11.28
 -99469.197   180.726    15.41   13.83
 -99091.708   188.925    21.72   11.32
 -98714.286   196.339    19.65    3.99
 -98336.931   198.766     6.43    3.85
 -97959.643   199.865     2.91    3.88
 -97582.422   201.314     3.84    4.00
 -97205.268   202.570     3.33    3.31
 -96828.180   203.956     3.68    3.52
 -96451.160   204.952     2.64    3.81
 -96074.207   204.574    -1.00    4.43
 -95697.320   202.635    -5.14    5.47
 -95320.500   195.660   -18.51   10.01
 -94943.747   186.627   -23.98   12.48
 -94567.060   180.752   -15.60   10.78
 -94190.440   174.710   -16.04    7.95
 -93813.887   171.820    -7.67    9.21
 -93437.401   167.586   -11.25   10.60
 -93060.981   161.378   -16.49    8.95
 -92684.627   154.055   -19.46   10.57
 -92308.340   147.274   -18.02   11.68
 -91932.120   141.179   -16.20   11.89
 -91555.965   135.523   -15.04    8.99
 -91179.878   134.228    -3.44    7.30
 -90803.856   135.918     4.49    9.82
 -90427.901   144.181    21.98   16.40
 -90052.012   154.885    28.48   18.84
 -89676.190   168.771    36.95   20.70
 -89300.433   183.989    40.50   16.98
 -88924.743   195.139    29.68   13.08
 -88549.119   203.808    23.08    7.74
 -88173.561   208.216    11.74    5.12
 -87798.069   211.023     7.48    2.99
 -87422.643   211.660     1.70    2.20
 -87047.283   211.070    -1.57    2.47
 -86671.989   209.137    -5.15    4.45
 -86296.762   204.203   -13.15    7.01
 -85921.599   198.376   -15.53    9.36
 -85546.503   192.389   -15.96    8.88
 -85171.473   190.664    -4.60    7.68
 -84796.508   194.027     8.97   10.09
 -84421.609   200.365    16.91   10.95
 -84046.776   206.964    17.61    8.13
 -83672.009   211.200    11.30    4.11
 -83297.307   211.339     0.37    4.55
 -82922.671   208.839    -6.67    5.43
 -82548.100   205.939    -7.74    5.48
 -82173.595   204.248    -4.52    4.37
 -81799.155   206.949     7.21    6.64
 -81424.781   211.063    10.99    6.71
 -81050.473   213.697     7.04    4.39
 -80676.229   214.353     1.75    3.58
 -80302.051   213.412    -2.51    3.35
 -79927.939   212.069    -3.59    3.12
 -79553.892   210.561    -4.03    4.49
 -79179.910   208.747    -4.85    5.05
 -78805.993   205.685    -8.19    5.76
 -78432.141   200.419   -14.09    7.26
 -78058.355   193.764   -17.81    9.19
 -77684.634   184.984   -23.50   10.96
 -77310.978   176.018   -24.00   11.33
 -76937.387   170.187   -15.61    7.74
 -76563.861   170.882     1.86    7.32
 -76190.400   175.612    12.66    7.90
 -75817.003   180.014    11.79    5.58
 -75443.672   181.002     2.64    4.34
 -75070.406   178.852    -5.76    4.09
 -74697.205   177.149    -4.56    4.46
 -74324.068   175.877    -3.41    4.87
 -73950.996   173.685    -5.87    5.73
 -73577.989   170.952    -7.33    5.88
 -73205.047   167.264    -9.89    5.44
 -72832.169   162.710   -12.22    6.73
 -72459.356   156.802   -15.85    8.54
 -72086.608   150.964   -15.66    8.97
 -71713.924   144.749   -16.68    6.89
 -71341.305   141.808    -7.90    4.71
 -70968.750   142.064     0.69    4.63
 -70596.260   144.154     5.61    5.18
 -70223.834   147.352     8.59    6.15
 -69851.473   152.327    13.36    8.30
 -69479.176   160.378    21.63   10.69
 -69106.943   167.698    19.67   11.10
 -68734.775   176.858    24.61    8.44
 -68362.671   182.179    14.30    5.16
 -67990.632   184.994     7.57    3.29
 -67618.656   185.635     1.73    2.77
 -67246.745   185.583    -0.14    2.83
 -66874.897   184.634    -2.55    2.76
 -66503.114   183.413    -3.28    2.48
 -66131.395   183.747     0.90    2.90
 -65759.740   184.339     1.59    3.10
 -65388.150   185.450     2.99    3.59
 -65016.623   185.326    -0.33    3.99
 -64645.160   184.211    -3.00    3.85
 -64273.761   182.202    -5.41    3.69
 -63902.425   180.870    -3.59    4.15
 -63531.154   179.401    -3.96    4.83
 -63159.947   177.668    -4.67    4.53
 -62788.803   176.890    -2.10    3.93
 -62417.723   176.967     0.21    4.05
 -62046.707   176.744    -0.60    4.53
 -61675.754   177.302     1.50    4.46
 -61304.865   178.413     3.00    4.98
 -60934.040   180.514     5.67    4.46
 -60563.278   182.801     6.17    4.88
 -60192.580   182.050    -2.03    6.23
 -59821.945   180.491    -4.21    7.13
 -59451.374   178.702    -4.83    6.37
 -59080.867   176.956    -4.71    3.55
 -58710.422   178.177     3.29    3.01
 -58340.041   179.732     4.20    2.14
 -57969.724   181.443     4.62    3.32
 -57599.470   184.997     9.60    6.33
 -57229.279   189.902    13.25    8.03
 -56859.151   196.364    17.46    8.89
 -56489.087   201.752    14.56    8.37
 -56119.085   206.580    13.05    5.97
 -55749.147   209.504     7.90    4.72
 -55379.272   212.390     7.80    5.36
 -55009.461   214.939     6.89    5.24
 -54639.712   217.685     7.43    4.38
 -54270.026   220.252     6.94    3.83
 -53900.403   221.647     3.77    3.06
 -53530.843   221.652     0.01    3.22
 -53161.347   220.416    -3.34    4.46
 -52791.913   218.567    -5.01    5.83
 -52422.542   214.249   -11.69    7.28
 -52053.233   209.203   -13.66    8.57
 -51683.988   204.455   -12.86    7.95
 -51314.805   197.889   -17.78    8.81
 -50945.685   189.905   -21.63    8.68
 -50576.628   183.864   -16.37    8.46
 -50207.633   178.929   -13.38    7.00
 -49838.701   175.664    -8.85    7.01
 -49469.832   173.749    -5.19    6.33
 -49101.025   177.339     9.73    7.94
 -48732.281   184.852    20.38   14.20
 -48363.600   195.027    27.60   14.89
 -47994.980   201.677    18.04    9.52
 -47626.424   198.327    -9.09   12.78
 -47257.929   189.139   -24.93   14.05
 -46889.497   179.500   -26.16   11.38
 -46521.128   173.096   -17.38    5.18
 -46152.821   175.289     5.96    8.37
 -45784.576   182.853    20.54   13.56
 -45416.393   193.524    28.99   15.44
 -45048.272   201.523    21.73   11.22
 -44680.214   204.477     8.02    7.50
 -44312.218   204.918     1.20    6.08
 -43944.284   205.364     1.21    5.82
 -43576.412   206.971     4.37    6.79
 -43208.602   212.567    15.22    9.37
 -42840.854   219.570    19.04   11.54
 -42473.169   225.214    15.35   10.01
 -42105.545   229.415    11.43    7.14
 -41737.983   229.276    -0.38    7.96
 -41370.483   223.287   -16.30   10.69
 -41003.045   213.955   -25.40   12.66
 -40635.669   208.124   -15.87   11.47
 -40268.354   205.664    -6.70   10.44
 -39901.101   209.014     9.12   14.14
 -39533.911   216.878    21.42   15.42
 -39161.409   224.134    19.48   11.61
 -38781.483   226.911     7.31    7.79
 -38401.625   225.608    -3.43    8.73
 -38021.833   220.529   -13.37    8.38
 -37642.107   216.959    -9.40    7.80
 -37262.448   211.846   -13.47    9.25
 -36882.856   204.312   -19.85   11.73
 -36503.330   199.852   -11.75   13.46
 -36123.870   195.015   -12.75   16.11
 -35744.477   191.939    -8.11   17.46
 -35365.151   185.762   -16.28   18.10
 -34985.890   177.714   -21.22   14.09
 -34606.696   169.402   -21.92   12.69
 -34227.569   158.698   -28.23   13.99
 -33848.507   145.993   -33.52   17.27
 -33469.512   134.768   -29.62   13.99
 -33090.583   128.048   -17.73   11.41
 -32711.720   135.480    19.62   25.44
 -32332.923   162.314    70.84   46.61
 -31954.192   195.339    87.20   48.40
 -31575.527   208.964    35.98   33.69
 -31196.929   203.380   -14.75   39.11
 -30818.396   172.477   -81.64   48.63
 -30439.929   144.299   -74.45   29.53
 -30061.528   147.896     9.51   34.34
 -29683.193   159.719    31.25   37.55
 -29304.924   173.544    36.55   29.17
 -28926.720   180.634    18.75   21.49
 -28548.582   175.050   -14.77   19.35
 -28170.510   171.681    -8.91   17.87
 -27792.504   176.198    11.95   21.33
 -27414.563   186.415    27.03   28.00
 -27036.688   205.934    51.66   30.34
 -26658.879   228.117    58.72   19.98
 -26281.135   236.636    22.55   12.10
 -25903.456   235.253    -3.66   12.12
 -25525.843   229.555   -15.09   14.41
 -25148.296   224.164   -14.28   13.15
 -24770.814   215.521   -22.90   14.19
 -24393.397   211.605   -10.38   15.15
 -24016.046   207.079   -11.99   18.02
 -23638.760   197.099   -26.45   21.66
 -23261.539   190.300   -18.02   23.14
 -22884.384   185.224   -13.46   18.82
 -22507.293   184.173    -2.79   16.18
 -22130.268   189.402    13.87   16.13
 -21753.308   198.102    23.08   13.23
 -21376.413   204.057    15.80   13.40
 -20999.583   207.137     8.17   10.50
 -20622.819   202.958   -11.09    9.84
 -20246.119   197.089   -15.58    8.30
 -19869.484   191.393   -15.12    5.91
 -19492.914   187.664    -9.90    6.15
 -19116.409   184.028    -9.66    7.02
 -18739.969   181.652    -6.31    7.21
 -18363.594   180.285    -3.63    6.70
 -17987.283   179.939    -0.92    6.06
 -17611.038   177.116    -7.51   11.99
 -17234.857   167.504   -25.55   20.84
 -16858.740   154.027   -35.83   24.44
 -16482.689   145.527   -22.61   20.21
 -16106.702   141.251   -11.37   15.00
 -15730.779   142.429     3.13   14.18
 -15354.922   146.456    10.71   13.14
 -14979.128   147.589     3.02   11.09
 -14603.400   147.647     0.15    9.26
 -14227.735   148.942     3.45    8.81
 -13852.135   155.057    16.28    9.72
 -13476.600   162.086    18.72    7.22
 -13101.129   167.096    13.34    5.21
 -12725.722   170.800     9.87    4.50
 -12350.380   173.889     8.23    4.37
 -11975.101   176.052     5.76    3.26
 -11599.887   173.939    -5.63    6.00
 -11224.738   169.731   -11.22    7.85
 -10849.652   163.729   -16.00    8.29
 -10474.630   157.582   -16.39    6.83
 -10099.673   153.514   -10.85    5.69
  -9724.780   150.739    -7.40    4.78
  -9349.951   149.852    -2.37    4.91
  -8975.185   150.721     2.32    5.45
  -8600.484   152.531     4.83    5.35
  -8225.847   152.814     0.75    6.70
  -7851.273   145.263   -20.16   17.55
  -7476.763   132.762   -33.38   21.96
  -7102.318   123.732   -24.12   18.16
  -6727.936   120.931    -7.48   14.55
  -6353.617   127.673    18.01   15.84
  -5979.363   140.647    34.67   12.68
  -5605.172   149.327    23.20    8.37
  -5231.045   153.152    10.22    5.22
  -4856.982   152.777    -1.00    5.36
  -4482.982   148.859   -10.48    7.69
  -4109.045   144.879   -10.64    6.77
  -3735.173   142.952    -5.15    5.01
  -3361.364   143.944     2.66    4.71
  -2987.618   144.795     2.28    3.88
  -2613.935   143.775    -2.73    4.57
  -2240.316   134.937   -23.66   16.76
  -1866.761   120.339   -39.08   31.03
  -1493.269    93.833   -70.97   48.87
  -1119.840    63.393   -81.51   52.22
   -746.474    35.589   -74.47   45.38
   -373.172    10.299   -67.75   20.84
      0.067     1.889   -22.53    7.82
    373.243    -0.181    -5.55    2.54
    746.356     1.690     5.02    6.72
   1119.406     5.191     9.38    9.28
   1492.392     9.414    11.32   10.40
   1865.316    11.791     6.37    9.92
   2238.176    10.352    -3.86    9.96
   2610.974     6.434   -10.51    9.46
   2983.709     2.554   -10.41    6.67
   3356.380    -0.487    -8.16    0.81
   3728.989    -0.661    -0.47    0.00
   4101.535     1.193     4.97    9.36
   4474.018    14.162    34.82   27.52
   4846.438    31.339    46.12   36.06
   5218.796    46.702    41.26   34.17
   5591.091    62.099    41.36   22.82
   5963.323    67.301    13.97   11.12
   6335.492    67.506     0.55    7.12
   6707.599    66.768    -1.98    7.02
   7079.643    72.950    16.62   18.65
   7451.625    93.529    55.32   42.11
   7823.544   126.339    88.22   53.97
   8195.400   155.064    77.25   49.65
   8567.195   187.471    87.16   26.47
   8938.926   198.417    29.45   10.79
   9310.595   202.478    10.93    6.45
   9682.202   204.858     6.40    5.28
  10053.747   206.673     4.88    4.03
  10425.229   207.651     2.63    3.25
  10796.649   206.612    -2.80    4.69
  11168.007   203.634    -8.02    6.49
  11539.302   199.997    -9.80    5.62
  11910.535   196.716    -8.84    3.78
  12281.707   193.478    -8.72    5.35
  12652.815   191.010    -6.65    5.54
  13023.862   189.744    -3.41    4.35
  13394.847   190.716     2.62    5.11
  13765.770   195.076    11.75    7.27
  14136.631   198.787    10.01    6.64
  14507.430   201.537     7.42    5.15
  14878.166   202.586     2.83    4.40
  15248.841   202.390    -0.53    4.37
  15619.454   199.934    -6.63    5.64
  15990.006   198.514    -3.83    5.37
  16360.495   198.301    -0.58    4.94
  16730.923   197.287    -2.74    4.27
  17101.289   196.497    -2.13    4.46
  17471.593   194.484    -5.44    5.15
  17841.835   193.846    -1.72    5.38
  18212.016   195.147     3.51    7.23
  18582.135   196.014     2.34    9.26
  18952.193   193.162    -7.71   11.56
  19322.189   187.737   -14.66   13.65
  19692.124   180.976   -18.28   11.45
  20061.997   177.506    -9.38    6.71
  20431.808   176.563    -2.55    5.08
  20801.558   176.955     1.06    5.51
  21171.247   175.248    -4.62    6.07
  21540.874   174.147    -2.98    5.99
  21910.440   175.827     4.55    6.26
  22279.945   180.238    11.94    8.82
  22649.388   188.157    21.44   11.62
  23018.770   194.430    16.98   10.76
  23388.091   198.508    11.04    7.64
  23757.351   198.491    -0.05    6.99
  24126.550   195.221    -8.86    7.99
  24495.687   191.963    -8.83    8.75
  24864.763   187.002   -13.44    9.45
  25233.779   183.111   -10.54    9.39
  25602.733   178.144   -13.46   12.81
  25971.626   170.378   -21.05   20.84
  26340.458   145.366   -67.81   49.09
  26709.230   116.264   -78.91   59.07
  27077.940    84.010   -87.48   51.52
  27446.589    66.453   -47.62   32.40
  27815.178    59.787   -18.09   20.78
  28183.706    65.898    16.58   24.33
  28552.173    71.262    14.56   30.01
  28920.579    78.023    18.35   33.32
  29288.925    87.939    26.92   32.68
  29657.209   102.602    39.81   34.71
  30025.434   126.284    64.31   29.86
  30393.597   149.502    63.06   28.16
  30761.700   170.623    57.38   18.66
  31129.742   182.724    32.88   14.47
  31497.724   190.805    21.96   13.62
  31865.645   200.859    27.33   16.22
  32233.506   213.623    34.70   15.90
  32601.306   226.652    35.42   15.62
  32969.046   238.299    31.67   14.18
  33336.726   245.039    18.33   13.02
  33704.345   247.189     5.85   16.53
  34071.903   244.428    -7.51   19.85
  34439.402   241.718    -7.37   18.34
  34806.840   242.194     1.30   15.06
  35174.218   244.469     6.19   16.54
  35543.817   247.181     7.34   18.59
  35923.607   250.106     7.70   20.29
  36303.332   252.902     7.36   17.62
  36682.992   255.603     7.12   14.29
  37062.587   261.152    14.62   12.35
  37442.117   267.758    17.41   12.30
  37821.582   276.019    21.77   13.87
  38200.983   287.570    30.45   15.45
  38580.319   298.289    28.26   13.69
  38959.591   304.599    16.64    8.78
  39338.797   305.196     1.58    8.30
  39717.940   300.801   -11.59   10.98
  40097.017   294.873   -15.64   11.45
  40476.030   289.452   -14.30   12.19
  40854.979   282.805   -17.54   13.34
  41233.863   274.744   -21.27   15.86
  41612.683   263.961   -28.46   16.99
  41991.438   252.642   -29.88   18.75
  42370.129   239.495   -34.72   19.12
  42748.756   229.768   -25.69   15.28
  43127.318   221.131   -22.81   13.20
  43505.816   216.766   -11.53   14.16
  43884.250   212.980   -10.00   17.65
  44262.619   205.260   -20.40   16.58
  44640.925   200.592   -12.34   13.62
  45019.166   204.686    10.82   18.96
  45397.343   221.366    44.10   27.92
  45775.457   242.784    56.64   27.04
  46153.506   266.300    62.20   25.74
  46531.491   285.024    49.54   22.82
  46909.412   297.019    31.74   19.13
  47287.269   303.779    17.89   16.27
  47665.063   303.073    -1.87   14.45
  48042.792   295.433   -20.23   19.78
  48420.458   280.898   -38.48   27.72
  48798.060   263.031   -47.31   27.25
  49175.598   255.531   -19.86   24.59
  49553.072   256.326     2.11   28.75
  49930.483   257.768     3.82   35.11
  50307.830   256.211    -4.13   39.79
  50685.113   248.245   -21.11   40.07
  51062.332   236.077   -32.26   31.89
  51439.489   227.811   -21.91   20.50
  51816.581   228.833     2.71   16.76
  52193.610   237.459    22.88   22.61
  52570.576   252.560    40.06   27.64
  52947.478   269.937    46.10   25.00
  53324.317   284.459    38.54   17.78
  53701.092   293.916    25.10   13.66
  54077.804   300.716    18.05   13.70
  54454.453   308.651    21.07   15.65
  54831.038   316.139    19.88   15.40
  55207.560   325.608    25.15   14.48
  55584.019   333.260    20.32   12.97
  55960.415   340.698    19.76   10.20
  56336.747   344.155     9.19    8.15
  56713.017   344.721     1.50    9.26
  57089.223   339.255   -14.53   15.46
  57465.367   329.247   -26.60   20.23
  57841.447   322.839   -17.04   18.41
  58217.464   328.111    14.02   20.19
  58593.419   337.243    24.29   20.37
  58969.310   346.752    25.29   17.89
  59345.138   352.619    15.61   15.35
  59720.904   359.108    17.27   17.19
  60096.607   364.593    14.60   15.18
  60472.247   365.366     2.06   12.00
  60847.824   356.506   -23.59   20.06
  61223.339   337.519   -50.56   27.97
  61598.790   309.108   -75.67   34.88
  61974.179   279.157   -79.78   39.82
  62349.506   251.519   -73.64   30.54
  62724.770   243.958   -20.15   23.70
  63099.971   265.491    57.39   43.60
  63475.110   299.353    90.26   45.73
  63850.186   328.057    76.53   32.91
  64225.200   345.920    47.63   16.77
  64600.151   358.523    33.61   16.98
  64975.040   366.611    21.57   16.04
  65349.866   369.194     6.89   14.85
  65724.630   360.421   -23.41   26.99
  66099.332   338.134   -59.48   38.08
  66473.971   316.407   -57.99   34.61
  66848.549   311.414   -13.33   28.48
  67223.064   318.596    19.18   29.93
  67597.516   330.808    32.61   28.72
  67971.907   341.593    28.81   20.88
  68346.235   345.872    11.43   18.20
  68720.502   348.248     6.35   16.98
  69094.706   354.339    16.28   15.26
  69468.848   362.703    22.35   12.30
  69842.928   364.211     4.03   13.07
  70216.947   358.820   -14.41   20.51
  70590.903   352.593   -16.65   21.23
  70964.797   352.249    -0.92   19.54
  71338.630   354.899     7.09   16.65
  71712.400   356.467     4.20   16.61
  72086.109   352.593   -10.37   21.99
  72459.756   344.755   -20.98   20.46
  72833.341   340.023   -12.66   17.50
  73206.865   339.300    -1.94   17.30
  73580.326   340.691     3.72   15.92
  73953.726   341.444     2.02   12.39
  74327.065   344.353     7.79   10.99
  74700.342   353.200    23.70   15.80
  75073.557   365.992    34.27   16.78
  75446.711   377.314    30.34   16.78
  75819.803   388.520    30.03   16.61
  76192.834   399.608    29.72   14.50
  76565.803   407.147    20.21   11.40
  76938.711   410.576     9.19    6.84
  77311.557   410.173    -1.08    5.18
  77684.342   409.339    -2.24    4.79
  78057.066   411.353     5.40    7.33
  78429.728   417.993    17.82   10.40
  78802.330   425.273    19.54    8.21
  79174.870   428.820     9.52    6.42
  79547.348   430.739     5.15    7.64
  79919.766   430.263    -1.28    9.48
  80292.122   429.247    -2.73    9.64
  80664.417   428.118    -3.03   10.56
  81036.652   425.755    -6.35   11.87
  81408.825   423.781    -5.30   12.35
  81780.937   424.118     0.91   12.32
  82152.988   424.118     0.00   11.09
  82524.978   425.673     4.18    9.07
  82896.907   428.131     6.61    7.43
  83268.776   430.221     5.62    6.39
  83640.583   431.993     4.76    5.75
  84012.329   432.708     1.92    6.54
  84384.015   432.339    -0.99    8.24
  84755.640   430.833    -4.05    9.91
  85127.204   429.102    -4.66   11.75
  85498.708   426.010    -8.32   13.33
  85870.151   422.418    -9.67   14.65
  86241.533   417.899   -12.17   14.73
  86612.854   413.629   -11.50   14.59
  86984.115   409.155   -12.05   13.57
  87355.316   404.819   -11.68   11.16
  87726.455   399.826   -13.45    9.57
  88097.535   395.966   -10.40    7.72
  88468.553   393.057    -7.84    6.15
  88839.512   390.785    -6.12    5.42
  89210.410   389.044    -4.69    6.03
  89581.247   387.699    -3.63    7.34
  89952.024   386.716    -2.65    8.10
  90322.741   385.619    -2.96    9.38
  90693.398   385.513    -0.29    9.95
  91063.994   385.082    -1.16    9.35
  91434.530   386.926     4.97    9.77
  91805.006   388.691     4.76   11.10
  92175.421   391.711     8.15   12.62
  92545.777   394.745     8.19   12.95
  92916.072   396.239     4.04   12.54
  93286.307   395.447    -2.14   10.85
  93656.482   391.200   -11.47   11.06
  94026.597   386.704   -12.15    9.29
  94396.652   385.010    -4.58    7.58
  94766.648   386.447     3.88    9.15
  95136.583   390.366    10.59   10.79
  95506.458   391.184     2.21   11.20
  95876.273   389.194    -5.38   10.29
  96246.029   388.001    -3.23   10.69
  96615.725   392.616    12.48   15.01
  96985.361   396.218     9.74   15.77
  97354.937   395.554    -1.79   16.09
  97724.453   393.974    -4.28   14.65
  98093.910   393.839    -0.37   14.58
  98463.307   396.582     7.43   15.96
  98832.644   402.557    16.18   16.77
  99201.922   409.420    18.58   17.40
  99571.140   417.659    22.31   19.81
  99940.299   425.920    22.38   19.16
 100309.398   433.993    21.87   16.15
 100678.437   437.750    10.18   12.15
 101047.417   438.326     1.56    7.18
 101416.338   436.204    -5.75    6.20
 101785.199   431.608   -12.46    6.09
 102154.001   427.055   -12.34    5.16
 102522.743   423.162   -10.56    4.09
 102891.426   420.353    -7.62    3.37
 103260.050   419.583    -2.09    3.99
 103628.615   418.673    -2.47    5.05
 103997.120   415.508    -8.59    8.16
 104365.566   410.299   -14.14   11.25
 104733.953   404.353   -16.14   11.80
 105102.281   398.713   -15.31   11.61
 105470.549   392.531   -16.78   14.23
 105838.759   387.893   -12.59   16.71
 106206.909   383.089   -13.05   19.34
 106575.001   381.010    -5.65   20.18
 106943.033   379.031    -5.38   20.27
 107311.006   379.606     1.56   19.40
 107678.921   378.092    -4.11   17.53
 108046.776   377.299    -2.16   16.11
 108414.573   373.892    -9.26   14.81
 108782.311   369.206   -12.74   15.01
 109149.990   362.703   -17.69   13.00
 109517.610   355.157   -20.52   15.20
 109885.171   342.885   -33.39   19.09
 110252.674   332.287   -28.84   18.78
 110631.776   323.673   -22.72   13.39
 111011.367   322.873    -2.11   11.77
 111390.895   327.539    12.29   17.74
 111770.360   336.421    23.40   23.81
 112149.762   339.944     9.28   23.28
 112529.101   343.006     8.07   21.97
 112908.377   343.139     0.35   18.36
 113287.590   344.839     4.48   18.01
 113666.740   350.570    15.11   20.63
 114045.827   353.539     7.83   21.22
 114424.851   356.105     6.77   20.43
 114803.813   354.497    -4.24   15.17
 115182.711   356.501     5.29   13.03
 115561.547   360.907    11.63   16.89
 115940.320   366.901    15.82   20.09
 116319.030   370.668     9.95   19.50
 116697.677   371.992     3.50   15.32
 117076.262   371.800    -0.51    9.73
 117454.784   376.983    13.69   11.24
 117833.244   385.788    23.26   17.34
 118211.641   396.513    28.34   18.54
 118589.975   407.105    28.00   16.47
 118968.247   417.028    26.23   14.12
 119346.457   424.193    18.94   13.52
 119724.604   432.157    21.06   15.21
 120102.688   438.846    17.69   15.13
 120480.710   446.633    20.60   13.14
 120858.670   453.750    18.83   12.47
 121236.568   465.589    31.33   16.26
 121614.403   477.025    30.26   16.15
 121992.176   487.299    27.19   13.04
 122369.887   495.447    21.57    6.90
 122747.535   495.655     0.55    7.31
 123125.122   492.886    -7.33    8.89
 123502.646   488.560   -11.46    8.74
 123880.108   483.286   -13.97    7.93
 124257.508   478.028   -13.93    7.83
 124634.846   471.911   -16.21    7.89
 125012.122   467.434   -11.86    7.44
 125389.336   463.467   -10.51    7.74
 125766.488   461.299    -5.75   10.87
 126143.578   456.833   -11.84   12.06
 126520.607   452.409   -11.73   12.32
 126897.573   446.471   -15.75   10.75
 127274.478   443.039    -9.10   11.18
 127651.320   439.366    -9.75   11.99
 128028.101   437.136    -5.92   15.28
 128404.821   433.939    -8.49   18.80
 128781.478   429.726   -11.18   21.46
 129158.074   425.129   -12.21   20.87
 129534.608   421.833    -8.75   20.57
 129911.081   422.926     2.90   21.76
 130287.492   427.105    11.10   24.27
 130663.842   434.961    20.87   27.99
 131040.130   445.929    29.14   31.40
 131416.356   453.599    20.39   31.36
 131792.521   459.155    14.77   28.66
 132168.625   456.719    -6.47   28.15
 132544.667   456.616    -0.28   25.93
 132920.648   454.425    -5.83   23.10
 133296.568   455.753     3.53   19.54
 133672.426   454.978    -2.06   18.15
 134048.223   456.325     3.59   16.76
 134423.959   454.531    -4.78   16.77
 134799.633   448.826   -15.18   19.54
 135175.246   431.246   -46.80   33.00
 135550.799   406.234   -66.59   42.92
 135926.290   376.181   -80.03   38.94
 136301.720   355.566   -54.91   24.36
 136677.089   346.066   -25.30    9.50
 137052.396   352.988    18.44   18.15
 137427.643   373.586    54.89   30.14
 137802.829   399.010    67.76   30.82
 138177.954   419.484    54.57   20.56
 138553.018   429.043    25.48   12.74
 138928.021   432.116     8.19   13.25
 139302.964   435.682     9.51   14.67
 139677.845   443.892    21.90   17.28
 140052.666   456.452    33.51   18.22
 140427.426   469.659    35.24   17.90
 140802.125   483.042    35.71   16.88
 141176.764   493.636    28.28   13.95
 141551.341   502.636    24.02   11.57
 141925.859   506.787    11.08    8.04
 142300.315   506.486    -0.80    6.42
 142674.711   503.076    -9.11    7.07
 143049.047   500.019    -8.17    6.80
 143423.322   500.258     0.64    8.72
 143797.536   503.392     8.37    9.52
 144171.690   507.461    10.87    8.94
 144545.784   512.469    13.39    8.18
 144919.817   516.934    11.94    6.78
 145293.790   519.703     7.40    5.69
 145667.702   519.380    -0.86    7.98
 146041.554   515.753    -9.70   11.61
 146415.346   510.068   -15.21   13.83
 146789.078   505.993   -10.90   14.09
 147162.749   499.925   -16.24   17.14
 147536.360   492.246   -20.55   19.54
 147909.911   481.568   -28.58   22.97
 148283.402   470.194   -30.45   24.75
 148656.833   459.506   -28.62   25.91
 149030.204   452.566   -18.59   25.08
 149403.514   444.812   -20.77   24.66
 149776.765   438.173   -17.79   20.92
 150149.956   430.609   -20.26   15.92
 150523.086   425.742   -13.04   12.14
 150896.157   424.245    -4.01   11.11
 151269.168   427.497     8.72   14.03
 151642.119   439.028    30.92   20.77
 152015.010   456.273    46.24   27.14
 152387.842   475.713    52.13   26.04
 152760.613   488.677    34.77   20.98
 153133.325   494.444    15.47   22.05
 153505.977   492.099    -6.29   25.67
 153878.569   492.434     0.90   23.42
 154251.102   498.245    15.60   20.89
 154623.575   506.449    22.02   16.12
 154995.989   510.731    11.50   10.87
 155368.343   506.531   -11.28   15.42
 155740.637   493.764   -34.29   23.33
 156112.872   473.859   -53.47   26.04
 156485.047   455.636   -48.96   22.44
 156857.163   441.753   -37.31   17.10
 157229.220   432.923   -23.73   10.81
 157601.217   429.418    -9.42    9.20
 157973.154   429.617     0.53   11.42
 158345.033   430.339     1.94   13.79
 158716.852   432.242     5.12   15.28
 159088.612   437.237    13.43   17.61
 159460.312   442.575    14.36   18.86
 159831.953   446.139     9.59   16.58
 160203.535   443.959    -5.87   17.96
 160575.058   443.966     0.02   16.40
 160946.522   443.686    -0.75   17.26
 161317.927   448.619    13.28   19.71
 161689.272   453.796    13.94   19.51
 162060.559   455.177     3.72   17.71
 162431.786   453.832    -3.62   16.34
 162802.955   451.709    -5.72   15.31
 163174.064   448.353    -9.04   16.33
 163545.115   444.394   -10.67   17.36
 163916.106   442.531    -5.02   20.86
 164287.039   442.939     1.10   23.99
 164657.913   445.204     6.11   26.59
 165028.728   452.092    18.57   27.59
 165399.484   463.793    31.55   26.89
 165770.182   476.092    33.18   22.31
 166140.821   485.393    25.09   15.08
 166511.401   484.694    -1.89   15.41
 166881.922   480.907   -10.22   15.60
 167252.385   479.339    -4.23   13.66
 167622.789   479.326    -0.04    9.70
 167993.134   478.379    -2.56    8.90
 168363.421   474.299   -11.02   10.68
 168733.650   467.313   -18.87   12.01
 169103.819   458.718   -23.22   14.01
 169473.931   450.194   -23.03   17.53
 169843.984   440.073   -27.35   20.84
 170213.978   433.208   -18.55   22.95
 170583.914   427.633   -15.07   26.68
 170953.792   422.966   -12.61   28.81
 171323.611   419.339    -9.81   30.53
 171693.372   414.619   -12.76   31.75
 172063.075   405.028   -25.94   33.81
 172432.719   394.339   -28.91   36.13
 172802.306   373.116   -57.42   42.37
 173171.834   348.191   -67.44   47.58
 173541.304   312.286   -97.16   51.73
 173910.715   279.718   -88.15   44.57
 174280.069   253.766   -70.25   25.24
 174649.364   250.326    -9.31   21.05
 175018.602   264.753    39.07   30.95
 175387.781   290.339    69.30   34.27
 175756.903   320.636    82.07   31.48
 176125.966   350.853    81.86   33.14
 176494.972   382.446    85.60   36.77
 176863.919   413.299    83.61   36.52
 177232.809   440.431    73.54   31.57
 177601.641   457.846    47.21   20.53
 177970.414   463.379    15.00   15.36
 178339.131   459.636   -10.15   22.73
 178707.789   452.102   -20.43   27.64
 179076.389   448.934    -8.59   28.93
 179444.932   452.866    10.67   23.50
 179813.417   456.181     9.00   16.27
 180181.845   453.299    -7.82   13.97
 180550.215   446.673   -17.98   18.03
 180918.527   431.699   -40.65   24.41
 181286.781   417.753   -37.87   26.65
 181654.979   399.785   -48.79   28.13
 182023.118   387.142   -34.34   29.16
 182391.200   374.033   -35.61   27.77
 182759.224   365.446   -23.33   27.79
 183127.192   366.812     3.71   37.48
 183495.101   370.046     8.79   41.41
 183862.953   365.204   -13.16   43.04
 184230.748   351.219   -38.02   46.12
 184598.486   327.704   -63.94   45.00
 184966.166   311.713   -43.49   38.67
 185342.525   304.812   -18.33   38.65
 185721.989   303.420    -3.67   44.76
 186101.391   299.497   -10.34   45.98
 186480.732   291.353   -21.47   41.56
 186860.011   279.958   -30.04   30.87
 187239.229   280.200     0.64   32.98
 187618.386   289.326    24.06   47.14
 187997.481   292.641     8.74   48.87
 188376.515   279.833   -33.79   52.49
 188755.487   262.353   -46.12   50.32
 189134.399   250.673   -30.82   46.27
 189513.249   251.339     1.76   51.67
 189892.038   260.988    25.47   60.93
 190270.766   270.079    24.00   62.14
 190649.433   268.311    -4.67   56.81
 191028.039   252.353   -42.14   49.32
 191406.583   232.453   -52.56   37.18
 191785.067   227.779   -12.35   31.33
 192163.490   248.635    55.10   52.64
 192541.851   293.298   118.02   66.35
 192920.152   345.189   137.14   52.65
 193298.392   377.380    85.09   39.95
 193676.571   402.859    67.36   31.96
 194054.689   417.745    39.36   26.36
 194432.747   427.086    24.70   17.53
 194810.743   427.832     1.97   15.00
 195188.679   414.899   -34.21   23.25
 195566.554   395.931   -50.19   22.45
 195944.368   387.300   -22.84   16.85
 196322.122   387.917     1.63   19.44
 196699.815   404.950    45.09   26.97
 197077.448   421.492    43.80   22.20
 197455.020   427.971    17.16   20.15
 197832.531   427.164    -2.14   20.71
 198209.982   423.015   -10.99   17.57
 198587.372   418.542   -11.85   18.12
 198964.702   415.434    -8.24   22.62
 199341.972   414.905    -1.40   22.74
 199719.181   416.230     3.51   21.76
 200096.330   424.686    22.42   17.02
 200473.418   428.818    10.96   14.68
 200850.446   426.326    -6.61   18.43
 201227.414   417.268   -24.02   19.35
 201604.322   410.019   -19.23   17.53
 201981.169   402.709   -19.39   16.81
 202357.956   397.934   -12.67   16.45
 202734.683   392.164   -15.31   15.50
 203111.350   393.461     3.44   19.60
 203487.957   398.461    13.27   21.97
 203864.503   401.695     8.59   19.80
 204240.990   399.380    -6.15   20.90
 204617.417   394.256   -13.61   21.56
 204993.783   393.799    -1.21   22.02
 205370.090   400.593    18.05   23.09
 205746.337   410.593    26.57   20.60
 206122.524   420.525    26.40   19.22
 206498.651   432.259    31.19   16.54
 206874.718   439.168    18.37   11.92
 207250.725   435.772    -9.03   13.37
 207626.673   422.613   -34.99   20.64
 208002.561   408.339   -37.97   22.57
 208378.389   396.312   -32.00   17.62
 208754.157   394.819    -3.97   17.73
 209129.866   399.833    13.34   17.96
 209505.515   402.120     6.09   16.18
 209881.105   399.313    -7.47   17.11
 210256.634   395.873    -9.16   17.08
 210632.105   400.378    12.00   18.96
 211007.516   407.436    18.80   15.11
 211382.867   407.713     0.74   15.46
 211758.159   400.256   -19.87   19.80
 212133.391   396.028   -11.26   21.87
 212508.565   390.534   -14.64   24.39
 212883.678   384.444   -16.23   21.26
 213258.733   373.061   -30.34   22.58
 213633.728   360.668   -33.04   21.78
 214008.663   355.772   -13.06   23.92
 214383.540   358.353     6.88   29.58
 214758.357   366.974    23.00   32.66
 215133.115   371.028    10.82   32.23
 215507.814   363.272   -20.70   31.24
 215882.454   354.462   -23.51   27.52
 216257.034   347.619   -18.27   24.17
 216631.556   340.901   -17.94   20.11
 217006.018   336.353   -12.14   18.26
 217380.422   334.452    -5.08   16.64
 217754.766   331.753    -7.21   13.18
 218129.052   333.192     3.85   12.24
 218503.278   340.513    19.56   18.88
 218877.446   348.986    22.64   20.40
 219251.555   355.593    17.66   20.61
 219625.604   359.948    11.64   20.69
 219999.595   361.474     4.08   20.75
 220373.528   363.839     6.32   21.02
 220747.401   364.654     2.18   20.35
 221121.216   367.572     7.80   18.38
 221494.972   367.517    -0.15   16.48
 221868.669   368.461     2.52   15.91
 222242.308   369.272     2.17   13.96
 222615.888   376.499    19.34   16.99
 222989.409   385.193    23.27   20.80
 223362.872   396.778    31.01   20.02
 223736.276   405.103    22.29   17.28
 224109.622   411.558    17.29   16.09
 224482.909   418.811    19.43   16.59
 224856.138   430.860    32.28   19.10
 225229.308   446.424    41.70   19.32
 225602.420   459.974    36.31   14.92
 225975.474   466.677    17.96    9.37
 226348.469   461.779   -13.13   15.23
 226721.406   450.663   -29.80   17.82
 227094.284   439.806   -29.11   17.12
 227467.105   428.516   -30.28   15.82
 227839.867   421.488   -18.85   14.80
 228212.570   414.239   -19.44   14.17
 228585.216   408.231   -16.12   13.03
 228957.804   399.029   -24.69   15.51
 229330.333   388.019   -29.55   18.10
 229702.804   373.992   -37.65   19.07
 230075.217   362.086   -31.96   15.39
 230447.573   354.024   -21.65    7.66
 230819.870   353.873    -0.41    8.67
 231192.109   363.010    24.54   21.56
 231564.290   375.434    33.37   27.13
 231936.413   388.093    34.01   27.75
 232308.479   394.408    16.97   27.92
 232680.486   393.394    -2.72   27.30
 233052.436   389.799    -9.66   22.97
 233424.327   392.596     7.52   19.42
 233796.161   404.785    32.77   25.02
 234167.938   427.713    61.66   31.31
 234539.656   448.893    56.97   27.79
 234911.317   467.419    49.84   17.74
 235282.920   472.034    12.42   12.86
 235654.465   459.419   -33.94   25.74
 236025.953   439.159   -54.53   29.40
 236397.383   417.819   -57.44   22.42
 236768.756   405.173   -34.05   10.31
 237140.071   407.474     6.20   14.04
 237511.328   415.909    22.71   15.32
 237882.528   423.853    21.40   13.13
 238253.671   428.436    12.35   14.09
 238624.756   430.691     6.07   16.45
 238995.784   438.200    20.24   17.32
 239366.754   443.380    13.96   15.96
 239737.667   444.621     3.35   20.66
 240108.523   429.486   -40.80   29.46
 240479.321   411.353   -48.89   31.70
 240850.062   389.606   -58.65   29.11
 241220.746   375.048   -39.27   25.94
 241591.372   365.793   -24.97   19.35
 241961.942   365.645    -0.40   16.41
 242332.454   377.961    33.23   26.45
 242702.909   396.992    51.36   30.15
 243073.307   416.646    53.05   27.97
 243443.648   433.186    44.65   17.81
 243813.932   435.886     7.29   13.02
 244184.158   429.673   -16.78   18.89
 244554.328   415.785   -37.51   24.61
 244924.441   401.804   -37.77   21.99
 245294.497   394.983   -18.43   21.85
 245664.496   395.714     1.98   24.94
 246034.438   397.038     3.58   24.25
 246404.323   401.575    12.26   19.79
 246774.151   404.380     7.58   15.14
 247143.922   412.020    20.66   14.95
 247513.637   422.709    28.91   18.76
 247883.295   436.325    36.83   19.30
 248252.896   449.490    35.61   19.98
 248622.441   462.750    35.87   18.54
 248991.928   470.983    22.28   13.27
 249361.360   473.006     5.47   14.13
 249730.734   467.531   -14.82   20.34
 250100.052   455.147   -33.52   22.77
 250469.313   442.942   -33.05   22.98
 250838.518   429.093   -37.50   21.00
 251207.666   419.103   -27.06   17.31
 251576.758   411.887   -19.55   13.29
 251945.793   408.673    -8.71   12.75
 252314.772   408.942     0.73   15.00
 252683.694   408.825    -0.32   16.37
 253052.560   407.627    -3.25   16.79
 253421.370   404.436    -8.65   16.43
 253790.123   397.230   -19.54   15.68
 254158.820   389.409   -21.21   14.79
 254527.461   381.778   -20.70   12.48
 254896.046   377.034   -12.87    9.97
 255264.574   372.819   -11.43    9.61
 255633.046   370.256    -6.95    9.72
 256001.462   366.555   -10.04    8.42
 256369.821   364.881    -4.54    8.23
 256738.125   364.474    -1.10   10.42
 257106.372   365.983     4.10   13.26
 257474.564   367.934     5.30   17.23
 257842.699   368.145     0.57   19.11
 258210.778   365.150    -8.13   19.41
 258578.802   360.798   -11.82   18.09
 258946.769   354.109   -18.17   16.04
 259314.680   350.159   -10.74   15.18
 259682.536   345.420   -12.88   14.29
 260056.396   341.860    -9.52   13.59
 260435.733   339.421    -6.43   15.67
 260815.009   339.411    -0.03   19.33
 261194.226   344.139    12.47   22.81
 261573.383   354.707    27.87   28.08
 261952.480   367.285    33.17   31.69
 262331.517   376.973    25.55   28.68
 262710.495   372.764   -11.10   29.82
 263089.413   363.490   -24.47   26.81
 263468.271   358.065   -14.32   24.52
 263847.070   361.839     9.96   25.92
 264225.809   369.534    20.31   25.35
 264604.489   380.120    27.95   22.97
 264983.109   393.673    35.79   22.68
 265361.669   413.766    53.07   27.34
 265740.170   434.472    54.69   25.76
 266118.612   447.232    33.71   19.72
