-177817.254   223.568     0.00    7.39
-177438.071   216.157   -19.54   12.31
-177058.823   202.073   -37.13   22.06
-176679.510   186.149   -41.97   22.31
-176300.131   176.999   -24.12   16.51
-175920.688   172.426   -12.05    9.03
-175541.179   175.326     7.64    9.04
-175161.606   179.744    11.64    8.16
-174781.966   181.129     3.65    8.28
-174402.262   180.058    -2.82    8.33
-174032.828   178.553    -4.07    8.65
-173665.609   174.263   -11.68   10.10
-173298.329   169.012   -14.29   10.62
-172930.989   163.663   -14.56   10.54
-172563.588   158.850   -13.10    7.25
-172196.126   158.766    -0.23    7.68
-171828.604   159.161     1.07    8.29
-171461.020   157.825    -3.64    8.42
-171093.377   156.899    -2.52   11.93
-170725.672   156.184    -1.94   16.77
-170357.906   154.193    -5.41   16.37
-169990.080   155.826     4.44   16.60
-169622.193   161.473    15.35   23.19
-169254.245   173.918    33.82   29.91
-168886.235   181.967    21.87   30.52
-168518.165   188.425    17.54   28.61
-168150.034   192.462    10.97   24.25
-167781.842   194.526     5.61   21.40
-167413.589   199.539    13.61   25.45
-167045.274   201.766     6.05   29.25
-166676.899   198.276    -9.47   33.59
-166308.462   194.097   -11.34   37.64
-165939.964   187.184   -18.76   39.38
-165571.405   178.526   -23.49   38.68
-165202.785   169.826   -23.60   34.24
-164834.103   159.180   -28.87   23.52
-164465.360   153.026   -16.69   14.52
-164096.555   155.789     7.49   17.30
-163727.690   160.269    12.14   22.56
-163358.762   160.539     0.73   23.91
-162989.774   155.786   -12.88   21.36
-162620.724   149.209   -17.82   13.37
-162251.612   144.626   -12.42    5.31
-161882.439   144.052    -1.56    4.82
-161513.204   145.931     5.09    8.32
-161143.908   149.682    10.16   15.53
-160774.550   149.336    -0.94   17.95
-160405.130   147.631    -4.61   15.91
-160035.649   143.911   -10.07    8.49
-159666.106   146.077     5.86    7.83
-159296.501   152.423    17.17    8.18
-158926.834   154.136     4.63    7.39
-158557.105   153.956    -0.49    6.96
-158187.315   152.257    -4.60    5.97
-157817.463   150.801    -3.94    3.85
-157447.549   151.421     1.68    3.99
-157077.573   152.361     2.54    5.35
-156707.535   152.728     0.99    5.65
-156337.434   151.171    -4.21    5.87
-155967.272   148.671    -6.76    5.65
-155597.048   147.063    -4.34    5.52
-155226.762   145.513    -4.19    5.37
-154856.413   144.551    -2.60    5.08
-154486.003   142.579    -5.32    5.22
-154115.530   141.159    -3.83    5.24
-153744.995   140.577    -1.57    5.37
-153374.397   140.931     0.96    7.81
-153003.738   143.644     7.32   10.84
-152633.016   146.913     8.82   11.73
-152262.232   150.092     8.57   12.83
-151891.385   150.652     1.51   11.83
-151520.476   149.579    -2.90    9.99
-151149.504   149.197    -1.03    8.68
-150778.470   152.641     9.28   11.34
-150407.373   159.962    19.72   13.32
-150036.214   169.313    25.19    9.74
-149664.992   175.713    17.24    7.34
-149293.708   180.760    13.59    4.37
-148922.361   182.716     5.27    4.76
-148550.951   183.864     3.09    7.10
-148179.479   184.450     1.58    8.16
-147807.944   185.808     3.65    8.31
-147436.346   188.994     8.57    8.80
-147064.685   194.825    15.69    9.51
-146692.961   199.576    12.78    9.75
-146321.175   204.144    12.29    8.62
-145949.326   207.123     8.01    8.29
-145577.413   208.602     3.98    7.40
-145205.438   205.938    -7.16    8.59
-144833.400   202.269    -9.86    9.53
-144461.299   196.436   -15.67   11.24
-144089.134   188.868   -20.33   10.16
-143716.907   188.000    -2.33   10.74
-143344.616   190.591     6.96   11.04
-142972.262   195.176    12.31    9.62
-142599.845   196.365     3.19    7.53
-142227.365   193.938    -6.52    8.42
-141854.822   191.667    -6.10    8.58
-141482.215   191.236    -1.16    9.15
-141109.545   196.359    13.74   11.42
-140736.811   199.617     8.74    9.68
-140364.015   198.032    -4.25   12.19
-139991.154   192.013   -16.14   14.91
-139618.231   184.001   -21.48   11.86
-139245.243   178.987   -13.44    7.68
-138872.193   176.209    -7.45    6.58
-138499.078   174.295    -5.13    6.59
-138125.901   174.045    -0.67    6.60
-137752.659   175.838     4.80    7.82
-137379.354   179.260     9.17    8.51
-137005.985   180.336     2.88    8.43
-136632.553   175.526   -12.88   10.90
-136259.056   170.855   -12.50    9.20
-135885.496   169.963    -2.39    9.48
-135511.872   170.539     1.54   12.00
-135138.184   162.963   -20.27   20.51
-134764.433   150.793   -32.56   20.78
-134390.617   138.331   -33.33   13.86
-134016.738   131.242   -18.96    5.20
-133642.794   130.963    -0.75    5.59
-133268.787   133.389     6.48    7.08
-132894.715   138.438    13.50    8.78
-132520.580   143.579    13.74    8.94
-132146.380   150.475    18.43    9.11
-131772.116   158.821    22.30   10.10
-131397.788   166.926    21.65    9.90
-131023.396   173.855    18.51    7.49
-130648.939   178.551    12.54    6.73
-130274.418   181.266     7.25    6.15
-129899.833   182.197     2.48    5.95
-129525.183   183.564     3.65    5.62
-129150.470   184.013     1.20    4.47
-128775.691   184.401     1.03    4.95
-128400.849   184.273    -0.34    6.05
-128025.941   182.616    -4.42    7.68
-127650.970   180.795    -4.85    9.56
-127275.933   177.013   -10.08   10.01
-126900.832   174.052    -7.89    8.17
-126525.667   171.838    -5.90    5.76
-126150.437   171.812    -0.07    5.94
-125775.142   171.251    -1.49    5.92
-125399.782   171.302     0.14    5.84
-125024.358   170.476    -2.20    4.86
-124648.869   171.107     1.68    4.12
-124273.315   171.387     0.74    4.64
-123897.696   169.657    -4.60    6.32
-123522.013   170.020     0.96    8.84
-123146.264   167.458    -6.82   13.67
-122770.450   159.138   -22.14   14.05
-122394.572   153.407   -15.25    9.54
-122018.628   149.951    -9.19    5.66
-121642.620   147.349    -6.92    6.29
-121266.546   145.388    -5.21    5.25
-120890.407   146.885     3.98    8.15
-120514.203   152.728    15.53   12.41
-120137.934   162.171    25.09   10.96
-119761.600   168.159    15.91    7.79
-119385.200   171.088     7.78    6.19
-119008.735   171.328     0.64    6.01
-118632.205   169.359    -5.23    7.72
-118255.609   167.934    -3.78    7.92
-117878.948   168.776     2.24    8.92
-117502.222   167.812    -2.56   10.35
-117125.430   166.736    -2.85    9.80
-116748.572   162.899   -10.18    7.12
-116371.649   159.630    -8.67    7.41
-115994.661   162.039     6.39    9.23
-115617.607   163.279     3.29    9.46
-115240.487   162.144    -3.01    9.18
-114863.301   159.776    -6.28    9.29
-114486.050   153.923   -15.51    8.86
-114108.733   148.538   -14.27   10.22
-113731.351   141.944   -17.47   11.57
-113353.902   134.513   -19.68   12.13
-112976.388   127.669   -18.13    9.94
-112598.807   123.357   -11.42    6.98
-112221.161   120.757    -6.89    7.49
-111843.449   119.282    -3.90    8.42
-111465.671   116.201    -8.16    8.27
-111087.827   113.838    -6.25    6.56
-110709.917   117.926    10.82   13.13
-110331.941   125.713    20.60   18.37
-109953.898   134.976    24.50   18.68
-109575.790   145.391    27.54   13.36
-109197.615   151.032    14.92    6.41
-108819.374   151.680     1.71    5.44
-108441.067   148.956    -7.20    7.62
-108062.693   145.103   -10.18    8.31
-107684.253   140.738   -11.53    8.60
-107305.747   136.235   -11.90    6.08
-106927.175   132.788    -9.10    6.19
-106548.536   127.551   -13.83    6.93
-106169.830   123.197   -11.50    6.70
-105791.058   119.126   -10.75    4.94
-105412.219   117.079    -5.40    2.57
-105033.314   118.013     2.47    3.53
-104654.342   120.710     7.12    4.56
-104275.304   124.240     9.31    6.08
-103896.199   128.394    10.96    6.60
-103517.027   134.663    16.53    8.57
-103137.788   142.052    19.48    9.09
-102758.483   148.101    15.95    8.43
-102379.111   155.678    19.97    8.76
-101999.672   160.291    12.16    8.69
-101620.166   163.076     7.34    8.24
-101240.593   164.923     4.87    6.67
-100860.953   166.351     3.76    4.84
-100481.246   167.381     2.71    3.79
-100101.472   168.662     3.37    4.08
 -99721.631   169.434     2.03    3.94
 -99348.958   168.898    -1.44    4.01
 -98981.932   168.593    -0.83    4.68
 -98614.844   164.601   -10.87    8.03
 -98247.694   159.131   -14.90    8.74
 -97880.481   153.901   -14.24    7.57
 -97513.206   151.323    -7.02    5.77
 -97145.869   149.936    -3.78    3.41
 -96778.470   149.398    -1.46    2.94
 -96411.008   149.638     0.65    3.58
 -96043.485   149.641     0.01    3.92
 -95675.898   147.906    -4.72    4.67
 -95308.250   145.539    -6.44    5.74
 -94940.539   141.600   -10.71    6.09
 -94572.765   137.951    -9.92    5.39
 -94204.929   136.627    -3.60    5.35
 -93837.031   136.413    -0.58    5.43
 -93469.070   137.616     3.27    4.74
 -93101.046   135.563    -5.58    7.84
 -92732.960   129.663   -16.03   10.19
 -92364.811   121.663   -21.73   10.66
 -91996.600   113.539   -22.06   10.64
 -91628.326   103.901   -26.17   14.22
 -91259.989    89.834   -38.19   17.34
 -90891.589    76.051   -37.41   18.35
 -90523.126    62.640   -36.39   13.65
 -90154.601    56.711   -16.09    9.34
 -89786.013    59.486     7.53   13.38
 -89417.362    68.301    23.91   15.71
 -89048.648    78.766    28.38   12.48
 -88679.871    84.106    14.48    5.27
 -88311.031    84.671     1.53    4.81
 -87942.128    82.933    -4.71    4.89
 -87573.161    81.039    -5.13    4.14
 -87204.132    80.855    -0.50    4.11
 -86835.040    80.607    -0.67    4.22
 -86465.884    81.538     2.52    3.78
 -86096.666    82.487     2.57    2.77
 -85727.384    83.526     2.81    2.83
 -85358.039    84.134     1.65    3.22
 -84988.630    84.463     0.89    3.11
 -84619.158    84.886     1.14    2.79
 -84249.623    83.709    -3.19    2.44
 -83880.025    83.370    -0.92    2.49
 -83510.363    83.452     0.22    2.70
 -83140.637    82.986    -1.26    2.59
 -82770.848    82.263    -1.96    2.83
 -82400.996    82.747     1.31    2.78
 -82031.080    83.013     0.72    2.75
 -81661.100    81.665    -3.64    8.84
 -81291.057    72.701   -24.22   20.36
 -80920.950    67.487   -14.09   22.46
 -80550.780    65.176    -6.24   23.30
 -80180.545    69.334    11.23   23.46
 -79810.247    78.514    24.79   19.68
 -79439.886    87.678    24.74    5.93
 -79069.460    88.451     2.09    2.65
 -78698.970    87.032    -3.83    3.70
 -78328.417    84.188    -7.67    4.50
 -77957.800    82.437    -4.72    4.22
 -77587.119    80.928    -4.07    2.68
 -77216.373    80.956     0.08    2.34
 -76845.564    82.226     3.42    2.27
 -76474.691    82.564     0.91    2.00
 -76103.753    82.988     1.14    2.33
 -75732.752    83.076     0.24    2.34
 -75361.686    82.588    -1.32    2.58
 -74990.556    82.763     0.47    2.69
 -74619.362    83.113     0.94    3.18
 -74248.104    84.269     3.11    3.77
 -73876.781    85.826     4.19    4.14
 -73505.394    86.868     2.80    4.37
 -73133.943    88.390     4.10    3.76
 -72762.428    89.413     2.75    3.39
 -72390.847    90.326     2.46    2.94
 -72019.203    89.987    -0.91    2.73
 -71647.494    87.626    -6.35    4.70
 -71275.720    86.126    -4.03    5.30
 -70903.882    84.983    -3.07    4.51
 -70531.979    84.539    -1.19    4.69
 -70160.012    83.051    -4.00    7.41
 -69787.980    81.090    -5.27    8.94
 -69415.883    78.763    -6.25    8.28
 -69043.722    78.399    -0.98    6.58
 -68671.496    78.755     0.96    5.03
 -68299.205    79.336     1.56    5.37
 -67926.849    78.238    -2.95    5.72
 -67554.428    75.808    -6.53    5.33
 -67181.943    76.201     1.05    5.69
 -66809.392    77.614     3.79    6.16
 -66436.777    78.763     3.08    5.66
 -66064.096    77.654    -2.98    5.37
 -65691.351    75.638    -5.41    5.00
 -65318.540    74.141    -4.02    4.31
 -64945.665    73.697    -1.19    3.40
 -64572.724    73.141    -1.49    4.26
 -64199.718    69.050   -10.97    7.62
 -63826.647    65.708    -8.96    7.50
 -63453.510    62.213    -9.36    6.13
 -63080.309    60.565    -4.42    5.97
 -62707.042    61.136     1.53    7.80
 -62333.709    62.381     3.34   10.11
 -61960.312    63.953     4.21   10.24
 -61586.849    66.289     6.26    9.72
 -61213.320    70.304    10.75    8.37
 -60839.726    71.855     4.15    6.33
 -60466.067    74.612     7.38    7.89
 -60092.341    80.644    16.14   11.83
 -59718.551    86.551    15.80   12.32
 -59344.694    91.433    13.06    9.45
 -58970.772    91.872     1.17    7.31
 -58596.785    88.065   -10.18    7.04
 -58222.731    84.001   -10.86    5.88
 -57848.612    84.864     2.30    8.87
 -57474.427    91.801    18.54   16.59
 -57100.177   100.665    23.68   18.12
 -56725.860   108.333    20.48   15.32
 -56351.477   115.121    18.13    9.45
 -55977.029   117.983     7.64    6.93
 -55602.515   120.244     6.04    4.89
 -55227.934   121.180     2.50    3.98
 -54853.288   121.288     0.29    3.49
 -54478.575   117.835    -9.22    7.31
 -54103.796   111.863   -15.93   10.28
 -53728.952   106.614   -14.00    9.86
 -53354.041   102.244   -11.66    6.94
 -52979.064   103.810     4.18    6.69
 -52604.020   108.477    12.44    8.58
 -52228.910   113.007    12.08    8.18
 -51853.734   114.588     4.21    6.68
 -51478.492   112.949    -4.37    7.72
 -51103.183   105.538   -19.74   11.51
 -50727.808    97.184   -22.25   13.10
 -50352.366    87.684   -25.30   13.55
 -49976.858    78.918   -23.34   10.66
 -49601.284    72.813   -16.25    6.79
 -49225.642    69.786    -8.06    3.13
 -48849.934    70.156     0.98    2.80
 -48474.160    71.305     3.06    3.23
 -48098.319    72.328     2.72    2.99
 -47722.411    73.605     3.40    3.60
 -47346.436    70.007    -9.57    9.54
 -46970.395    66.855    -8.38   11.87
 -46594.287    63.249    -9.59   11.66
 -46218.112    62.070    -3.13    9.59
 -45841.870    63.686     4.30    8.96
 -45465.561    67.052     8.94    8.30
 -45089.185    70.180     8.31    6.80
 -44712.742    71.855     4.45    7.23
 -44336.232    70.843    -2.69    7.29
 -43959.655    68.701    -5.69    5.87
 -43583.011    66.513    -5.81    3.94
 -43206.300    64.501    -5.34    2.89
 -42829.522    63.464    -2.75    2.66
 -42452.676    63.050    -1.10    2.78
 -42075.763    63.788     1.96    3.23
 -41698.783    66.113     6.17    3.82
 -41321.736    68.751     6.99    4.02
 -40944.621    71.225     6.56    2.87
 -40567.439    71.872     1.72    2.32
 -40190.189    70.209    -4.41    4.12
 -39812.872    65.434   -12.65    8.83
 -39435.488    58.131   -19.35   15.05
 -39058.036    50.266   -20.84   17.92
 -38680.516    43.867   -16.95   22.29
 -38302.929    37.088   -17.95   25.82
 -37925.274    27.488   -25.42   23.85
 -37547.551    17.338   -26.87   17.10
 -37169.761    10.574   -17.90    9.61
 -36791.903     6.797    -9.99    5.79
 -36413.977     4.205    -6.86    2.54
 -36035.983     3.201    -2.66    1.68
 -35657.922     2.413    -2.08    1.26
 -35279.792     2.026    -1.02    1.54
 -34901.595     1.994    -0.08    1.57
 -34523.329     2.353     0.95    0.88
 -34144.996     2.552     0.53    0.16
 -33766.595     2.526    -0.07    0.00
 -33388.125     2.526     0.00    0.00
 -33009.587     2.526     0.00    0.00
 -32630.982     2.526     0.00    0.00
 -32252.308     3.001     1.25    2.49
 -31873.565     4.071     2.83    4.52
 -31494.755     4.172     0.27    4.49
 -31115.876     3.830    -0.90    4.29
 -30736.929     3.075    -1.99    2.45
 -30357.913     2.526    -1.45    0.00
 -29978.829     2.526     0.00    0.00
 -29599.677     2.526     0.00    0.00
 -29220.456     2.526     0.00    0.00
 -28841.167     2.526     0.00    0.00
 -28461.809     2.526     0.00    0.00
 -28082.382     3.081     1.46    3.38
 -27702.887     8.019    13.01   15.56
 -27323.323    26.478    48.63   45.48
 -26943.690    54.105    72.77   64.92
 -26563.989    89.776    93.94   68.59
 -26184.219   120.090    79.82   56.37
 -25804.380   145.782    67.64   25.41
 -25424.472   149.703    10.32   14.03
 -25044.495   145.958    -9.86   13.63
 -24668.282   140.026   -15.77   12.75
 -24301.453   133.719   -17.19    9.54
 -23934.559   126.288   -20.25    9.72
 -23567.602   121.538   -12.95   11.06
 -23200.581   118.563    -8.11   11.53
 -22833.497   113.738   -13.14   13.78
 -22466.348   106.213   -20.50   18.38
 -22099.136    99.297   -18.83   26.89
 -21731.860    90.175   -24.84   36.20
 -21364.520    78.123   -32.81   45.77
 -20997.117    66.802   -30.81   52.44
 -20629.649    49.686   -46.58   53.02
 -20262.117    27.980   -59.06   36.88
 -19894.522    13.995   -38.05   16.23
 -19526.862     8.269   -15.57    6.83
 -19159.138     6.131    -5.82    5.70
 -18791.350     4.069    -5.61    3.34
 -18423.498     3.208    -2.34    1.80
 -18055.582     3.576     1.00    2.38
 -17687.602     3.921     0.94    2.50
 -17319.557     4.094     0.47    2.80
 -16951.448     4.489     1.07    3.26
 -16583.275     5.760     3.45    5.15
 -16215.037     7.904     5.82    6.40
 -15846.736     8.351     1.21    6.01
 -15478.369     8.038    -0.85    5.16
 -15109.938     7.282    -2.05    4.61
 -14741.443     6.612    -1.82    4.43
 -14372.883     6.038    -1.56    4.30
 -14004.259     8.038     5.43    5.96
 -13635.570    11.625     9.73    9.62
 -13266.816    13.526     5.16   12.75
 -12897.998    13.740     0.58   14.27
 -12529.115    16.589     7.72   15.91
 -12160.168    20.649    11.00   16.54
 -11791.156    26.001    14.50   14.70
 -11422.078    30.538    12.29   12.26
 -11052.936    29.032    -4.08   14.14
 -10683.730    27.928    -2.99   15.14
 -10314.458    27.539    -1.05   16.16
  -9945.121    25.291    -6.09   16.87
  -9575.720    25.026    -0.72   17.01
  -9206.253    23.514    -4.09   17.54
  -8836.722    24.684     3.17   17.51
  -8467.125    23.428    -3.40   17.60
  -8097.463    22.331    -2.97   17.83
  -7727.736    22.454     0.33   17.52
  -7357.944    22.052    -1.09   17.20
  -6988.087    22.699     1.75   17.48
  -6618.165    23.901     3.25   17.30
  -6248.177    21.926    -5.34   17.60
  -5878.124    19.970    -5.28   17.67
  -5508.005    16.168   -10.27   17.41
  -5137.822    13.463    -7.31   16.58
  -4767.572    10.369    -8.36   15.68
  -4397.258     9.184    -3.20   15.71
  -4026.878     6.233    -7.97   14.37
  -3656.432     3.276    -7.98   12.06
  -3285.921     0.136    -8.48    8.23
  -2915.344    -1.955    -5.64    3.40
  -2544.702    -2.474    -1.40    0.00
  -2173.994    -2.474     0.00    0.00
  -1803.220    -2.474     0.00    0.00
  -1432.381    -2.252     0.60    1.44
  -1061.476    -1.742     1.37    2.70
   -690.505    -0.807     2.52    4.35
   -319.468    -0.899    -0.25    5.00
     51.635    -1.240    -0.92    4.85
    422.803    -1.706    -1.26    4.00
    794.038    -2.474    -2.07    0.00
   1165.338    -2.474     0.00    0.00
   1536.705    -2.425     0.13    0.31
   1908.137    -2.364     0.16    0.80
   2279.636    -0.474     5.09    5.93
   2651.201     4.050    12.18   11.05
   3022.831     9.946    15.86   13.26
   3394.528    16.859    18.60   12.02
   3766.292    23.367    17.51    5.96
   4138.121    25.233     5.02    1.19
   4510.017    25.355     0.33    1.18
   4881.979    25.501     0.39    1.12
   5254.007    25.343    -0.43    1.52
   5626.102    23.415    -5.18    4.36
   5998.263    20.343    -8.25    6.29
   6370.491    16.439   -10.49    6.33
   6742.785    13.416    -8.12    4.92
   7115.146    10.843    -6.91    2.14
   7487.574    10.550    -0.79    1.47
   7860.067    11.087     1.44    1.51
   8232.628    11.319     0.62    1.43
   8605.255     9.282    -5.47    5.95
   8977.949     6.880    -6.45    7.85
   9350.710     4.501    -6.38    8.07
   9723.538     2.688    -4.86    7.72
  10096.432     0.526    -5.80    7.13
  10469.393    -0.755    -3.43    6.27
  10842.421    -0.145     1.63    6.35
  11215.516     0.143     0.77    6.00
  11588.678    -0.230    -1.00    5.44
  11961.907    -0.242    -0.03    5.21
  12335.203     0.209     1.21    6.60
  12708.566     2.230     5.41    7.54
  13081.997     5.279     8.17    6.64
  13455.494     7.464     5.85    5.22
  13829.059     8.032     1.52    3.90
  14202.690     7.118    -2.44    4.80
  14576.389     7.217     0.26    6.91
  14950.156     7.770     1.48    8.96
  15323.989     8.851     2.89   10.68
  15697.890    11.588     7.32   11.28
  16071.859    15.328    10.00    9.56
  16445.895    15.748     1.12    8.49
  16819.998    14.562    -3.17    9.53
  17194.169    12.703    -4.97   10.73
  17568.407     9.562    -8.39   11.58
  17942.713     7.757    -4.82   11.49
  18317.087     5.936    -4.86   11.22
  18691.528     5.577    -0.96   10.78
  19066.037     6.478     2.41   11.24
  19440.614     7.475     2.66   11.40
  19815.258     3.660   -10.18   11.76
  20189.971     0.552    -8.30   10.83
  20564.751     0.232    -0.85   12.39
  20939.599     3.398     8.45   14.64
  21314.515     7.014     9.65   15.31
  21689.499    10.448     9.16   14.13
  22064.551    13.985     9.43   11.59
  22439.670    17.372     9.03    7.12
  22814.858    20.345     7.92    4.25
  23190.115    21.923     4.21    3.90
  23565.439    21.914    -0.02    3.05
  23940.831    21.197    -1.91    3.07
  24316.292    19.855    -3.57    2.69
  24691.821    18.713    -3.04    1.93
  25067.418    18.933     0.58    2.03
  25443.083    18.896    -0.10    1.88
  25818.817    18.785    -0.30    2.01
  26194.619    18.526    -0.69    2.10
  26570.490    18.225    -0.80    1.95
  26946.429    18.217    -0.02    2.63
  27322.437    21.056     7.55    6.96
  27698.513    23.404     6.24    7.02
  28074.658    24.648     3.31    6.21
  28450.871    25.562     2.43    4.66
  28827.153    25.062    -1.33    3.56
  29203.504    23.026    -5.41    4.04
  29579.923    21.909    -2.97    3.98
  29956.412    21.996     0.23    3.95
  30332.969    22.819     2.19    4.17
  30709.595    24.587     4.70    3.42
  31086.290    25.711     2.98    2.08
  31463.053    26.291     1.54    1.76
  31839.886    26.251    -0.11    1.76
  32216.788    26.404     0.41    1.77
  32593.758    26.731     0.87    1.66
  32970.798    26.738     0.02    1.54
  33347.907    26.513    -0.60    1.52
  33725.085    26.225    -0.76    1.67
  34102.333    26.654     1.14    2.00
  34479.649    26.585    -0.18    2.74
  34857.035    25.888    -1.85    3.40
  35234.490    24.612    -3.38    3.74
  35612.015    23.575    -2.75    2.99
  35989.608    23.491    -0.22    2.59
  36367.272    24.353     2.28    2.74
  36745.004    25.297     2.50    2.60
  37122.807    25.911     1.63    2.42
  37500.678    26.489     1.53    2.36
  37878.620    26.843     0.94    2.14
  38256.631    27.184     0.90    1.76
  38634.711    27.892     1.87    2.03
  39012.861    28.501     1.61    2.38
  39391.081    28.840     0.90    2.62
  39769.371    29.835     2.63    2.40
  40147.731    30.205     0.98    2.61
  40526.160    29.167    -2.74    4.27
  40904.659    26.467    -7.13    6.41
  41283.229    23.949    -6.65    6.92
  41661.868    21.443    -6.62    5.30
  42040.577    19.311    -5.63    2.07
  42419.356    18.979    -0.87    1.68
  42798.205    19.439     1.21    1.80
  43177.125    20.367     2.45    1.84
  43556.114    20.835     1.23    1.66
  43935.174    21.273     1.16    1.76
  44314.304    21.111    -0.43    1.83
  44693.504    20.538    -1.51    1.91
  45072.775    19.466    -2.83    1.95
  45452.116    18.776    -1.82    1.73
  45831.527    17.755    -2.69    1.50
  46211.009    17.399    -0.94    1.67
  46590.561    17.716     0.84    1.81
  46970.183    19.077     3.58    2.43
  47349.877    20.660     4.17    2.97
  47729.640    22.295     4.31    2.50
  48109.475    23.740     3.80    2.54
  48489.380    24.821     2.84    1.98
  48869.356    24.972     0.40    1.87
  49249.402    25.085     0.30    2.03
  49629.520    25.800     1.88    2.50
  50009.573    28.417     6.89   12.84
  50376.198    35.062    18.12   24.67
  50742.888    44.193    24.90   36.89
  51109.643    51.085    18.79   41.52
  51476.463    56.171    13.87   41.78
  51843.349    62.228    16.51   39.87
  52210.300    70.859    23.52   38.45
  52577.316    82.032    30.44   37.65
  52944.398    90.026    21.78   36.57
  53311.546   104.514    39.46   31.06
  53678.758   113.808    25.31   27.46
  54046.037   117.373     9.71   21.06
  54413.381   121.279    10.63   15.79
  54780.790   123.273     5.43   11.74
  55148.265   121.815    -3.97   11.05
  55515.806   115.276   -17.79   14.04
  55883.412   109.794   -14.91   11.62
  56251.085   106.966    -7.69    7.68
  56618.823   109.140     5.91    6.95
  56986.626   112.855    10.10    5.96
  57354.496   116.001     8.55    4.83
  57722.431   120.050    11.00    5.73
  58090.433   123.514     9.41    5.85
  58458.500   125.438     5.23    5.38
  58826.634   126.572     3.08    4.75
  59194.833   126.069    -1.37    5.28
  59563.098   122.758    -8.99    6.19
  59931.430   118.741   -10.91    5.20
  60299.828   116.502    -6.08    4.18
  60668.291   114.898    -4.36    2.92
  61036.821   115.791     2.42    3.36
  61405.418   116.500     1.92    3.57
  61774.080   117.491     2.69    3.46
  62142.809   118.475     2.67    2.89
  62511.604   118.752     0.75    1.85
  62880.466   117.741    -2.74    2.08
  63249.393   115.815    -5.22    3.72
  63618.388   113.479    -6.33    4.64
  63987.449   111.645    -4.97    4.40
  64356.576   112.026     1.03    4.92
  64725.770   114.097     5.61    5.32
  65095.031   116.926     7.66    4.55
  65464.358   118.803     5.08    2.86
  65833.752   119.683     2.38    2.63
  66203.212   119.936     0.68    2.75
  66572.739   119.181    -2.04    3.41
  66942.333   117.294    -5.10    3.54
  67311.994   115.707    -4.29    3.21
  67681.722   114.002    -4.61    3.24
  68051.517   113.621    -1.03    3.47
  68421.378   113.813     0.52    4.16
  68791.307   114.455     1.74    4.35
  69161.302   115.740     3.47    5.05
  69531.364   117.104     3.69    5.34
  69901.494   117.463     0.97    5.67
  70271.691   119.062     4.32    4.90
  70641.954   121.099     5.50    3.87
  71012.285   121.832     1.98    3.96
  71382.684   120.898    -2.52    5.19
  71753.149   119.357    -4.16    5.46
  72123.682   118.616    -2.00    4.38
  72494.282   119.408     2.14    3.95
  72864.949   121.398     5.37    4.47
  73235.684   125.026     9.79    5.14
  73606.486   128.372     9.02    4.95
  73977.356   132.491    11.11    4.85
  74348.293   136.817    11.66    4.69
  74719.298   139.740     7.88    3.95
  75090.370   140.931     3.21    3.38
  75461.510   140.255    -1.82    4.14
  75832.717   138.238    -5.43    5.18
  76203.993   134.636    -9.70    5.73
  76575.336   127.938   -18.04   12.38
  76946.746   117.319   -28.59   16.90
  77318.225   109.304   -21.58   14.21
  77689.771   109.160    -0.39   13.89
  78061.385   114.600    14.64   14.91
  78433.068   123.131    22.95   12.56
  78804.818   128.899    15.52    8.26
  79176.636   131.996     8.33    5.16
  79548.522   132.388     1.06    5.00
  79920.476   131.335    -2.83    6.42
  80292.498   127.165   -11.21    9.38
  80664.589   120.371   -18.26   11.01
  81036.747   116.251   -11.07   10.41
  81408.974   114.550    -4.57    8.03
  81781.269   113.420    -3.04    6.13
  82153.632   113.138    -0.76    6.00
  82526.064   110.872    -6.08    7.20
  82898.564   106.597   -11.48    6.32
  83271.133   103.297    -8.86    6.98
  83643.769    97.240   -16.25   11.06
  84016.475    90.160   -19.00   13.70
  84389.248    80.863   -24.94   12.70
  84762.091    72.928   -21.28    9.98
  85135.002    65.755   -19.24    8.19
  85507.981    60.731   -13.47    7.00
  85881.030    57.208    -9.44    6.72
  86254.147    55.402    -4.84    7.52
  86627.332    53.432    -5.28    9.24
  87000.587    51.702    -4.63   10.29
  87373.910    48.335    -9.02    8.90
  87747.302    46.237    -5.62    6.93
  88120.763    44.800    -3.85    6.87
  88494.293    45.161     0.97    9.06
  88867.892    42.855    -6.17   10.90
  89241.560    38.390   -11.95   10.13
  89615.297    31.657   -18.02    9.55
  89989.103    26.610   -13.50    8.23
  90362.978    22.114   -12.03    5.34
  90736.922    19.965    -5.75    3.36
  91110.936    18.294    -4.47    2.17
  91485.019    18.221    -0.20    2.22
  91859.171    17.619    -1.61    2.36
  92233.392    16.972    -1.73    1.91
  92607.683    17.038     0.18    1.69
  92982.043    17.205     0.45    1.53
  93356.472    17.305     0.27    1.28
  93730.971    17.561     0.68    1.05
  94105.540    17.863     0.81    1.28
  94480.178    18.087     0.60    1.23
  94854.885    18.050    -0.10    1.30
  95229.663    17.599    -1.20    1.39
  95604.509    17.667     0.18    1.39
  95979.426    17.451    -0.58    1.27
  96354.412    18.152     1.87    1.61
  96729.468    18.526     1.00    1.71
  97104.594    19.107     1.55    1.77
  97479.790    19.121     0.04    1.90
  97855.056    18.907    -0.57    1.76
  98230.391    18.563    -0.92    1.77
  98605.797    18.432    -0.35    1.40
  98981.272    19.551     2.98    2.49
  99356.818    21.410     4.95    3.43
  99732.434    22.436     2.73    3.16
 100108.119    21.114    -3.52    4.73
 100483.875    20.576    -1.43    5.24
 100859.701    20.921     0.92    5.54
 101235.598    22.804     5.01    6.28
 101611.565    26.466     9.74    4.44
 101987.602    28.094     4.33    2.79
 102363.709    26.917    -3.13    4.88
 102739.887    23.794    -8.30    6.78
 103116.135    22.815    -2.60    6.36
 103492.454    22.909     0.25    6.41
 103868.843    23.921     2.69    5.64
 104245.303    25.267     3.58    3.92
 104621.833    24.740    -1.40    4.80
 104998.434    22.658    -5.53    4.71
 105375.106    22.276    -1.02    4.98
 105751.848    14.808   -19.82   16.11
 106128.661     9.835   -13.20   17.32
 106505.545     7.634    -5.84   17.52
 106882.500     8.008     0.99   15.74
 107259.526    13.026    13.31   10.40
 107636.622    15.008     5.26    2.41
 108013.790     5.585   -24.99   16.52
 108391.028    -3.227   -23.36   19.94
 108768.338   -14.218   -29.13   18.59
 109145.719   -23.659   -25.02    9.51
 109523.170   -21.974     4.47   11.46
 109900.693   -17.733    11.23   15.32
 110278.287   -14.811     7.74   16.45
 110655.953   -15.112    -0.80   15.99
 111033.689   -19.776   -12.35   13.17
 111411.497   -23.740   -10.49    8.63
 111789.377   -26.439    -7.14    0.32
 112167.327   -26.474    -0.09    0.00
 112545.350   -18.021    22.36   15.41
 112923.443    -6.874    29.48   19.45
 113301.608     4.502    30.09   16.01
 113679.845     6.123     4.29   15.55
 114058.153    -2.807   -23.61   19.75
 114436.533   -13.510   -28.29   18.61
 114814.985   -22.533   -23.84   10.38
 115193.508   -18.486    10.69   16.53
 115572.103    -6.534    31.57   23.22
 115950.770     6.174    33.56   22.42
 116329.509    16.514    27.30   14.34
 116708.319    22.193    14.99    4.10
 117087.202    21.855    -0.89    2.84
 117466.156    21.907     0.14    2.82
 117845.183    22.014     0.28    3.29
 118224.282    24.067     5.42    4.61
 118603.452    26.550     6.55    5.36
 118982.695    32.549    15.82    8.49
 119362.010    40.663    21.39    9.10
 119741.397    46.990    16.68    8.08
 120120.856    52.944    15.69    4.84
 120500.388    55.584     6.96    3.82
 120879.992    57.294     4.51    3.32
 121259.669    58.288     2.62    2.68
 121639.417    58.099    -0.50    2.57
 122019.239    57.632    -1.23    2.69
 122399.132    57.224    -1.07    2.65
 122779.099    57.954     1.92    2.88
 123159.138    59.014     2.79    2.90
 123539.249    59.038     0.06    2.96
 123919.433    58.455    -1.53    3.58
 124299.690    58.111    -0.90    3.86
 124680.020    58.621     1.34    3.97
 125050.315    59.610     2.67    3.97
 125416.800    60.747     3.10    3.92
 125783.352    61.026     0.76    4.39
 126149.970    60.756    -0.74    3.96
 126516.656    60.835     0.22    2.90
 126883.408    61.104     0.73    2.39
 127250.228    61.468     0.99    2.54
 127617.114    62.648     3.22    3.44
 127984.068    63.043     1.08    4.52
 128351.088    64.261     3.32    5.55
 128718.176    67.991    10.16    8.66
 129085.331    74.551    17.87   11.05
 129452.554    82.756    22.35   11.15
 129819.843    90.674    21.56    8.42
 130187.200    96.991    17.20    6.99
 130554.624   101.872    13.28    6.11
 130922.115   106.431    12.41    5.93
 131289.674   110.810    11.92    5.77
 131657.301   114.996    11.39    5.01
 132024.994   117.468     6.72    3.98
 132392.756   119.574     5.73    3.41
 132760.584   120.658     2.95    4.18
 133128.481   122.714     5.59    4.91
 133496.445   125.314     7.07    4.41
 133864.477   128.205     7.86    3.63
 134232.576   130.585     6.47    3.84
 134600.743   132.610     5.50    3.56
 134968.978   134.526     5.20    3.46
 135337.281   137.032     6.81    5.15
 135705.652   142.208    14.05    9.08
 136074.090   148.351    16.67   10.87
 136442.596   154.235    15.97   10.12
 136811.171   160.638    17.37    8.90
 137179.813   165.875    14.21    8.22
 137548.524   169.634    10.20    6.86
 137917.302   174.264    12.56    5.56
 138286.149   177.875     9.79    5.25
 138655.064   182.940    13.73    6.45
 139024.046   187.585    12.59    5.72
 139393.098   190.973     9.18    5.14
 139762.217   193.972     8.12    4.86
 140131.405   196.371     6.50    7.05
 140500.661   195.779    -1.60   10.57
 140869.985   190.417   -14.52   14.77
 141239.378   183.526   -18.66   14.78
 141608.839   175.212   -22.51    9.23
 141978.369   171.832    -9.15    5.89
 142347.968   171.587    -0.66    4.19
 142717.635   174.514     7.92    6.37
 143087.370   179.205    12.69    7.63
 143457.174   185.363    16.65    8.34
 143827.047   191.427    16.40    6.92
 144196.989   196.055    12.51    5.39
 144566.999   199.551     9.45    3.41
 144937.078   201.200     4.46    3.16
 145307.226   203.026     4.93    3.39
 145677.443   205.691     7.20    3.86
 146047.729   209.081     9.16    6.22
 146418.083   213.503    11.94    7.47
 146788.507   218.402    13.23    7.84
 147159.000   224.689    16.97    8.88
 147529.561   231.062    17.20    8.67
 147900.192   236.905    15.77    7.31
 148270.892   239.258     6.35    5.46
 148641.661   238.433    -2.22    5.09
 149012.500   235.779    -7.16    5.64
 149383.407   232.938    -7.66    5.26
 149754.384   226.991   -16.03    9.70
 150125.431   216.835   -27.37   16.67
 150496.546   207.704   -24.61   18.65
 150867.732   198.901   -23.72   16.39
 151238.986   195.324    -9.64   17.79
 151610.310   200.062    12.76   21.16
 151981.704   202.196     5.75   23.24
 152353.167   205.652     9.30   24.19
 152724.700   208.466     7.58   23.59
 153096.302   210.317     4.98   21.47
 153467.974   210.351     0.09   19.01
 153839.716   207.087    -8.78   18.56
 154211.527   200.996   -16.38   18.31
 154583.409   196.008   -13.42   17.84
 154955.360   194.135    -5.04   17.60
 155327.381   197.220     8.29   20.56
 155699.472   202.455    14.07   23.39
 156071.633   212.851    27.94   28.11
 156443.864   227.607    39.65   41.53
 156816.165   247.960    54.67   54.14
 157188.536   261.124    35.36   52.77
 157560.977   256.164   -13.32   50.38
 157933.489   233.317   -61.34   52.57
 158306.070   219.489   -37.12   46.76
 158678.722   213.675   -15.60   34.25
 159051.444   224.489    29.02   39.00
 159424.237   244.340    53.26   41.65
 159797.099   250.773    17.26   40.45
 160170.032   247.365    -9.14   33.94
 160543.036   255.551    21.95   30.97
 160916.110   268.882    35.74   29.54
 161289.255   281.328    33.36   27.40
 161662.470   283.642     6.20   33.10
 162035.755   270.538   -35.11   41.94
 162409.112   248.026   -60.31   43.26
 162782.539   229.926   -48.48   41.53
 163156.037   205.730   -64.79   41.75
 163529.605   182.301   -62.73   41.63
 163903.244   162.691   -52.49   33.86
 164276.955   147.938   -39.48   29.57
 164650.736   136.549   -30.47   26.05
 165024.587   128.088   -22.63   20.93
 165398.510   118.196   -26.46   11.76
 165772.504   115.101    -8.28    6.10
 166146.569   114.131    -2.59    4.67
 166520.705   114.688     1.49    3.56
 166894.912   116.700     5.38    4.66
 167269.190   121.801    13.63    8.03
 167643.540   128.951    19.10   13.19
 168017.961   137.026    21.57   17.38
