# NaN NaN NaN ;Mean Elev.(m), Avg Gradient(m/km), RMS Gradient(m/km) - SRTM1     
#   15.840  -0.624   4.054 ;Mean Elev.(m), Avg Gradient(m/km), RMS Gradient(m/km) - ASTER GDEM
#   23.674  -0.256   6.263 ;Mean Elev.(m), Avg Gradient(m/km), RMS Gradient(m/km) - GMTED2010 
  8    34.702 52499.51644544 28.28 123.505564  66.980565 31.644
  8    28.162 52499.51644609 32.65 123.502124  66.983635 31.644
  8    28.118 52499.51644673 31.33 123.498684  66.986705 31.644
  8    28.278 52499.51644738 28.78 123.495254  66.989775 31.644
 11    35.217 52604.51644413 13.90 123.506226  66.978359  2.301
 11    35.000 52604.51644478 14.91 123.502786  66.981429  2.301
 11    34.922 52604.51644542 14.35 123.499346  66.984499  2.301
 11    34.650 52604.51644607 14.18 123.495916  66.987559  2.301
 13    34.858 52674.51642110  9.92 123.507502  66.976976  2.447
 13    34.996 52674.51642175 10.15 123.504062  66.980036  2.447
 13    34.867 52674.51642239 10.36 123.500627  66.983106  2.673
 13    34.740 52674.51642303 10.51 123.497187  66.986176  2.673
 19    29.041 52884.51657328 52.27 123.501210  66.973979 33.732
 19    29.140 52884.51657522 42.85 123.490900  66.983179 33.732
 20    34.981 52919.51653117 21.66 123.503456  66.983499 13.652
 20    34.953 52919.51653182 19.36 123.500016  66.986569 13.652
 20    34.751 52919.51653246 17.59 123.496576  66.989639 13.652
 22    34.978 52989.51650329 12.64 123.504986  66.978705  2.402
 22    34.745 52989.51650393 12.36 123.501546  66.981775  2.402
 22    34.764 52989.51650458 12.62 123.498106  66.984845  2.402
 22    34.409 52989.51650522 13.28 123.494666  66.987915  2.402
 23    35.054 53024.51648610  9.75 123.504482  66.987489  2.066
 23    34.568 53024.51648675  9.98 123.501052  66.990557  2.929
 24    34.476 53059.51648157  8.78 123.506416  66.976161  2.464
 24    34.685 53059.51648221  8.82 123.502989  66.979229  2.326
 24    34.558 53059.51648286  8.84 123.499549  66.982299  2.326
 24    34.563 53059.51648350  8.82 123.496109  66.985369  2.326
 25    34.827 53094.51651966  8.16 123.505354  66.977399  2.344
 25    34.747 53094.51652030  8.02 123.501919  66.980462  2.127
 25    34.782 53094.51652095  8.01 123.498489  66.983532  2.127
 25    34.533 53094.51652159  8.18 123.495049  66.986602  2.127
 26    32.780 53129.51649106  4.88 123.501253  66.973564  2.649
 26    33.742 53129.51649300  5.33 123.490946  66.982771  2.443
 28    32.525 53199.51656094 53.42 123.503122  66.973386 29.850
 28    32.392 53199.51656288 52.42 123.492812  66.982596 29.850
 29    31.078 53234.51653367 54.37 123.502469  66.988873 29.771
 29    31.053 53234.51653431 53.85 123.499039  66.991933 29.771
 32    34.961 53339.51652666 12.01 123.507346  66.975718  2.350
 32    34.783 53339.51652731 12.01 123.503906  66.978788  2.350
 32    34.642 53339.51652795 12.25 123.500466  66.981858  2.350
 32    34.509 53339.51652860 11.70 123.497036  66.984928  2.350
 33    35.405 53374.51646069 10.11 123.505850  66.989532  1.992
 33    35.043 53374.51646134 10.09 123.502410  66.992602  1.992
 34    33.211 53409.51650034  9.24 123.503221  66.973523  2.031
 34    33.939 53409.51650228  9.19 123.492901  66.982733  2.031
 35    35.613 53444.51648658  8.16 123.504462  66.989968  1.930
 35    35.359 53444.51648723  8.19 123.501022  66.993038  1.930
 37    38.335 53514.51657039 51.85 123.503588  66.974783 45.403
 37    38.279 53514.51657168 50.99 123.496718  66.980923 45.403
 37    38.166 53514.51657233 50.03 123.493278  66.983993 45.403
 38    32.575 53549.51658883 53.39 123.504843  66.972638 38.484
 38    32.663 53549.51658947 49.99 123.501403  66.975708 38.484
 38    32.668 53549.51659076 51.07 123.494533  66.981848 38.484
 38    32.633 53549.51659141 50.69 123.491093  66.984918 38.484
 39    35.154 53584.51655207 29.44 123.507911  66.977607 28.956
 39    35.157 53584.51655271 23.45 123.504471  66.980677 28.956
 39    34.676 53584.51655336 19.85 123.501031  66.983747 28.956
 39    33.050 53584.51655400 20.61 123.497601  66.986817 28.956
 40    35.805 53619.51651083 16.34 123.504678  66.988010 23.683
 40    35.422 53619.51651148 16.87 123.501248  66.991080 23.683
 42    32.436 53689.51652928 13.59 123.505344  66.973137  2.578
 42    31.343 53689.51652993 13.70 123.501914  66.976207  2.578
 42    33.816 53689.51653122 14.08 123.495034  66.982347  2.578
 42    31.462 53689.51653186 15.13 123.491604  66.985417  2.578
 43    34.903 53724.51645703 12.70 123.504867  66.991332  2.110
 43    34.919 53724.51645767 12.80 123.501437  66.994402  2.110
 45    35.024 53794.51641728  9.36 123.503983  66.984350  1.998
 45    33.989 53794.51641792  9.44 123.500543  66.987420  1.998
 45    34.628 53794.51641856  9.52 123.497103  66.990480  1.998
 48    36.159 53899.51649619 52.95 123.502513  66.972917 38.341
 48    36.247 53899.51649812 51.20 123.492203  66.982127 38.341
 49    30.626 53934.51654138 28.62 123.488408  66.979654 15.016
 49    30.902 53934.51654203 26.06 123.484978  66.982724 15.016
 50    36.397 53969.51650996 20.09 123.505318  66.974256 17.288
 50    35.368 53969.51651060 21.91 123.501888  66.977326 17.288
 50    34.674 53969.51651124 21.56 123.498448  66.980396 17.288
 50    29.282 53969.51651189 24.39 123.495008  66.983456 17.288
 52    34.163 54039.51651602 18.36 123.502228  66.972855  3.704
 52    34.088 54039.51651795 18.63 123.491918  66.982055  3.704
 53    30.994 54074.51651117 15.79 123.505608  66.977442  2.748
 53    34.557 54074.51651182 15.60 123.502168  66.980512  2.748
 53    34.546 54074.51651246 15.95 123.498728  66.983572  2.748
 53    34.366 54074.51651311 16.39 123.495288  66.986642  2.748
 54    35.433 54109.51645840 12.45 123.505459  66.989297  2.114
 54    35.339 54109.51645904 12.69 123.502019  66.992367  2.114
 55    30.555 54144.51645023 11.53 123.489395  66.980191  2.207
 55    33.063 54144.51645087 11.44 123.485955  66.983261  2.207
 56    35.186 54179.51644264  9.85 123.503851  66.986019  1.928
 56    35.228 54179.51644328  9.96 123.500411  66.989079  1.928
 58    38.375 54249.51648370 39.00 123.504099  66.970779 32.017
 58    38.030 54249.51648627 33.14 123.490349  66.983049 32.017
 59    35.409 54284.51649227 23.89 123.504288  66.976926 26.509
 59    35.623 54284.51649291 20.41 123.500858  66.979996 26.509
 59    32.922 54284.51649356 22.01 123.497418  66.983056 26.509
 59    34.285 54284.51649420 21.30 123.493978  66.986126 26.509
 60    32.117 54319.51648942 52.84 123.505930  66.975958 27.624
 60    31.949 54319.51649007 52.80 123.502500  66.979028 27.624
 60    31.934 54319.51649071 52.44 123.499060  66.982098 27.624
 60    31.909 54319.51649136 51.66 123.495620  66.985168 27.624
 61    29.685 54354.51645456 36.55 123.503714  66.986618 28.629
 61    29.747 54354.51645521 25.71 123.500274  66.989688 28.629
 62    28.632 54389.51642915 37.56 123.505446  66.972923 16.030
 62    28.598 54389.51642979 35.03 123.502006  66.975993 16.030
 62    28.514 54389.51643108 30.78 123.495136  66.982123 16.030
 62    28.598 54389.51643173 33.77 123.491696  66.985193 16.030
 63    35.112 54424.51640264 11.20 123.507424  66.977516  2.143
 63    35.012 54424.51640328 11.22 123.503984  66.980586  2.143
 63    34.798 54424.51640393 11.16 123.500554  66.983656  2.143
 63    34.620 54424.51640457 11.67 123.497114  66.986726  2.143
 65    35.119 54494.51640760  8.02 123.508276  66.978112  1.938
 65    34.807 54494.51640824  8.02 123.504836  66.981182  1.938
 65    34.900 54494.51640889  8.35 123.501406  66.984252  1.938
 65    34.924 54494.51640953  8.22 123.497966  66.987312  1.938
 66    33.217 54529.51641761  6.83 123.501988  66.972990  2.057
 66    34.053 54529.51641955  6.73 123.491678  66.982200  2.057
 67    35.668 54564.51641611  7.49 123.503972  66.986523  1.896
 67    35.543 54564.51641676  7.42 123.500542  66.989593  1.896
 68    36.154 54599.51641363 25.36 123.502021  66.974944 24.298
 68    28.419 54599.51641492 34.73 123.495151  66.981084 24.298
 68    28.208 54599.51641557 30.40 123.491711  66.984154 24.298
 69    34.960 54634.51642579 49.37 123.503623  66.973683 33.243
 69    34.573 54634.51642772 35.25 123.493313  66.982883 33.243
 70    30.503 54669.51643065 48.36 123.505470  66.974805 31.766
 70    30.362 54669.51643130 50.26 123.502030  66.977865 31.766
 70    30.433 54669.51643194 46.66 123.498590  66.980935 31.766
 70    30.218 54669.51643259 45.02 123.495160  66.984005 31.766
 71    35.316 54704.51639626 16.88 123.501963  66.986337 22.905
 71    33.877 54704.51639691 17.36 123.498523  66.989407 22.905
 73    34.505 54774.51637552 14.97 123.508512  66.977792  4.033
 73    34.705 54774.51637616 15.04 123.505072  66.980862  4.033
 73    34.716 54774.51637681 15.52 123.501642  66.983922  4.033
 73    34.411 54774.51637745 15.85 123.498202  66.986992  4.033
 75    34.450 54844.51637419  9.62 123.506461  66.978064  2.528
 75    34.865 54844.51637483 10.16 123.503021  66.981134  2.528
 75    34.770 54844.51637548 10.44 123.499591  66.984204  2.528
 75    34.598 54844.51637612 10.77 123.496151  66.987274  2.528
 76    33.654 54879.51639141  9.30 123.491473  66.980977  2.688
 76    33.527 54879.51639206  9.88 123.488033  66.984047  2.688
 77    34.838 54914.51637905  8.54 123.504330  66.983455  2.119
 77    34.932 54914.51637969  8.29 123.500900  66.986525  2.119
 77    34.866 54914.51638034  8.41 123.497460  66.989595  2.119
 79    35.797 54984.51640740 37.42 123.501922  66.973406 30.506
 79    35.520 54984.51640934 26.61 123.491612  66.982616 30.506
 80    36.525 55019.51640305 24.52 123.506775  66.974475 20.108
 80    36.058 55019.51640369 19.71 123.503335  66.977545 20.108
 80    35.745 55019.51640434 17.38 123.499905  66.980615 20.108
 80    35.423 55019.51640498 17.44 123.496465  66.983675 20.108
 80    33.977 55019.51640563 21.24 123.493025  66.986745 20.108
 81    35.953 55054.51639976 24.32 123.507252  66.976370 17.675
 81    35.035 55054.51640041 24.60 123.503812  66.979430 17.675
 81    31.177 55054.51640105 25.11 123.500382  66.982500 17.675
 81    30.641 55054.51640170 23.66 123.496942  66.985570 17.675
 82    29.501 55089.51636188 52.55 123.502234  66.986400 34.158
 82    29.584 55089.51636252 52.37 123.498794  66.989470 34.158
 83    29.330 55124.51633658 53.07 123.501808  66.973599 29.580
 83    29.352 55124.51633852 44.95 123.491498  66.982799 29.580
 84    34.921 55159.51632142 19.66 123.505358  66.979106  3.397
 84    34.859 55159.51632207 19.48 123.501928  66.982176  3.397
 84    34.440 55159.51632271 19.79 123.498488  66.985236  3.397
 84    34.276 55159.51632336 19.88 123.495048  66.988306  3.397
 86    34.562 55229.51632490 13.98 123.501676  66.985254  2.225
 86    34.595 55229.51632554 13.62 123.498246  66.988324  2.225
 87    32.916 55264.51632185 11.84 123.504196  66.973219  2.160
 87    33.821 55264.51632378 12.53 123.493886  66.982419  2.160
 87    33.827 55264.51632442 12.96 123.490446  66.985489  2.160
 88    34.791 55299.51630791 11.08 123.503412  66.985946  2.250
 88    34.823 55299.51630856 11.15 123.499972  66.989016  2.250
 89    28.350 55334.51629978 41.92 123.505014  66.975859 26.415
 89    28.259 55334.51630042 35.82 123.501574  66.978919 26.415
 89    28.353 55334.51630107 39.91 123.498144  66.981989 26.415
 89    28.198 55334.51630171 42.66 123.494704  66.985059 26.415
 90    32.505 55369.51629096 49.46 123.505008  66.977361 25.885
 90    32.470 55369.51629160 43.89 123.501568  66.980431 25.885
 90    32.247 55369.51629225 30.93 123.498138  66.983491 25.885
 90    32.433 55369.51629289 30.36 123.494698  66.986561 25.885
 92    28.978 55439.51630945 37.57 123.507281  66.977752 30.551
 92    28.879 55439.51631010 43.12 123.503851  66.980822 30.551
 92    28.972 55439.51631074 50.49 123.500411  66.983892 30.551
 92    28.808 55439.51631139 48.35 123.496971  66.986962 30.551
 93    28.353 55474.51625704 32.92 123.504474  66.987295 13.839
 93    28.839 55474.51625769 39.51 123.501034  66.990365 13.839
