# NaN NaN NaN ;Mean Elev.(m), Avg Gradient(m/km), RMS Gradient(m/km) - SRTM1     
#    3.788  -0.518   7.580 ;Mean Elev.(m), Avg Gradient(m/km), RMS Gradient(m/km) - ASTER GDEM
#    1.200  -0.088   2.081 ;Mean Elev.(m), Avg Gradient(m/km), RMS Gradient(m/km) - GMTED2010 
  7     8.066 52456.48374141 19.80 127.348625  72.616243 17.874
  7     8.359 52456.48374205 27.87 127.342905  72.619123 17.874
 10     2.465 52561.48374234 44.94 127.343628  72.613326 26.975
 10     2.416 52561.48374298 48.24 127.337908  72.616206 26.975
 10     2.397 52561.48374363 49.87 127.332178  72.619086 26.975
 12     2.465 52631.48369390 18.13 127.343070  72.611626  3.657
 12     4.617 52631.48369454 18.33 127.337350  72.614506  3.657
 12     5.303 52631.48369519 18.90 127.331630  72.617376  3.657
 15     3.547 52736.48372756 11.76 127.353347  72.619755  2.272
 15     5.037 52736.48372821 12.26 127.347627  72.622635  2.272
 16     1.110 52771.48370229 30.55 127.360664  72.621330 16.170
 16     2.969 52771.48370293 27.31 127.354944  72.624210 16.170
 17     6.239 52806.48375065 30.16 127.333971  72.612676 25.858
 17     8.569 52806.48375130 28.29 127.328251  72.615556 25.858
 17     8.786 52806.48375194 35.18 127.322521  72.618426 25.858
 18     7.829 52841.48381022 24.97 127.339514  72.613696 19.437
 18     8.501 52841.48381086 25.89 127.333794  72.616566 19.437
 18     8.734 52841.48381151 33.45 127.328070  72.619446 20.886
 19     8.056 52876.48384915 24.13 127.341815  72.615158 18.148
 19     8.658 52876.48384979 26.14 127.336095  72.618028 18.148
 20     7.138 52911.48381176 26.65 127.362339  72.620668 11.038
 20     8.362 52911.48381241 20.77 127.356619  72.623538 11.038
 23     2.069 53016.48380096 16.02 127.353229  72.619598  3.031
 23     1.978 53016.48380161 15.86 127.347509  72.622478  3.031
 24     2.605 53051.48377751 15.33 127.342756  72.611715  2.852
 24     2.516 53051.48377815 15.31 127.337036  72.614595  2.852
 24     2.156 53051.48377880 15.77 127.331316  72.617465  2.852
 25     2.355 53086.48381471 14.54 127.352272  72.617128  2.870
 25     2.241 53086.48381535 13.51 127.346552  72.620008  2.870
 26     2.442 53121.48378443  9.65 127.341604  72.612661  2.161
 26     2.180 53121.48378507  9.84 127.335884  72.615531  2.161
 26     1.941 53121.48378572 10.21 127.330164  72.618411  2.161
 28     7.938 53191.48383167 22.24 127.352615  72.617229 18.723
 28     8.339 53191.48383231 29.18 127.346895  72.620109 18.723
 29     8.396 53226.48383594 23.09 127.352526  72.619377 17.371
 29     8.597 53226.48383659 31.98 127.346796  72.622257 17.371
 30     2.423 53261.48380954 25.95 127.359020  72.619317 15.288
 30     8.400 53261.48381019 29.94 127.353300  72.622197 15.288
 31     4.048 53296.48384267 36.26 127.335091  72.613218 13.172
 31     4.196 53296.48384331 34.22 127.329372  72.616092 11.633
 31     4.262 53296.48384396 31.55 127.323652  72.618972 11.633
 32     2.343 53331.48381533 24.04 127.347187  72.617485  4.098
 32     2.209 53331.48381597 24.72 127.341465  72.620361  3.702
 34     2.481 53401.48378845 19.95 127.345265  72.613564  3.383
 34     2.824 53401.48378910 20.21 127.339545  72.616434  3.383
 34     2.537 53401.48378974 19.27 127.333825  72.619316  3.289
 35     2.964 53436.48377875 19.66 127.356537  72.620475  3.983
 35     3.106 53436.48377939 19.57 127.350816  72.623356  3.567
 36     3.620 53471.48382797 17.10 127.342795  72.611562  3.296
 36     3.084 53471.48382862 18.56 127.337073  72.614437  3.476
 36     2.582 53471.48382926 17.59 127.331353  72.617317  3.476
 37     2.427 53506.48386191 23.94 127.348292  72.615415 12.659
 37     2.140 53506.48386256 23.62 127.342572  72.618295 12.659
 37     1.964 53506.48386320 23.40 127.336849  72.621173 16.592
 38     8.213 53541.48386699 22.18 127.345834  72.617157 24.476
 38     8.532 53541.48386763 33.18 127.340114  72.620037 24.476
 39     8.217 53576.48385647 22.02 127.354760  72.618293 13.355
 39     8.422 53576.48385711 29.67 127.349040  72.621173 13.355
 40     7.753 53611.48380850 28.43 127.359051  72.620744 14.558
 40     8.312 53611.48380915 26.67 127.353330  72.623620 20.434
 41     7.766 53646.48381199 18.44 127.339540  72.613111 19.981
 41     8.207 53646.48381263 22.83 127.333820  72.615981 19.981
 41     8.560 53646.48381328 27.42 127.328098  72.618859 16.518
 42     2.270 53681.48382850 20.26 127.348515  72.616672  4.088
 42     2.369 53681.48382914 19.19 127.342795  72.619552  4.088
 43     2.451 53716.48375633 17.44 127.360828  72.619932  3.095
 43     2.881 53716.48375698 17.25 127.355108  72.622812  3.095
 44     2.663 53751.48367425 16.32 127.339171  72.613647  3.223
 44     5.084 53751.48367490 15.87 127.333451  72.616527  3.223
 44     6.045 53751.48367554 15.08 127.327728  72.619402  2.945
 45     2.684 53786.48370505 16.54 127.352740  72.619384  3.242
 45     4.753 53786.48370569 16.00 127.347014  72.622262  3.666
 46     5.479 53821.48365636 15.85 127.412093  72.600848  3.048
 46     4.646 53821.48365700 16.69 127.406383  72.603728  3.048
 46     2.440 53821.48365765 16.40 127.400683  72.606608  3.048
 46     2.259 53821.48365829 16.10 127.394973  72.609488  3.048
 46     2.738 53821.48366087 15.46 127.372113  72.620998  3.048
 46     3.088 53821.48366152 14.99 127.366393  72.623878  3.048
 47     2.807 53856.48374922 11.24 127.340683  72.613512  2.326
 47     2.561 53856.48374987 11.54 127.334963  72.616392  2.326
 47     5.978 53856.48375051 10.90 127.329243  72.619262  2.326
 48     5.016 53891.48376152 30.57 127.349610  72.616039 29.462
 48     8.132 53891.48376217 29.96 127.343890  72.618919 29.462
 48     8.211 53891.48376281 36.06 127.338170  72.621789 29.462
 49     3.755 53926.48382311 27.17 127.342362  72.612554 22.663
 49     8.336 53926.48382376 22.04 127.336642  72.615434 22.663
 49     8.583 53926.48382440 28.34 127.330922  72.618314 22.663
 50     2.228 53961.48380910 25.51 127.353923  72.616144 16.054
 50     8.345 53961.48380974 25.11 127.348203  72.619024 16.054
 50     8.510 53961.48381039 30.79 127.342483  72.621904 16.054
 51     3.938 53996.48374999 34.54 127.329924  72.610137 17.479
 51     3.458 53996.48375064 30.79 127.324194  72.613017 17.479
 51     3.093 53996.48375128 28.22 127.318474  72.615897 17.479
 52     3.445 54031.48380308 33.17 127.345553  72.612650 12.326
 52     3.449 54031.48380372 30.51 127.339833  72.615530 12.326
 52     3.393 54031.48380437 32.69 127.334113  72.618410 12.326
 53     3.109 54066.48379735 19.40 127.355069  72.617227  2.922
 53     2.759 54066.48379799 19.82 127.349349  72.620107  2.922
 54     3.717 54101.48375935 17.90 127.361833  72.618672  3.160
 54     4.546 54101.48375999 17.34 127.356113  72.621552  3.160
 55     5.599 54136.48372428 14.67 127.341758  72.613056  2.579
 55     6.092 54136.48372493 14.78 127.336038  72.615936  2.579
 55     6.292 54136.48372557 14.49 127.330308  72.618806  2.579
 56     3.194 54171.48373577 11.68 127.358036  72.618016  2.110
 56     2.763 54171.48373641 11.53 127.352316  72.620886  2.110
 57     4.790 54206.48372951 11.89 127.338267  72.613362  2.220
 57     5.851 54206.48373016 12.50 127.332547  72.616242  2.220
 57     6.151 54206.48373080 11.83 127.326827  72.619112  2.220
 58     1.582 54241.48376263 20.60 127.350190  72.615634  9.798
 58     1.550 54241.48376327 15.39 127.344470  72.618514  9.798
 58     1.893 54241.48376391 13.20 127.338750  72.621394  9.798
 59     8.287 54276.48377773 23.00 127.346971  72.617164 19.580
 59     8.494 54276.48377838 28.43 127.341246  72.620042 24.714
 61     2.586 54346.48375214 25.73 127.363441  72.618713 16.223
 61     8.103 54346.48375278 27.64 127.357721  72.621593 16.223
 61     8.436 54346.48375343 29.36 127.351999  72.624476 17.266
 62     4.945 54381.48371471 20.88 127.345394  72.612559 14.740
 62     7.368 54381.48371536 20.70 127.339674  72.615429 14.740
 62     8.509 54381.48371600 21.49 127.333944  72.618309 14.740
 63     2.446 54416.48370136 19.98 127.353104  72.618925  3.040
 63     2.151 54416.48370200 19.52 127.347384  72.621805  3.040
 64     1.764 54451.48368369 16.70 127.338687  72.612619  2.463
 64     1.638 54451.48368433 16.59 127.332967  72.615489  2.463
 64     1.501 54451.48368498 16.61 127.327247  72.618368  2.533
 65     2.611 54486.48369731 14.17 127.352586  72.615759  2.503
 65     2.100 54486.48369796 14.02 127.346866  72.618639  2.503
 65     1.933 54486.48369860 13.58 127.341136  72.621509  2.503
 66     1.666 54521.48369740 13.00 127.342117  72.615613  2.663
 66     2.458 54521.48369804 12.48 127.336397  72.618483  2.663
 67     2.713 54556.48370859 10.82 127.354734  72.619944  2.075
 67     2.822 54556.48370924 10.44 127.349004  72.622824  2.075
 68     4.206 54591.48369317 10.80 127.347706  72.614371  2.031
 68     2.244 54591.48369381 10.46 127.341986  72.617251  2.031
 68     2.077 54591.48369446 10.38 127.336266  72.620131  2.031
 69     7.545 54626.48370951 22.13 127.349709  72.617849 24.563
 69     7.995 54626.48371016 28.14 127.343989  72.620729 24.563
 70     7.321 54661.48371686 24.27 127.348544  72.614359 20.397
 70     8.379 54661.48371751 24.98 127.342824  72.617239 20.397
 70     8.455 54661.48371815 31.48 127.337105  72.620115 22.267
 71     2.867 54696.48369373 29.44 127.359855  72.617556 27.380
 71     7.683 54696.48369438 25.79 127.354135  72.620436 27.380
 71     8.295 54696.48369502 30.00 127.348414  72.623317 33.177
 72     7.911 54731.48367302 21.53 127.340915  72.614219 18.037
 72     8.635 54731.48367366 24.58 127.335195  72.617099 18.037
 72     8.552 54731.48367430 36.07 127.329465  72.619979 18.037
 73     2.945 54766.48367235 27.44 127.351923  72.615470 10.021
 73     2.776 54766.48367299 32.21 127.346203  72.618350 10.021
 73     2.846 54766.48367364 29.06 127.340485  72.621225  9.438
 74     3.232 54801.48366684 22.32 127.337725  72.613817  4.125
 74     3.001 54801.48366749 22.81 127.332005  72.616687  4.125
 74     1.503 54801.48366813 22.64 127.326275  72.619567  4.125
 75     3.192 54836.48366511 20.96 127.347372  72.617992  3.741
 75     2.959 54836.48366575 21.02 127.341652  72.620862  3.741
 76     3.469 54871.48366494 20.06 127.340418  72.613634  3.862
 76     3.142 54871.48366558 20.31 127.334698  72.616514  3.862
 76     2.831 54871.48366623 20.18 127.328978  72.619394  3.862
 77     2.851 54906.48367324 16.44 127.356160  72.620447  3.303
 77     2.789 54906.48367388 16.52 127.350440  72.623327  3.303
 78     3.379 54941.48365763 14.99 127.341249  72.614162  3.526
 78     5.110 54941.48365828 14.59 127.335529  72.617032  3.526
 78     2.110 54941.48365892 14.54 127.329799  72.619912  3.526
 79     3.797 54976.48368622 28.68 127.346566  72.616165 14.937
 79     3.524 54976.48368686 24.81 127.340846  72.619045 14.937
 80     4.046 55011.48369522 32.12 127.353809  72.615793 21.636
 80     4.028 55011.48369586 35.09 127.348091  72.618674 28.999
 80     8.434 55011.48369651 33.38 127.342371  72.621544 28.999
 81     7.549 55046.48368704 23.13 127.348281  72.615747 19.703
 81     8.437 55046.48368769 24.21 127.342561  72.618617 19.703
 81     8.473 55046.48368833 31.45 127.336831  72.621497 19.703
 82     2.712 55081.48366022 28.97 127.361309  72.619317 16.953
 82     3.021 55081.48366086 30.55 127.355589  72.622197 16.953
 83     7.220 55116.48361892 20.55 127.342194  72.614769  9.464
 83     7.769 55116.48361957 22.65 127.336474  72.617649  9.464
 84     2.066 55151.48361723 16.10 127.352762  72.615696  2.624
 84     1.896 55151.48361788 15.68 127.347045  72.618575  2.991
 84     2.384 55151.48361852 15.69 127.341325  72.621445  2.991
 85     2.683 55186.48360460 13.05 127.342024  72.612350  2.479
 85     1.515 55186.48360524 13.47 127.336304  72.615230  2.479
 85     1.685 55186.48360589 12.91 127.330584  72.618110  2.479
 86     2.596 55221.48361611 13.75 127.349897  72.618148  2.671
 86     2.414 55221.48361675 13.26 127.344177  72.621028  2.671
 87     2.699 55256.48360053 12.10 127.348013  72.613169  2.580
 87     2.126 55256.48360117 12.44 127.342293  72.616049  2.580
 87     2.006 55256.48360181 12.21 127.336573  72.618929  2.580
 88     3.394 55291.48360464 11.10 127.359993  72.618974  2.241
 88     2.975 55291.48360528 10.84 127.354278  72.621849  2.327
 89     1.750 55326.48358583 10.27 127.347981  72.615205  4.966
 89     1.854 55326.48358647 11.22 127.342261  72.618075  4.966
 89     1.976 55326.48358712 11.06 127.336541  72.620955  4.966
 90     8.119 55361.48358277 25.14 127.351621  72.618435 22.903
 90     8.325 55361.48358341 31.25 127.345901  72.621305 22.903
 91     7.426 55396.48358901 23.81 127.341989  72.614131 17.963
 91     8.710 55396.48358966 22.83 127.336269  72.617011 17.963
 91     8.483 55396.48359030 34.45 127.330549  72.619891 17.963
 92     7.813 55431.48359758 20.02 127.350861  72.615848 20.397
 92     8.222 55431.48359822 22.23 127.345142  72.618727 16.628
 92     8.343 55431.48359887 28.02 127.339422  72.621597 16.628
 93     8.520 55466.48355386 27.67 127.402705  72.601118 18.741
 93     8.307 55466.48355451 25.92 127.396995  72.603998 18.741
 93     7.190 55466.48355837 20.22 127.362715  72.621268 18.741
 93     7.778 55466.48355902 19.53 127.356995  72.624148 18.741
