# NaN NaN NaN ;Mean Elev.(m), Avg Gradient(m/km), RMS Gradient(m/km) - SRTM1     
#   32.388   0.162   5.925 ;Mean Elev.(m), Avg Gradient(m/km), RMS Gradient(m/km) - ASTER GDEM
#   44.200   0.071  16.431 ;Mean Elev.(m), Avg Gradient(m/km), RMS Gradient(m/km) - GMTED2010 
  8 125.182966  64.647055    50.954    50.954  2 52492.12008259 52.428
 10 125.183551  64.645422    50.893    50.897  3 52562.12011223 46.930
 12 125.184650  64.646124    50.118    50.118  2 52632.12006986 28.547
 13 125.174598  64.647173    50.018    50.018  2 52667.12008974 17.879
 14 125.192709  64.643398    50.213    50.213  2 52702.12006026 16.597
 15 125.173244  64.646692    50.183    50.169  3 52737.12010261  9.985
 16 125.166348  64.646900    50.229    50.229  2 52772.12007121 42.910
 17 125.184629  64.645324    55.132    55.177  3 52807.12012580 30.100
 18 125.183487  64.644200    53.796    53.796  2 52842.12018488 23.595
 19 125.177715  64.644620    51.357    51.357  2 52877.12022357 42.353
 20 125.174736  64.647159    54.443    54.443  2 52912.12018165 17.899
 21 125.193956  64.642724    50.416    50.424  3 52947.12013871 43.181
 23 125.167619  64.646385    50.167    50.167  2 53017.12017161 12.616
 24 125.186940  64.643610    52.171    52.171  2 53052.12015071 11.388
 25 125.159342  64.646410    49.824    49.824  2 53087.12018782 10.534
 26 125.182201  64.645463    51.344    51.344  2 53122.12015732  8.193
 27 125.173857  64.645891    54.589    54.589  2 53157.12021333 35.071
 28 125.178478  64.644521    54.209    54.209  2 53192.12020609 34.394
 29 125.175784  64.646345    52.960    52.960  2 53227.12020711 51.333
 30 125.160655  64.646733    51.674    51.674  2 53262.12018085 29.915
 31 125.174284  64.647373    51.273    51.273  2 53297.12021622 47.393
 32 125.175013  64.645231    51.232    51.232  2 53332.12018859 18.235
 33 125.167330  64.647169    51.254    51.244  3 53367.12013388 12.622
 35 125.169726  64.647696    50.648    50.648  2 53437.12015084  9.619
 36 125.178010  64.644802    50.535    50.535  2 53472.12020365  9.387
 37 125.174671  64.647967    53.761    53.761  2 53507.12023334 33.555
 38 125.171991  64.646847    53.681    53.681  2 53542.12024044 37.365
 39 125.167956  64.647975    53.069    53.069  2 53577.12022784 53.805
 40 125.160860  64.646648    52.959    52.959  2 53612.12018045 24.218
 41 125.185580  64.645107    54.263    54.263  2 53647.12018475 18.705
 42 125.167587  64.647144    50.239    50.239  2 53682.12020072 30.887
 43 125.171358  64.648327    50.439    50.439  2 53717.12012783 20.706
 44 125.191846  64.643524    50.937    50.934  3 53752.12004740 15.186
 45 125.177484  64.647440    50.549    50.549  2 53787.12007727 12.323
 46 125.161486  64.647271    50.468    50.445  3 53822.12003235 10.117
 47 125.178500  64.647324    49.880    49.880  2 53857.12012289 15.420
 48 125.183422  64.645689    54.592    54.592  2 53892.12013612 41.485
 49 125.167531  64.646632    52.194    52.194  2 53927.12019685 40.470
 50 125.162462  64.646711    50.716    50.716  2 53962.12018148 51.185
 51 125.195577  64.642454    52.877    52.850  3 53997.12012512 53.011
 52 125.185372  64.645794    50.674    50.674  2 54032.12017644 45.154
 53 125.175643  64.646913    51.066    51.066  2 54067.12017052 22.558
 54 125.164958  64.646864    50.991    50.991  2 54102.12013140 15.731
 55 125.184137  64.646898    51.013    51.013  2 54137.12009806 10.225
 56 125.168712  64.647928    50.603    50.603  2 54172.12010811 10.319
 57 125.182422  64.645065    50.914    50.914  2 54207.12010388  9.040
 58 125.175691  64.645072    57.407    57.407  2 54242.12013645 38.399
 59 125.176559  64.645997    53.283    53.283  2 54277.12015052 50.581
 60 125.175672  64.645138    54.884    54.884  2 54312.12015151 25.072
 61 125.165941  64.646709    54.907    54.907  2 54347.12012419 17.260
 62 125.182446  64.645356    52.636    52.636  2 54382.12008836 37.078
 63 125.170649  64.647612    50.133    50.133  2 54417.12007314 22.277
 64 125.186528  64.645687    51.023    51.023  2 54452.12005747 14.392
 65 125.176629  64.646311    50.714    50.710  3 54487.12007031 11.933
 66 125.183324  64.646561    51.197    51.197  2 54522.12007068  9.798
 67 125.169046  64.647153    50.217    50.217  2 54557.12008058  8.600
 68 125.176562  64.644800    51.016    51.016  2 54592.12006705  6.364
 69 125.173073  64.645762    54.726    54.726  2 54627.12008267 29.103
 70 125.176679  64.647874    51.916    51.916  2 54662.12008986 51.836
 71 125.170161  64.647457    53.140    53.140  2 54697.12006562 27.235
 72 125.181553  64.644118    54.761    54.761  2 54732.12004678 28.562
 73 125.176119  64.647182    50.843    50.843  2 54767.12004486 49.895
 74 125.183944  64.646770    50.665    50.665  2 54802.12004022 18.815
 75 125.175160  64.646143    51.022    51.022  2 54837.12003741 14.200
 76 125.181607  64.644195    50.662    50.662  2 54872.12003940 12.126
 77 125.163531  64.646191    50.305    50.305  2 54907.12004556 11.444
 78 125.180373  64.644594    50.641    50.641  2 54942.12003208  7.092
 79 125.174556  64.645190    54.754    54.754  2 54977.12005989 32.688
 80 125.173915  64.647190    53.317    53.317  2 55012.12006788 49.687
 81 125.178070  64.646728    54.323    54.323  2 55047.12005979 20.650
 82 125.166106  64.647780    51.747    51.747  2 55082.12003185 43.742
 83 125.181704  64.644424    53.012    53.012  2 55117.11999217 33.521
 84 125.172908  64.647153    49.954    49.954  2 55152.11998982 26.937
 85 125.183033  64.645889    50.522    50.522  2 55187.11997855 20.997
 86 125.173465  64.647586    50.344    50.344  2 55222.11998831 15.334
 87 125.180572  64.645898    50.553    50.414  3 55257.11997479 14.220
 88 125.166408  64.647469    50.177    50.179  3 55292.11997656 13.427
 89 125.174744  64.646192    50.544    50.544  2 55327.11995886 43.921
 90 125.172180  64.647644    54.508    54.508  2 55362.11995500 22.758
 91 125.181497  64.645063    54.600    54.600  2 55397.11996258 19.384
 92 125.177800  64.646300    54.394    54.394  2 55432.11997013 22.775
 93 125.165542  64.648474    51.284    51.284  2 55467.11992962 45.971
