-137790.172   303.136     0.00   16.37
-137414.952   307.215    10.87   14.45
-137039.813   312.204    13.30   13.68
-136664.755   320.185    21.28   14.79
-136289.777   327.726    20.11   13.45
-135914.881   335.768    21.45   11.23
-135540.066   343.399    20.36    8.97
-135165.332   351.179    20.76   11.71
-134790.678   359.378    21.89   13.58
-134416.105   369.101    25.96   12.26
-134041.613   375.299    16.55   10.46
-133667.201   382.884    20.26   11.07
-133292.870   388.427    14.81   10.94
-132918.619   391.502     8.22   11.47
-132544.449   388.715    -7.45   16.41
-132170.359   377.267   -30.61   22.75
-131796.350   362.090   -40.58   25.13
-131422.421   343.392   -50.01   22.57
-131048.572   327.705   -41.97   21.77
-130674.804   313.487   -38.04   18.41
-130301.115   298.705   -39.56   19.73
-129927.507   284.448   -38.16   17.59
-129553.979   273.049   -30.52   14.43
-129180.531   264.013   -24.20    7.85
-128807.162   257.983   -16.15    6.99
-128433.874   253.411   -12.25    7.20
-128060.666   247.340   -16.27    6.40
-127687.537   243.343   -10.71    4.31
-127314.488   240.726    -7.02    2.93
-126941.519   239.403    -3.55    2.58
-126568.629   238.831    -1.53    2.78
-126195.819   237.945    -2.38    4.40
-125823.089   237.547    -1.07    5.70
-125450.438   237.757     0.56    5.72
-125077.866   239.715     5.26    5.35
-124705.374   242.860     8.44    4.71
-124332.962   245.130     6.10    3.27
-123960.628   245.428     0.80    3.68
-123588.374   247.535     5.66    5.29
-123216.199   253.561    16.19   10.80
-122844.103   261.939    22.52   13.28
-122472.087   271.115    24.67   11.94
-122100.149   280.279    24.64   11.63
-121728.290   290.351    27.09   12.85
-121356.511   296.599    16.81    9.43
-120984.810   301.880    14.21    7.42
-120613.188   303.965     5.61    7.97
-120241.645   304.468     1.35    8.39
-119870.180   306.427     5.27    7.46
-119498.795   305.022    -3.78    7.89
-119127.488   299.654   -14.46   13.60
-118756.259   289.539   -27.25   20.33
-118385.109   279.342   -27.48   17.82
-118014.038   269.038   -27.77   12.44
-117643.045   264.148   -13.18    7.73
-117272.131   262.758    -3.75    7.16
-116901.294   258.978   -10.19    5.85
-116530.537   259.294     0.85    6.62
-116159.857   259.263    -0.09    6.89
-115789.256   258.736    -1.42    6.63
-115418.732   260.978     6.05    5.94
-115048.287   262.509     4.13    6.68
-114677.920   262.356    -0.41    8.05
-114307.631   260.746    -4.35    9.25
-113937.420   257.095    -9.86    9.13
-113567.287   253.922    -8.58    9.46
-113197.232   251.943    -5.35   10.03
-112827.255   246.913   -13.60   13.85
-112457.355   239.410   -20.29   17.23
-112087.533   226.642   -34.53   17.51
-111717.789   219.470   -19.40   15.46
-111348.122   212.630   -18.51   13.56
-110978.533   207.294   -14.44   14.06
-110609.022   203.411   -10.51   13.69
-110239.588   198.489   -13.32   13.81
-109870.231   192.615   -15.90   12.18
-109500.952   190.369    -6.08   12.25
-109131.750   185.822   -12.32   12.07
-108762.625   176.570   -25.07   15.83
-108393.578   166.417   -27.51   17.52
-108024.608   157.205   -24.97   13.84
-107655.715   150.549   -18.05    9.51
-107286.899   144.073   -17.56    8.42
-106918.160   139.799   -11.59    7.70
-106549.498   139.965     0.45    8.89
-106180.913   142.853     7.84    9.10
-105812.405   142.146    -1.92   10.87
-105443.974   137.226   -13.36   12.92
-105075.620   131.141   -16.52   12.12
-104707.342   123.431   -20.94   15.02
-104339.141   121.322    -5.73   17.06
-103971.017   116.399   -13.37   18.61
-103602.970   114.231    -5.89   17.60
-103234.999   111.399    -7.70   16.32
-102867.104   110.715    -1.86   15.81
-102499.286   109.392    -3.60   15.41
-102131.545   107.038    -6.40   14.75
-101763.879   105.581    -3.96   13.15
-101396.291   105.840     0.70   12.84
-101028.778   105.630    -0.57   13.71
-100661.342   102.151    -9.47   16.42
-100293.982    98.126   -10.96   16.03
 -99926.698    94.566    -9.69   13.17
 -99559.490    97.872     9.00   13.86
 -99192.358   106.908    24.61   14.25
 -98825.302   120.654    37.45   16.68
 -98458.322   132.348    31.87   13.91
 -98091.419   140.599    22.49   10.24
 -97724.591   146.917    17.22    7.98
 -97357.838   150.343     9.34    7.44
 -96991.162   153.024     7.31    5.56
 -96624.561   155.247     6.07    5.39
 -96258.036   157.757     6.85    6.82
 -95891.587   162.159    12.01    9.10
 -95525.213   167.580    14.80    8.89
 -95158.915   171.849    11.66    6.15
 -94792.692   172.851     2.73    5.95
 -94426.545   171.534    -3.60    6.49
 -94060.473   169.220    -6.32    6.36
 -93694.476   165.545   -10.04    7.89
 -93328.555   160.074   -14.95    7.96
 -92962.709   155.736   -11.86    7.83
 -92596.938   152.254    -9.52    6.67
 -92231.242   152.309     0.15    7.89
 -91865.622   153.286     2.67    9.51
 -91500.077   156.653     9.21   10.34
 -91134.606   159.768     8.52   11.32
 -90757.894   160.810     2.77   11.07
 -90376.773   159.673    -2.98    9.51
 -89995.735   155.800   -10.16    9.70
 -89614.779   153.949    -4.86   10.42
 -89233.906   150.204    -9.83    9.69
 -88853.116   146.736    -9.11    8.89
 -88472.408   143.115    -9.51    7.75
 -88091.783   138.801   -11.34    7.24
 -87711.241   133.642   -13.56    8.01
 -87330.781   131.513    -5.60    7.92
 -86950.403   131.494    -0.05    8.09
 -86570.107   131.508     0.04    8.74
 -86189.894   127.601   -10.28   11.98
 -85809.763   122.661   -13.00   11.63
 -85429.715   115.945   -17.67    9.68
 -85049.748   111.121   -12.69    7.80
 -84669.863   108.809    -6.09    8.22
 -84290.061   103.495   -13.99    8.67
 -83910.340    95.945   -19.89   10.62
 -83530.702    89.317   -17.46   13.78
 -83151.145    82.220   -18.70   15.56
 -82771.670    77.628   -12.10   14.87
 -82392.276    74.955    -7.05   13.64
 -82012.965    73.715    -3.27   10.82
 -81633.735    76.126     6.36    8.62
 -81254.586    77.389     3.33    7.12
 -80875.520    75.431    -5.16    8.24
 -80496.534    69.321   -16.12   12.15
 -80117.630    59.073   -27.05   12.40
 -79738.808    50.880   -21.63    7.87
 -79360.067    46.288   -12.12    4.06
 -78981.407    46.517     0.60    3.70
 -78602.828    49.282     7.31    5.78
 -78224.331    53.359    10.77    7.14
 -77845.914    60.252    18.22    7.84
 -77467.579    66.521    16.57    8.11
 -77089.325    74.494    21.08    9.60
 -76711.152    82.715    21.74    9.80
 -76333.059    87.822    13.51    7.12
 -75955.048    89.602     4.71    5.38
 -75577.117    85.403   -11.11    8.76
 -75199.267    73.824   -30.65   16.66
 -74821.498    60.757   -34.59   20.38
 -74443.810    49.150   -30.74   15.34
 -74066.202    45.715    -9.10    8.90
 -73688.675    52.659    18.39   14.04
 -73311.228    65.673    34.48   18.78
 -72933.862    75.308    25.54   17.11
 -72556.576    84.267    23.75   14.00
 -72179.370    88.275    10.63   13.04
 -71802.245    91.378     8.23   11.43
 -71425.200    94.682     8.76    8.10
 -71048.235    97.470     7.40    4.30
 -70671.351    99.269     4.77    3.43
 -70294.546    99.705     1.16    3.94
 -69917.822    98.210    -3.97    5.41
 -69541.177    97.119    -2.89    5.79
 -69164.613    95.887    -3.27    5.77
 -68788.128    93.864    -5.37    5.67
 -68411.724    92.513    -3.59    5.03
 -68035.399    92.843     0.88    4.63
 -67659.154    92.407    -1.16    5.14
 -67282.988    91.791    -1.64    5.48
 -66906.903    90.311    -3.94    5.46
 -66530.896    87.790    -6.71    4.50
 -66154.970    86.226    -4.16    5.51
 -65779.123    83.194    -8.07    5.22
 -65403.355    80.258    -7.81    3.53
 -65027.667    77.470    -7.42    3.37
 -64652.058    75.274    -5.85    3.92
 -64276.529    73.779    -3.98    3.87
 -63901.078    72.684    -2.92    4.08
 -63525.707    72.269    -1.10    4.94
 -63150.415    70.736    -4.08    4.87
 -62775.203    69.941    -2.12    4.29
 -62400.069    69.231    -1.89    4.43
 -62025.014    68.660    -1.52    3.83
 -61650.038    68.609    -0.14    4.44
 -61275.142    68.770     0.43    4.52
 -60900.324    68.619    -0.40    4.15
 -60525.584    68.312    -0.82    4.59
 -60150.924    68.417     0.28    5.24
 -59776.342    69.795     3.68    6.17
 -59401.839    72.629     7.57    5.92
 -59027.415    75.760     8.36    3.12
 -58653.069    76.757     2.66    2.80
 -58278.802    77.404     1.73    2.67
 -57904.613    78.347     2.52    2.74
 -57530.503    79.484     3.04    2.72
 -57156.471    80.326     2.25    2.37
 -56782.517    75.802   -12.10   10.47
 -56408.642    70.810   -13.35   12.70
 -56034.845    66.360   -11.90   12.75
 -55661.126    59.965   -17.11   11.50
 -55287.485    57.768    -5.88   10.07
 -54913.922    56.056    -4.59    8.52
 -54540.437    59.545     9.34   12.37
 -54167.030    65.801    16.75   14.84
 -53793.702    69.875    10.91   14.17
 -53420.451    70.629     2.02   12.92
 -53047.278    72.382     4.70   11.74
 -52674.182    73.946     4.19   12.44
 -52301.165    77.195     8.71   11.34
 -51928.225    81.803    12.36    5.77
 -51555.363    81.885     0.22    5.17
 -51182.578    80.036    -4.96    4.23
 -50809.871    79.296    -1.99    4.55
 -50437.242    78.089    -3.24    5.24
 -50064.690    75.936    -5.78    5.07
 -49692.215    73.792    -5.76    5.77
 -49319.818    71.747    -5.49    5.50
 -48947.498    70.640    -2.97    4.40
 -48575.255    71.598     2.57    4.29
 -48203.089    72.334     1.98    3.69
 -47831.001    71.779    -1.49    5.10
 -47458.990    72.038     0.70    5.99
 -47087.056    70.045    -5.36    6.61
 -46715.199    68.587    -3.92    6.07
 -46343.419    66.137    -6.59    4.21
 -45971.716    63.684    -6.60    4.59
 -45600.089    60.880    -7.55    7.75
 -45228.540    57.768    -8.37    8.27
 -44857.067    55.481    -6.16    8.10
 -44485.671    53.641    -4.96    7.35
 -44114.352    52.805    -2.25    5.85
 -43743.110    51.801    -2.71    4.74
 -43371.944    50.703    -2.96    4.21
 -43000.854    50.556    -0.40    4.85
 -42629.842    51.044     1.32    5.56
 -42258.905    51.414     1.00    5.34
 -41888.045    50.683    -1.97    5.12
 -41517.262    48.813    -5.04    5.62
 -41146.554    47.736    -2.90    6.16
 -40775.923    44.917    -7.61    6.87
 -40405.369    41.128   -10.23    6.38
 -40034.890    35.508   -15.17    8.49
 -39664.488    29.326   -16.69   12.47
 -39294.161    26.692    -7.11   14.20
 -38923.911    27.492     2.16   15.00
 -38553.737    30.482     8.08   13.68
 -38183.638    34.823    11.73    8.90
 -37813.616    34.021    -2.17    5.77
 -37443.669    31.199    -7.63    4.39
 -37073.799    29.889    -3.54    4.03
 -36704.004    29.042    -2.29    4.10
 -36334.284    28.943    -0.27    4.08
 -35964.641    29.353     1.11    3.96
 -35595.073    30.253     2.43    3.56
 -35225.580    30.952     1.89    3.96
 -34856.164    35.347    11.90    9.58
 -34486.822    47.254    32.24   17.97
 -34117.556    60.130    34.87   20.69
 -33748.366    69.658    25.81   17.52
 -33379.251    68.034    -4.40   18.22
 -33010.211    60.959   -19.17   15.92
 -32641.246    53.973   -18.93    7.42
 -32272.357    51.484    -6.75    2.79
 -31903.543    51.610     0.34    3.20
 -31534.804    52.110     1.36    4.68
 -31166.140    54.898     7.56    6.98
 -30797.551    56.941     5.54    7.65
 -30429.037    57.099     0.43    7.81
 -30060.598    55.577    -4.13    6.90
 -29692.234    53.174    -6.52    5.87
 -29323.945    49.618    -9.66    5.91
 -28955.730    47.048    -6.98    5.38
 -28587.590    44.425    -7.12    4.59
 -28219.525    43.088    -3.63    4.43
 -27851.535    41.715    -3.73    4.01
 -27483.620    39.682    -5.53    2.47
 -27115.778    39.941     0.70    2.84
 -26748.012    39.911    -0.08    3.56
 -26380.320    38.011    -5.16    7.94
 -26012.702    31.832   -16.81   14.64
 -25645.159    23.082   -23.81   15.57
 -25277.690    17.726   -14.58   14.00
 -24910.296    21.163     9.35   17.13
 -24542.976    27.693    17.78   16.71
 -24175.730    33.443    15.66   11.84
 -23808.558    36.204     7.52    5.63
 -23441.460    35.867    -0.92    5.04
 -23074.436    37.199     3.63    5.68
 -22707.487    37.618     1.14    5.65
 -22340.611    36.528    -2.97    6.13
 -21973.810    33.954    -7.02    8.89
 -21607.082    28.400   -15.14   15.86
 -21240.428    23.392   -13.66   21.01
 -20873.848    16.715   -18.22   23.16
 -20507.342    11.306   -14.76   21.33
 -20140.909    10.109    -3.27   19.90
 -19774.551    14.618    12.31   22.13
 -19408.266    21.715    19.37   21.89
 -19042.054    28.443    18.37   17.60
 -18675.916    30.332     5.16   12.37
 -18309.852    29.094    -3.38    5.93
 -17943.861    27.683    -3.85    4.38
 -17577.943    28.430     2.04    5.95
 -17212.099    31.449     8.25    7.24
 -16846.328    33.005     4.25    6.66
 -16480.630    31.126    -5.14    7.56
 -16108.600    27.919    -8.62    7.36
 -15727.643    25.104    -7.39    6.22
 -15346.766    23.930    -3.08    4.79
 -14965.969    23.987     0.15    6.69
 -14585.254    27.747     9.88   10.54
 -14204.618    34.084    16.65   12.25
 -13824.063    39.443    14.08   11.47
 -13443.589    45.618    16.23    6.83
 -13063.195    48.508     7.60    5.55
 -12682.881    48.400    -0.29    6.99
 -12302.647    44.077   -11.37   11.28
 -11922.494    33.628   -27.49   15.41
 -11542.420    23.715   -26.08   11.78
 -11162.427    19.575   -10.89    8.80
 -10782.514    23.602    10.60   14.05
 -10402.680    33.199    25.27   16.10
 -10022.927    42.271    23.89   12.11
  -9643.253    45.855     9.44    4.16
  -9263.660    44.805    -2.76    3.36
  -8884.146    43.042    -4.65    2.12
  -8504.712    41.385    -4.37    3.15
  -8125.357    34.564   -17.98   11.62
  -7746.082    25.944   -22.73   14.52
  -7366.887    24.984    -2.53   14.99
  -6987.771    28.784    10.02   18.31
  -6608.735    40.618    31.22   16.95
  -6229.778    47.071    17.03   10.59
  -5850.901    35.124   -31.53   22.91
  -5472.103    25.645   -25.02   23.33
  -5093.384    27.468     4.81   23.30
  -4714.744    31.726    11.25   22.74
  -4336.184    37.226    14.53   18.63
  -3957.703    33.883    -8.83   21.26
  -3579.301    24.864   -23.83   22.22
  -3200.977    15.137   -25.71   21.29
  -2822.733     7.066   -21.34   17.14
  -2444.568     0.137   -18.32    8.45
  -2066.482    -2.274    -6.38    0.00
  -1688.474    -2.274     0.00    0.00
  -1310.546    -2.274     0.00    0.00
   -932.696    -2.274     0.00    0.00
   -554.924    -2.274     0.00    0.00
   -177.232    -2.274     0.00    0.00
    200.382    -2.274     0.00    0.00
    577.918    -2.274     0.00    0.00
    955.375    -2.274     0.00    0.00
   1332.753    -0.428     4.89    5.26
   1710.053     2.973     9.01    8.88
   2087.275     6.594     9.60   10.51
   2464.418     9.027     6.45   10.54
   2841.483    10.492     3.89    9.82
   3218.470     8.215    -6.04    9.08
   3595.379     3.904   -11.44    7.11
   3972.210     1.204    -7.16    5.94
   4348.962    -0.830    -5.40    3.63
   4725.637     1.791     6.96    6.99
   5102.233     5.681    10.33    8.43
   5478.752     8.954     8.69    7.61
   5855.193    11.559     6.92    6.12
   6231.556    14.117     6.80    4.23
   6607.841    14.326     0.55    3.99
   6984.048    12.715    -4.28    5.17
   7360.178    10.737    -5.26    5.43
   7736.230     9.487    -3.32    5.73
   8112.205     7.759    -4.59    6.00
   8488.101     7.145    -1.63    5.67
   8863.921     6.737    -1.09    5.60
   9239.663     3.984    -7.33    5.48
   9615.328     1.714    -6.04    4.48
   9990.915     2.349     1.69    4.88
  10366.425     4.151     4.80    5.61
  10741.857     7.747     9.58    4.95
  11117.213    10.447     7.19    3.45
  11492.491    11.586     3.04    3.78
  11867.692    12.249     1.77    4.50
  12242.816    10.919    -3.54    5.15
  12617.863     9.842    -2.87    4.18
  12992.834     9.554    -0.77    3.62
  13367.727     8.996    -1.49    3.62
  13742.543     8.349    -1.73    4.77
  14117.282     9.690     3.58    6.42
  14491.945    14.629    13.18    9.68
  14866.531    21.036    17.10    9.47
  15241.040    27.595    17.51    6.04
  15615.473    30.852     8.70    3.54
  15989.829    31.302     1.20    2.88
  16364.108    31.164    -0.37    3.11
  16738.311    30.530    -1.69    3.03
  17112.437    27.792    -7.32    8.88
  17486.487    26.161    -4.36   12.33
  17860.461    26.422     0.70   12.52
  18234.358    29.693     8.75   11.48
  18608.179    33.804    11.00    8.65
  18981.924    38.275    11.96    4.36
  19355.593    40.381     5.64    4.99
  19729.185    40.539     0.42    5.45
  20102.701    38.324    -5.93    8.77
  20476.142    32.583   -15.37   14.08
  20849.506    26.584   -16.07   17.28
  21222.794    19.334   -19.42   17.43
  21596.007    19.519     0.50   16.29
  21969.143    23.011     9.36   15.22
  22342.204    25.987     7.97   12.25
  22715.189    30.015    10.80    8.48
  23088.098    31.791     4.76    4.11
  23460.932    30.715    -2.89    2.46
  23833.690    29.586    -3.03    2.91
  24206.372    28.186    -3.76    4.26
  24578.979    24.048   -11.10    8.92
  24951.510    19.470   -12.29   10.84
  25323.966    19.661     0.51    9.70
  25696.346    19.528    -0.36    8.14
  26068.651    20.575     2.81    7.12
  26440.881    22.635     5.53    4.52
  26813.035    22.247    -1.04    2.76
  27185.115    22.467     0.59    2.89
  27557.119    22.791     0.87    3.11
  27929.048    22.658    -0.36    3.09
  28300.901    19.030    -9.75    8.92
  28672.680    16.377    -7.13   10.56
  29044.384    17.154     2.09   10.84
  29416.013    16.459    -1.87   11.01
  29787.566    15.876    -1.57   10.91
  30159.045    16.000     0.33   10.59
  30530.450    16.605     1.63   10.78
  30901.779    18.302     4.57   10.31
  31273.034    20.326     5.45    9.36
  31644.214    22.780     6.61    6.85
  32015.319    22.796     0.04    6.04
  32386.350    24.063     3.42    3.29
  32757.306    24.621     1.51    2.68
  33128.188    24.139    -1.30    3.05
  33498.995    21.935    -5.94    5.45
  33869.728    18.824    -8.39    8.09
  34240.386    22.070     8.76   13.46
  34610.970    28.154    16.42   18.88
  34981.480    37.285    24.64   21.28
  35351.915    48.437    30.10   16.95
  35722.277    56.919    22.90   10.69
  36092.564    61.748    13.04    7.52
  36462.777    62.792     2.82    6.66
  36832.916    62.658    -0.36    6.24
  37202.981    62.759     0.27    6.43
  37572.972    63.450     1.87    5.79
  37942.889    67.834    11.85    7.76
  38312.732    72.958    13.85    9.41
  38682.501    74.639     4.54    8.28
  39052.197    76.083     3.91    8.08
  39421.819    76.367     0.77    6.87
  39791.367    74.726    -4.44    4.09
  40160.841    75.454     1.97    5.27
  40530.242    75.288    -0.45    6.01
  40899.569    74.198    -2.95    5.01
  41268.822    73.171    -2.78    3.84
  41638.003    70.659    -6.80    3.43
  42007.109    69.858    -2.17    4.03
  42376.142    70.283     1.15    5.70
  42745.102    71.770     4.03    6.94
  43113.989    73.476     4.62    8.41
  43482.802    74.881     3.81    8.96
  43851.542    73.935    -2.57    9.31
  44220.209    70.726    -8.70    9.74
  44588.803    66.330   -11.92   10.27
  44957.323    62.004   -11.74   10.89
  45325.771    57.226   -12.97    9.22
  45694.145    56.572    -1.77    7.82
  46062.447    57.933     3.69    6.44
  46430.675    58.946     2.75    5.38
  46798.831    60.550     4.36    4.87
  47166.914    62.085     4.17    4.25
  47534.924    64.595     6.82    4.84
  47902.861    70.942    17.25    8.36
  48270.726    78.030    19.27   11.88
  48638.518    87.538    25.85   13.33
  49006.237    98.275    29.20   14.20
  49373.883   108.144    26.84   10.96
  49741.458   113.781    15.33    6.72
  50108.959   116.862     8.38    3.93
  50476.388   115.997    -2.35    5.21
  50843.745   113.055    -8.01    5.99
  51211.029   111.237    -4.95    5.21
  51578.241   109.781    -3.96    4.59
  51945.381   110.759     2.66    4.94
  52312.448   113.187     6.62    4.46
  52679.444   115.408     6.05    3.92
  53046.367   116.946     4.19    3.08
  53413.218   118.547     4.37    4.01
  53779.996   121.317     7.55    5.70
  54146.703   123.565     6.13    5.82
  54513.338   126.517     8.05    4.57
  54879.901   127.726     3.30    3.94
  55246.392   125.848    -5.12    5.58
  55612.811   123.481    -6.46    6.12
  55979.158   123.586     0.29    6.38
  56345.434   125.063     4.03    6.46
  56711.637   125.668     1.65    7.03
  57077.769   124.041    -4.44    9.61
  57443.830   121.330    -7.40   10.10
  57809.818   119.319    -5.50   10.06
  58175.736   120.984     4.55   11.55
  58543.433   127.248    17.03   11.44
  58924.232   131.894    12.20    6.75
  59304.952   134.117     5.84    4.73
  59685.594   135.784     4.38    5.70
  60066.158   137.537     4.61    5.69
  60446.643   140.119     6.79    5.06
  60827.050   141.164     2.75    4.79
  61207.378   141.131    -0.09    4.06
  61587.629   141.077    -0.14    2.54
  61967.801   141.250     0.45    2.18
  62347.895   142.359     2.92    3.27
  62727.911   142.535     0.46    3.48
  63107.849   141.924    -1.61    4.91
  63487.709   141.232    -1.82    5.91
  63867.491   138.825    -6.34    6.53
  64247.196   135.828    -7.89    5.70
  64626.822   135.099    -1.92    4.71
  65006.371   135.592     1.30    4.61
  65385.841   135.154    -1.15    4.22
  65765.235   134.930    -0.59    4.06
  66144.550   134.392    -1.42    3.45
  66523.788   133.478    -2.41    3.65
  66902.948   132.315    -3.07    4.64
  67282.031   131.037    -3.37    6.07
  67661.037   130.959    -0.21    6.75
  68039.965   129.715    -3.28    7.65
  68418.815   129.635    -0.21    7.58
  68797.588   127.804    -4.83    7.10
  69176.284   124.164    -9.61    6.01
  69554.903   123.792    -0.98    7.15
  69933.445   122.898    -2.36    7.68
  70311.909   120.304    -6.85    6.11
  70690.297   118.780    -4.03    4.58
  71068.607   120.559     4.70    3.59
  71446.840   121.906     3.56    2.48
  71824.997   120.528    -3.64    3.59
  72203.076   119.817    -1.88    4.21
  72581.079   120.759     2.49    4.53
  72959.005   120.657    -0.27    3.96
  73336.854   120.359    -0.79    3.74
  73714.626   119.528    -2.20    3.76
  74092.322   118.827    -1.86    3.70
  74469.941   119.297     1.25    4.91
  74847.484   118.153    -3.03    6.42
  75224.949   115.561    -6.87    6.81
  75602.339   113.292    -6.01    5.52
  75979.652   111.232    -5.46    3.69
  76356.889   110.187    -2.77    4.93
  76734.049   108.011    -5.77    6.70
  77111.133   103.671   -11.51    6.62
  77488.141    99.482   -11.11    3.29
  77865.072    96.987    -6.62    4.00
  78241.928    94.528    -6.52    5.10
  78618.707    92.519    -5.33    5.00
  78995.410    90.326    -5.82    3.83
  79372.037    87.000    -8.83    6.28
  79748.588    84.416    -6.86    7.25
  80125.064    81.915    -6.64    6.23
  80501.463    81.361    -1.47    5.75
  80877.787    82.029     1.78    5.44
  81254.034    83.881     4.92    4.83
  81630.206    84.321     1.17    4.72
  82006.303    85.119     2.12    5.21
  82382.323    87.288     5.77    4.86
  82758.268    87.369     0.22    4.79
  83134.138    88.381     2.69    3.80
  83509.931    87.940    -1.17    3.46
  83885.650    86.847    -2.91    3.46
  84261.293    86.668    -0.48    4.64
  84636.860    87.084     1.11    4.72
  85012.353    87.482     1.06    4.58
  85387.769    87.237    -0.65    4.82
  85763.111    87.381     0.38    6.71
  86138.378    86.539    -2.24    9.20
  86513.569    86.440    -0.26   10.56
  86888.685    83.859    -6.88   10.95
  87263.726    79.678   -11.15    7.85
  87638.692    77.422    -6.02    5.75
  88013.583    77.095    -0.87    5.34
  88388.399    78.085     2.64    6.16
  88763.141    78.928     2.25    7.11
  89137.807    84.204    14.08    8.04
  89512.398    89.063    12.97    5.89
  89886.915    91.341     6.08    3.60
  90261.357    91.703     0.96    3.13
  90635.725    91.066    -1.70    2.42
  91010.017    91.861     2.12    2.23
  91384.236    93.648     4.78    2.83
  91758.379    94.726     2.88    3.01
  92132.448    94.693    -0.09    2.52
  92506.443    95.013     0.86    2.08
  92880.363    95.404     1.04    2.34
  93254.209    95.749     0.92    2.42
  93627.981    96.445     1.86    2.49
  94001.678    96.623     0.48    2.77
  94375.301    96.422    -0.54    3.02
  94748.850    96.117    -0.82    3.01
  95122.324    95.153    -2.58    2.79
  95495.725    94.953    -0.53    2.31
  95869.051    94.939    -0.04    2.39
  96242.304    94.704    -0.63    2.86
  96615.482    93.692    -2.71    3.86
  96988.587    92.872    -2.20    4.24
  97361.618    92.930     0.16    4.64
  97734.575    93.928     2.67    4.77
  98107.458    96.567     7.08    3.78
  98480.267    97.748     3.17    2.92
  98853.002    97.473    -0.74    2.63
  99225.664    96.981    -1.32    2.65
  99598.253    96.533    -1.20    2.71
  99970.767    95.467    -2.86    2.99
 100343.209    94.737    -1.96    3.34
 100715.576    93.326    -3.79    4.19
 101087.870    91.447    -5.05    4.47
 101460.091    90.108    -3.60    4.29
 101832.239    86.967    -8.44    4.91
 102204.313    84.377    -6.96    5.33
 102576.314    82.039    -6.29    5.22
 102948.241    76.612   -14.59    8.07
 103320.096    71.750   -13.08    9.31
 103691.877    67.704   -10.88    7.69
 104063.585    65.381    -6.25    5.04
 104435.220    68.627     8.73    6.62
 104806.782    71.373     7.39    5.80
 105178.271    71.528     0.42    6.02
 105549.687    71.174    -0.95    6.23
 105921.030    70.470    -1.90    4.46
 106292.301    71.048     1.56    3.15
 106663.498    72.231     3.19    3.68
 107034.623    72.646     1.12    4.65
 107405.675    74.067     3.83    4.93
 107776.655    76.310     6.05    4.89
 108147.561    78.351     5.50    5.16
 108518.395    80.310     5.28    4.47
 108889.157    79.300    -2.72    4.73
 109259.846    76.962    -6.31    5.35
 109630.463    74.191    -7.48    4.38
 110001.007    71.726    -6.65    3.96
 110371.479    69.400    -6.28    5.29
 110741.878    67.310    -5.64    7.43
 111112.205    63.773    -9.55    7.94
 111482.460    59.313   -12.05    8.73
 111852.643    57.296    -5.45    9.65
 112222.753    55.121    -5.87    8.45
 112592.792    56.173     2.84    9.00
 112962.758    58.904     7.38    9.12
 113332.652    62.609    10.02    8.17
 113702.474    65.557     7.97    5.24
 114072.224    66.400     2.28    5.43
 114441.903    66.794     1.07    6.13
 114811.509    66.737    -0.15    6.44
 115181.044    68.180     3.91    7.40
 115550.506    71.838     9.90    7.81
 115919.897    77.622    15.66   11.01
 116289.217    84.243    17.92   14.58
 116658.464    91.990    20.98   18.08
 117027.640    98.362    17.26   19.37
 117396.745   103.016    12.61   20.32
 117765.777   105.066     5.55   20.20
 118134.739   106.666     4.34   19.20
 118503.629   105.802    -2.34   16.45
 118872.447   105.226    -1.56   13.46
 119241.194   108.137     7.89   12.19
 119609.870   111.990    10.45   13.59
 119978.474   118.408    17.41   14.27
 120347.007   125.220    18.48   15.41
 120715.469   133.944    23.68   16.60
 121083.860   142.612    23.53   16.54
 121452.179   149.839    19.62   14.69
 121820.428   155.524    15.43   11.45
 122188.605   159.151     9.85   10.76
 122556.712   162.973    10.38    9.67
 122924.747   166.714    10.16    8.31
 123292.712   169.226     6.83    6.22
 123660.605   169.593     1.00    5.77
 124028.428   170.237     1.75    5.19
 124396.180   171.154     2.49    4.42
 124763.861   171.937     2.13    3.90
 125131.471   173.025     2.96    3.19
 125499.011   173.430     1.10    3.03
 125866.480   174.025     1.62    3.20
 126233.879   174.544     1.41    3.08
 126601.207   174.881     0.92    2.94
 126968.464   175.237     0.97    3.04
 127335.651   174.464    -2.10    2.73
 127702.767   173.806    -1.79    2.63
 128069.813   173.408    -1.09    2.56
 128436.789   173.545     0.37    2.85
 128803.694   174.151     1.65    2.51
 129170.529   173.786    -1.00    2.87
 129537.294   172.453    -3.63    3.37
 129903.989   170.369    -5.68    3.78
 130270.613   168.130    -6.11    3.90
 130637.167   167.148    -2.68    4.38
 131003.651   163.535    -9.86    6.61
 131370.066   161.123    -6.58    6.85
 131736.410   159.140    -5.41    6.46
 132102.684   158.078    -2.90    5.25
 132468.888   159.761     4.59    5.68
 132835.023   162.440     7.32    4.59
 133201.087   165.202     7.54    3.53
 133579.365   166.544     3.55    2.74
 133959.930   167.834     3.39    2.24
 134340.418   169.007     3.08    2.31
 134720.831   169.892     2.33    2.72
 135101.167   171.203     3.45    2.95
 135481.427   173.369     5.70    2.98
 135861.610   174.487     2.94    2.51
 136241.718   175.277     2.08    2.59
 136621.749   176.748     3.87    3.71
 137001.704   177.783     2.72    4.00
 137381.584   176.737    -2.75    4.59
 137761.387   174.861    -4.94    4.57
 138141.114   174.036    -2.17    4.31
 138520.766   174.070     0.09    4.55
 138900.341   173.818    -0.67    4.78
 139279.841   172.692    -2.96    4.43
 139659.265   172.121    -1.51    3.67
 140038.614   173.524     3.70    3.83
 140417.886   175.285     4.64    3.82
 140797.083   175.828     1.43    3.38
 141176.205   174.159    -4.40    4.88
 141555.251   172.592    -4.13    4.79
 141934.221   172.140    -1.19    4.82
 142313.117   174.859     7.17    7.43
 142691.936   174.619    -0.63    7.59
 143070.681   172.289    -6.15    8.40
 143449.350   169.896    -6.32    7.92
 143827.943   169.501    -1.04    5.63
 144206.462   171.869     6.25    5.71
 144584.905   172.248     1.00    5.23
 144963.274   171.865    -1.01    5.63
 145341.567   171.198    -1.76    4.46
 145719.785   171.435     0.63    3.63
 146097.928   172.873     3.80    2.67
 146475.996   171.944    -2.46    2.98
 146853.990   171.209    -1.95    2.86
 147231.908   170.389    -2.17    2.34
 147609.752   169.237    -3.05    1.97
 147987.521   168.646    -1.56    1.87
 148365.215   168.703     0.15    1.91
 148742.834   168.970     0.71    1.76
 149120.379   169.373     1.07    2.52
 149497.849   169.749     0.99    2.65
 149875.245   168.976    -2.05    3.09
 150252.566   166.074    -7.69    5.19
 150629.813   162.036   -10.70    6.83
 151006.985   157.995   -10.71    5.71
 151384.083   155.312    -7.12    3.20
 151761.107   153.300    -5.33    2.84
 152138.056   152.144    -3.07    3.61
 152514.931   150.998    -3.04    2.95
 152891.732   150.795    -0.54    2.62
 153268.458   153.467     7.09    5.74
 153645.111   157.470    10.63    7.48
 154021.689   159.248     4.72    6.43
 154398.194   160.020     2.05    5.42
 154774.624   158.198    -4.84    4.59
 155150.981   157.573    -1.66    3.20
 155527.264   158.964     3.70    4.01
 155903.472   160.095     3.00    4.11
 156279.607   160.942     2.25    3.92
 156655.669   160.926    -0.04    4.78
 157031.656   159.594    -3.54    5.06
 157407.570   160.943     3.59    5.56
 157783.410   160.737    -0.55    5.83
 158159.176   160.581    -0.41    5.69
 158534.869   162.305     4.59    5.13
 158910.489   161.811    -1.32    4.30
 159286.035   163.521     4.55    5.40
 159661.507   163.592     0.19    6.19
 160036.907   161.984    -4.28    6.88
 160412.233   160.506    -3.94    6.40
 160787.485   158.550    -5.21    4.28
 161162.664   158.147    -1.07    3.53
 161537.770   157.358    -2.10    3.52
 161912.803   155.750    -4.29    3.04
 162287.763   154.476    -3.40    3.26
 162662.650   154.116    -0.96    3.33
 163037.464   153.510    -1.62    2.53
 163412.204   153.714     0.54    2.62
 163786.872   154.681     2.58    2.78
 164161.467   154.678    -0.01    3.10
 164535.989   154.887     0.56    2.97
 164910.438   155.491     1.61    2.39
 165284.814   155.055    -1.16    2.88
 165659.118   154.604    -1.21    3.41
 166033.348   154.634     0.08    3.49
 166407.507   155.690     2.82    4.55
 166781.592   158.270     6.90    4.67
 167155.605   159.952     4.50    4.28
 167529.545   159.967     0.04    4.12
 167903.413   160.131     0.44    3.86
 168277.209   159.806    -0.87    4.70
 168650.932   161.285     3.96    7.28
 169024.583   158.415    -7.68   11.66
 169398.161   159.107     1.85   13.09
 169771.667   161.123     5.40   12.47
 170145.101   164.138     8.07    9.22
 170518.463   165.567     3.83    5.86
 170891.752   162.796    -7.42    9.60
 171264.970   157.151   -15.12   13.99
 171638.115   151.149   -16.08   15.35
 172011.188   146.369   -12.81   13.56
 172384.189   144.511    -4.98   10.79
 172757.119   146.828     6.21    9.48
 173129.976   151.470    12.45    9.54
 173502.762   157.354    15.78    7.96
 173875.475   158.563     3.24    7.89
 174248.117   157.342    -3.28    8.16
 174620.687   155.163    -5.85    6.77
 174993.186   151.987    -8.52    4.50
 175365.612   149.596    -6.42    3.86
 175737.968   148.896    -1.88    4.31
 176110.251   145.668    -8.67    6.68
 176482.463   141.377   -11.53    7.71
 176854.604   137.737    -9.78    6.88
 177226.673   137.761     0.06    7.32
 177598.671   139.237     3.97    8.21
 177970.597   140.553     3.54    7.72
 178342.452   142.404     4.98    7.76
 178714.235   143.761     3.65    9.47
 179085.948   147.133     9.07   11.00
 179457.589   151.631    12.10   11.36
 179829.159   155.260     9.77    8.93
 180200.658   160.632    14.46    6.19
 180572.086   163.305     7.20    5.30
 180943.442   164.321     2.73    6.27
 181314.728   162.339    -5.34    9.65
 181685.943   155.860   -17.45   14.14
 182057.087   149.317   -17.63   13.89
 182428.159   144.884   -11.94    9.90
 182799.162   143.226    -4.47    8.50
 183170.093   143.957     1.97    7.85
 183540.953   140.979    -8.03    8.31
 183911.743   138.653    -6.27    8.62
 184282.462   141.612     7.98   13.60
 184653.111   144.443     7.64   13.26
 185023.688   143.930    -1.38   13.11
 185394.196   143.035    -2.42   13.65
 185764.632   136.953   -16.42   10.80
 186134.999   132.191   -12.86    3.87
 186505.294   132.063    -0.35    1.47
 186875.520   133.040     2.64    2.25
 187245.675   133.737     1.88    1.83
 187615.759   134.326     1.59    1.84
 187985.774   135.805     4.00    2.59
 188355.718   137.408     4.33    3.82
 188725.592   140.599     8.63    4.03
 189095.396   142.771     5.87    2.79
 189465.129   144.075     3.53    1.63
 189834.793   144.691     1.67    0.87
 190204.386   144.488    -0.55    1.05
 190573.910   143.588    -2.43    2.08
 190943.364   142.047    -4.17    2.39
 191312.747   139.601    -6.62    3.07
 191682.061   136.592    -8.15    3.50
 192051.305   134.248    -6.35    3.49
 192420.479   133.762    -1.32    3.21
 192789.583   136.335     6.97    4.69
 193158.618   139.214     7.80    4.81
 193527.582   142.237     8.19    2.72
 193896.478   144.416     5.91    2.31
 194265.303   145.123     1.92    2.38
 194634.059   144.726    -1.08    2.74
 195002.746   144.795     0.19    2.63
 195371.363   144.737    -0.16    2.39
 195739.910   146.473     4.71    3.46
 196108.388   149.669     8.67    4.44
 196476.797   152.144     6.72    3.26
 196845.136   153.071     2.51    2.30
 197213.406   153.043    -0.07    2.01
 197581.607   151.415    -4.42    2.53
 197949.739   150.294    -3.05    2.65
 198317.801   149.726    -1.54    2.56
 198685.795   149.567    -0.43    2.72
 199053.719   151.369     4.90    3.45
 199421.574   154.250     7.83    4.21
 199789.360   155.692     3.92    3.57
 200157.077   156.797     3.01    2.69
 200524.725   157.112     0.86    2.30
 200892.304   155.369    -4.74    3.12
 201259.815   153.818    -4.22    4.30
 201627.256   152.519    -3.53    4.12
 201994.629   151.123    -3.80    3.19
 202361.933   149.910    -3.30    2.28
 202729.168   148.703    -3.29    2.54
 203096.334   147.910    -2.16    2.28
 203463.432   147.190    -1.96    1.77
 203830.462   146.921    -0.73    1.68
 204197.422   147.153     0.63    1.51
 204564.315   147.174     0.06    1.58
 204931.138   147.457     0.77    1.70
 205297.894   146.783    -1.84    2.86
 205664.580   147.314     1.45    3.46
 206031.199   146.923    -1.07    3.82
 206397.749   145.657    -3.46    4.25
 206764.231   145.419    -0.65    3.83
 207130.644   144.796    -1.70    3.18
 207496.990   145.553     2.07    2.78
 207863.267   146.807     3.42    1.67
 208237.501   147.035     0.61    1.57
 208617.911   147.435     1.05    2.09
 208998.246   148.098     1.74    2.28
 209378.507   148.535     1.15    2.47
 209758.693   150.051     3.99    2.54
 210138.806   150.749     1.84    3.31
 210518.844   152.028     3.37    4.23
 210898.808   152.319     0.76    4.13
 211278.698   153.338     2.68    4.37
 211658.514   153.071    -0.70    4.41
 212038.255   151.889    -3.11    4.40
 212417.923   150.294    -4.20    4.77
 212797.517   147.890    -6.33    3.39
 213177.037   147.775    -0.31    3.28
 213556.484   148.555     2.06    3.54
 213935.856   149.653     2.89    3.05
 214315.155   149.935     0.74    2.03
 214694.380   149.497    -1.16    1.63
 215073.531   148.921    -1.52    1.74
 215452.608   146.935    -5.24    2.83
 215831.613   144.633    -6.07    3.39
 216210.543   142.882    -4.62    2.55
 216589.400   142.555    -0.86    1.93
 216968.184   142.645     0.24    1.51
 217346.894   143.023     1.00    1.37
 217725.531   142.669    -0.94    1.48
 218104.094   142.565    -0.27    1.74
 218482.584   141.926    -1.69    2.14
 218861.001   139.900    -5.35    4.14
 219239.345   134.086   -15.36    9.60
 219617.615   129.641   -11.75    9.12
 219995.813   128.197    -3.82    8.90
 220373.937   130.409     5.85    9.98
 220751.988   135.300    12.94    8.00
 221129.967   136.676     3.64    8.88
 221507.872   134.967    -4.52   10.67
 221885.704   134.638    -0.87   10.66
 222263.464   135.121     1.28    9.43
 222641.151   136.401     3.39    7.99
 223018.765   133.819    -6.84   10.93
 223396.306   130.269    -9.40   12.11
 223773.774   127.289    -7.89   12.63
 224151.170   125.006    -6.05   12.07
 224528.493   124.879    -0.34   10.03
 224905.744   123.063    -4.81    8.38
 225282.922   120.933    -5.65    7.25
 225660.028   117.435    -9.27    5.85
 226037.061   116.016    -3.76    4.97
 226414.022   116.015    -0.00    5.34
 226790.910   116.450     1.15    6.72
 227167.726   116.586     0.36    6.65
 227544.470   115.404    -3.14    6.55
 227921.142   112.726    -7.11    7.08
 228297.741   109.632    -8.21    5.90
 228674.268   106.857    -7.37    3.96
 229050.723   105.737    -2.97    2.67
 229427.106    98.220   -19.97   14.78
 229803.417    92.364   -15.56   15.90
 230179.656    89.601    -7.34   14.40
 230555.823    88.392    -3.21   13.37
 230931.918    92.952    12.12    9.00
 231307.941    95.958     7.99    4.19
 231683.893    97.063     2.94    3.50
 232059.772    97.232     0.45    3.59
 232435.580    96.354    -2.34    4.07
 232811.316    94.926    -3.80    3.75
 233186.981    94.852    -0.20    4.03
 233562.574    91.575    -8.72   10.03
 233938.095    84.214   -19.60   14.37
 234313.545    77.111   -18.91   13.86
 234688.923    69.467   -20.36    7.70
 235064.230    66.904    -6.83    4.20
 235439.465    66.094    -2.16    4.00
 235814.629    64.894    -3.20    3.28
 236189.721    63.679    -3.24    2.56
 236564.743    62.822    -2.29    2.10
 236939.693    63.040     0.58    2.42
 237314.571    62.846    -0.52    2.67
 237689.379    63.312     1.24    3.10
 238064.115    65.207     5.06    3.41
 238438.781    66.982     4.73    2.96
 238813.375    68.250     3.39    2.38
 239187.898    64.703    -9.47    7.38
 239562.351    59.825   -13.03    8.26
 239936.732    60.354     1.41    8.53
 240311.042    61.426     2.86    8.66
 240685.282    66.349    13.15    6.92
 241059.451    70.488    11.06    1.79
 241433.549    71.156     1.78    1.90
 241807.576    72.526     3.66    1.90
 242181.533    71.668    -2.29    3.25
 242555.419    69.301    -6.33    4.44
 242929.234    67.667    -4.37    4.23
 243302.978    63.138   -12.11    5.46
 243676.653    63.935     2.13    8.01
 244050.256    67.380     9.22    9.98
 244423.789    70.323     7.88    9.02
 244797.252    73.602     8.78    3.53
 245170.645    71.982    -4.34    3.65
 245543.967    70.886    -2.93    3.14
 245917.218    70.944     0.16    2.65
 246290.400    71.738     2.13    1.77
 246663.511    72.400     1.77    2.43
 247036.552    72.096    -0.81    2.50
 247409.523    72.830     1.97    3.03
 247782.424    74.063     3.31    3.93
 248155.255    76.094     5.45    3.93
 248528.015    77.355     3.38    2.71
 248900.706    77.238    -0.32    4.24
 249273.327    77.811     1.54    5.12
 249645.878    80.668     7.67    6.60
 250018.359    84.321     9.81    5.56
 250390.770    87.086     7.42    4.03
 250763.111    87.457     1.00    3.74
 251135.383    87.190    -0.72    3.55
 251507.585    87.323     0.36    3.39
 251879.717    86.829    -1.33    3.23
 252251.780    87.842     2.72    4.02
 252623.773    87.551    -0.78    5.46
 252995.696    87.812     0.70    5.89
 253367.550    87.319    -1.33    6.81
 253739.335    86.319    -2.69    7.10
 254111.050    85.797    -1.40    6.27
 254482.696    85.369    -1.15    6.88
 254854.272    86.396     2.76    6.84
 255225.779    88.063     4.49    5.69
 255597.216    88.607     1.46    4.92
 255968.585    89.964     3.66    3.76
 256339.884    91.857     5.10    2.87
 256711.114    93.404     4.17    3.24
 257082.275    96.226     7.60    3.47
 257453.367    98.354     5.73    4.19
 257824.390   101.762     9.18    5.33
 258195.343   104.479     7.32    5.22
 258566.228   105.585     2.98    5.20
 258937.044   105.197    -1.04    4.52
 259307.791   104.202    -2.68    4.06
 259678.469   103.404    -2.15    4.21
 260049.078   103.140    -0.71    4.52
 260419.619   102.528    -1.65    5.29
 260790.090   102.309    -0.59    4.81
 261160.493   104.970     7.18    5.15
 261530.828   107.874     7.84    4.42
 261901.093   112.102    11.42    5.92
 262271.290   115.080     8.04    6.30
 262641.419   114.879    -0.54    6.18
 263011.479   114.713    -0.45    5.24
 263381.470   117.633     7.89    8.32
 263751.394   121.827    11.34    9.85
 264121.248   126.447    12.49    9.24
 264491.035   130.846    11.90    7.29
 264860.753   134.633    10.24    9.75
 265230.402   137.579     7.97   10.79
 265599.984   142.214    12.54    9.99
 265969.497   143.970     4.75   10.16
 266338.942   145.949     5.36   10.55
 266708.319   148.396     6.62   10.69
 267077.628   151.349     7.99    9.86
 267446.869   154.063     7.35    8.18
 267816.041   152.178    -5.10    9.33
 268185.146   147.864   -11.69    9.70
 268554.183   144.063   -10.30    7.52
 268923.152   143.020    -2.83    4.80
 269292.053   145.063     5.54    4.47
 269660.886   147.867     7.60    3.61
 270029.651   149.994     5.77    2.38
 270398.349   150.809     2.21    2.01
 270766.979   151.652     2.29    1.63
 271135.541   150.979    -1.83    2.23
 271504.035   149.878    -2.99    2.52
 271872.462   146.900    -8.08    4.48
 272240.821   142.551   -11.81    6.29
 272609.113   138.063   -12.18    6.64
 272977.337   133.963   -11.13    3.33
 273345.494   133.479    -1.32    2.87
 273713.584   133.862     1.04    3.11
 274081.606   134.690     2.25    2.82
 274449.560   134.545    -0.39    2.33
 274817.447   134.821     0.75    1.92
 275185.268   136.345     4.14    2.90
 275553.020   138.098     4.77    3.09
 275920.706   139.557     3.97    2.44
 276288.324   143.201     9.91    5.41
 276655.875   148.043    13.17    8.64
 277023.360   155.433    20.10    9.72
 277390.777   161.237    15.79    6.97
 277758.127   164.494     8.86    2.87
 278125.410   163.585    -2.48    3.19
 278492.626   161.561    -5.51    3.37
 278859.775   159.255    -6.28    3.29
 279226.857   156.559    -7.34    3.27
 279593.873   155.072    -4.05    2.48
 279960.822   154.502    -1.55    2.07
 280327.704   154.195    -0.84    1.94
 280694.519   155.028     2.27    1.31
