# NaN NaN NaN ;Mean Elev.(m), Avg Gradient(m/km), RMS Gradient(m/km) - SRTM1     
#  100.006 -13.774  24.165 ;Mean Elev.(m), Avg Gradient(m/km), RMS Gradient(m/km) - ASTER GDEM
#  101.316 -13.736  26.887 ;Mean Elev.(m), Avg Gradient(m/km), RMS Gradient(m/km) - GMTED2010 
  8 127.992052  61.253566    98.421    98.421  2 52483.51727365 46.427
  9 128.001689  61.253266    95.749    95.749  2 52518.51723218 21.423
 11 127.995105  61.254056    95.613    95.613  2 52588.51726442 29.551
 13 127.992321  61.253182    95.588    95.588  2 52658.51723438 13.843
 15 127.993935  61.253720    96.217    96.217  2 52728.51725396  9.048
 16 127.993024  61.254768    95.557    95.557  2 52763.51726669 18.759
 17 127.986738  61.252199   100.713   100.713  2 52798.51724059 49.888
 18 127.985994  61.253794    98.253    98.253  2 52833.51731110 18.756
 20 127.995154  61.252781   156.286   156.286  2 52903.51736607 13.513
 21 128.004859  61.253763    96.158    96.158  2 52938.51730267 43.175
 22 127.984189  61.253511    95.839    95.839  2 52973.51733926 26.855
 23 127.988587  61.252149    95.821    95.821  2 53008.51734694 17.361
 25 127.990255  61.253314    95.117    95.117  2 53078.51733820 11.368
 27 127.985809  61.252644   228.435   228.710  3 53148.51735388  6.309
 28 127.995758  61.254152   227.589   227.589  2 53183.51735157  1.026
 29 127.993032  61.253077    98.322    98.322  2 53218.51737591 34.922
 30 127.997035  61.255151   100.537   100.537  2 53253.51735373 29.824
 33 128.004635  61.253847    96.549    96.549  2 53358.51729513 14.520
 37 127.982772  61.253049   228.210   228.210  2 53498.51739588  5.034
 38 127.996550  61.255067   103.670   103.670  2 53533.51737909 43.801
 39 127.989095  61.253134   100.076   100.112  3 53568.51739596 38.839
 40 128.001872  61.255258   226.268   226.268  2 53603.51734180  2.293
 49 127.983567  61.253060   100.161   100.161  2 53918.51734325 41.447
 50 127.985649  61.251483    97.809    97.809  2 53953.51734512 45.537
 52 127.984455  61.252606    96.936    96.936  2 54023.51732583 45.341
 53 127.997262  61.253808    96.151    96.151  2 54058.51731812 22.155
 58 127.990362  61.252068   226.728   226.728  2 54233.51728142  6.802
 59 127.993723  61.252803   100.816   100.816  2 54268.51730054 28.300
 60 127.991899  61.254883   228.007   228.007  2 54303.51730450  1.011
 62 127.988323  61.252785   100.369   100.369  2 54373.51723765 26.681
 63 127.993256  61.253219    95.569    95.569  2 54408.51723474 33.692
 69 127.991131  61.254254   180.747   180.747  2 54618.51722996 13.403
 70 127.991844  61.252180    98.979    98.979  2 54653.51724118 31.426
 73 127.992683  61.253919    97.233    97.233  2 54758.51720599 16.339
 75 127.990083  61.254043    96.659    96.659  2 54828.51720479 17.120
 77 127.992803  61.254941    98.668    98.668  2 54898.51720450 10.231
 79 127.991598  61.253324   227.620   227.190  3 54968.51720570  2.167
 80 127.989211  61.252817   101.444   101.438  3 55003.51722531 46.941
 81 127.993501  61.253582    98.876    98.876  2 55038.51721227 19.675
 82 127.997036  61.254085    99.395    99.395  2 55073.51719738 52.561
 83 127.984107  61.252579   158.637   158.602  3 55108.51714463 12.422
 84 127.993116  61.253487    96.245    96.232  3 55143.51714879 32.230
 86 127.992853  61.253302    99.892    99.892  2 55213.51714346 12.919
 87 127.987391  61.252181    95.935    95.935  2 55248.51711738 13.046
 88 127.995849  61.252486    95.826    95.826  2 55283.51713704 11.560
 90 127.993346  61.254923    99.225    99.225  2 55353.51711040 51.980
 91 127.984177  61.251418   100.679   100.679  2 55388.51710768 45.257
 92 127.994103  61.252722    97.480    97.480  2 55423.51712758 31.477
 93 127.998915  61.254201    98.452    98.452  2 55458.51709929 14.153
