# NaN NaN NaN ;Mean Elev.(m), Avg Gradient(m/km), RMS Gradient(m/km) - SRTM1     
#  150.332   1.302  64.509 ;Mean Elev.(m), Avg Gradient(m/km), RMS Gradient(m/km) - ASTER GDEM
#  153.000   1.229  67.883 ;Mean Elev.(m), Avg Gradient(m/km), RMS Gradient(m/km) - GMTED2010 
  7   164.517 52459.55505756 13.84 114.783632  60.651203 12.194
  7   165.094 52459.55505821 14.43 114.781362  60.654363 12.194
 10   156.886 52564.55505053 44.34 114.784638  60.649183 19.935
 10   157.574 52564.55505117 43.87 114.782358  60.652353 19.935
 12   163.650 52634.55503146  4.57 114.776394  60.644577  6.950
 12   162.069 52634.55503210  5.65 114.774124  60.647737  6.950
 13   158.932 52669.55504313  6.12 114.783103  60.647567  7.666
 13   162.473 52669.55504377  5.31 114.780823  60.650727  7.666
 13   157.720 52669.55504441  5.93 114.778553  60.653887  7.666
 14   158.027 52704.55502952  4.97 114.779671  60.648473  7.273
 14   156.717 52704.55503016  4.87 114.777401  60.651633  7.273
 18   157.737 52844.55514435 39.93 114.775212  60.646767 20.823
 18   157.000 52844.55514500 39.27 114.772942  60.649927 20.823
 19   165.590 52879.55518245 42.18 114.778474  60.648800 17.641
 19   165.788 52879.55518309 39.84 114.776204  60.651960 17.641
 20   170.440 52914.55514071  7.83 114.792309  60.653719 11.702
 20   170.893 52914.55514136  8.75 114.790029  60.656879 11.702
 21   155.961 52949.55509848 36.41 114.777439  60.644706 17.785
 21   158.895 52949.55509913 35.10 114.775159  60.647876 17.785
 22   158.414 52984.55512588  8.28 114.785932  60.648412  8.641
 22   158.569 52984.55512652  9.19 114.783652  60.651572  8.641
 22   158.564 52984.55512717  9.89 114.781382  60.654742  8.641
 23   167.147 53019.55511804  3.21 114.788256  60.652128 14.298
 23   165.192 53019.55511869  3.73 114.785986  60.655288 14.298
 24   166.590 53054.55510250  0.45 114.781720  60.647097 11.012
 24   165.978 53054.55510315  1.73 114.779450  60.650257 11.012
 28   161.753 53194.55516565 41.62 114.786588  60.649231 11.961
 28   163.325 53194.55516629 42.68 114.784318  60.652391 11.961
 28   160.343 53194.55516694 44.00 114.782048  60.655561 11.961
 29   164.191 53229.55515641 15.45 114.789419  60.650419 17.878
 29   164.906 53229.55515705 15.37 114.787139  60.653589 17.878
 29   168.634 53229.55515770 19.78 114.784869  60.656749 17.878
 30   161.508 53264.55512864 20.17 114.789266  60.654655  9.132
 30   161.765 53264.55512928 20.36 114.786996  60.657815  9.132
 33   168.097 53369.55508453 11.62 114.793423  60.654135 14.318
 33   164.050 53369.55508518 10.35 114.791143  60.657295 14.318
 34   164.201 53404.55511615  6.15 114.779372  60.648858 11.174
 34   164.419 53404.55511680  5.18 114.777092  60.652018 11.174
 35   163.795 53439.55510450  4.04 114.789660  60.654080  9.415
 35   164.779 53439.55510514  4.21 114.787390  60.657240  9.415
 38   164.428 53544.55519826 23.84 114.782448  60.647124  6.789
 38   164.258 53544.55519890 26.72 114.780178  60.650294  6.789
 38   163.221 53544.55519955 27.35 114.777908  60.653454  6.789
 40   157.608 53614.55513201 45.45 114.787646  60.653472 12.478
 40   159.203 53614.55513266 43.27 114.785376  60.656632 12.478
 41   158.685 53649.55513893 33.94 114.780633  60.647255 13.776
 41   158.595 53649.55513957 41.84 114.778363  60.650415 13.776
 42   155.935 53684.55515153 38.88 114.781048  60.647298 20.784
 42   155.877 53684.55515217 39.65 114.778778  60.650468 20.784
 43   164.181 53719.55507890  4.49 114.792865  60.653057 16.018
 43   164.672 53719.55507954  4.90 114.790585  60.656217 16.018
 43   163.956 53719.55508019  4.88 114.788315  60.659387 16.018
 44   165.321 53754.55500152  2.73 114.781876  60.648943 12.453
 44   166.709 53754.55500217  1.49 114.779596  60.652103 12.453
 45   163.587 53789.55503212  3.66 114.787192  60.652900  6.289
 45   165.890 53789.55503276  4.00 114.784922  60.656060  6.289
 46   164.991 53824.55498720  1.66 114.775736  60.646800 11.670
 46   166.545 53824.55498784  0.97 114.773466  60.649960 11.670
 47   168.169 53859.55508043 15.56 114.776482  60.646537  8.623
 47   168.510 53859.55508108 18.23 114.774212  60.649697  8.623
 49   158.698 53929.55515236 34.56 114.775760  60.645363 13.848
 49   161.685 53929.55515301 32.57 114.773490  60.648523 13.848
 50   165.699 53964.55513209 38.80 114.781952  60.648419 22.323
 50   166.394 53964.55513274 35.86 114.779682  60.651579 22.323
 52   156.080 54034.55513129 41.00 114.781919  60.648336 19.911
 52   158.521 54034.55513193 42.22 114.779649  60.651496 19.911
 53   157.449 54069.55512577 14.90 114.784463  60.651484 11.634
 53   158.215 54069.55512641 13.16 114.782193  60.654644 11.634
 54   159.101 54104.55508133  4.22 114.791743  60.651945  6.671
 54   160.968 54104.55508198  4.83 114.789473  60.655105  6.671
 54   166.137 54104.55508262  4.91 114.787203  60.658265  6.671
 55   158.573 54139.55505615  4.00 114.779216  60.646177  6.265
 55   164.245 54139.55505679  3.80 114.776946  60.649337  6.265
 56   156.575 54174.55506046  5.79 114.787786  60.650719  6.313
 56   156.312 54174.55506110  5.98 114.785516  60.653889  6.313
 56   160.278 54174.55506175  5.65 114.783246  60.657049  6.313
 57   159.710 54209.55506246  1.74 114.778273  60.646226 10.161
 57   159.677 54209.55506311  2.38 114.776003  60.649386 10.161
 59   163.420 54279.55510619 15.83 114.781035  60.650891  6.743
 59   163.700 54279.55510683 18.93 114.778765  60.654051  6.743
 60   164.921 54314.55510582 36.19 114.784754  60.651956 22.340
 60   165.269 54314.55510647 36.43 114.782484  60.655116 22.340
 61   157.677 54349.55507504 43.74 114.790004  60.651441 14.690
 61   161.310 54349.55507568 44.90 114.787734  60.654611 14.690
 61   157.102 54349.55507633 45.03 114.785464  60.657771 14.690
 62   158.084 54384.55504327 42.17 114.781265  60.647157 16.960
 62   161.705 54384.55504391 42.25 114.778985  60.650317 16.960
 63   163.994 54419.55502447 34.87 114.787881  60.650739 23.068
 63   159.879 54419.55502512 40.01 114.785611  60.653899 23.068
 63   160.245 54419.55502576 26.72 114.783341  60.657059 23.068
 64   163.126 54454.55501413 11.53 114.777199  60.644276 19.013
 64   163.436 54454.55501477 11.50 114.774919  60.647436 19.013
 65   162.165 54489.55502389  6.09 114.787381  60.649478 10.762
 65   162.115 54489.55502453  5.99 114.785111  60.652648 10.762
 65   161.682 54489.55502518  5.72 114.782831  60.655808 10.762
 68   157.711 54594.55502376 20.59 114.783209  60.647900  9.643
 68   161.029 54594.55502440 18.21 114.780939  60.651060  9.643
 68   160.513 54594.55502505 23.00 114.778659  60.654230  9.643
 69   165.322 54629.55503830 42.72 114.782860  60.649490 13.858
 69   164.895 54629.55503894 40.47 114.780590  60.652650 13.858
 70   161.930 54664.55504474 23.09 114.781817  60.647023  8.441
 70   161.305 54664.55504539 23.58 114.779537  60.650183  8.441
 70   162.217 54664.55504603 23.39 114.777267  60.653343  8.441
 74   165.021 54804.55499672  7.89 114.777512  60.645503 16.962
 74   163.351 54804.55499736  9.54 114.775242  60.648663 16.962
 75   164.587 54839.55499125  1.57 114.783005  60.650671  9.260
 75   165.625 54839.55499189  1.75 114.780725  60.653831  9.260
 76   162.615 54874.55499697  2.87 114.780234  60.646483  5.345
 76   165.385 54874.55499762  2.19 114.777964  60.649653  5.345
 80   164.378 55014.55502068 20.85 114.784376  60.648031  5.150
 80   164.584 55014.55502132 20.93 114.782106  60.651201  5.150
 80   164.674 55014.55502197 22.22 114.779826  60.654361  5.150
 82   165.589 55084.55498338 22.40 114.789629  60.654740 17.896
 82   168.821 55084.55498403 20.67 114.787359  60.657910 17.896
 84   158.044 55154.55494183 15.52 114.785544  60.650235 13.750
 84   157.047 55154.55494247 16.56 114.783274  60.653405 13.750
 85   159.396 55189.55493553  7.70 114.778160  60.645101  8.257
 85   159.652 55189.55493617  9.02 114.775890  60.648261  8.257
 86   158.160 55224.55494181  4.84 114.783943  60.651609  7.707
 86   156.551 55224.55494246  6.45 114.781663  60.654769  7.707
 87   157.370 55259.55493181  3.32 114.782432  60.648958  6.196
 87   156.773 55259.55493245  3.50 114.780162  60.652128  6.196
 88   158.365 55294.55492856  2.72 114.788135  60.653050  5.341
 88   156.873 55294.55492921  3.19 114.785865  60.656220  5.341
 90   165.287 55364.55490867 12.94 114.786345  60.651671 17.931
 90   169.127 55364.55490931 13.31 114.784065  60.654831 17.931
 91   165.145 55399.55491874 10.99 114.777624  60.646883  8.621
 91   162.130 55399.55491939 13.51 114.775354  60.650043  8.621
 92   161.323 55434.55492493 33.72 114.785894  60.650147  9.474
 92   162.813 55434.55492558 30.16 114.783614  60.653307  9.474
 93   164.037 55469.55487997 34.02 114.793086  60.652993 22.530
 93   164.467 55469.55488061 35.27 114.790816  60.656153 22.530
 93   163.444 55469.55488126 37.32 114.788546  60.659323 22.530
