-128560.275   328.236     0.00   28.61
-128193.179   350.650    61.05   42.40
-127825.995   377.156    72.18   51.23
-127458.722   405.621    77.50   48.49
-127091.361   419.847    38.72   42.89
-126723.912   429.548    26.40   33.07
-126356.374   440.049    28.57   23.79
-125988.748   437.284    -7.52   24.59
-125621.033   437.275    -0.02   23.17
-125253.229   439.633     6.41   21.65
-124885.337   441.428     4.88   18.24
-124517.356   433.405   -21.80   21.00
-124149.286   421.452   -32.47   22.28
-123781.128   405.912   -42.21   16.79
-123412.880   391.677   -38.65   21.50
-123044.543   380.279   -30.94   22.39
-122676.118   377.159    -8.47   22.80
-122307.603   382.240    13.79   28.36
-121938.998   397.418    41.18   32.89
-121570.305   418.063    55.99   36.80
-121201.522   444.477    71.62   43.27
-120832.650   466.642    60.08   39.25
-120463.688   480.918    38.69   29.74
-120094.637   473.146   -21.06   39.34
-119725.496   448.843   -65.83   38.45
-119356.266   428.756   -54.40   25.80
-118986.945   432.650    10.54   36.42
-118617.535   452.481    53.68   45.28
-118248.035   483.518    83.99   46.61
-117878.446   507.633    65.24   46.13
-117508.766   520.506    34.82   44.33
-117138.996   536.476    43.19   41.41
-116769.136   540.128     9.87   42.87
-116399.185   520.801   -52.24   52.43
-116029.145   499.905   -56.47   57.46
-115659.014   477.595   -60.27   53.07
-115288.793   486.457    23.94   53.92
-114918.481   500.378    37.59   53.15
-114548.079   541.598   111.28   74.93
-114177.586   587.106   122.82   83.82
-113807.003   621.876    93.82   77.27
-113436.328   626.519    12.53   80.37
-113065.563   612.441   -37.97   84.04
-112694.708   596.045   -44.21   69.71
-112323.761   591.829   -11.37   55.20
-111952.723   603.463    31.35   40.59
-111581.594   614.598    30.00   30.81
-111210.374   627.602    35.03   30.51
-110839.063   622.320   -14.23   45.98
-110467.661   597.774   -66.08   53.26
-110096.167   573.367   -65.70   41.69
-109724.582   559.457   -37.43   34.67
-109352.906   546.164   -35.76   39.26
-108981.138   524.019   -59.56   51.92
-108609.278   499.524   -65.87   50.92
-108237.327   491.729   -20.96   41.56
-107865.284   490.155    -4.23   40.58
-107493.149   501.972    31.75   39.50
-107120.922   520.957    51.00   38.65
-106748.603   530.487    25.59   41.38
-106376.193   534.833    11.67   45.58
-106003.690   535.311     1.28   46.56
-105631.095   538.747     9.22   44.23
-105258.408   553.355    39.19   46.89
-104885.629   576.595    62.34   37.23
-104512.758   594.530    48.09   32.16
-104139.794   606.458    31.98   32.30
-103766.737   596.824   -25.82   37.29
-103393.588   574.552   -59.68   53.40
-103020.346   541.863   -87.58   62.87
-102647.012   514.887   -72.25   58.42
-102273.585   504.946   -26.62   54.63
-101900.065   504.861    -0.23   43.41
-101526.453   497.812   -18.86   31.39
-101152.747   475.456   -59.82   41.80
-100778.948   445.150   -81.07   43.50
-100405.056   424.650   -54.83   30.90
-100031.071   422.238    -6.45   27.21
 -99656.993   437.017    39.51   32.03
 -99282.822   463.738    71.41   36.75
 -98908.557   482.896    51.18   36.31
 -98534.199   475.332   -20.20   34.86
 -98159.747   464.492   -28.95   31.86
 -97785.202   463.391    -2.94   31.90
 -97410.563   477.817    38.50   41.20
 -97035.830   512.041    91.32   44.95
 -96661.003   532.676    55.05   44.56
 -96286.083   544.918    32.65   40.62
 -95911.069   553.398    22.61   36.97
 -95535.961   551.367    -5.41   41.11
 -95160.758   543.785   -20.21   44.14
 -94785.462   543.374    -1.10   44.35
 -94410.071   546.474     8.26   40.87
 -94034.586   544.291    -5.82   31.63
 -93659.007   534.614   -25.76   34.17
 -93283.333   504.177   -81.02   44.81
 -92907.565   466.755   -99.58   44.29
 -92531.703   434.668   -85.36   37.94
 -92155.745   409.607   -66.66   34.20
 -91779.693   388.336   -56.56   25.96
 -91403.546   376.900   -30.40   22.70
 -91027.305   369.891   -18.63   25.05
 -90650.968   360.484   -25.00   26.17
 -90274.537   354.907   -14.81   25.36
 -89898.010   348.789   -16.25   25.86
 -89521.388   339.702   -24.13   27.99
 -89144.672   335.245   -11.83   26.56
 -88767.859   336.840     4.23   32.48
 -88390.952   337.078     0.63   41.32
 -88013.949   329.546   -19.98   41.53
 -87636.851   321.025   -22.59   36.65
 -87259.657   316.824   -11.14   35.23
 -86882.367   308.913   -20.97   36.97
 -86504.982   309.238     0.86   35.68
 -86127.501   307.129    -5.59   31.15
 -85749.924   309.441     6.12   32.12
 -85372.251   323.911    38.31   32.69
 -84994.482   340.136    42.95   40.43
 -84616.617   363.607    62.11   50.84
 -84238.656   388.222    65.12   49.22
 -83860.599   402.580    37.98   42.03
 -83482.446   399.685    -7.66   50.54
 -83104.196   385.916   -36.40   47.20
 -82725.850   376.007   -26.19   40.85
 -82347.407   369.184   -18.03   42.37
 -81968.868   348.245   -55.31   56.55
 -81590.232   306.632  -109.90   61.27
 -81211.499   267.772  -102.60   50.53
 -80832.670   258.376   -24.80   43.69
 -80453.743   281.355    60.64   66.68
 -80074.720   317.120    94.36   63.57
 -79695.600   352.827    94.18   36.73
 -79316.383   347.242   -14.73   46.60
 -78937.068   320.513   -70.46   48.28
 -78557.656   299.146   -56.31   40.49
 -78178.147   290.375   -23.11   36.44
 -77798.541   301.694    29.82   39.17
 -77418.837   311.659    26.24   41.16
 -77039.036   324.163    32.92   42.28
 -76659.137   339.520    40.42   43.00
 -76279.140   358.554    50.09   37.42
 -75899.046   374.885    42.96   38.26
 -75518.853   386.918    31.65   40.59
 -75138.563   404.763    46.92   38.48
 -74758.175   414.763    26.29   35.31
 -74377.689   411.073    -9.70   39.98
 -73997.105   413.876     7.36   41.09
 -73616.422   419.124    13.79   36.53
 -73235.641   415.106   -10.55   33.03
 -72854.762   402.850   -32.18   41.33
 -72473.785   374.418   -74.63   50.56
 -72092.709   343.150   -82.05   40.31
 -71711.534   332.326   -28.40   31.40
 -71330.261   348.016    41.15   54.51
 -70948.889   388.081   105.05   74.05
 -70567.418   438.326   131.71   67.70
 -70185.848   462.095    62.29   56.49
 -69804.180   459.596    -6.55   58.71
 -69422.412   450.245   -24.49   58.98
 -69040.545   449.659    -1.53   51.59
 -68658.579   455.137    14.34   50.21
 -68276.514   452.075    -8.01   48.88
 -67894.349   441.297   -28.20   54.67
 -67512.085   411.892   -76.92   51.97
 -67137.160   390.945   -55.87   34.61
 -66773.441   391.271     0.90   32.27
 -66409.634   405.102    38.01   39.95
 -66045.739   436.220    85.51   47.79
 -65681.757   464.719    78.29   46.76
 -65317.687   481.614    46.40   42.87
 -64953.529   472.042   -26.29   41.96
 -64589.283   463.511   -23.42   39.67
 -64224.949   466.016     6.88   42.15
 -63860.527   471.377    14.71   42.21
 -63496.016   467.389   -10.94   45.85
 -63131.418   442.172   -69.16   53.94
 -62766.731   418.488   -64.94   41.55
 -62401.956   415.531    -8.11   45.74
 -62037.092   428.797    36.36   47.56
 -61672.140   439.469    29.24   37.88
 -61307.099   436.214    -8.92   37.85
 -60941.970   428.392   -21.42   40.02
 -60576.752   419.457   -24.46   35.29
 -60211.445   418.659    -2.19   33.50
 -59846.049   418.538    -0.33   33.72
 -59480.565   411.999   -17.89   36.90
 -59114.991   396.555   -42.24   44.72
 -58749.329   372.659   -65.35   51.88
 -58383.577   339.427   -90.86   55.23
 -58017.736   304.905   -94.36   43.96
 -57651.806   280.518   -66.64   35.41
 -57285.787   259.485   -57.46   37.98
 -56919.679   248.108   -31.07   34.07
 -56553.481   247.478    -1.72   40.64
 -56187.193   255.402    21.63   47.30
 -55820.816   265.703    28.11   44.84
 -55454.350   278.429    34.73   38.82
 -55087.793   280.685     6.15   36.47
 -54721.148   297.615    46.18   43.36
 -54354.412   325.392    75.74   40.96
 -53987.586   349.855    66.69   42.14
 -53620.671   366.566    45.54   45.10
 -53253.665   379.142    34.26   41.27
 -52886.569   380.341     3.27   41.41
 -52519.384   358.771   -58.74   55.36
 -52152.108   334.512   -66.05   52.93
 -51784.741   321.241   -36.12   42.64
 -51417.285   336.383    41.21   50.27
 -51049.738   365.305    78.69   49.01
 -50682.101   391.571    71.44   34.12
 -50314.373   397.498    16.12   33.49
 -49946.554   385.990   -31.29   34.96
 -49578.645   358.418   -74.94   38.97
 -49210.645   343.116   -41.58   33.59
 -48842.554   346.948    10.41   39.66
 -48474.373   369.047    60.02   47.84
 -48106.100   386.992    48.73   37.38
 -47737.737   383.271   -10.10   38.32
 -47369.282   360.437   -61.97   44.87
 -47000.736   340.669   -53.64   40.61
 -46632.100   342.967     6.23   41.52
 -46263.371   347.702    12.84   37.82
 -45894.552   369.033    57.83   35.45
 -45525.641   380.787    31.86   30.26
 -45156.639   387.956    19.43   24.31
 -44787.545   370.794   -46.50   37.58
 -44418.359   341.736   -78.71   40.57
 -44049.082   313.383   -76.78   31.57
 -43679.713   301.659   -31.74   28.43
 -43310.252   292.650   -24.38   28.21
 -42940.700   283.486   -24.80   26.80
 -42571.055   277.907   -15.09   28.93
 -42201.318   275.905    -5.41   33.29
 -41831.490   279.506     9.74   45.73
 -41461.569   280.245     2.00   50.55
 -41091.556   271.055   -24.83   48.88
 -40721.450   268.659    -6.48   42.28
 -40351.253   270.765     5.69   41.16
 -39980.963   280.941    27.48   52.74
 -39610.580   287.632    18.07   58.32
 -39240.105   268.726   -51.03   60.40
 -38869.537   246.788   -59.20   53.36
 -38498.876   225.181   -58.29   40.88
 -38128.123   218.294   -18.58   40.65
 -37757.277   221.036     7.39   45.27
 -37386.338   219.116    -5.18   46.87
 -37015.306   225.745    17.87   52.47
 -36644.181   231.859    16.47   64.81
 -36272.962   242.012    27.35   77.51
 -35901.651   255.204    35.53   89.91
 -35530.246   262.539    19.75   92.63
 -35158.748   251.430   -29.90   87.46
 -34787.157   222.442   -78.01   67.84
 -34415.472   205.591   -45.33   46.34
 -34043.693   205.448    -0.38   47.64
 -33671.821   243.659   102.75   68.11
 -33299.855   284.943   110.99   70.49
 -32927.796   319.797    93.68   68.06
 -32555.643   336.522    44.94   69.23
 -32183.395   346.941    27.99   70.01
 -31811.054   350.311     9.05   60.83
 -31438.619   360.409    27.11   55.61
 -31066.090   384.030    63.41   52.42
 -30693.466   414.879    82.79   56.96
 -30320.748   450.323    95.09   57.96
 -29947.936   483.540    89.10   44.57
 -29575.030   490.159    17.75   43.19
 -29202.029   464.032   -70.04   68.20
 -28828.933   417.245  -125.40   77.51
 -28455.743   387.514   -79.67   60.52
 -28082.458   406.428    50.67   75.01
 -27709.079   449.969   116.61   90.39
 -27335.604   512.491   167.40   86.96
 -26962.035   559.890   126.88   66.10
 -26588.371   579.981    53.77   58.72
 -26214.612   585.650    15.17   56.06
 -25840.757   587.217     4.19   54.67
 -25466.808   585.405    -4.85   69.62
 -25092.763   563.537   -58.46   94.75
 -24718.623   511.668  -138.64  112.06
 -24344.387   456.616  -147.10  102.21
 -23970.056   408.454  -128.66   79.90
 -23595.630   376.794   -84.55   53.59
 -23221.108   365.288   -30.72   41.41
 -22846.490   367.420     5.69   38.85
 -22471.776   371.084     9.78   43.98
 -22096.967   364.047   -18.77   52.59
 -21722.061   345.701   -48.93   63.05
 -21347.060   318.861   -71.57   57.08
 -20971.962   303.777   -40.21   67.80
 -20596.769   290.710   -34.83   74.36
 -20221.479   269.727   -55.91   72.87
 -19846.093   259.472   -27.32   66.00
 -19470.611   240.387   -50.83   55.71
 -19095.032   229.558   -28.83   52.02
 -18719.356   228.436    -2.99   57.36
 -18343.585   245.120    44.40   73.71
 -17967.716   250.898    15.37   79.23
 -17591.751   244.099   -18.09   82.79
 -17215.689   211.911   -85.59   71.34
 -16839.530   188.432   -62.42   44.98
 -16463.274   201.970    35.98   55.20
 -16086.921   233.435    83.60   56.41
 -15710.471   259.227    68.51   39.72
 -15333.924   252.420   -18.08   45.91
 -14957.279   227.509   -66.14   47.04
 -14580.538   202.339   -66.81   38.90
 -14203.699   193.341   -23.88   43.54
 -13826.762   209.206    42.09   56.27
 -13449.728   227.888    49.55   56.85
 -13072.596   249.489    57.28   48.78
 -12695.367   264.847    40.71   44.41
 -12318.039   286.792    58.16   39.52
 -11940.614   302.818    42.46   35.19
 -11563.091   313.452    28.17   35.52
 -11185.470   318.905    14.44   39.23
 -10807.751   316.557    -6.21   42.79
 -10429.934   306.457   -26.73   43.02
 -10052.019   291.924   -38.46   32.24
  -9674.005   285.668   -16.55   23.32
  -9295.893   275.684   -26.40   18.46
  -8917.682   260.863   -39.19   25.04
  -8539.373   238.676   -58.65   37.30
  -8160.966   217.855   -55.02   38.55
  -7782.459   192.037   -68.21   39.54
  -7403.854   163.532   -75.29   51.38
  -7025.150   120.095  -114.70   63.58
  -6646.347    84.049   -95.16   58.25
  -6267.445    59.456   -64.91   37.92
  -5888.445    80.894    56.57   63.45
  -5509.344   108.582    73.04   72.51
  -5130.145   127.489    49.86   70.98
  -4750.847   114.786   -33.49   73.01
  -4371.449    87.129   -72.90   66.69
  -3991.951    62.059   -66.06   56.91
  -3612.354    46.038   -42.20   52.63
  -3232.658    36.264   -25.74   53.07
  -2852.861    29.960   -16.60   53.73
  -2472.965    15.289   -38.62   31.98
  -2092.970     6.780   -22.39   14.43
  -1712.874     3.294    -9.17    9.09
  -1332.678     1.844    -3.82    5.89
   -952.382     0.811    -2.71    2.68
   -571.986     0.481    -0.87    0.59
   -191.490     0.518     0.10    0.34
    189.107     0.526     0.02    0.33
    569.804     0.356    -0.45    0.46
    950.601     0.079    -0.73    0.50
   1331.499    -0.167    -0.65    0.39
   1712.498    -0.392    -0.59    0.48
   2093.597    -0.980    -1.54    1.75
   2474.797    -0.494     1.28    4.05
   2856.098     1.616     5.53    8.83
   3237.500     6.792    13.57   15.61
   3619.003    10.888    10.74   18.96
   4000.607    17.083    16.23   23.22
   4382.312    24.600    19.69   25.97
   4764.118    32.755    21.36   27.76
   5146.026    40.438    20.12   27.92
   5528.035    49.323    23.26   27.68
   5910.146    58.877    25.00   26.61
   6292.358    68.802    25.97   23.32
   6674.672    74.529    14.98   20.72
   7057.088    74.167    -0.95   21.39
   7439.606    73.092    -2.81   25.61
   7803.670    76.633     9.73   29.10
   8167.236    76.334    -0.82   32.31
   8530.892    69.659   -18.35   33.69
   8894.637    56.281   -36.78   31.08
   9258.472    51.540   -13.03   35.82
   9622.397    61.624    27.71   52.83
   9986.411    88.742    74.50   66.68
  10350.515   120.288    86.64   66.59
  10714.708   144.343    66.05   54.04
  11078.992   157.750    36.81   41.64
  11443.365   163.543    15.90   32.53
  11807.828   170.642    19.48   30.49
  12172.381   180.187    26.18   35.93
  12537.025   188.571    22.99   41.32
  12901.759   184.096   -12.27   43.27
  13266.582   161.348   -62.35   54.59
  13631.497   122.273  -107.08   59.54
  13996.501    87.492   -95.29   52.57
  14361.596    66.814   -56.64   36.99
  14726.782    81.210    39.42   58.48
  15092.058   113.075    87.24   69.62
  15457.425   155.252   115.44   60.43
  15822.882   186.617    85.82   48.96
  16188.430   192.609    16.39   49.26
  16554.069   196.150     9.69   48.83
  16919.800   198.825     7.31   41.42
  17285.621   201.600     7.58   34.00
  17651.533   207.711    16.70   27.36
  18017.536   213.362    15.44   25.27
  18383.630   220.090    18.38   22.54
  18749.816   224.845    12.99   18.20
  19116.093   228.743    10.64   13.46
  19482.461   231.229     6.79    8.64
  19848.921   230.814    -1.13    7.37
  20215.472   227.045   -10.28   10.46
  20582.115   221.922   -13.97   14.24
  20948.850   215.667   -17.06   17.38
  21315.677   209.057   -18.02   19.09
  21682.595   200.438   -23.49   19.28
  22049.605   191.692   -23.83   17.58
  22416.707   182.261   -25.69   14.00
  22783.901   171.032   -30.58   13.11
  23151.187   159.915   -30.27   13.50
  23518.565   154.633   -14.38   10.12
  23886.036   160.525    16.04   15.59
  24253.599   166.659    16.69   17.03
  24621.254   177.026    28.20   11.85
  24989.002   184.336    19.88    6.58
  25356.842   188.740    11.97    5.69
  25724.774   193.811    13.78    5.91
  26092.800   197.625    10.36    5.11
  26460.918   201.080     9.38    4.09
  26829.129   203.150     5.62    3.69
  27197.433   203.125    -0.07    3.69
  27565.829   201.777    -3.66    5.25
  27934.319   200.692    -2.95    7.50
  28302.902   201.596     2.45   10.58
  28671.577   206.701    13.85   13.01
  29040.346   212.667    16.18   12.14
  29409.209   218.223    15.06    8.20
  29778.165   219.402     3.20    6.08
  30147.214   215.633   -10.21    8.98
  30516.356   206.775   -24.00   14.81
  30885.592   194.831   -32.35   19.94
  31254.922   179.463   -41.61   23.23
  31624.346   164.442   -40.66   23.66
  31993.863   149.092   -41.54   21.58
  32363.474   136.049   -35.29   16.54
  32733.179   127.011   -24.45   13.59
  33102.978   119.297   -20.86   13.61
  33472.871   112.890   -17.32   16.49
  33842.859   106.255   -17.93   15.58
  34212.940   102.282   -10.74   11.61
  34583.116   102.601     0.86   10.28
  34953.386   106.992    11.86   11.76
  35323.751   113.209    16.79   11.90
  35694.210   117.774    12.32   11.41
  36064.763   119.931     5.82   11.46
  36435.411   118.766    -3.14   10.15
  36806.154   112.953   -15.68   12.87
  37176.992   104.573   -22.60   14.71
  37547.925   106.626     5.53   21.40
  37918.952   122.097    41.70   37.89
  38290.075   149.986    75.15   41.42
  38661.292   178.067    75.65   31.37
  39032.605   196.379    49.32   20.57
  39404.013   197.929     4.17   19.15
  39775.516   194.294    -9.78   18.38
  40147.115   188.212   -16.37   16.04
  40518.809   186.129    -5.60   15.48
  40890.599   184.110    -5.43   16.13
  41262.484   180.829    -8.82   19.31
  41634.465   177.616    -8.64   18.22
  42006.541   180.809     8.58   17.23
  42378.714   188.757    21.36   15.96
  42750.982   193.677    13.22   14.04
  43123.347   191.642    -5.46   16.48
  43495.807   182.659   -24.12   22.41
  43868.363   165.317   -46.55   21.13
  44241.016   155.027   -27.61   14.03
  44613.765   152.554    -6.64   12.60
  44986.610   154.314     4.72   13.17
  45359.552   153.407    -2.43   16.88
  45732.590   144.045   -25.10   26.13
  46105.724   126.163   -47.93   32.91
  46478.956   104.905   -56.96   33.90
  46852.284    90.552   -38.45   24.93
  47225.708    90.550    -0.00   26.23
  47599.230   103.617    34.98   33.73
  47972.849   123.064    52.05   35.07
  48346.564   146.346    62.30   39.55
  48720.377   173.725    73.25   48.01
  49094.287   201.534    74.37   47.99
  49468.294   221.525    53.45   33.15
  49842.398   226.896    14.36   20.81
  50216.600   216.128   -28.78   18.74
  50590.899   201.366   -39.44   21.46
  50965.296   187.171   -37.91   20.40
  51339.790   171.675   -41.38   17.73
  51714.382   163.336   -22.26   13.43
  52089.072   162.833    -1.34   13.38
  52463.860   174.485    31.09   19.40
  52838.745   184.421    26.51   18.10
  53213.729   181.757    -7.11   24.81
  53588.810   168.011   -36.65   31.14
  53963.990   151.262   -44.64   27.18
  54339.268   140.406   -28.93   25.48
  54714.645   133.108   -19.44   27.43
  55090.119   124.593   -22.68   27.64
  55465.692   111.022   -36.14   28.93
  55841.364    93.210   -47.42   26.65
  56217.134    80.535   -33.73   24.46
  56593.004    73.780   -17.97   24.66
  56968.971    72.536    -3.31   20.60
  57345.038    77.477    13.14   20.56
  57721.203    83.944    17.19   21.59
  58097.468    81.488    -6.53   21.95
  58473.832    69.089   -32.94   27.35
  58850.294    60.536   -22.72   25.22
  59226.856    62.398     4.94   24.77
  59603.518    82.163    52.47   40.77
  59980.279   114.806    86.64   50.89
  60357.139   146.081    82.99   47.45
  60734.099   156.831    28.52   42.30
  61111.158   156.087    -1.97   36.13
  61488.317   154.806    -3.40   27.98
  61865.576   161.859    18.69   25.88
  62242.935   174.286    32.93   25.52
  62620.393   187.626    35.34   18.12
  62997.952   195.468    20.77    6.12
  63375.611   189.816   -14.97    8.91
  63753.370   182.892   -18.33   10.24
  64131.229   176.191   -17.73    9.84
  64509.189   171.921   -11.30    7.96
  64887.249   165.343   -17.40   11.11
  65265.409   153.747   -30.66   20.08
  65643.670   141.881   -31.37   20.16
  66022.032   132.244   -25.47   16.40
  66400.495   125.085   -18.92   16.03
  66779.058   114.973   -26.71   19.53
  67157.722   109.927   -13.33   16.76
  67536.487   108.981    -2.50   16.39
  67915.353   118.780    25.87   19.09
  68294.321   130.794    31.70   11.10
  68673.390   133.519     7.19    8.36
  69052.559   136.601     8.13    8.85
  69431.831   144.734    21.45   14.39
  69811.204   153.822    23.96   18.69
  70190.678   163.650    25.90   19.01
  70570.254   171.618    20.99   16.59
  70949.931   180.150    22.47   15.18
  71329.711   192.601    32.78   19.29
  71709.592   203.986    29.97   21.96
  72089.575   207.375     8.92   23.99
  72469.661   188.890   -48.64   40.15
  72849.848   154.102   -91.50   52.23
  73230.138   111.847  -111.12   53.71
  73610.530    80.342   -82.83   37.18
  73991.024    71.361   -23.60   25.58
  74371.621    83.708    32.44   34.15
  74752.320   109.820    68.59   36.09
  75133.122   129.921    52.79   29.98
  75514.026   138.814    23.35   27.02
  75895.034   134.460   -11.43   30.13
  76276.144   119.045   -40.45   32.03
  76657.357   100.978   -47.40   23.28
  77038.673    92.929   -21.11   16.79
  77420.092   100.054    18.68   26.53
  77801.615   124.568    64.26   41.16
  78183.240   157.943    87.46   44.76
  78564.970   192.360    90.16   37.91
  78946.802   211.810    50.94   26.75
  79328.738   211.845     0.09   29.94
  79710.778   190.568   -55.70   42.57
  80092.921   151.292  -102.78   43.65
  80475.168   121.325   -78.40   31.16
  80857.519   104.548   -43.88   20.30
  81239.974   110.290    15.01   28.61
  81622.533   130.076    51.72   38.16
  82005.196   162.981    85.99   37.47
  82377.522   181.945    50.94   24.50
  82740.851   181.964     0.05   25.31
  83104.272   172.228   -26.79   29.46
  83467.784   161.798   -28.69   25.87
  83831.387   145.692   -44.30   27.40
  84195.081   132.098   -37.38   36.16
  84558.866   109.558   -61.96   43.79
  84922.742    79.331   -83.07   40.13
  85286.710    61.142   -49.97   41.28
  85650.769    50.066   -30.43   40.68
  86014.920    43.281   -18.63   37.05
  86379.163    38.910   -12.00   30.90
  86743.497    44.488    15.31   33.40
  87107.922    57.902    36.81   41.58
  87472.440    72.037    38.78   40.04
  87837.049    83.435    31.26   31.59
  88201.750    80.138    -9.04   25.42
  88566.544    71.094   -24.79   19.45
  88931.429    66.718   -11.99   19.80
  89296.407    61.142   -15.28   25.64
  89661.476    53.593   -20.68   28.39
  90026.638    39.633   -38.23   27.62
  90391.892    28.054   -31.70   22.49
  90757.239    21.626   -17.59   17.25
  91122.678    18.896    -7.47   19.06
  91488.210    19.732     2.29   19.65
  91853.834    16.733    -8.20   15.47
  92219.551    10.742   -16.38    8.67
  92585.361     6.795   -10.79    4.90
  92951.264     5.342    -3.97    3.24
  93317.259     5.150    -0.52    2.80
  93683.348     4.764    -1.05    2.36
  94049.529     4.797     0.09    2.33
  94415.804     4.699    -0.27    2.14
  94782.172     5.804     3.02    3.09
  95148.633     6.986     3.23    3.49
  95515.188     8.016     2.81    3.41
  95881.836     7.837    -0.49    3.08
  96248.577     7.827    -0.03    2.32
  96615.412     7.682    -0.39    1.98
  96982.340     8.113     1.17    2.54
  97349.363     9.447     3.63    3.26
  97716.479    10.602     3.15    3.37
  98083.689    11.481     2.39    3.28
  98450.992    11.757     0.75    3.88
  98818.390    13.306     4.22    5.92
  99185.882    15.900     7.06    7.82
  99553.468    18.268     6.44    7.28
  99921.148    19.106     2.28    6.64
 100288.923    17.762    -3.65    7.01
 100656.792    15.949    -4.93    5.40
 101024.755    14.783    -3.17    3.24
 101392.813    14.560    -0.60    3.59
 101760.965    15.118     1.52    3.49
 102129.212    15.455     0.92    3.11
 102497.553    13.822    -4.43    3.70
 102865.990    11.690    -5.79    3.76
 103234.521     9.280    -6.54    2.80
 103603.148     9.005    -0.74    3.78
 103971.869    11.945     7.97    8.93
 104340.685    17.112    14.01   13.50
 104709.597    19.890     7.53   14.75
 105078.603    20.601     1.93   13.75
 105447.706    18.454    -5.82   11.05
 105816.903    18.234    -0.59   10.32
 106186.196    19.915     4.55   12.03
 106555.584    20.041     0.34   16.47
 106925.068    17.949    -5.66   20.09
 107294.648    12.624   -14.41   20.49
 107664.324     8.490   -11.18   20.49
 108034.095     6.602    -5.11   20.72
 108403.962     4.955    -4.45   21.16
 108773.925     4.682    -0.74   21.37
 109143.985     3.559    -3.03   20.73
 109514.140    -0.302   -10.43   17.39
 109884.392    -3.566    -8.82   13.22
 110254.739    -7.884   -11.66    6.92
 110625.184    -8.558    -1.82    5.18
 110995.724    -7.041     4.09    7.89
 111366.362    -4.241     7.55   10.48
 111737.095    -1.930     6.23   11.53
 112107.926    -0.358     4.24   11.60
 112478.853     1.457     4.89   11.78
 112849.877     1.914     1.23   11.55
 113220.998     2.769     2.30   11.00
 113592.215     2.134    -1.71    9.89
 113963.530     1.078    -2.85    9.19
 114334.942     1.070    -0.02    8.65
 114706.451     0.714    -0.96    8.19
 115078.058    -0.066    -2.10    7.52
 115449.762     0.057     0.33    6.97
 115821.563    -0.112    -0.45    6.93
 116193.462     0.219     0.89    6.84
 116565.458     0.634     1.12    6.82
 116937.552     0.642     0.02    7.31
 117309.743     0.733     0.24    8.12
 117682.033    -0.726    -3.92    8.72
 118054.420    -2.602    -5.04    9.28
 118426.906    -5.398    -7.51    8.39
 118799.489    -8.011    -7.01    5.94
 119172.171    -9.930    -5.15    2.29
 119544.950   -10.350    -1.13    0.00
 119917.828   -10.350     0.00    0.00
 120290.804   -10.350     0.00    0.00
 120663.879   -10.350     0.00    0.00
 121037.052   -10.350     0.00    0.00
 121410.324   -10.350     0.00    0.00
 121783.695   -10.350     0.00    0.00
 122157.164    -9.455     2.39    3.56
 122530.732    -6.762     7.21    7.41
 122904.399    -2.816    10.56    9.71
 123278.165     0.146     7.93    9.93
 123652.030     2.218     5.54    9.35
 124025.994     2.659     1.18    9.06
 124400.058     2.690     0.08    8.89
 124774.220     2.290    -1.07    8.88
 125148.482     0.314    -5.28    9.47
 125522.844    -1.985    -6.14    9.25
 125897.305    -4.064    -5.55    8.76
 126271.866    -5.167    -2.95    8.31
 126646.526    -5.490    -0.86    8.35
 127021.286    -5.646    -0.41    8.56
 127396.146    -6.294    -1.73    8.19
 127771.106    -6.660    -0.98    7.89
 128146.166    -6.770    -0.29    7.58
 128521.326    -6.446     0.87    7.82
 128896.586    -6.669    -0.60    7.68
 129271.946    -5.905     2.04    8.21
 129647.407    -5.062     2.25    8.43
 130022.968    -4.651     1.09    8.29
 130398.630    -4.006     1.72    8.13
 130774.392    -4.140    -0.36    8.08
 131150.255    -4.657    -1.37    7.81
 131526.219    -6.884    -5.92    6.72
 131902.283    -7.850    -2.57    5.65
 132278.449    -7.244     1.61    5.45
 132654.715    -3.943     8.77    6.80
 133031.083    -0.683     8.66    6.31
 133407.551     1.491     5.77    5.38
 133784.121     2.436     2.51    4.44
 134160.792     3.785     3.58    2.30
 134537.565     2.997    -2.09    4.55
 134914.439     1.252    -4.63    6.14
 135291.414     0.702    -1.46    6.24
 135668.491     2.190     3.95    5.53
 136045.670     4.463     6.03    4.97
 136422.951     7.536     8.15    3.26
 136800.334     8.650     2.95    3.31
 137177.818     9.398     1.98    3.19
 137555.405     9.242    -0.41    4.25
 137933.093     8.322    -2.44    5.35
 138310.884     8.471     0.39    6.47
 138688.778     9.596     2.98    6.87
 139066.773    11.559     5.19    6.85
 139444.871    13.682     5.62    5.60
 139823.072    15.634     5.16    2.64
 140201.375    14.578    -2.79    2.94
 140579.781    12.539    -5.39    3.54
 140958.290    10.744    -4.74    3.17
 141336.902     9.963    -2.06    3.05
 141715.617     9.900    -0.17    3.43
 142094.434     9.847    -0.14    3.22
 142473.355     8.564    -3.39    3.18
 142852.379     6.642    -5.07    3.04
 143231.507     4.320    -6.13    3.84
 143610.737     1.984    -6.16    4.60
 143990.072    -1.910   -10.26    5.83
 144369.509    -3.890    -5.22    4.88
 144749.051    -5.439    -4.08    3.45
 145128.696    -4.921     1.36    2.48
 145508.445    -4.493     1.13    1.38
 145888.298    -5.096    -1.59    1.41
 146268.255    -5.495    -1.05    1.46
 146648.316    -6.059    -1.49    1.19
 147028.481    -6.120    -0.16    1.44
 147408.750    -6.072     0.12    1.65
 147789.124    -6.493    -1.10    1.68
 148169.602    -6.503    -0.03    1.79
 148550.184    -6.166     0.89    1.82
 148930.872    -6.485    -0.84    1.97
 149311.663    -6.908    -1.11    2.38
 149692.560    -7.279    -0.98    2.41
 150073.561    -7.450    -0.45    2.38
 150454.668    -8.106    -1.72    2.32
 150835.879    -7.874     0.61    2.60
 151217.196    -7.198     1.77    2.69
 151598.617    -6.531     1.75    2.64
 151980.144    -6.224     0.81    2.56
 152361.776    -6.615    -1.03    2.60
 152743.514    -6.973    -0.94    2.65
 153125.357    -7.246    -0.72    2.51
 153507.306    -7.176     0.18    2.44
 153889.361    -7.301    -0.33    2.16
 154271.521    -7.635    -0.87    2.07
 154653.788    -7.669    -0.09    2.19
 155036.160    -7.490     0.47    2.31
 155418.638    -6.804     1.79    2.41
 155801.223    -6.043     1.99    1.95
 156183.914    -5.406     1.66    1.23
 156566.711    -5.229     0.46    0.94
 156947.899    -5.366    -0.36    1.12
 157311.000    -5.530    -0.45    1.29
 157674.193    -5.750    -0.60    1.32
 158037.479    -5.553     0.54    2.01
 158400.857    -3.801     4.82    5.68
 158764.328     0.106    10.75   10.08
 159127.892     7.908    21.46   15.59
 159491.548    15.882    21.93   16.62
 159855.298    24.280    23.09   14.36
 160219.140    31.405    19.59    9.47
 160583.075    33.944     6.98    7.98
 160947.104    35.546     4.40    5.37
