# NaN NaN NaN ;Mean Elev.(m), Avg Gradient(m/km), RMS Gradient(m/km) - SRTM1     
#    9.761  -0.127   1.570 ;Mean Elev.(m), Avg Gradient(m/km), RMS Gradient(m/km) - ASTER GDEM
#    1.008  -0.224   2.638 ;Mean Elev.(m), Avg Gradient(m/km), RMS Gradient(m/km) - GMTED2010 
  7 128.285248  72.130656     7.857     7.400  5 52456.48363310  3.868
 10 128.339948  72.095853     1.276     1.251  5 52561.48362694 42.478
 12 128.355611  72.085459     0.598     0.607  7 52631.48357657 24.133
 15 128.311825  72.122569     0.441     0.269  8 52736.48361668 22.817
 16 128.321679  72.122638     0.563     0.552 16 52771.48359108 30.307
 17 128.349497  72.085074     4.070     4.057  8 52806.48363300 24.473
 18 128.357698  72.084621     2.133     0.607  5 52841.48369224 26.503
 19 128.338248  72.097681     1.684     0.820  5 52876.48373375 27.606
 20 128.320742  72.123446     3.948     3.508 15 52911.48370088 22.388
 23 128.311586  72.122392     0.456     0.394  8 53016.48369008 20.909
 24 128.355384  72.085546     0.736     0.740  7 53051.48366018 19.140
 25 128.310340  72.119900     0.598     0.611  6 53086.48370382 18.564
 26 128.354197  72.086474     0.726     0.700  7 53121.48366710 15.979
 28 128.311088  72.120049     8.924    11.089  6 53191.48372079 20.635
 29 128.311025  72.122191     0.863     0.597  8 53226.48372506 28.642
 30 128.314430  72.123521     2.035     0.598 12 53261.48369898 35.203
 31 128.350397  72.085577     1.013     1.027  8 53296.48372501 35.105
 32 128.283950  72.131926     0.717     0.758  5 53331.48370702 26.322
 34 128.333407  72.100433     0.760     0.806  6 53401.48367402 22.999
 35 128.325781  72.117459     0.572     0.589 11 53436.48366657 24.104
 36 128.352535  72.086821     0.760     0.790  8 53471.48371097 23.980
 37 128.306571  72.118209     0.870     0.835  4 53506.48375103 33.639
 38 128.282553  72.131582    10.504    15.671  5 53541.48375868 24.263
 39 128.296722  72.129781     3.546     2.074  7 53576.48374752 22.168
 40 128.322701  72.120595    11.795    11.208 13 53611.48369697 27.274
 41 128.352294  72.086948     3.367     3.213  7 53646.48369466 15.805
 42 128.285042  72.131083     0.208     0.293  5 53681.48372019 20.558
 43 128.319117  72.122713     0.357     0.400 15 53716.48364545 22.067
 44 128.357525  72.084622     0.314     0.288  5 53751.48355628 20.108
 45 128.311248  72.122202     0.494     0.520  8 53786.48359416 18.431
 46 128.330133  72.123718     0.453     0.413 15 53821.48354999 18.413
 47 128.358691  72.084412     0.473     0.440  5 53856.48363125 13.324
 48 128.286395  72.130489     3.563     2.749  5 53891.48365322 29.014
 49 128.354685  72.086308     1.373     1.178  7 53926.48370578 37.656
 50 128.287545  72.131963     3.302     1.891  6 53961.48370112 31.122
 51 128.348315  72.081133     5.313     5.294  7 53996.48363202 14.807
 52 128.350022  72.090819     0.933     0.869  6 54031.48368671 35.497
 53 128.288935  72.133102     0.566     0.778  6 54066.48368936 22.473
 54 128.317218  72.122885     0.513     0.425 12 54101.48364878 23.937
 55 128.348990  72.089774     0.838     0.826  6 54136.48360759 22.965
 56 128.299904  72.129498     0.572     0.536  9 54171.48362682 18.557
 57 128.351002  72.087205     0.798     0.773  7 54206.48361218 20.451
 58 128.286830  72.130050     0.846     0.981  5 54241.48365432 34.238
 59 128.283750  72.131591     5.008     2.377  5 54276.48366943 20.722
 61 128.324261  72.120013     5.313     5.535 14 54346.48364093 23.103
 62 128.349791  72.090720     1.038     0.803  6 54381.48359835 29.217
 63 128.311467  72.121726     0.390     0.385  8 54416.48359047 22.853
 64 128.348713  72.087908     0.527     0.576  8 54451.48356668 19.085
 65 128.289163  72.130184     0.561     0.582  5 54486.48358901 18.428
 66 128.329152  72.103234     0.676     0.680  4 54521.48358313 18.974
 67 128.313098  72.122737     0.549     0.641  8 54556.48359771 36.969
 68 128.335837  72.101214     0.636     0.633  6 54591.48357874 16.369
 69 128.286421  72.132272     5.368     5.686  5 54626.48360121 15.019
 70 128.336584  72.101200     3.864     2.577  6 54661.48360243 23.024
 71 128.301741  72.129029     2.096     1.763  9 54696.48358478 29.775
 72 128.337381  72.096756     9.071     9.817  5 54731.48355762 17.455
 73 128.288459  72.129902     1.100     1.199  5 54766.48356404 31.504
 74 128.355903  72.084762     0.561     0.499  7 54801.48354887 23.805
 75 128.284160  72.132424     0.677     0.778  5 54836.48355680 22.529
 76 128.358554  72.084570     0.738     0.716  5 54871.48354696 21.523
 77 128.314440  72.123238     0.699     0.711 10 54906.48356236 21.058
 78 128.337672  72.096683     0.809     0.810  5 54941.48354224 19.408
 79 128.307715  72.117526     1.797     1.783  6 54976.48357501 34.454
 80 128.287577  72.131650     6.241     6.046  6 55011.48358723 20.302
 81 128.284957  72.130176     2.061     1.191  5 55046.48357874 25.082
 82 128.324922  72.119165     3.204     3.850 13 55081.48354869 26.385
 83 128.338642  72.097311     1.699     2.184  5 55116.48350353 28.994
 84 128.289253  72.130116     0.498     0.535  5 55151.48350893 21.313
 85 128.354618  72.086174     0.668     0.591  7 55186.48348727 22.572
 86 128.289297  72.131129     0.738     0.849  6 55221.48350748 20.219
 87 128.329319  72.103681     0.745     0.784  4 55256.48348690 19.375
 88 128.307315  72.127539     0.280     0.329 11 55291.48349504 19.569
 89 128.333440  72.103484     0.696     0.588  5 55326.48347172 31.835
 90 128.291000  72.131392     5.721     5.946  6 55361.48347414 22.923
 91 128.338394  72.096667     3.248     3.324  5 55396.48347361 26.396
 92 128.287516  72.130266     2.892     6.399  5 55431.48348927 25.903
 93 128.323688  72.122571     3.100     4.365 16 55466.48344717 31.528
