-133959.385   187.190     0.00    6.14
-133584.057   187.156    -0.09    4.61
-133208.795   183.461    -9.85    7.35
-132833.598   178.685   -12.73    7.33
-132458.468   173.365   -14.19    4.90
-132083.403   170.423    -7.84    1.94
-131708.405   170.332    -0.24    1.88
-131333.472   169.997    -0.89    2.76
-130958.605   169.123    -2.33    3.60
-130583.803   167.128    -5.32    4.29
-130209.067   163.791    -8.91    4.68
-129834.397   160.707    -8.23    4.31
-129459.793   157.173    -9.44    3.95
-129085.254   155.164    -5.36    3.70
-128710.780   154.270    -2.39    4.77
-128336.372   153.491    -2.08    5.16
-127962.030   154.011     1.39    4.54
-127587.753   155.613     4.28    5.62
-127213.541   159.798    11.19    7.63
-126839.395   166.681    18.40    8.54
-126465.314   172.307    15.04    6.18
-126091.298   174.985     7.16    3.79
-125717.348   173.873    -2.97    4.73
-125343.463   169.908   -10.61    5.45
-124969.643   166.109   -10.16    4.88
-124595.888   162.406    -9.91    4.10
-124222.198   160.035    -6.34    3.00
-123848.573   157.677    -6.31    3.41
-123475.014   156.421    -3.36    3.82
-123101.519   156.459     0.10    4.53
-122728.090   157.711     3.35    5.30
-122354.725   158.566     2.29    5.06
-121981.425   157.773    -2.13    4.88
-121608.191   154.411    -9.01    5.92
-121235.021   150.113   -11.52    6.36
-120861.916   145.323   -12.84    6.29
-120488.875   141.985    -8.95    4.84
-120115.900   141.665    -0.86    4.56
-119742.989   144.922     8.73    8.55
-119370.142   152.273    19.72   10.05
-118997.361   157.737    14.66    6.92
-118624.644   160.761     8.11    3.39
-118251.992   161.728     2.60    3.51
-117879.404   162.645     2.46    3.93
-117506.880   163.491     2.27    3.78
-117134.422   163.986     1.33    3.88
-116762.027   162.418    -4.21    4.70
-116389.697   160.448    -5.29    4.91
-116017.432   158.137    -6.21    6.48
-115645.230   155.443    -7.24    7.70
-115273.093   152.348    -8.32    8.21
-114901.021   147.373   -13.37    6.61
-114529.012   143.906    -9.32    4.35
-114157.068   141.023    -7.75    3.09
-113785.188   139.049    -5.31    2.26
-113413.372   138.261    -2.12    1.78
-113041.620   139.446     3.19    3.32
-112669.932   144.060    12.41    7.03
-112298.309   149.223    13.89    7.70
-111926.749   151.511     6.16    5.93
-111555.253   151.103    -1.10    5.87
-111183.822   149.175    -5.19    5.21
-110812.454   147.789    -3.73    4.04
-110441.150   149.850     5.55    4.14
-110069.910   151.636     4.81    3.31
-109698.733   151.473    -0.44    3.25
-109327.621   150.383    -2.94    3.33
-108956.572   149.732    -1.76    2.84
-108585.587   149.615    -0.31    2.41
-108214.665   152.499     7.77    4.30
-107843.808   155.730     8.71    4.94
-107473.013   158.273     6.86    4.18
-107102.283   160.863     6.99    2.92
-106731.616   163.611     7.41    4.48
-106361.012   166.750     8.47    6.06
-105990.472   172.230    14.79    7.31
-105619.995   176.504    11.54    6.55
-105249.582   181.098    12.40    5.56
-104879.232   185.391    11.59    5.76
-104508.946   189.186    10.25    6.46
-104138.723   192.536     9.05    5.45
-103768.563   196.198     9.89    5.60
-103398.466   198.569     6.41    6.17
-103028.433   201.536     8.02    6.76
-102658.463   203.786     6.08    7.61
-102288.556   205.211     3.85    8.57
-101918.712   204.289    -2.49    8.87
-101548.931   202.936    -3.66    8.45
-101179.213   201.628    -3.54    7.66
-100809.558   198.161    -9.38    7.39
-100439.966   194.378   -10.24    8.12
-100070.438   190.586   -10.26    8.41
 -99700.972   186.352   -11.46    7.52
 -99331.569   180.886   -14.80    8.82
 -98962.228   175.741   -13.93    8.79
 -98592.951   171.123   -12.51    6.20
 -98223.737   168.958    -5.86    5.26
 -97854.585   170.959     5.42    7.78
 -97485.496   173.823     7.76   10.12
 -97116.469   177.455     9.84   10.22
 -96747.506   181.186    10.11    8.60
 -96378.605   185.472    11.62    7.52
 -96009.766   187.348     5.09    6.85
 -95640.990   187.805     1.24    6.35
 -95272.277   185.936    -5.07    8.45
 -94903.626   183.616    -6.29   10.80
 -94535.038   182.186    -3.88   11.95
 -94166.512   181.638    -1.48   11.55
 -93798.048   180.173    -3.98   10.12
 -93429.647   177.452    -7.39    7.01
 -93061.308   174.643    -7.62    5.22
 -92693.032   173.896    -2.03    5.62
 -92324.818   174.323     1.16    6.31
 -91956.666   172.776    -4.20    8.18
 -91588.576   169.636    -8.53   11.60
 -91220.548   162.365   -19.76   16.26
 -90852.583   149.773   -34.22   19.59
 -90484.680   134.234   -42.24   18.78
 -90116.838   120.452   -37.47   14.56
 -89749.059   109.839   -28.86    9.02
 -89381.342   102.936   -18.77    6.33
 -89013.687    98.307   -12.59    4.77
 -88646.094    95.468    -7.72    2.85
 -88278.563    94.307    -3.16    2.38
 -87911.093    94.386     0.21    2.46
 -87543.686    95.231     2.30    2.69
 -87176.340    95.455     0.61    2.61
 -86809.057    94.576    -2.39    4.03
 -86441.835    90.611   -10.80    7.78
 -86073.835    85.356   -14.28    8.63
 -85693.876    79.836   -14.53    7.41
 -85313.983    75.470   -11.49    4.32
 -84934.157    76.267     2.10    5.09
 -84554.398    77.226     2.53    5.79
 -84174.705    76.436    -2.08    6.76
 -83795.078    72.970    -9.13    8.46
 -83415.518    69.238    -9.83    7.40
 -83036.025    66.909    -6.14    9.37
 -82656.598    67.603     1.83    9.90
 -82277.237    75.373    20.48   18.58
 -81897.943    94.215    49.68   31.44
 -81518.715   122.561    74.75   31.69
 -81139.554   145.628    60.84   23.82
 -80760.459   163.048    45.95   17.99
 -80381.430   171.916    23.40   15.30
 -80002.467   168.335    -9.45   18.28
 -79623.570   156.876   -30.24   22.81
 -79244.740   139.826   -45.01   24.31
 -78865.975   126.786   -34.43   17.75
 -78487.277   124.886    -5.02   14.97
 -78108.644   129.523    12.25   19.19
 -77730.078   139.886    27.37   24.07
 -77351.578   153.147    35.04   23.46
 -76973.143   163.323    26.89   19.45
 -76594.775   171.745    22.26   17.74
 -76216.472   173.600     4.90   16.89
 -75838.235   175.911     6.11   18.35
 -75460.064   178.470     6.77   21.18
 -75081.958   179.099     1.66   20.48
 -74703.919   183.836    12.53   19.30
 -74325.945   188.826    13.20   18.55
 -73948.036   192.874    10.71   20.04
 -73570.193   198.536    14.98   21.68
 -73192.416   208.063    25.22   27.07
 -72814.705   222.428    38.03   30.35
 -72437.058   236.433    37.09   23.17
 -72059.478   243.661    19.14   18.91
 -71681.963   244.373     1.89   19.13
 -71304.513   246.251     4.98   18.75
 -70927.128   255.593    24.76   19.00
 -70549.809   264.698    24.13   17.34
 -70172.555   274.770    26.70   11.85
 -69795.367   280.049    14.00    5.76
 -69418.243   277.703    -6.22    6.97
 -69041.185   272.199   -14.60    9.35
 -68664.192   264.673   -19.96    9.96
 -68287.264   258.712   -15.82    6.85
 -67910.402   256.245    -6.55    5.89
 -67533.604   257.820     4.18    8.24
 -67156.871   262.390    12.13   10.30
 -66780.204   267.289    13.01    9.51
 -66403.601   267.289     0.00    9.26
 -66027.063   264.865    -6.44    9.58
 -65650.590   261.669    -8.49    9.55
 -65274.182   258.750    -7.75    8.93
 -64897.839   261.382     6.99   10.21
 -64521.561   262.786     3.73    8.73
 -64145.347   262.186    -1.59    8.54
 -63769.198   260.248    -5.15    9.36
 -63393.114   256.972    -8.71    9.82
 -63017.094   255.238    -4.61   11.32
 -62641.140   257.128     5.03   12.69
 -62265.249   260.748     9.63   12.51
 -61889.423   263.415     7.10   10.59
 -61513.662   265.318     5.06    8.02
 -61137.965   265.010    -0.82    6.59
 -60762.333   263.473    -4.09    7.38
 -60386.765   263.118    -0.95    9.62
 -60011.262   263.986     2.31    9.46
 -59635.822   266.131     5.72    9.82
 -59260.448   269.909    10.07   11.55
 -58885.137   269.685    -0.60   13.06
 -58509.891   269.289    -1.06   13.20
 -58134.709   271.190     5.07   12.64
 -57759.591   275.909    12.58   13.17
 -57384.537   281.906    15.99    9.71
 -57009.548   281.580    -0.87    8.48
 -56634.622   277.075   -12.02   10.88
 -56259.761   271.703   -14.33   10.52
 -55884.963   265.961   -15.32   11.14
 -55510.230   262.773    -8.51   11.56
 -55135.560   257.724   -13.48   12.02
 -54760.955   252.391   -14.24   10.93
 -54386.413   252.536     0.38   10.84
 -54011.935   256.088     9.49   12.13
 -53637.521   264.453    22.34   12.14
 -53263.171   270.776    16.89   10.05
 -52888.885   276.491    15.27    8.76
 -52514.662   277.116     1.67   10.66
 -52140.503   271.643   -14.63   14.93
 -51766.408   261.537   -27.02   18.34
 -51392.376   255.886   -15.11   15.39
 -51018.408   254.726    -3.10   12.60
 -50644.503   260.898    16.51   14.48
 -50270.662   267.663    18.10   14.63
 -49896.885   268.620     2.56   15.81
 -49523.171   265.131    -9.34   16.39
 -49149.520   262.511    -7.01   12.83
 -48775.933   258.763   -10.03   12.52
 -48402.409   246.811   -32.00   20.20
 -48028.949   234.207   -33.75   20.38
 -47655.551   226.895   -19.58   15.76
 -47282.217   226.126    -2.06   15.17
 -46908.947   235.408    24.87   18.25
 -46535.739   246.776    30.46   16.72
 -46162.595   252.745    16.00   13.71
 -45789.514   254.958     5.93   11.69
 -45416.496   251.010   -10.58   11.38
 -45043.541   245.569   -14.59   12.62
 -44670.649   240.179   -14.45   13.38
 -44297.820   234.411   -15.47   12.30
 -43925.054   233.998    -1.11   14.75
 -43552.351   236.257     6.06   15.19
 -43179.711   236.844     1.57   14.01
 -42807.133   232.589   -11.42   16.73
 -42434.619   223.711   -23.83   18.72
 -42062.167   214.945   -23.54   19.59
 -41689.779   210.213   -12.71   21.09
 -41317.453   206.213   -10.74   23.14
 -40945.189   200.136   -16.33   22.50
 -40572.989   193.530   -17.75   15.69
 -40200.851   195.234     4.58   17.06
 -39828.776   204.580    25.12   22.84
 -39456.763   218.075    36.28   25.48
 -39084.813   232.382    38.47   22.93
 -38712.925   242.844    28.13   18.62
 -38341.100   252.618    26.29   16.26
 -37969.337   260.792    21.99   15.76
 -37597.637   273.010    32.87   15.39
 -37225.999   283.983    29.53   16.06
 -36854.424   290.536    17.63   12.11
 -36482.911   292.452     5.16    9.62
 -36111.460   290.833    -4.36    9.73
 -35740.071   288.620    -5.96    8.74
 -35368.745   288.433    -0.50    9.74
 -34997.481   287.087    -3.63   11.21
 -34626.279   287.869     2.11   11.47
 -34255.139   287.610    -0.70   10.81
 -33884.062   284.936    -7.21   10.49
 -33513.046   281.263    -9.90   12.52
 -33142.093   275.707   -14.98   14.64
 -32771.201   267.089   -23.24   17.12
 -32400.372   258.088   -24.27   15.63
 -32029.604   254.151   -10.62   11.51
 -31658.899   253.305    -2.28    9.83
 -31288.255   259.743    17.37   14.26
 -30917.673   267.498    20.93   14.97
 -30547.153   273.220    15.44   13.81
 -30176.695   279.611    17.25   11.35
 -29806.298   285.636    16.27    9.30
 -29435.964   290.023    11.85    7.13
 -29065.691   292.061     5.50    5.13
 -28695.480   289.893    -5.86    6.71
 -28325.330   285.130   -12.87   10.27
 -27955.242   278.251   -18.59   12.14
 -27585.216   271.316   -18.74   12.89
 -27215.251   261.211   -27.32   15.57
 -26845.347   251.807   -25.42   14.00
 -26475.505   245.779   -16.30    9.83
 -26105.725   244.767    -2.74    9.21
 -25736.006   252.906    22.02   11.73
 -25366.349   261.641    23.63   10.89
 -24996.752   269.808    22.10    9.44
 -24627.218   274.210    11.91    6.57
 -24257.744   275.761     4.20    5.65
 -23888.332   274.983    -2.10    6.59
 -23518.981   270.421   -12.35    9.28
 -23149.691   264.958   -14.79    9.95
 -22780.462   261.023   -10.66    8.00
 -22411.295   257.400    -9.82    6.31
 -22042.188   254.672    -7.39    6.85
 -21673.143   251.523    -8.53    8.06
 -21304.159   246.415   -13.84    7.11
 -20935.236   242.326   -11.09    6.86
 -20566.374   239.010    -8.99    6.85
 -20197.572   237.179    -4.97    6.07
 -19828.832   234.023    -8.56    5.25
 -19460.153   230.618    -9.24    7.38
 -19091.534   224.356   -16.99   10.81
 -18722.977   217.600   -18.33   10.40
 -18354.480   212.517   -13.80    6.25
 -17986.044   212.615     0.27    5.68
 -17617.669   214.839     6.04    5.53
 -17249.354   217.140     6.25    4.10
 -16881.100   217.556     1.13    3.02
 -16512.907   217.010    -1.48    3.30
 -16144.774   214.251    -7.50    5.95
 -15776.702   210.257   -10.85    7.99
 -15408.691   206.439   -10.38    8.88
 -15040.740   201.453   -13.55   11.60
 -14672.850   196.799   -12.65   15.82
 -14305.020   186.150   -28.95   26.53
 -13937.251   168.876   -46.97   36.43
 -13569.542   150.421   -50.19   38.64
 -13201.893   135.088   -41.70   31.05
 -12834.305   131.815    -8.90   26.68
 -12466.777   142.850    30.02   35.60
 -12099.309   155.205    33.62   38.81
 -11731.902   169.320    38.42   36.36
 -11364.555   177.473    22.19   31.61
 -10986.605   183.356    15.57   23.82
 -10606.848   186.137     7.32   15.18
 -10227.155   183.668    -6.50   12.27
  -9847.528   180.356    -8.72   10.90
  -9467.965   175.074   -13.92    7.22
  -9088.467   171.126   -10.40    5.13
  -8709.034   168.818    -6.08    4.58
  -8329.665   167.307    -3.98    3.41
  -7950.361   166.461    -2.23    3.23
  -7571.122   163.995    -6.50    4.86
  -7191.947   161.086    -7.67    5.29
  -6812.837   159.212    -4.94    3.94
  -6433.792   157.365    -4.87    3.95
  -6054.811   157.062    -0.80    4.31
  -5675.895   157.997     2.47    4.63
  -5297.043   159.802     4.76    4.83
  -4918.255   162.737     7.75    4.55
  -4539.532   165.626     7.63    3.75
  -4160.873   166.115     1.29    3.77
  -3782.279   163.086    -8.00    8.02
  -3403.749   158.050   -13.30   11.80
  -3025.283   152.408   -14.91   15.07
  -2646.881   148.996    -9.02   17.94
  -2268.543   151.569     6.80   18.08
  -1890.270   144.557   -18.53   40.64
  -1512.061   114.296   -80.01   69.34
  -1133.916    74.770  -104.53   75.89
   -755.834    41.479   -88.05   65.21
   -377.817     9.576   -84.40   35.21
      0.136    -1.431   -29.12   10.39
    378.025    -2.977    -4.09    0.00
    755.850    -2.691     0.76    1.76
   1133.611    -1.661     2.73    4.20
   1511.309     1.155     7.46    7.61
   1888.942     5.839    12.40    9.55
   2266.512     9.699    10.22    8.94
   2644.018     9.648    -0.13    8.64
   3021.461     8.176    -3.90    8.50
   3398.839    16.523    22.12   29.00
   3776.154    36.836    53.84   55.13
   4153.406    87.690   134.80   94.28
   4530.593   156.234   181.72  115.50
   4907.718   228.413   191.39  104.94
   5284.778   295.387   177.62   52.66
   5661.775   320.972    67.87   20.86
   6038.709   321.322     0.93   16.22
   6415.579   312.839   -22.51   19.71
   6792.386   295.555   -45.87   29.29
   7169.130   278.326   -45.73   40.14
   7545.810   243.479   -92.51   60.62
   7922.427   209.063   -91.38   65.33
   8298.980   190.365   -49.66   57.52
   8675.470   182.620   -20.57   53.88
   9051.898   211.763    77.42   68.73
   9428.261   252.311   107.73   56.15
   9804.562   279.348    71.85   39.76
  10180.800   287.577    21.87   28.69
  10556.974   267.909   -52.28   45.75
  10933.086   235.444   -86.32   54.62
  11309.134   215.732   -52.42   50.97
  11685.120   207.628   -21.55   49.43
  12061.043   217.703    26.80   62.36
  12436.902   230.426    33.85   68.65
  12812.699   219.821   -28.22   72.85
  13188.433   192.207   -73.49   69.20
  13564.104   177.476   -39.21   55.19
  13939.712   183.562    16.20   57.24
  14315.258   196.307    33.94   65.61
  14690.740   210.361    37.43   70.61
  15066.160   215.201    12.89   71.71
  15441.518   205.036   -27.08   67.14
  15816.813   188.645   -43.67   57.59
  16192.045   167.576   -56.15   37.75
  16567.214   165.389    -5.83   31.40
  16942.322   170.891    14.67   35.68
  17317.366   186.928    42.76   41.90
  17692.348   194.792    20.97   44.91
  18067.268   204.290    25.33   46.62
  18442.125   210.593    16.81   45.58
  18816.920   212.410     4.85   40.87
  19191.652   219.600    19.19   38.69
  19566.322   226.852    19.36   41.89
  19940.930   241.582    39.32   47.20
  20315.476   253.400    31.55   49.46
  20689.959   258.593    13.87   46.72
  21064.381   258.309    -0.76   40.03
  21438.740   257.153    -3.09   35.55
  21813.036   259.587     6.50   32.45
  22187.271   265.850    16.73   32.21
  22561.444   272.593    18.02   31.69
  22935.555   278.591    16.03   30.82
  23309.603   283.529    13.20   29.93
  23683.590   286.886     8.98   29.50
  24057.515   295.168    22.15   28.95
  24431.378   305.704    28.18   32.08
  24805.179   316.270    28.27   31.39
  25178.918   323.079    18.22   31.25
  25552.595   325.668     6.93   25.86
  25926.211   329.915    11.37   23.35
  26299.765   339.150    24.72   21.53
  26673.257   350.037    29.15   21.35
  27046.687   357.173    19.11   20.52
  27420.056   361.685    12.08   18.94
  27793.363   365.677    10.69   16.81
  28166.608   370.103    11.86   15.71
  28539.792   377.984    21.12   14.44
  28912.914   385.234    19.43   13.09
  29285.975   389.918    12.56   13.22
  29658.975   392.724     7.52   14.63
  30031.912   396.205     9.33   14.68
  30404.789   403.530    19.64   14.43
  30777.604   412.063    22.89   13.36
  31150.358   421.878    26.33   10.20
  31523.050   427.903    16.17    7.56
  31895.681   431.685    10.15    5.79
  32268.251   434.075     6.41    5.11
  32640.760   434.813     1.98    5.18
  33013.207   433.620    -3.20    5.87
  33385.594   432.510    -2.98    6.44
  33757.919   430.839    -4.49    7.66
  34130.183   428.984    -4.98    9.66
  34502.386   427.370    -4.34   11.59
  34874.527   426.741    -1.69   11.49
  35246.608   426.859     0.32    9.48
  35618.628   426.821    -0.10    7.58
  35990.587   423.050   -10.14   10.95
  36362.485   417.536   -14.83   13.07
  36734.322   412.103   -14.61   12.83
  37106.098   410.663    -3.87   13.27
  37477.814   414.523    10.38   12.74
  37849.468   420.720    16.67   13.30
  38221.062   426.229    14.82   12.77
  38592.595   430.984    12.80   10.29
  38964.068   432.626     4.42    7.92
  39335.479   426.491   -16.52   12.92
  39706.830   415.606   -29.31   15.63
  40078.121   403.213   -33.38   14.49
  40449.350   392.829   -27.97   12.13
  40820.520   390.698    -5.74   10.00
  41191.628   392.726     5.46   11.09
  41562.676   402.734    26.97   15.77
  41933.664   415.452    34.28   14.35
  42304.591   427.049    31.27   13.51
  42675.458   437.898    29.25   10.99
  43046.265   446.760    23.90   11.90
  43417.011   453.640    18.56    9.80
  43787.696   453.433    -0.56   10.86
  44158.322   452.134    -3.51   11.96
  44528.887   450.248    -5.09   10.38
  44899.392   451.648     3.78    8.16
  45269.837   456.439    12.93    8.49
  45640.221   460.273    10.35    8.54
  46010.546   465.181    13.25    8.67
  46380.810   467.585     6.49    6.92
  46751.015   466.450    -3.07    7.70
  47121.159   461.653   -12.96   11.20
  47491.243   457.063   -12.40   11.99
  47861.267   452.640   -11.95   10.95
  48231.231   453.257     1.67    8.47
  48601.135   453.913     1.78    7.08
  48970.980   453.211    -1.90    8.95
  49340.764   449.118   -11.07   11.63
  49710.489   444.276   -13.09   11.36
  50080.154   441.968    -6.24   11.37
  50449.759   446.523    12.32   15.51
  50819.304   453.401    18.61   13.90
  51188.789   451.970    -3.87   15.47
  51558.215   445.882   -16.48   19.27
  51927.581   435.628   -27.76   19.68
  52296.888   428.334   -19.75   20.60
  52666.135   435.786    20.18   22.97
  53035.322   443.731    21.52   23.81
  53404.450   450.466    18.24   20.84
  53773.518   451.370     2.45   18.93
  54142.527   441.061   -27.94   24.43
  54511.476   427.648   -36.35   25.16
  54880.366   413.854   -37.39   19.82
  55249.196   405.912   -21.53   13.06
  55617.967   401.023   -13.26   12.26
  55986.679   397.680    -9.07   17.19
  56355.331   395.436    -6.09   18.60
  56723.924   392.652    -7.55   18.20
  57092.458   391.391    -3.42   16.88
  57460.933   392.297     2.46   19.91
  57829.348   397.484    14.08   23.25
  58197.704   398.565     2.93   25.53
  58566.001   398.669     0.28   28.42
  58934.239   395.190    -9.45   30.67
  59302.418   386.985   -22.28   31.28
  59670.538   375.495   -31.21   31.68
  60038.598   356.786   -50.83   29.89
  60406.600   344.146   -34.35   28.63
  60774.543   331.168   -35.27   22.80
  61142.426   324.280   -18.72   16.08
  61510.251   321.516    -7.51   13.81
  61878.017   320.815    -1.91   14.81
  62245.724   318.170    -7.19   14.59
  62613.373   317.969    -0.55   15.84
  62980.962   322.510    12.35   18.63
  63348.493   331.571    24.65   21.81
  63723.841   337.099    14.73   25.55
  64103.464   342.079    13.12   30.92
  64483.024   341.441    -1.68   34.69
  64862.522   341.509     0.18   35.61
  65241.956   347.724    16.38   34.85
  65621.327   353.556    15.37   34.54
  66000.635   361.694    21.45   28.74
  66379.880   363.127     3.78   22.01
  66759.062   358.569   -12.02   19.89
  67138.181   348.063   -27.71   20.87
  67517.237   344.915    -8.30   22.33
  67896.230   347.610     7.11   26.25
  68275.161   354.968    19.42   27.24
  68654.028   346.418   -22.57   30.16
  69032.833   333.343   -34.52   34.27
  69411.575   314.961   -48.53   35.98
  69790.255   298.557   -43.31   30.71
  70168.871   287.100   -30.26   25.95
  70547.425   274.196   -34.08   17.16
  70925.917   269.776   -11.68   10.20
  71304.346   267.589    -5.78    8.30
  71682.712   268.145     1.47   10.10
  72061.015   267.092    -2.78   10.73
  72439.257   266.516    -1.52   10.59
  72817.435   267.720     3.18   10.60
  73195.552   271.204     9.21   12.78
  73573.605   272.523     3.49   11.89
  73951.597   273.722     3.17   11.24
  74329.526   274.267     1.44   13.11
  74707.393   275.347     2.86   15.86
  75085.197   276.205     2.27   17.97
  75462.940   274.239    -5.20   15.92
  75840.620   270.943    -8.73   12.70
  76218.237   267.220    -9.86    9.09
  76595.793   263.681    -9.37    4.93
  76973.287   264.711     2.73    6.16
  77350.718   267.859     8.34    9.87
  77728.088   273.405    14.70   13.14
  78105.395   278.466    13.41   14.41
  78482.640   280.610     5.68   14.09
  78859.824   282.566     5.19   13.34
  79236.945   281.983    -1.55   10.92
  79614.005   282.210     0.60    7.97
  79991.002   282.318     0.29    9.64
  80367.938   281.663    -1.74   12.18
  80744.812   279.957    -4.53   11.56
  81121.624   278.496    -3.88   10.96
  81498.375   275.942    -6.78    9.05
  81875.064   276.426     1.28    8.98
  82251.691   280.676    11.29   12.38
  82628.256   290.867    27.06   18.23
  83004.760   304.915    37.31   21.71
  83381.202   325.247    54.01   24.65
  83757.582   344.437    50.98   23.77
  84133.902   361.223    44.60   23.67
  84510.159   374.952    36.48   23.40
  84886.355   383.984    24.01   21.24
  85262.490   392.118    21.62   19.77
  85638.563   399.309    19.12   17.98
  86014.575   407.563    21.95   15.02
  86390.525   415.260    20.47   12.32
  86766.414   422.983    20.54   13.98
  87142.242   430.320    19.52   13.42
  87518.008   435.523    13.84   12.36
  87893.714   437.942     6.44   10.82
  88269.358   436.510    -3.81   12.87
  88644.941   431.996   -12.02   15.75
  89020.462   426.023   -15.91   16.86
  89395.923   420.544   -14.59   17.72
  89771.323   413.549   -18.63   17.15
  90146.661   409.595   -10.54   16.89
  90521.939   408.196    -3.73   15.03
  90897.155   405.523    -7.12   14.95
  91272.311   401.290   -11.28   14.75
  91647.405   396.283   -13.35   13.09
  92022.439   391.756   -12.07    8.47
  92397.412   384.063   -20.52   14.87
  92772.324   370.600   -35.91   22.28
  93147.175   355.810   -39.45   18.93
  93521.965   351.326   -11.96   13.56
  93896.695   355.185    10.30   14.76
  94271.364   365.915    28.64   16.20
  94645.972   376.931    29.40   14.36
  95020.520   384.970    21.46   14.53
  95395.007   393.997    24.10   15.41
  95769.433   399.916    15.81   14.99
  96143.799   405.476    14.85   18.13
  96518.104   404.954    -1.40   22.82
  96892.349   397.836   -19.02   27.05
  97266.533   388.880   -23.93   27.77
  97640.657   379.236   -25.77   20.89
  98014.720   375.595    -9.74   14.06
  98388.723   379.391    10.15   15.49
  98762.666   391.829    33.26   19.01
  99136.548   402.543    28.65   16.81
  99510.370   411.763    24.66   12.82
  99884.132   418.267    17.40   11.98
 100257.833   422.694    11.85   15.77
 100631.474   426.166     9.29   19.10
 101005.055   425.807    -0.96   22.03
 101378.576   421.335   -11.97   22.69
 101752.037   414.863   -17.33   20.05
 102125.438   409.905   -13.28   14.30
 102498.778   408.796    -2.97   10.77
 102872.059   410.699     5.10   10.63
 103245.279   415.405    12.61   12.43
 103618.440   419.743    11.63   14.11
 103991.540   424.320    12.27   12.55
 104364.581   430.036    15.32   12.38
 104737.562   436.133    16.34   12.85
 105110.483   443.009    18.44   12.19
 105483.344   449.210    16.63   10.31
 105856.145   453.955    12.73    9.23
 106228.887   459.770    15.60   10.14
 106601.568   466.731    18.68   10.15
 106974.191   474.970    22.11   11.64
 107346.753   483.273    22.28   10.05
 107719.256   488.361    13.66    7.79
 108091.699   490.079     4.61    5.84
 108464.082   487.190    -7.76    7.93
 108836.406   483.231   -10.63    8.53
 109208.671   478.905   -11.62    8.91
 109580.875   476.291    -7.02   10.44
 109953.021   471.383   -13.19   10.74
 110325.107   467.187   -11.27   11.14
 110697.133   461.196   -16.10    9.98
 111069.100   456.468   -12.71    8.52
 111441.008   453.023    -9.26    7.25
 111812.857   451.753    -3.42    8.51
 112184.646   452.448     1.87   10.73
 112556.376   455.571     8.40   12.69
 112928.046   459.297    10.02   13.23
 113299.658   463.338    10.87   11.86
 113671.210   464.168     2.23   11.11
 114042.703   460.583    -9.65   16.04
 114414.137   452.303   -22.29   23.39
 114785.511   439.050   -35.68   26.70
 115156.827   427.760   -30.40   25.85
 115528.084   415.347   -33.43   21.50
 115899.281   406.591   -23.59   15.29
 116270.420   402.618   -10.70   10.90
 116641.500   404.145     4.11   13.42
 117012.520   408.115    10.70   16.67
 117383.482   410.583     6.65   17.27
 117754.385   413.090     6.76   14.45
 118125.229   415.591     6.74   11.88
 118496.014   420.523    13.30   12.50
 118866.741   425.983    14.73   12.72
 119237.409   430.280    11.59   12.58
 119608.018   431.050     2.08   12.25
 119978.568   432.612     4.21    9.70
 120349.059   435.930     8.95    9.21
 120719.492   443.023    19.15   10.64
 121089.867   451.201    22.08   10.69
 121460.183   460.311    24.60   10.22
 121830.440   468.407    21.86    9.68
 122200.638   476.378    21.53    8.27
 122570.778   481.199    13.02    6.84
 122940.860   483.010     4.89    7.35
 123310.883   483.818     2.18    8.71
 123680.848   481.574    -6.06   10.10
 124050.755   479.530    -5.53   11.01
 124420.603   479.348    -0.49   11.67
 124790.392   482.343     8.10   13.53
 125160.124   489.504    19.37   15.25
 125529.797   496.242    18.23   12.74
 125899.412   498.776     6.86    9.19
 126268.968   495.146    -9.82   10.95
 126638.467   485.610   -25.81   13.48
 127007.907   477.940   -20.76   11.59
 127377.289   474.996    -7.97    9.67
 127746.613   477.685     7.28   10.80
 128115.879   482.888    14.09   10.00
 128485.087   486.109     8.72    7.69
 128854.236   485.383    -1.97    9.59
 129223.328   482.206    -8.61   12.40
 129592.362   481.103    -2.99   14.58
 129961.338   481.586     1.31   16.51
 130330.256   482.780     3.23   14.76
 130699.116   481.558    -3.31   12.50
 131067.918   476.303   -14.25   11.50
 131436.663   469.078   -19.59   11.99
 131805.349   460.076   -24.41   13.73
 132173.978   452.352   -20.95   14.59
 132542.549   442.957   -25.49   17.60
 132911.063   433.818   -24.80   18.28
 133279.518   422.880   -29.68   17.89
 133647.916   413.050   -26.68   15.83
 134016.256   408.418   -12.58   16.05
 134384.539   409.201     2.13   21.72
 134752.764   417.763    23.25   27.15
 135120.932   428.092    28.05   25.52
 135489.042   429.426     3.62   22.29
 135857.094   425.105   -11.74   23.72
 136225.090   410.867   -38.69   26.36
 136593.027   397.146   -37.29   25.31
 136960.907   384.103   -35.45   24.27
 137328.730   377.215   -18.72   27.05
 137696.496   372.119   -13.85   30.38
 138064.204   368.735    -9.20   33.09
 138437.175   359.270   -25.38   31.48
 138816.666   349.572   -25.55   28.11
 139196.096   339.676   -26.08   22.35
 139575.464   332.866   -17.95   21.41
 139954.771   325.863   -18.46   19.96
 140334.017   319.585   -16.55   17.33
 140713.201   315.270   -11.38   11.86
 141092.324   317.104     4.84   11.92
 141471.385   326.064    23.63   19.68
 141850.385   343.470    45.92   25.44
 142229.324   362.401    49.95   28.09
 142608.202   375.943    35.74   27.11
 142987.019   385.954    26.42   29.69
 143365.774   383.183    -7.31   31.46
 143744.468   380.620    -6.77   30.70
 144123.101   375.628   -13.18   24.66
 144501.673   375.662     0.09   19.67
 144880.184   379.181     9.30   18.85
 145258.634   383.496    11.40   18.51
 145637.023   389.361    15.50   16.42
 146015.351   401.716    32.65   22.63
 146393.618   415.510    36.46   23.01
 146771.825   432.234    44.21   18.87
 147149.970   445.886    36.10   14.23
 147528.055   456.823    28.92   12.51
 147906.078   466.637    25.96   13.09
 148284.041   478.503    31.39   14.65
 148661.943   488.558    26.60   13.45
 149039.785   496.374    20.68   10.13
 149417.566   500.996    12.23    6.12
 149795.286   499.131    -4.94    8.30
 150172.945   490.496   -22.86   15.14
 150550.544   479.658   -28.70   17.82
 150928.083   467.503   -32.19   15.06
 151305.561   462.995   -11.94   15.27
 151682.978   463.847     2.26   17.66
 152060.335   466.552     7.17   18.75
 152437.631   464.490    -5.46   20.06
 152814.867   457.723   -17.94   23.20
 153192.043   449.699   -21.27   21.71
 153569.158   445.301   -11.66   21.94
 153946.213   444.818    -1.28   22.34
 154323.208   440.955   -10.25   24.30
 154700.142   431.636   -24.72   25.54
 155077.016   417.928   -36.37   23.13
 155453.830   406.307   -30.84   16.98
 155830.584   399.316   -18.55   12.57
 156207.277   395.766    -9.42   11.61
 156583.911   394.036    -4.59   11.84
 156960.484   392.776    -3.34   11.17
 157336.998   391.010    -4.69   11.41
 157713.451   389.398    -4.28   10.52
 158089.844   386.063    -8.86    9.23
 158466.177   384.253    -4.81    8.72
 158842.451   381.457    -7.43    8.00
 159218.664   378.407    -8.11    7.73
 159594.818   376.997    -3.75    7.47
 159970.911   376.780    -0.58    9.08
 160346.945   381.722    13.14   15.92
 160722.919   390.510    23.37   21.34
 161098.834   399.927    25.05   25.79
 161474.688   407.970    21.40   28.04
 161850.483   411.818    10.24   27.96
 162226.218   417.610    15.41   28.31
 162601.894   423.666    16.12   28.78
 162977.509   433.456    26.06   24.87
 163353.066   436.361     7.74   19.39
 163728.562   431.156   -13.86   19.98
 164104.000   419.617   -30.73   22.28
 164479.377   406.483   -34.99   22.15
 164854.695   396.968   -25.35   17.16
 165229.954   396.078    -2.37   18.85
 165605.153   402.051    15.92   22.03
 165980.293   408.078    16.06   17.90
 166355.374   410.436     6.29   13.50
 166730.395   412.556     5.65   13.31
 167105.357   420.699    21.71   19.61
 167480.259   436.148    41.20   23.59
 167855.103   455.352    51.22   22.69
 168229.887   469.735    38.37   19.33
 168604.612   479.361    25.68   15.60
 168979.278   483.352    10.65   12.02
 169353.884   480.090    -8.71   11.59
 169728.432   471.405   -23.18   14.25
 170102.920   461.596   -26.19   14.37
 170477.349   453.582   -21.40   11.03
 170851.720   451.623    -5.23   12.21
 171226.031   452.896     3.40   12.97
 171600.284   452.943     0.12   14.38
 171974.477   452.229    -1.91   13.69
 172348.612   448.836    -9.07   13.14
 172722.687   440.818   -21.43   16.24
 173096.704   429.928   -29.11   19.99
 173470.662   411.324   -49.74   24.46
 173844.561   388.077   -62.17   31.72
 174218.402   358.307   -79.62   37.28
 174592.183   329.428   -77.25   36.75
 174965.906   305.694   -63.50   23.90
 175339.571   296.407   -24.85   13.41
 175713.176   305.023    23.06   22.70
 176086.723   325.481    54.76   29.77
 176460.212   354.063    76.51   36.60
 176833.642   383.718    79.40   31.44
 177207.013   405.415    58.10   29.01
 177580.326   419.495    37.71   25.62
 177953.580   425.956    17.31   25.92
 178326.776   433.009    18.90   25.10
 178699.914   439.503    17.40   23.04
 179072.993   450.708    30.03   19.01
 179446.013   461.276    28.33   17.01
 179818.976   472.301    29.55   12.86
 180191.880   476.516    11.30    9.71
 180564.725   472.215   -11.54   15.85
 180937.513   458.650   -36.38   21.76
 181310.242   439.856   -50.41   21.44
 181682.913   425.334   -38.96   17.06
 182055.526   418.283   -18.92   10.57
 182428.080   421.874     9.64   13.09
 182800.577   433.699    31.74   19.68
 183173.015   447.818    37.90   20.27
 183545.396   461.293    36.18   16.16
 183917.718   468.064    18.18   11.37
 184289.983   471.229     8.50    8.79
 184662.189   471.722     1.32    8.78
 185034.337   470.311    -3.79   11.56
 185406.428   466.801    -9.43   15.88
 185778.461   458.091   -23.41   18.45
 186150.435   449.123   -24.10   15.52
 186522.352   443.874   -14.11   12.60
 186894.211   446.240     6.36   17.57
 187266.012   456.863    28.57   21.37
 187637.756   466.295    25.37   17.98
 188009.442   466.970     1.82   17.95
 188381.070   453.680   -35.75   31.61
 188752.640   427.916   -69.33   41.29
 189124.153   398.566   -78.99   40.26
 189495.608   373.810   -66.64   34.99
 189867.006   354.066   -53.15   26.82
 190238.346   341.104   -34.90   19.58
 190609.628   335.623   -14.76   15.22
 190980.853   342.941    19.71   29.23
 191352.020   364.537    58.17   45.30
 191723.130   387.749    62.54   48.54
 192094.183   406.051    49.32   43.95
 192465.178   410.667    12.44   40.33
 192836.116   407.927    -7.38   35.21
 193206.996   406.023    -5.13   28.00
 193577.819   411.927    15.92   21.63
 193948.585   424.145    32.95   22.16
 194319.293   435.915    31.75   20.10
 194689.944   432.489    -9.24   27.69
 195060.539   408.174   -65.60   46.21
 195431.075   373.913   -92.45   49.43
 195801.555   333.829  -108.18   33.24
 196171.978   317.393   -44.36   23.26
 196542.343   316.913    -1.29   31.78
 196912.651   330.050    35.47   43.92
 197282.903   336.366    17.05   46.84
 197653.097   331.503   -13.13   48.84
 198023.234   308.366   -62.50   47.45
 198393.315   286.218   -59.84   36.99
 198763.338   268.722   -47.27   17.76
 199133.304   266.620    -5.68   12.10
 199503.214   274.749    21.97   17.95
 199873.067   289.176    39.00   21.35
 200242.863   308.845    53.18   21.81
 200612.602   329.403    55.59   24.58
 200982.284   354.361    67.50   30.91
 201351.910   382.953    77.34   36.35
 201721.478   414.543    85.46   36.89
 202090.990   436.759    60.11   26.91
 202460.446   448.370    31.42   18.18
 202829.845   447.982    -1.05   19.48
 203199.187   437.823   -27.50   23.41
 203568.472   425.134   -34.35   27.57
 203937.701   419.770   -14.53   27.80
 204306.874   417.981    -4.84   29.35
 204675.990   424.456    17.54   27.17
 205045.049   423.676    -2.11   28.84
 205414.052   418.078   -15.17   29.22
 205782.998   411.218   -18.59   25.85
 206151.889   417.407    16.77   23.31
 206520.722   431.176    37.33   25.09
 206889.500   448.393    46.68   20.77
 207258.221   454.148    15.61   15.43
 207626.886   441.393   -34.59   29.59
 207995.494   417.815   -63.95   39.90
 208364.046   385.653   -87.25   43.55
 208732.542   355.370   -82.16   34.11
 209100.982   336.735   -50.57   21.57
 209469.366   327.681   -24.58   19.09
 209837.693   322.174   -14.95   17.63
 210205.964   317.831   -11.79   15.87
 210574.180   315.133    -7.33   13.07
 210942.339   313.160    -5.36   12.94
 211310.442   315.393     6.06   11.77
 211678.489   321.023    15.29   13.07
 212046.480   331.982    29.77   18.56
 212414.416   345.050    35.51   22.41
 212782.295   363.685    50.65   27.10
 213153.103   381.681    48.52   27.25
 213532.465   403.551    57.64   28.18
 213911.767   419.713    42.60   25.13
 214291.010   435.735    42.24   23.82
 214670.192   440.329    12.11   27.41
 215049.315   438.836    -3.94   32.82
 215428.378   427.174   -30.76   40.00
 215807.382   408.818   -48.42   41.54
 216186.325   390.577   -48.13   35.76
 216565.209   379.843   -28.33   28.64
 216944.034   380.694     2.25   29.86
 217322.799   383.361     7.04   37.11
 217701.504   386.579     8.49   38.60
 218080.149   384.122    -6.49   41.33
 218458.736   379.199   -13.00   37.91
 218837.262   374.218   -13.16   36.03
 219215.729   369.753   -11.79   34.55
 219594.137   365.133   -12.21   33.04
 219972.485   358.119   -18.53   29.03
 220350.774   349.610   -22.49   24.81
 220729.004   340.347   -24.48   18.26
 221107.174   335.393   -13.10   13.22
 221485.285   333.195    -5.81   11.28
 221863.337   332.900    -0.78   11.02
 222241.329   334.480     4.18    9.82
 222619.262   334.393    -0.23    9.28
 222997.136   336.454     5.45   10.30
 223374.951   337.604     3.04   10.28
 223752.707   339.886     6.04   10.10
 224130.404   343.503     9.57   11.24
 224508.041   349.901    16.94   16.29
 224885.620   356.843    18.38   20.34
 225263.139   367.311    27.72   23.56
 225640.600   377.777    27.72   24.24
 226018.002   389.428    30.87   24.49
 226395.344   402.670    35.08   23.88
 226772.628   420.726    47.85   28.59
 227149.853   443.615    60.66   30.37
 227527.019   465.064    56.86   31.05
 227904.126   484.370    51.19   21.55
 228281.175   491.537    19.00   17.40
 228658.165   493.913     6.30   17.99
 229035.096   493.343    -1.51   17.53
 229411.968   497.900    12.09   17.15
 229788.781   504.432    17.33   17.11
 230165.536   514.942    27.89   15.23
 230542.233   520.788    15.52   11.23
 230918.870   517.564    -8.56   13.66
 231295.450   509.597   -21.15   16.80
 231671.970   500.158   -25.06   14.95
 232048.432   491.634   -22.64   13.74
 232424.836   486.119   -14.65   13.77
 232801.181   482.343   -10.03   12.57
 233177.468   482.745     1.07   11.21
 233553.697   483.571     2.19   11.51
 233929.867   481.759    -4.82   13.85
 234305.978   472.843   -23.70   20.45
 234682.032   462.856   -26.55   21.55
 235058.027   453.077   -26.00   16.42
 235433.964   453.185     0.29   16.85
 235809.842   465.156    31.84   23.97
 236185.663   485.067    52.97   29.04
 236561.425   507.591    59.93   29.85
 236937.129   528.966    56.88   24.07
 237312.775   542.585    36.25   16.99
 237688.363   549.940    19.58   10.29
 238063.893   549.571    -0.98   10.24
 238439.365   544.704   -12.96   12.36
 238814.779   539.640   -13.49   13.63
 239190.134   531.722   -21.09   14.60
 239565.432   525.868   -15.59   14.28
 239940.672   518.818   -18.79   13.29
 240315.854   513.291   -14.73   10.88
 240690.979   508.874   -11.77    8.17
 241066.045   505.876    -7.99    7.58
 241441.053   502.983    -7.71    9.02
 241816.004   499.934    -8.13   11.71
 242190.897   501.743     4.83   17.84
 242565.732   503.559     4.84   23.44
 242940.510   506.283     7.27   24.82
 243315.230   507.164     2.35   23.31
 243689.892   505.187    -5.27   20.96
 244064.497   504.093    -2.92   16.87
 244439.044   501.818    -6.07   13.09
 244813.533   496.256   -14.85   13.01
 245187.965   487.912   -22.28   15.00
 245562.339   472.968   -39.91   17.11
 245936.656   460.266   -33.93   16.38
 246310.916   447.379   -34.43   14.31
 246685.118   437.809   -25.57   13.02
 247059.262   428.212   -25.64   14.72
 247433.350   419.258   -23.93   16.41
 247807.380   410.156   -24.33   15.41
 248181.352   403.082   -18.91   14.39
 248555.267   396.010   -18.91   12.68
 248929.125   391.298   -12.60   11.49
 249302.926   386.928   -11.69    8.44
 249676.670   385.220    -4.57    6.70
 250050.356   387.676     6.57   10.58
 250423.985   394.375    17.93   16.54
 250797.557   406.273    31.84   24.17
 251171.072   420.593    38.33   29.69
 251544.530   434.273    36.62   32.77
 251917.931   443.704    25.25   31.85
 252291.275   445.426     4.61   29.07
 252664.562   437.442   -21.38   28.77
 253037.791   425.640   -31.62   26.75
 253410.964   411.672   -37.42   20.21
 253784.080   403.615   -21.59   12.25
 254157.139   405.598     5.32   12.50
 254530.141   414.389    23.56   18.92
 254903.087   430.866    44.17   22.35
 255275.975   444.773    37.29   16.19
 255648.807   451.637    18.41   10.08
 256021.582   458.291    17.84   10.27
 256394.300   466.220    21.27   15.83
 256766.962   479.923    36.76   21.26
 257139.567   498.579    50.06   22.06
 257512.115   514.666    43.17   17.00
 257884.607   520.845    16.58   10.92
 258257.042   517.488    -9.01   14.00
 258629.420   508.134   -25.11   16.55
 259001.742   500.801   -19.69   14.20
 259374.007   499.856    -2.54   16.43
 259746.216   504.023    11.19   17.29
 260118.369   509.009    13.39   16.15
 260490.464   511.023     5.41   16.93
 260862.504   514.389     9.05   19.42
 261234.487   519.927    14.88   20.36
 261606.414   528.123    22.03   19.82
 261978.284   537.023    23.93   18.36
 262350.099   546.352    25.08   14.85
 262721.856   552.872    17.54   11.59
 263093.558   557.666    12.89    8.27
 263465.203   557.544    -0.33    8.79
 263836.792   553.567   -10.70   11.31
 264208.325   544.756   -23.71   14.38
 264579.802   534.690   -27.09   13.47
 264951.223   523.410   -30.36   14.06
 265322.588   513.069   -27.84   12.01
 265693.896   502.463   -28.56   13.81
 266065.149   490.244   -32.91   16.98
 266436.345   472.970   -46.52   23.20
 266807.486   457.964   -40.42   19.57
 267178.570   449.699   -22.27   13.06
 267549.599   448.806    -2.41   11.36
 267920.571   461.226    33.47   20.05
 268291.488   479.909    50.36   25.32
 268662.349   503.146    62.64   29.42
 269033.154   525.403    60.01   24.36
 269403.903   534.770    25.26   15.71
 269774.597   536.375     4.33   14.35
 270145.234   530.801   -15.04   18.91
 270515.816   526.634   -11.24   22.08
 270886.342   526.434    -0.54   23.53
 271256.813   528.593     5.82   20.42
 271627.228   527.612    -2.65   15.13
 271997.587   518.448   -24.74   18.76
 272367.891   505.731   -34.33   18.87
 272738.139   492.995   -34.39   17.79
 273108.331   486.148   -18.49   20.03
 273478.468   480.287   -15.83   25.51
 273848.550   475.913   -11.81   28.56
 274218.576   475.434    -1.30   29.54
 274588.546   482.356    18.71   32.32
 274958.462   493.426    29.92   32.03
 275328.321   506.315    34.84   25.40
 275698.126   509.412     8.37   22.43
 276067.875   506.122    -8.90   25.62
 276437.568   491.023   -40.83   31.95
 276807.207   477.495   -36.59   37.12
 277176.790   455.787   -58.72   44.19
 277546.318   430.309   -68.93   50.06
 277915.790   393.187  -100.45   49.79
 278285.208   355.835  -101.09   40.10
 278654.570   329.598   -71.01   24.60
 279023.877   315.155   -39.10   15.38
 279393.129   314.571    -1.58   16.57
 279762.326   322.538    21.57   22.31
 280131.468   338.658    43.66   35.72
 280500.555   361.567    62.05   43.53
 280869.587   389.983    76.98   48.89
 281238.563   405.934    43.22   43.96
 281607.485   399.523   -17.37   45.60
 281976.352   393.935   -15.15   38.93
 282345.164   395.901     5.33   32.33
 282713.921   414.170    49.53   37.19
 283082.623   436.739    61.20   32.89
 283451.271   448.155    30.96   27.91
 283819.863   439.676   -23.00   33.70
 284188.401   430.082   -26.03   29.40
 284556.884   427.252    -7.68   20.76
 284925.312   430.170     7.92   17.04
 285293.686   438.195    21.78   16.04
 285662.004   445.229    19.09   17.11
 286030.269   457.723    33.92   19.78
 286398.478   476.037    49.73   23.92
 286766.633   495.952    54.08   26.67
 287134.733   513.479    47.60   19.96
 287502.779   519.038    15.10   14.90
 287871.622   516.508    -6.86   16.24
 288250.859   505.263   -29.65   16.91
 288630.038   493.123   -32.01   12.74
 289009.158   484.954   -21.54   11.01
 289388.220   477.910   -18.58    9.55
 289767.224   473.488   -11.67    9.55
 290146.170   469.218   -11.27   12.21
 290525.057   467.037    -5.75   15.53
 290903.887   467.523     1.28   19.56
 291282.658   472.262    12.51   26.49
 291661.371   482.943    28.20   34.26
 292040.027   497.814    39.26   37.04
 292418.624   507.448    25.44   31.65
 292797.163   502.375   -13.40   30.41
 293175.644   483.481   -49.91   39.59
 293554.068   452.544   -81.73   37.27
 293932.433   433.580   -50.11   22.10
 294310.741   433.579    -0.00   21.04
 294688.990   453.952    53.85   35.33
 295067.182   490.347    96.21   44.50
 295445.316   525.288    92.38   37.10
 295823.393   539.770    38.29   23.87
 296201.411   538.566    -3.18   24.27
 296579.372   525.190   -35.38   26.47
 296957.275   513.731   -30.31   17.18
 297335.121   520.273    17.31   27.46
 297712.908   539.593    51.12   34.45
 298090.639   554.245    38.78   27.39
 298468.311   554.176    -0.18   23.96
 298845.926   547.195   -18.48   24.50
 299223.484   538.466   -23.11   23.21
 299600.984   542.067     9.54   30.48
 299978.427   557.773    41.60   30.45
 300355.812   569.023    29.80   22.66
 300733.139   569.488     1.23   16.76
 301110.410   554.572   -39.52   26.21
 301487.623   536.606   -47.62   27.28
 301864.778   515.231   -56.66   21.26
 302241.877   501.009   -37.71   15.88
 302618.918   489.955   -29.31   14.98
 302995.902   477.232   -33.74   19.69
 303372.828   453.410   -63.18   38.01
 303749.698   413.932  -104.72   59.46
 304126.510   363.442  -133.96   65.55
 304503.265   337.067   -69.99   46.79
 304879.963   357.968    55.47   61.38
 305256.603   406.937   129.98   63.40
 305633.187   445.023   101.11   41.62
 306009.714   465.840    55.27   31.07
 306386.184   465.940     0.26   43.39
 306762.596   465.065    -2.32   52.14
 307138.952   460.995   -10.81   57.65
 307515.251   462.868     4.98   56.57
 307891.493   470.889    21.31   53.74
 308267.678   482.823    31.72   48.29
 308643.806   495.185    32.86   43.52
 309019.877   494.206    -2.60   41.67
 309395.892   484.980   -24.53   42.42
 309771.849   476.898   -21.49   36.05
 310147.750   476.595    -0.81   33.10
 310523.595   485.968    24.93   35.39
 310899.382   502.826    44.85   36.45
 311275.113   516.572    36.58   38.49
 311650.787   539.606    61.30   38.99
 312026.405   555.337    41.87   31.59
 312401.966   564.201    23.59   19.91
 312777.470   562.456    -4.65   18.52
 313152.918   549.903   -33.42   20.13
 313528.310   535.705   -37.81   17.14
 313903.645   523.293   -33.06   15.30
 314278.923   513.361   -26.46   11.66
 314654.145   508.870   -11.97   10.63
 315029.311   511.910     8.10   17.65
 315404.420   522.870    29.21   21.86
 315779.473   533.815    29.17   19.29
 316154.469   540.657    18.24   15.77
 316529.410   540.347    -0.83   17.41
 316904.294   532.234   -21.63   20.45
 317279.121   516.708   -41.41   27.36
 317653.893   498.617   -48.26   30.09
 318028.608   475.460   -61.78   32.89
 318403.267   454.141   -56.89   35.50
 318777.870   417.766   -97.07   51.23
 319152.417   371.111  -124.53   60.53
 319526.908   338.927   -85.92   45.08
 319901.342   332.685   -16.67   36.00
 320275.721   361.544    77.06   55.01
 320650.044   406.566   120.24   54.86
 321024.310   440.681    91.12   45.76
 321398.521   466.460    68.87   34.02
 321772.676   480.537    37.61   28.99
 322146.775   500.773    54.08   26.41
 322520.818   519.474    49.98   25.13
 322894.805   538.643    51.24   18.77
 323268.736   544.096    14.58   18.21
 323642.611   542.384    -4.58   24.31
 324016.431   542.545     0.43   24.22
 324390.195   550.770    22.00   26.56
 324763.903   566.170    41.20   22.67
 325137.555   578.646    33.38   18.13
 325511.152   583.962    14.23   18.61
 325884.693   585.009     2.80   23.89
 326258.179   587.023     5.39   26.46
 326631.609   587.727     1.89   22.40
 327004.983   585.629    -5.62   18.45
 327378.302   575.798   -26.33   20.40
 327751.565   556.395   -51.97   25.14
 328124.773   538.417   -48.15   26.77
 328497.925   511.263   -72.75   33.80
 328871.022   479.136   -86.08   45.49
 329244.063   440.870  -102.55   52.67
 329617.049   413.417   -73.58   39.90
 329989.979   396.982   -44.06   29.20
 330362.855   391.809   -13.87   28.36
 330735.675   394.940     8.40   28.41
 331108.439   398.269     8.93   27.84
 331481.148   403.662    14.46   30.74
 331853.803   414.361    28.70   32.07
 332226.401   422.516    21.88   37.25
 332598.945   446.494    64.34   46.37
 332971.434   470.139    63.46   47.31
 333343.867   503.796    90.34   50.49
 333716.245   532.096    75.97   45.09
 334088.568   555.609    63.13   38.28
 334460.836   574.234    50.02   42.71
 334833.049   583.361    24.51   50.84
 335205.207   584.615     3.37   57.43
 335577.310   564.709   -53.48   68.25
 335949.358   536.460   -75.91   70.23
 336321.351   510.937   -68.59   66.14
 336693.290   498.615   -33.12   65.67
 337065.173   488.038   -28.43   69.54
 337437.001   480.843   -19.34   73.84
