# NaN NaN NaN ;Mean Elev.(m), Avg Gradient(m/km), RMS Gradient(m/km) - SRTM1     
#    5.007  -3.884   8.169 ;Mean Elev.(m), Avg Gradient(m/km), RMS Gradient(m/km) - ASTER GDEM
#   17.072  -3.011   7.434 ;Mean Elev.(m), Avg Gradient(m/km), RMS Gradient(m/km) - GMTED2010 
  7 124.728005  69.441202    21.521    22.396  8 52455.50500574 20.442
  8 124.745753  69.436499    16.302    16.302  2 52490.50497890 48.257
 10 124.724186  69.438086    15.217    15.184  7 52560.50500764 40.890
 11 124.728726  69.438612    15.510    14.024  7 52595.50501589 23.412
 12 124.721938  69.438680    24.746    24.876  6 52630.50495072 14.038
 14 124.724927  69.436896    24.503    24.612  6 52700.50494978 10.231
 15 124.733875  69.445995    24.504    25.126  8 52735.50498480  8.578
 18 124.723684  69.437972    19.919    19.819  7 52840.50506863 42.428
 19 124.727616  69.437656    18.814    19.562  7 52875.50510750 22.174
 20 124.736138  69.448751    15.121    14.612  9 52910.50507795 48.550
 23 124.731394  69.445288    18.005    17.403  8 53015.50506531 10.656
 24 124.716258  69.442053    17.393    17.012  3 53050.50504033  9.712
 25 124.730802  69.441482    21.201    21.191  8 53085.50507602  8.443
 26 124.716014  69.442032    17.513    17.513  2 53120.50504676  9.381
 27 124.725025  69.436094    16.509    16.509  2 53155.50509896 30.473
 34 124.727216  69.437402    22.426    22.598  7 53400.50504922 11.785
 35 124.734738  69.447126    21.454    21.779  9 53435.50504058  9.865
 37 124.727827  69.440611    17.754    17.605  7 53505.50512464 29.353
 38 124.729716  69.440578    22.210    22.551  7 53540.50512623 19.083
 39 124.725855  69.448512    17.847    17.582  5 53575.50512070 51.673
 40 124.734123  69.449269    19.590    18.017  8 53610.50507160 22.089
 42 124.737234  69.435221    13.723    13.726  4 53680.50508937 27.943
 43 124.734328  69.449492    15.057    14.579  9 53715.50501986 17.072
 44 124.718010  69.440768    14.525    14.592  3 53750.50493569 14.388
 45 124.733102  69.445062    16.062    15.653  8 53785.50496637 11.896
 46 124.740085  69.452620    20.082    19.981  9 53820.50492579  9.526
 47 124.714379  69.443237    18.951    18.951  2 53855.50500996  8.147
 48 124.728941  69.443776    27.922    28.014  8 53890.50502026 28.414
 50 124.737018  69.437482    15.499    15.369  4 53960.50507092 33.714
 54 124.734130  69.447935    14.808    14.732  9 54100.50502306 20.357
 55 124.719651  69.440023    17.249    15.824  4 54135.50498426 14.947
 58 124.732457  69.439311    15.799    15.776  6 54240.50502218 31.696
 59 124.729398  69.442016    22.764    22.750  7 54275.50503850 29.767
 61 124.734876  69.448999    17.299    17.207  9 54345.50501596 25.463
 62 124.727419  69.436594    24.034    25.024  5 54380.50497520 19.343
 63 124.731445  69.444679    14.833    14.821  9 54415.50496382 18.955
 65 124.730261  69.442058    20.954    20.653  8 54485.50495890  9.499
 66 124.726714  69.438343    21.135    20.814  7 54520.50495694  9.092
 67 124.732802  69.446798    21.872    22.271  8 54555.50497078  7.976
 68 124.727412  69.439526    20.239    19.888  7 54590.50495323  6.426
 69 124.730807  69.442935    23.181    23.526  7 54625.50497011 23.446
 70 124.728716  69.439649    16.971    16.982  7 54660.50497782 39.361
 71 124.729664  69.448109    18.336    18.352  7 54695.50495751 49.665
 72 124.725454  69.437923    23.639    24.386  7 54730.50493287 19.028
 75 124.730885  69.441760    14.682    14.696  8 54835.50492631 16.458
 76 124.719552  69.439939    13.957    13.952  4 54870.50492463 15.283
 77 124.733881  69.446592    14.589    14.475  8 54905.50493556 12.924
 78 124.725479  69.438006    23.237    24.602  7 54940.50491615  9.491
 79 124.737883  69.433266    20.433    20.318  3 54975.50494443 24.509
 80 124.727551  69.445281    21.150    20.943  3 55010.50495789 50.711
 81 124.729224  69.440688    16.602    16.835  7 55045.50494803 36.015
 82 124.740092  69.443543    17.580    17.666  5 55080.50492278 42.853
 83 124.727865  69.437605    23.772    24.116  7 55115.50487954 19.081
 84 124.740044  69.434595    13.370    13.299  3 55150.50487788 21.869
 85 124.718768  69.440271    14.625    14.557  3 55185.50486504 17.176
 86 124.731399  69.442863    15.243    15.004  8 55220.50487769 13.508
 87 124.726186  69.438922    15.476    15.803  6 55255.50486055 12.439
 88 124.733558  69.447788    13.802    14.223  9 55290.50486770 12.256
 89 124.732818  69.437329    24.942    25.244  5 55325.50484601 11.632
 90 124.729430  69.444532    21.280    21.757  8 55360.50484452 25.013
 91 124.725233  69.438617    20.732    20.835  6 55395.50484915 21.321
 92 124.738942  69.434986    18.106    18.119  3 55430.50485804 27.990
 93 124.736069  69.449927    20.907    20.874  8 55465.50482206 24.645
