# NaN NaN NaN ;Mean Elev.(m), Avg Gradient(m/km), RMS Gradient(m/km) - SRTM1     
#  -28.000  -2.577   9.533 ;Mean Elev.(m), Avg Gradient(m/km), RMS Gradient(m/km) - ASTER GDEM
#    1.309   0.672   5.614 ;Mean Elev.(m), Avg Gradient(m/km), RMS Gradient(m/km) - GMTED2010 
  6 126.902081  72.420452     6.341     6.515  7 52440.14242179 14.821
  7 126.903635  72.419066     2.848     2.519  7 52475.14241982 22.269
  8 126.900900  72.419096     2.836     2.904  7 52510.14237859 30.232
  9 126.928874  72.418530     3.198     3.197  7 52545.14238648 36.423
 10 126.913958  72.419941     3.184     3.191  7 52580.14241837 25.988
 11 126.892133  72.420838     3.287     3.291  7 52615.14238704 24.422
 12 126.923571  72.420167     3.363     3.348  8 52650.14236499 24.118
 14 126.912422  72.420141     3.370     3.429  7 52720.14240226 22.028
 15 126.885796  72.420651     3.253     3.270  7 52755.14242704 22.161
 16 126.933404  72.419018     3.143     3.165  8 52790.14237422 40.360
 17 126.926624  72.418716     5.112     4.587  8 52825.14244437 26.908
 18 126.925693  72.418265     3.435     3.479  8 52860.14249039 33.193
 19 126.904633  72.420330     3.367     3.389  7 52895.14252139 37.095
 20 126.887628  72.421861     3.100     3.166  7 52930.14247068 26.772
 21 126.932506  72.419332     2.799     2.863  7 52965.14246057 14.666
 22 126.902466  72.420684     3.197     3.245  7 53000.14249572 17.932
 23 126.889356  72.420634     3.231     3.212  6 53035.14244545 18.100
 24 126.913790  72.420012     3.151     3.159  7 53070.14246369 17.843
 25 126.883435  72.421211     3.231     3.183  6 53105.14244708 13.956
 26 126.921246  72.418925     3.267     3.255  8 53140.14246971  7.731
 27 126.916978  72.421418     8.938     6.358  6 53175.14250380 19.114
 28 126.906729  72.420866     3.147     3.204  7 53210.14252212 24.816
 29 126.899320  72.418608     3.594     3.732  7 53245.14249063 32.973
 30 126.927699  72.418839     2.773     2.928  8 53280.14247189 27.394
 31 126.914909  72.419780     3.878     3.893  7 53315.14249008 24.221
 32 126.905491  72.419712     3.901     3.889  8 53350.14245609 21.140
 33 126.927201  72.418637     3.859     3.847  7 53385.14243475 22.961
 34 126.916778  72.419689     3.929     3.940  8 53420.14243993 20.579
 35 126.935632  72.418253     3.798     3.823  8 53455.14244531 21.773
 36 126.907199  72.420319     3.965     3.979  7 53490.14253093 18.883
 37 126.914731  72.419924     7.756     7.759  8 53525.14251553 27.877
 38 126.899080  72.420941     2.889     2.893  7 53560.14254335 20.817
 39 126.899246  72.419347     2.471     2.462  7 53595.14248183 21.101
 40 126.930543  72.419141     3.544     3.685  8 53630.14247423 27.546
 41 126.908939  72.419697     3.985     3.969  8 53665.14249835 42.783
 42 126.904893  72.420707     3.674     3.663  7 53700.14245312 19.873
 43 126.892370  72.421436     3.678     3.708  7 53735.14237544 18.925
 44 126.920959  72.418753     3.560     3.568  8 53770.14236294 18.648
 45 126.900404  72.421214     3.644     3.666  7 53805.14235685 19.918
 47 126.916213  72.418844     3.788     3.812  8 53875.14242341 13.832
 49 126.895968  72.419276     3.637     3.716  7 53945.14249097 24.436
 50 126.895208  72.421553     2.756     2.833  7 53980.14243807 26.283
 51 126.933667  72.418732     5.289     3.920  7 54015.14245504 19.068
 52 126.917942  72.418846     3.691     3.727  8 54050.14245829 23.849
 54 126.882255  72.421411     3.818     3.887  7 54120.14237836 21.250
 55 126.909997  72.420191     3.707     3.724  7 54155.14240788 18.081
 56 126.889040  72.420482     3.712     3.730  7 54190.14237496 19.912
 57 126.913816  72.419151     4.009     4.114  8 54225.14241879 14.301
 58 126.911653  72.419884     7.518     7.211  8 54260.14243916 12.684
 59 126.911469  72.420215     3.193     3.360  8 54295.14244297 28.432
 60 126.903897  72.420494     3.098     3.149  7 54330.14243604 24.240
 61 126.889937  72.421306     3.425     3.316  6 54365.14238120 30.052
 62 126.913518  72.420375     3.690     3.680  7 54400.14237719 32.323
 63 126.897164  72.421602     3.896     3.761  7 54435.14233496 15.419
 64 126.922458  72.418797     3.777     3.779  8 54470.14236078 15.115
 65 126.894530  72.420208     3.712     3.692  7 54505.14234921 14.939
 66 126.909681  72.419506     3.789     3.723  7 54540.14237607 12.785
 67 126.892780  72.420444     3.852     3.710  7 54575.14235014 12.694
 68 126.908917  72.419460     3.656     3.854  7 54610.14236825 38.409
 69 126.909119  72.420740     5.051     5.080  7 54645.14237578 21.558
 70 126.905275  72.419339     3.543     3.600  7 54680.14237743 36.066
 71 126.891988  72.421409     3.086     3.061  7 54715.14232812 24.029
 72 126.915601  72.419130     4.024     3.648  8 54750.14234775 32.143
 73 126.899193  72.420169     3.524     3.583  6 54785.14231692 24.579
 74 126.918780  72.419728     3.784     3.802  8 54820.14234041 20.587
 75 126.898392  72.418944     3.674     3.677  7 54855.14231355 21.384
 76 126.904793  72.419361     3.749     3.776  7 54890.14234523 21.177
 77 126.886531  72.420842     3.801     3.840  7 54925.14231271 17.937
 78 126.917869  72.420828     4.108     4.200  8 54960.14234237  9.688
 79 126.906224  72.420078     7.017     7.020  8 54995.14236468 32.378
 80 126.904158  72.418959     2.690     2.628  7 55030.14235483 21.989
 81 126.903365  72.419800     3.191     3.728  8 55065.14234533 26.373
 82 126.884879  72.421177     3.352     3.419  7 55100.14228893 44.676
 83 126.915965  72.419871     4.324     4.315  8 55135.14229014 31.721
 84 126.898586  72.421324     3.375     3.510  7 55170.14225386 20.978
 85 126.916779  72.419928     3.517     3.503  7 55205.14228320 19.824
 86 126.892712  72.420483     3.526     3.585  7 55240.14226062 18.924
 87 126.904082  72.420186     3.591     3.608  7 55275.14227751 17.670
 88 126.892911  72.420823     3.243     3.617  6 55310.14224418 19.155
 89 126.910096  72.420310     5.170     5.210  8 55345.14224590 39.680
 90 126.898789  72.419111     2.798     2.798  7 55380.14224019 19.553
 91 126.917180  72.418625     3.255     3.376  8 55415.14226566 35.410
 92 126.901935  72.421037     3.482     3.502  7 55450.14225169 33.834
 93 126.888238  72.422091     2.872     2.868  7 55485.14217711 35.335
