# NaN NaN NaN ;Mean Elev.(m), Avg Gradient(m/km), RMS Gradient(m/km) - SRTM1     
#  -18.635  -2.324  21.745 ;Mean Elev.(m), Avg Gradient(m/km), RMS Gradient(m/km) - ASTER GDEM
#    4.964  -2.091  21.856 ;Mean Elev.(m), Avg Gradient(m/km), RMS Gradient(m/km) - GMTED2010 
  6 127.186808  71.801099    29.159    32.058 17 52437.13856088 18.852
  7 127.194272  71.806000    68.091    70.159 19 52472.13856114  9.462
  8 127.171449  71.794336    49.661    73.563  8 52507.13853918 29.633
 10 127.191881  71.801456     2.575     2.522 19 52577.13856967 34.303
 11 127.195217  71.809821     1.887     2.010 18 52612.13853168 25.327
 12 127.193238  71.797070     2.033     1.939 20 52647.13851883 26.066
 13 127.192632  71.802087     2.010     1.874 20 52682.13848822 25.636
 14 127.190862  71.797494     1.874     1.766 20 52717.13854818 24.634
 15 127.210603  71.825863     3.337     2.863 20 52752.13856803 22.298
 17 127.192629  71.791857    31.913    33.132 20 52822.13859181 17.076
 18 127.195025  71.794903    32.998    34.782 20 52857.13863834 15.443
 19 127.194664  71.804184    31.515    33.126 19 52892.13866898 18.449
 20 127.209427  71.824047     5.451     3.865 20 52927.13861711 44.385
 22 127.193905  71.802706     3.875     2.178 19 52997.13863270 20.242
 23 127.199750  71.817072     5.521     2.683 18 53032.13858863 21.020
 24 127.194245  71.797564     3.501     1.925 20 53067.13860241 20.489
 25 127.211000  71.825666     7.171     5.611 21 53102.13859150 17.800
 26 127.190585  71.792835     2.822     1.707 20 53137.13860586 14.463
 27 127.191243  71.798399    32.372    34.443 20 53172.13865289 18.690
 28 127.193691  71.804313    28.689    30.778 19 53207.13866620 15.286
 29 127.194065  71.806396    29.987    32.004 18 53242.13863353 16.539
 31 127.192363  71.800655     4.144     4.133 19 53312.13864352 32.112
 32 127.194254  71.805048     2.724     2.700 18 53347.13860855 27.409
 33 127.189558  71.786736     2.969     2.981 19 53382.13857425 23.819
 34 127.192395  71.798226     2.717     2.725 20 53417.13858834 22.520
 36 127.193141  71.803348     2.347     2.469 19 53487.13867249 20.449
 37 127.193636  71.801083    11.615     9.526 14 53522.13866410 26.475
 38 127.193987  71.807858    25.800    25.692 18 53557.13868795 15.418
 39 127.195412  71.806960    29.045    31.289 18 53592.13862497 16.148
 40 127.191353  71.789640    32.970    34.577 20 53627.13861814 14.967
 41 127.191322  71.798585     4.161     4.180 20 53662.13864202 37.973
 42 127.194509  71.808189     1.452     1.360 18 53697.13860653 24.784
 43 127.197679  71.813872     2.608     2.585 18 53732.13852809 22.575
 44 127.193441  71.793594     2.727     2.712 20 53767.13850653 20.920
 45 127.195432  71.809240     2.254     2.218 18 53802.13850422 19.532
 46 127.192988  71.789752     2.876     2.002 20 53837.13851812 16.495
 47 127.190687  71.797208     2.139     2.085 20 53872.13857024 13.984
 48 127.193730  71.801165     9.855     9.869 20 53907.13860959 51.613
 49 127.194758  71.808250     8.559     5.575 18 53942.13863559 20.507
 50 127.194138  71.812777    26.181    26.470 15 53977.13858874 13.577
 52 127.193849  71.796088    17.621    12.902 20 54047.13860857 22.045
 54 127.205829  71.822568     5.216     3.832 20 54117.13852836 20.992
 55 127.182120  71.795702     6.920     5.399 16 54152.13855365 14.850
 56 127.209146  71.821991     9.244    10.482 13 54187.13852159 17.198
 57 127.191059  71.796389    13.690     7.844 20 54222.13856298 17.329
 58 127.193915  71.802556    30.122    32.064 19 54257.13858425 18.195
 59 127.194462  71.801429    30.235    32.306 20 54292.13858672 13.940
 60 127.195052  71.804932     6.037     6.008 19 54327.13858258 45.156
 61 127.203635  71.820472    25.779    28.035 18 54362.13852967 18.675
 62 127.190513  71.796752     4.282     4.289 20 54397.13852397 42.005
 63 127.194795  71.810471     2.209     2.146 18 54432.13848150 20.258
 64 127.193119  71.794366     2.537     2.537 20 54467.13850570 18.902
 65 127.196036  71.808789     5.192     2.863 18 54502.13849636 17.498
 66 127.193548  71.801927     5.308     2.406 19 54537.13851982 13.675
 67 127.198365  71.813641     4.996     2.544 18 54572.13849709 14.754
 68 127.192432  71.800414    11.250     8.763 20 54607.13851353 14.083
 69 127.195503  71.805878    21.823    24.167 19 54642.13852154 18.351
 70 127.193967  71.803149    27.467    27.840 20 54677.13852394 16.871
 71 127.196287  71.813166    28.371    28.687 18 54712.13847646 16.844
 72 127.192112  71.798550    28.813    31.742 20 54747.13849328 23.786
 73 127.201922  71.809582    12.364    12.523 15 54782.13846307 24.248
 74 127.179907  71.790342    23.586    25.856 15 54817.13848783 19.150
 75 127.201884  71.811205     8.391     3.832 16 54852.13846031 20.802
 76 127.199035  71.804562    11.188     9.902 17 54887.13848928 19.093
 77 127.214864  71.828177     5.149     4.033 20 54922.13845774 16.251
 78 127.193310  71.797879    14.633     9.283 20 54957.13848666 10.802
 79 127.193434  71.803258    12.917    13.422 19 54992.13850877 20.957
 80 127.196407  71.806744    15.423    13.824 19 55027.13849877 18.011
 81 127.194675  71.803821     5.016     5.023 19 55062.13849206 45.935
 82 127.207098  71.823681    20.037    20.476 19 55097.13843675 19.124
 84 127.197385  71.808512     2.951     2.069 17 55167.13840186 20.281
 85 127.193920  71.799677    12.268    12.680 17 55202.13842828 18.171
 86 127.197901  71.812677     3.568     2.699 18 55237.13840821 17.424
 87 127.193444  71.803216    11.409     4.862 20 55272.13842197 15.558
 88 127.208225  71.821171     6.010     3.273 14 55307.13838837 16.685
 89 127.193655  71.801330     7.255     5.909 20 55342.13839201 38.495
 90 127.195090  71.807238    27.861    26.554 19 55377.13838467 18.706
 91 127.193044  71.797681     8.046     5.019 20 55412.13840979 20.373
 92 127.195726  71.805758    25.907    29.723 19 55447.13839951 17.749
 93 127.212628  71.827014     3.331     3.337 22 55482.13832620 43.017
