-149025.046   229.017     0.00    6.27
-148654.328   224.027   -13.46    8.39
-148283.531   220.299   -10.05    7.35
-147912.655   216.739    -9.60    5.20
-147541.701   214.484    -6.08    4.16
-147170.667   212.732    -4.72    4.15
-146799.555   212.147    -1.58    3.61
-146428.364   213.505     3.66    3.99
-146057.094   215.188     4.53    4.90
-145685.745   217.226     5.49    5.04
-145314.317   218.823     4.30    5.34
-144942.809   218.957     0.36    6.38
-144571.223   216.289    -7.18    7.64
-144199.557   213.011    -8.82    8.57
-143827.812   207.862   -13.85    8.10
-143455.988   203.078   -12.86    6.40
-143084.085   202.735    -0.92    8.23
-142712.102   204.625     5.08    9.71
-142340.039   210.115    14.75   11.25
-141967.897   216.758    17.85   10.72
-141595.676   223.688    18.62    6.63
-141223.375   226.411     7.31    3.82
-140850.994   224.698    -4.60    5.13
-140478.534   221.134    -9.57    5.27
-140105.993   217.766    -9.04    4.37
-139733.373   215.340    -6.51    3.90
-139360.673   215.602     0.70    4.41
-138987.894   216.340     1.98    5.41
-138615.034   214.913    -3.83    8.51
-138242.094   212.747    -5.81   11.04
-137869.074   209.165    -9.60   12.53
-137495.974   205.208   -10.60   10.63
-137122.794   203.250    -5.25    8.18
-136749.534   204.398     3.08   10.25
-136376.193   205.938     4.13   13.18
-136002.772   208.427     6.66   14.13
-135629.271   211.284     7.65   13.59
-135255.689   214.357     8.22   11.41
-134882.027   215.083     1.94    9.55
-134508.284   213.358    -4.62    9.35
-134134.460   208.443   -13.15    8.57
-133760.556   201.840   -17.66    6.67
-133386.572   197.192   -12.43    7.37
-133012.506   193.436   -10.04    6.40
-132638.360   191.765    -4.47    5.57
-132264.133   189.533    -5.97    6.21
-131889.825   185.175   -11.64    8.37
-131515.436   178.344   -18.24    8.93
-131140.967   171.990   -16.97    7.79
-130766.416   165.011   -18.63    8.33
-130391.784   162.979    -5.42    8.96
-130017.070   162.442    -1.43   10.14
-129642.276   163.838     3.73   11.14
-129267.401   164.734     2.39   10.86
-128892.444   160.753   -10.62   11.02
-128517.405   153.326   -19.80   11.92
-128142.286   143.093   -27.28   12.63
-127767.085   133.255   -26.22   12.74
-127391.802   122.354   -29.04   12.54
-127016.438   112.722   -25.66   10.33
-126640.992   104.704   -21.35    7.04
-126265.464   101.071    -9.67    4.80
-125889.855   100.611    -1.23    5.19
-125514.164   101.299     1.83    6.32
-125138.391   102.379     2.87    6.33
-124762.537   101.344    -2.75    6.66
-124386.600    97.128   -11.21    8.83
-124010.581    88.776   -22.21   11.64
-123634.481    80.956   -20.79   11.17
-123258.298    76.000   -13.17    7.09
-122882.033    76.761     2.02    7.45
-122505.686    84.909    21.65   12.59
-122129.256    96.663    31.22   17.22
-121752.745   113.103    43.66   20.31
-121376.151   127.341    37.80   14.97
-120999.474   137.423    26.76    9.16
-120622.715   145.234    20.73    9.51
-120245.874   152.806    20.09   10.67
-119868.950   161.255    22.41   10.51
-119491.943   172.081    28.71   12.20
-119114.854   180.054    21.14   10.32
-118737.682   188.192    21.57    8.00
-118360.427   197.198    23.87   10.80
-117983.089   207.302    26.78   14.14
-117605.669   215.292    21.17   11.20
-117228.165   220.898    14.85    6.29
-116850.579   220.137    -2.02    7.82
-116472.909   218.833    -3.45    8.74
-116095.156   219.330     1.31    8.58
-115717.320   219.845     1.36    8.47
-115339.401   219.177    -1.77    7.81
-114961.399   217.196    -5.24    6.16
-114583.313   215.274    -5.08    4.67
-114205.144   213.083    -5.79    5.02
-113826.892   209.816    -8.64    6.25
-113448.556   203.905   -15.62    8.02
-113070.136   197.500   -16.93    9.27
-112691.633   189.960   -19.92    9.48
-112313.046   184.216   -15.17    9.62
-111934.376   178.750   -14.43    9.41
-111555.621   174.735   -10.60    9.98
-111176.783   171.750    -7.88   10.16
-110797.861   169.408    -6.18    9.18
-110418.855   166.592    -7.43    8.90
-110039.766   162.531   -10.71    9.61
-109660.592   156.042   -17.11   11.07
-109281.334   152.755    -8.67    8.91
-108901.991   153.389     1.67    8.35
-108522.565   156.688     8.69    8.33
-108143.054   161.361    12.31    6.15
-107763.460   162.327     2.54    6.00
-107383.780   161.179    -3.02    7.25
-107004.016   159.663    -3.99    7.12
-106624.168   157.536    -5.60    6.37
-106244.235   156.604    -2.45    5.54
-105864.218   154.177    -6.39    5.88
-105484.116   148.561   -14.77    8.31
-105103.929   141.905   -17.51    8.52
-104723.658   135.857   -15.90    7.67
-104343.302   126.378   -24.92   11.59
-103962.861   119.194   -18.88   12.62
-103582.335   113.760   -14.28    8.55
-103201.723   113.838     0.20    7.55
-102821.027   119.536    14.97    8.04
-102440.246   125.765    16.36    7.36
-102059.380   131.660    15.48    8.45
-101678.428   136.990    13.99   10.19
-101297.392   142.842    15.36   11.10
-100916.269   147.091    11.15   11.31
-100535.062   151.794    12.34   10.57
-100164.082   154.990     8.61   10.54
 -99798.983   160.347    14.67   11.54
 -99433.807   166.302    16.31   12.14
 -99068.555   173.120    18.66    9.93
 -98703.225   178.173    13.83    5.12
 -98337.818   180.850     7.32    4.73
 -97972.333   182.635     4.88    5.77
 -97606.771   181.418    -3.33    8.49
 -97241.132   177.404   -10.98   11.49
 -96875.416   169.551   -21.47   15.01
 -96509.622   158.707   -29.64   13.96
 -96143.750   149.111   -26.22   12.49
 -95777.801   143.742   -14.67   10.00
 -95411.775   144.309     1.55   13.48
 -95045.671   148.959    12.70   16.13
 -94679.489   156.604    20.88   17.35
 -94313.229   161.162    12.44   14.91
 -93946.891   164.736     9.76   10.81
 -93580.476   160.550   -11.42   13.54
 -93213.983   152.381   -22.29   14.56
 -92847.411   142.206   -27.76   12.81
 -92480.762   134.541   -20.91   10.11
 -92114.035   134.505    -0.10   14.52
 -91747.230   139.163    12.70   20.42
 -91380.346   143.720    12.42   23.34
 -91013.384   145.920     5.99   24.00
 -90646.344   142.719    -8.72   23.80
 -90279.226   137.684   -13.71   22.50
 -89912.030   131.111   -17.90   21.91
 -89544.755   126.570   -12.36   21.32
 -89177.401   123.814    -7.50   22.25
 -88809.969   124.021     0.56   24.54
 -88442.459   122.122    -5.17   25.38
 -88074.870   120.055    -5.62   23.29
 -87707.202   123.102     8.29   23.04
 -87339.456   126.888    10.29   22.21
 -86971.631   133.959    19.22   20.22
 -86603.727   137.526     9.69   16.55
 -86235.744   134.247    -8.91   13.82
 -85867.682   129.630   -12.54   10.11
 -85499.542   123.462   -16.75    6.16
 -85131.322   115.940   -20.43   10.16
 -84763.023   110.217   -15.54   10.16
 -84394.646   108.697    -4.13    8.37
 -84026.189   107.562    -3.08    6.99
 -83657.653   106.475    -2.95    7.46
 -83289.037   101.475   -13.56    9.86
 -82920.343    94.874   -17.90    9.77
 -82551.569    89.455   -14.69    9.93
 -82182.715    84.261   -14.08    8.57
 -81813.783    79.740   -12.25    5.31
 -81444.770    77.366    -6.43    3.02
 -81075.678    76.220    -3.10    2.63
 -80706.507    75.021    -3.25    2.66
 -80337.256    73.680    -3.63    2.20
 -79967.925    72.919    -2.06    2.14
 -79598.514    73.541     1.68    3.10
 -79229.024    74.429     2.40    3.66
 -78859.454    74.442     0.04    3.78
 -78489.804    74.653     0.57    3.39
 -78120.073    74.141    -1.38    3.01
 -77750.263    73.720    -1.14    2.94
 -77380.373    74.010     0.79    3.25
 -77010.403    74.520     1.38    4.25
 -76640.352    75.125     1.63    4.43
 -76270.222    76.031     2.45    4.11
 -75900.011    76.040     0.02    3.73
 -75529.719    75.876    -0.44    3.60
 -75159.348    75.354    -1.41    4.35
 -74788.896    75.086    -0.72    4.83
 -74418.363    72.939    -5.79    5.85
 -74047.750    70.723    -5.98    5.86
 -73677.056    68.653    -5.58    4.89
 -73306.282    67.165    -4.01    3.48
 -72935.427    66.212    -2.57    3.12
 -72564.491    65.557    -1.77    3.40
 -72193.475    64.408    -3.10    5.65
 -71822.377    62.426    -5.34    7.35
 -71451.199    59.792    -7.10    8.10
 -71079.940    56.564    -8.69    6.79
 -70708.600    52.652   -10.53    3.89
 -70337.179    49.071    -9.64    5.57
 -69965.676    44.474   -12.37    8.85
 -69594.093    38.222   -16.82    9.73
 -69222.428    31.598   -17.82    6.55
 -68850.682    27.260   -11.67    3.01
 -68478.855    26.240    -2.74    3.36
 -68106.946    26.786     1.47    4.44
 -67734.956    29.465     7.20    5.64
 -67362.885    30.480     2.73    6.10
 -66990.732    30.768     0.77    6.20
 -66618.497    34.011     8.71   10.42
 -66246.181    40.182    16.57   15.52
 -65873.783    47.290    19.09   17.01
 -65501.303    53.520    16.72   14.13
 -65128.742    55.863     6.29   10.95
 -64756.098    52.970    -7.76   11.88
 -64383.373    48.688   -11.49   10.35
 -64010.566    42.283   -17.18    7.37
 -63637.677    38.646    -9.75    6.82
 -63264.706    36.263    -6.39    6.20
 -62891.652    35.170    -2.93    5.74
 -62518.517    34.663    -1.36    5.03
 -62145.299    36.569     5.11    5.41
 -61771.999    39.758     8.54    6.86
 -61398.617    44.149    11.76    7.90
 -61025.152    48.837    12.55    8.01
 -60651.605    52.347     9.39    6.50
 -60277.976    54.853     6.71    4.08
 -59904.264    54.667    -0.50    3.64
 -59530.469    53.794    -2.34    3.44
 -59156.591    52.450    -3.59    2.60
 -58782.631    52.396    -0.14    3.29
 -58408.589    52.418     0.06    3.43
 -58034.463    53.081     1.77    3.56
 -57660.254    53.566     1.30    3.41
 -57285.963    53.182    -1.03    3.23
 -56911.589    52.990    -0.51    3.51
 -56537.131    53.461     1.26    4.40
 -56162.591    55.189     4.62    4.56
 -55787.967    57.495     6.15    5.03
 -55413.260    60.280     7.43    5.44
 -55038.470    63.606     8.88    5.64
 -54663.597    66.022     6.44    4.52
 -54288.640    68.119     5.59    4.89
 -53913.600    71.082     7.90    6.19
 -53538.476    74.569     9.29    6.49
 -53163.269    76.602     5.42    6.00
 -52787.979    76.830     0.61    5.47
 -52412.604    75.111    -4.58    5.17
 -52037.146    72.909    -5.86    4.96
 -51661.604    69.230    -9.80    6.22
 -51285.979    65.196   -10.74    6.73
 -50910.269    63.070    -5.66    6.78
 -50534.476    63.020    -0.13    7.43
 -50158.599    64.459     3.83    7.15
 -49782.638    65.379     2.45    5.86
 -49406.592    64.580    -2.12    5.18
 -49030.463    62.479    -5.59    4.85
 -48654.249    62.510     0.08    4.09
 -48277.951    64.323     4.82    5.00
 -47901.569    66.873     6.77    6.24
 -47525.102    67.489     1.64    7.14
 -47148.551    65.920    -4.17    7.87
 -46771.916    63.041    -7.64    8.04
 -46395.196    60.170    -7.62    6.67
 -46018.391    57.639    -6.72    5.03
 -45641.502    55.828    -4.80    5.00
 -45264.528    54.235    -4.23    5.02
 -44887.470    51.950    -6.06    6.47
 -44510.326    49.566    -6.32    7.32
 -44133.098    48.410    -3.06    7.43
 -43755.785    48.784     0.99    6.73
 -43378.387    50.550     4.68    5.66
 -43000.903    51.818     3.36    5.26
 -42623.335    54.280     6.52    5.71
 -42245.682    56.490     5.85    7.20
 -41867.943    58.816     6.16    8.14
 -41490.119    62.490     9.72    7.46
 -41112.210    66.673    11.07    6.91
 -40734.215    72.257    14.77   10.81
 -40356.135    80.299    21.27   14.09
 -39977.970    85.039    12.53   17.00
 -39599.719    88.072     8.02   19.59
 -39221.382    86.307    -4.67   18.49
 -38842.960    85.021    -3.40   14.04
 -38464.452    90.525    14.54   14.75
 -38085.859   102.796    32.41   17.44
 -37707.179   116.663    36.62   18.89
 -37328.414   130.188    35.70   13.29
 -36949.562   137.833    20.18    8.62
 -36570.625   142.424    12.11    6.46
 -36191.601   145.820     8.96    6.21
 -35812.492   147.240     3.74    5.63
 -35433.296   147.465     0.60    5.68
 -35054.014   145.804    -4.38    6.16
 -34674.646   142.190    -9.53    7.21
 -34295.191   138.224   -10.45    9.34
 -33915.650   132.515   -15.04   11.92
 -33536.023   125.198   -19.27   13.71
 -33156.309   116.350   -23.30   12.94
 -32776.508   108.646   -20.28   11.20
 -32396.621   102.327   -16.64    9.04
 -32016.647    98.173   -10.93    8.43
 -31636.587    96.376    -4.73    8.87
 -31256.439    95.907    -1.23    9.08
 -30876.205    96.640     1.93    9.93
 -30495.884    97.333     1.82   11.36
 -30115.475    96.029    -3.43   11.65
 -29734.980    92.316    -9.76   10.91
 -29354.398    88.644    -9.65    9.96
 -28973.728    85.010    -9.54    9.99
 -28592.971    81.363    -9.58   10.49
 -28212.127    77.465   -10.24   11.10
 -27831.196    73.109   -11.43   10.69
 -27450.177    68.622   -11.77    8.62
 -27069.071    64.720   -10.24    5.89
 -26687.877    62.101    -6.87    4.01
 -26306.596    59.670    -6.38    4.32
 -25925.227    57.545    -5.57    4.81
 -25548.266    55.446    -5.57    5.85
 -25183.407    53.010    -6.68    6.16
 -24818.469    50.980    -5.56    7.26
 -24453.452    49.366    -4.42    8.10
 -24088.356    48.125    -3.40    9.04
 -23723.181    47.627    -1.36    9.71
 -23357.928    45.182    -6.70   10.13
 -22992.595    42.070    -8.52    9.43
 -22627.183    39.525    -6.97    8.11
 -22261.691    39.320    -0.56    6.98
 -21896.121    40.765     3.95    7.23
 -21530.471    43.287     6.90    7.13
 -21164.742    45.891     7.12    6.49
 -20798.933    46.909     2.78    4.38
 -20433.045    46.089    -2.24    3.44
 -20067.078    42.931    -8.63    5.35
 -19701.031    40.337    -7.09    4.93
 -19334.904    38.960    -3.76    4.28
 -18968.698    37.625    -3.65    5.09
 -18602.412    35.951    -4.57    9.79
 -18236.046    29.500   -17.61   15.77
 -17869.601    19.475   -27.36   17.73
 -17503.075    11.713   -21.18   15.36
 -17136.470     9.400    -6.31   13.30
 -16769.785    13.549    11.31   15.50
 -16403.019    19.990    17.56   15.71
 -16036.174    21.871     5.13   14.32
 -15669.248    21.606    -0.72   13.22
 -15302.243    18.079    -9.61   11.91
 -14935.157    16.500    -4.30   11.62
 -14567.991    13.448    -8.31   12.47
 -14200.744     9.069   -11.92   11.31
 -13833.417     5.242   -10.42    8.91
 -13466.010     8.667     9.32   14.55
 -13098.522    14.940    17.07   16.98
 -12730.954    23.340    22.85   16.77
 -12363.305    31.167    21.29   13.14
 -11995.575    37.567    17.40    4.66
 -11627.765    38.235     1.82    3.84
 -11259.874    36.149    -5.67    7.44
 -10891.902    30.990   -14.02    9.65
 -10523.849    27.566    -9.30    9.86
 -10155.716    26.080    -4.04   10.47
  -9787.501    27.960     5.11   10.22
  -9419.206    31.296     9.06    8.72
  -9050.829    32.950     4.49    8.64
  -8682.371    37.104    11.27    6.56
  -8313.832    39.392     6.21    5.99
  -7945.212    40.327     2.53    5.96
  -7576.511    38.861    -3.97    6.08
  -7207.728    37.584    -3.46    5.83
  -6838.864    36.515    -2.90    4.49
  -6469.918    39.441     7.93    6.80
  -6100.891    42.516     8.33    7.25
  -5731.783    44.667     5.83    5.80
  -5362.592    45.857     3.22    4.01
  -4993.321    44.196    -4.50    3.85
  -4623.967    41.505    -7.29    4.29
  -4254.532    40.059    -3.91    4.25
  -3885.014    41.238     3.19    4.60
  -3515.415    43.604     6.40    4.77
  -3145.735    45.657     5.55    4.91
  -2775.972    48.766     8.41    4.45
  -2406.127    53.612    13.10    6.88
  -2036.200    59.646    16.31    9.82
  -1666.191    55.814   -10.36   21.78
  -1296.099    43.919   -32.14   32.81
   -925.926    24.870   -51.46   33.90
   -555.670     7.180   -47.78   21.01
   -185.331     0.000   -19.39    0.00
    185.089     0.000     0.00    0.00
    555.592     0.000     0.00    0.00
    926.178     0.010     0.03    0.10
   1296.846     4.052    10.91    9.58
   1667.597    12.500    22.79   13.68
   2038.430    20.333    21.12   12.84
   2409.347    27.647    19.72    7.03
   2780.346    31.386    10.08    4.71
   3151.428    34.030     7.13    5.47
   3522.592    28.324   -15.38   14.80
   3893.840    20.124   -22.09   18.80
   4265.171    10.644   -25.53   16.50
   4636.585     7.479    -8.52   11.47
   5008.082    15.353    21.19   13.65
   5379.662    23.586    22.16   10.92
   5751.325    28.441    13.06    3.30
   6123.072    27.667    -2.08    5.14
   6494.901    21.300   -17.12   10.89
   6866.815    19.088    -5.95   11.78
   7238.812    20.260     3.15   13.20
   7610.892    24.549    11.53   12.00
   7983.056    29.949    14.51    3.99
   8355.303    29.564    -1.03    3.89
   8727.634    29.691     0.34    4.10
   9100.049    31.108     3.81    5.73
   9472.548    34.270     8.49    8.30
   9845.131    38.782    12.11   11.42
  10217.797    38.922     0.38   12.28
  10590.547    36.580    -6.28   12.25
  10963.382    33.343    -8.68    8.33
  11336.300    33.240    -0.28    5.07
  11709.303    34.252     2.72    4.85
  12082.389    35.541     3.45    4.30
  12455.560    34.822    -1.93    4.46
  12828.816    33.124    -4.55    4.11
  13202.155    31.480    -4.40    4.25
  13575.579    31.707     0.61    3.83
  13949.088    32.382     1.81    4.20
  14322.681    31.806    -1.54    4.09
  14696.358    30.510    -3.47    5.04
  15070.121    28.861    -4.41    5.27
  15443.968    26.414    -6.55    5.31
  15817.899    25.311    -2.95    5.62
  16191.916    26.204     2.39    6.38
  16566.017    27.881     4.48    6.55
  16940.203    29.510     4.35    5.25
  17314.474    32.806     8.81    7.22
  17688.830    37.210    11.76   12.91
  18063.272    42.235    13.42   14.55
  18437.798    46.030    10.13   13.79
  18812.410    49.606     9.55   11.08
  19187.107    52.079     6.60    6.44
  19561.889    52.050    -0.08    5.49
  19936.757    52.402     0.94    6.22
  20311.710    53.020     1.65    6.77
  20686.748    54.765     4.65    6.39
  21061.872    58.561    10.12    7.39
  21437.082    66.893    22.21   11.96
  21812.377    76.160    24.69   17.08
  22187.758    90.107    37.16   22.71
  22563.225   104.312    37.84   21.91
  22938.778   115.480    29.74   18.40
  23314.416   118.892     9.08   14.33
  23690.141   116.922    -5.24   13.52
  24065.951   111.775   -13.70   12.90
  24441.848   108.598    -8.45   10.25
  24817.830   108.853     0.68   11.11
  25193.899   113.465    12.26   12.95
  25570.054   120.301    18.17   12.61
  25946.296   128.360    21.42   17.66
  26322.624   133.019    12.38   19.78
  26699.038   134.031     2.69   16.69
  27075.539   130.314    -9.87   15.28
  27452.126   126.806    -9.32   14.50
  27828.800   121.198   -14.89   13.70
  28205.560   116.316   -12.96   10.57
  28582.407   114.356    -5.20    9.14
  28959.341   115.602     3.31   10.00
  29336.362   121.667    16.09   12.22
  29713.470   129.030    19.53   16.35
  30090.664   133.971    13.10   19.60
  30467.946   138.794    12.78   20.59
  30845.315   141.427     6.98   18.09
  31222.771   139.833    -4.22   13.06
  31600.314   135.137   -12.44    9.57
  31977.944   128.000   -18.90   14.86
  32355.661   115.235   -33.80   18.77
  32733.466   103.835   -30.18   17.81
  33111.359    97.050   -17.96   14.55
  33489.339    97.923     2.31   14.14
  33867.406   103.020    13.48   13.78
  34245.561   107.769    12.56   12.29
  34623.804   111.092     8.78   13.15
  35002.134   105.451   -14.91   17.17
  35380.552    94.816   -28.10   18.26
  35759.058    83.233   -30.60   15.51
  36137.652    75.043   -21.63    8.36
  36516.334    74.981    -0.16    8.00
  36895.104    76.796     4.79   11.25
  37273.962    81.563    12.58   14.67
  37652.908    87.495    15.65   17.43
  38031.943    94.548    18.61   19.09
  38411.065   104.190    25.43   18.53
  38790.276   116.422    32.26   14.24
  39169.576   124.663    21.73   11.92
  39548.963   127.990     8.77   12.54
  39928.440   127.257    -1.93   15.18
  40308.005   125.524    -4.57   16.78
  40687.658   123.851    -4.40   16.36
  41067.401   119.951   -10.27   16.51
  41447.232   114.663   -13.92   16.19
  41827.151   108.412   -16.46   15.79
  42207.160   105.913    -6.58   14.37
  42587.258   104.816    -2.89   13.55
  42967.444   103.835    -2.58   12.91
  43347.720   100.216    -9.52   11.49
  43728.085    97.788    -6.38   10.63
  44108.539    95.250    -6.67    9.30
  44489.082    96.854     4.22   10.60
  44869.715   102.820    15.67   12.61
  45250.437   109.485    17.51   13.48
  45631.248   113.920    11.65   12.22
  46012.149   114.519     1.57    9.70
  46393.139   117.429     7.64   10.21
  46774.219   132.534    39.64   28.21
  47155.389   154.526    57.70   40.89
  47536.649   185.419    81.03   51.92
  47917.998   211.194    67.59   44.93
  48299.437   222.049    28.46   35.28
  48680.966   236.184    37.05   24.25
  49062.585   240.515    11.35   22.39
  49428.992   241.061     1.49   20.86
  49793.688   231.353   -26.62   28.36
  50158.465   222.049   -25.51   37.58
  50523.323   204.900   -47.00   42.69
  50888.262   184.327   -56.38   38.06
  51253.281   158.204   -71.57   29.03
  51618.381   135.408   -62.44   27.20
  51983.562   118.812   -45.45   22.33
  52348.825   107.245   -31.67   12.77
  52714.168   106.990    -0.70   12.04
  53079.592   115.500    23.29   15.42
  53445.097   127.573    33.03   16.81
  53810.684   140.020    34.05   16.45
  54176.352   149.798    26.74   12.98
  54542.101   157.163    20.14   12.60
  54907.932   163.990    18.66   15.90
  55273.844   171.577    20.74   16.89
  55639.837   176.969    14.73   13.86
  56005.912   177.250     0.77   11.19
  56372.069   175.233    -5.51   11.78
  56738.307   174.404    -2.26   15.64
  57104.627   176.692     6.25   19.76
  57471.028   178.323     4.45   19.75
  57837.512   175.893    -6.63   18.28
  58204.077   168.878   -19.14   19.51
  58570.724   153.451   -42.08   23.44
  58937.453   140.592   -35.06   19.89
  59304.264   129.670   -29.78   16.33
  59671.157   124.952   -12.86   16.19
  60038.132   122.724    -6.07   15.53
  60405.190   120.683    -5.56   12.42
  60772.329   117.343    -9.10    9.92
  61139.551   108.515   -24.04   14.03
  61506.856    98.324   -27.75   15.83
  61874.242    87.812   -28.61   14.50
  62241.711    81.343   -17.60   14.57
  62609.263    77.357   -10.84   15.12
  62976.897    76.781    -1.57   12.03
  63344.614    75.214    -4.26    7.48
  63712.413    73.457    -4.78    7.12
  64080.296    71.452    -5.45    8.81
  64448.261    68.050    -9.25    8.99
  64816.308    67.240    -2.20    7.49
  65184.439    66.062    -3.20    7.91
  65552.653    65.913    -0.40   12.01
  65920.949    64.165    -4.75   15.24
  66289.329    60.819    -9.08   17.63
  66657.792    56.125   -12.74   19.09
  67026.338    53.198    -7.94   17.86
  67394.967    49.876    -9.01   16.89
  67763.679    47.625    -6.11   14.65
  68132.475    45.039    -7.01   12.55
  68501.354    43.882    -3.14   10.79
  68870.317    48.010    11.19   15.13
  69239.363    55.981    21.60   21.99
  69608.493    67.792    32.00   24.89
  69977.706    81.817    37.99   25.92
  70347.003    95.888    38.10   29.06
  70716.384   107.673    31.91   28.59
  71085.848   120.228    33.98   28.06
  71455.396   130.147    26.84   26.37
  71825.029   138.039    21.35   24.80
  72194.745   148.301    27.76   26.09
  72564.545   159.029    29.01   25.22
  72934.429   162.286     8.81   25.27
  73304.398   164.162     5.07   26.13
  73674.450   167.901    10.10   24.62
  74044.587   171.486     9.69   22.65
  74414.808   180.709    24.91   22.36
  74785.113   197.990    46.67   20.66
  75155.503   209.311    30.56   15.32
  75525.978   212.870     9.61   15.04
  75896.536   209.486    -9.13   18.45
  76267.180   205.490   -10.78   19.82
  76637.908   196.792   -23.46   18.70
  77008.721   189.466   -19.76   14.82
  77379.618   182.981   -17.49   10.23
  77750.600   176.790   -16.69   10.64
  78121.668   167.136   -26.02   15.08
  78492.820   158.452   -23.40   18.02
  78864.057   148.061   -27.99   15.33
  79235.379   139.453   -23.18   13.07
  79606.786   131.343   -21.84   12.04
  79978.278   123.952   -19.90   11.58
  80349.856   117.549   -17.23   16.19
  80721.519   113.673   -10.43   24.60
  81093.267   113.660    -0.03   32.40
  81465.101   117.000     8.98   36.54
  81837.020   126.133    24.56   35.22
  82209.024   138.357    32.86   28.66
  82581.114   150.457    32.52   23.62
  82953.290   158.100    20.54   22.81
  83325.551   166.173    21.69   19.84
  83697.898   162.827    -8.99   25.44
  84070.331   147.971   -39.89   38.43
  84442.850   125.590   -60.08   45.81
  84815.455   100.327   -67.81   42.62
  85188.145    76.585   -63.71   28.42
  85560.922    60.633   -42.80   15.59
  85933.785    54.029   -17.71   12.33
  86306.734    46.703   -19.64   13.93
  86679.769    39.433   -19.49   15.19
  87052.890    34.466   -13.31   14.85
  87426.098    34.981     1.38   15.58
  87799.392    35.379     1.07   16.44
  88172.773    38.670     8.82   17.07
  88546.240    44.962    16.85   17.82
  88919.794    51.194    16.68   19.16
  89293.434    56.543    14.32   15.43
  89667.161    59.735     8.54   10.25
  90040.974    59.179    -1.49    9.16
  90414.875    60.324     3.06    8.97
  90788.862    64.923    12.30    8.49
  91162.937    67.990     8.20    6.41
  91537.098    69.146     3.09    7.89
  91911.346    68.510    -1.70   11.09
  92285.682    72.311    10.15   15.01
  92660.104    78.067    15.38   15.44
  93034.614    86.898    23.58   12.29
  93409.211    96.728    26.24   13.16
  93783.895   106.306    25.56   14.83
  94158.667   109.234     7.81   12.92
  94533.526   107.673    -4.16   14.20
  94908.473    99.623   -21.47   15.03
  95283.508    93.667   -15.88   10.11
  95658.630    95.181     4.04   11.32
  96033.839   101.346    16.43   13.36
  96409.137   108.901    20.13   10.07
  96784.522   111.368     6.57    6.32
  97159.995   109.475    -5.04    6.77
  97535.557   106.877    -6.92    7.74
  97911.206   105.990    -2.36    9.88
  98286.943   108.255     6.03   10.15
  98662.768   110.490     5.95    8.90
  99038.682   108.800    -4.50    7.89
  99414.684   105.125    -9.77    8.17
  99790.774   102.019    -8.26   10.15
 100166.952    99.519    -6.65   11.04
 100543.219   101.596     5.52   10.51
 100919.575   104.066     6.56    8.77
 101296.019   104.282     0.57    9.32
 101672.551   104.381     0.26   10.05
 102049.173   104.030    -0.93   10.31
 102425.883   104.694     1.76    8.92
 102802.682   105.851     3.07    7.40
 103179.569   108.151     6.10    8.95
 103556.546   107.235    -2.43   11.05
 103933.612   104.481    -7.30   10.46
 104310.766   101.827    -7.04    8.81
 104688.010   102.311     1.28    8.77
 105065.343   104.602     6.07   11.56
 105442.766   108.143     9.38   15.53
 105820.277   106.151    -5.28   20.34
 106197.878    99.096   -18.68   25.15
 106575.569    89.877   -24.41   22.95
 106953.348    81.775   -21.45   18.74
 107331.218    76.519   -13.91   17.10
 107709.177    76.090    -1.14   16.96
 108087.226    73.991    -5.55   13.71
 108465.364    71.588    -6.35   10.10
 108843.592    68.449    -8.30    8.72
 109221.911    63.287   -13.64    8.02
 109600.319    59.712    -9.45    6.36
 109978.817    57.485    -5.88    4.86
 110357.405    56.651    -2.20    3.59
 110736.083    57.635     2.60    3.62
 111114.852    60.226     6.84    4.28
 111493.710    64.124    10.29    6.57
 111872.660    74.991    28.68   15.41
 112251.699    86.783    31.11   18.71
 112630.829   100.337    35.75   16.49
 113010.049   110.566    26.98   10.52
 113389.360   115.260    12.37    6.61
 113768.762   114.009    -3.30    6.85
 114148.254   109.282   -12.46    7.90
 114527.837   103.047   -16.43    9.12
 114907.511    98.450   -12.11   11.66
 115287.276    96.472    -5.21   14.59
 115667.131    97.647     3.09   15.30
 116047.078    97.963     0.83   13.19
 116427.116    96.402    -4.11   10.23
 116807.245    98.708     6.07    9.90
 117187.465   103.554    12.75   11.09
 117567.776   108.173    12.15   11.55
 117948.179   111.350     8.35   10.42
 118328.673   113.594     5.90    9.46
 118709.259   116.115     6.62    9.15
 119089.936   116.802     1.80    8.97
 119470.705   117.343     1.42    8.09
 119851.566   116.745    -1.57    7.17
 120232.518   117.594     2.23    7.19
 120613.562   119.838     5.89    7.57
 120994.698   122.934     8.12    7.68
 121375.925   126.029     8.12    8.54
 121757.245   126.906     2.30    9.09
 122138.657   126.183    -1.90    9.54
 122520.161   126.226     0.11    9.74
 122901.757   126.379     0.40    8.91
 123283.446   126.717     0.89    6.79
 123665.226   124.252    -6.46    6.24
 124038.122   120.505   -10.05    7.13
 124402.574   115.564   -13.56    8.83
 124767.107   111.457   -11.27    8.83
 125131.724   110.181    -3.50    7.68
 125496.422   111.894     4.70    7.38
 125861.204   116.264    11.98    9.20
 126226.068   121.337    13.90    9.96
 126591.015   127.208    16.09   10.66
 126956.044   131.274    11.14    9.03
 127321.156   135.009    10.23    8.46
 127686.352   136.840     5.01    8.60
 128051.630   136.870     0.08    7.66
 128416.991   134.387    -6.80    9.90
 128782.435   134.423     0.10   12.65
 129147.962   135.057     1.73   15.07
 129513.573   137.783     7.46   16.04
 129879.267   141.286     9.58   14.45
 130245.044   145.047    10.28   11.44
 130610.904   147.125     5.68    8.01
 130976.848   147.170     0.12    6.20
 131342.875   146.776    -1.08    6.18
 131708.985   145.366    -3.85    7.07
 132075.180   142.790    -7.03    7.59
 132441.457   140.307    -6.78    7.88
 132807.819   136.449   -10.53    8.17
 133174.264   131.888   -12.45    8.38
 133540.793   125.094   -18.54    8.32
 133907.406   122.131    -8.08    8.08
 134274.103   121.051    -2.94    7.66
 134640.883   121.028    -0.06    8.88
 135007.748   121.514     1.33    9.66
 135374.697   119.660    -5.05    8.87
 135741.730   116.830    -7.71    7.41
 136108.847   115.980    -2.32    5.29
 136476.048   119.444     9.44    7.11
 136843.334   123.471    10.96    8.81
 137210.704   130.038    17.88   10.49
 137578.159   137.028    19.03   10.54
 137945.697   143.442    17.45    7.95
 138313.321   147.463    10.94    7.47
 138681.029   152.376    13.36    7.60
 139048.822   157.346    13.51    6.37
 139416.699   161.302    10.75    5.47
 139784.661   165.142    10.44    6.20
 140152.708   166.953     4.92    6.88
 140520.840   167.971     2.76    7.44
 140889.057   168.682     1.93    7.17
 141257.359   169.048     0.99    5.78
 141625.746   170.463     3.84    4.48
 141994.218   173.171     7.35    5.33
 142362.775   177.509    11.77    5.81
 142731.417   180.538     8.22    5.40
 143100.145   182.394     5.04    4.75
 143468.958   182.292    -0.28    3.99
 143837.856   180.962    -3.61    3.68
 144206.840   178.358    -7.06    4.47
 144575.910   176.065    -6.22    4.92
 144945.065   174.490    -4.27    5.14
 145314.305   174.722     0.63    6.44
 145683.632   176.798     5.62    7.52
 146053.044   177.736     2.54    7.21
 146422.542   175.566    -5.87    9.68
 146792.126   170.245   -14.40   11.69
 147161.795   164.792   -14.75   11.18
 147531.551   162.210    -6.99    9.17
 147901.393   164.796     6.99    8.96
 148271.321   171.769    18.85    9.67
 148641.335   177.435    15.31    7.50
 149011.435   181.160    10.07    6.23
 149381.622   183.570     6.51    8.06
 149751.895   185.123     4.19   12.91
 150122.254   186.165     2.81   17.97
 150492.700   188.435     6.13   19.42
 150863.233   191.615     8.58   20.34
 151233.852   199.333    20.83   19.43
 151604.558   204.783    14.70   17.23
 151975.350   210.748    16.09   13.21
 152346.229   212.689     5.23    9.61
 152717.195   214.581     5.10    5.93
 153088.248   216.333     4.72    5.06
 153459.388   220.276    10.62    6.44
 153830.615   226.689    17.28    8.84
 154201.929   232.472    15.58    8.91
 154573.330   236.245    10.16    7.27
 154944.819   235.824    -1.13    7.79
 155316.394   232.212    -9.72    8.68
 155688.057   228.991    -8.67    7.07
 156059.807   228.183    -2.17    5.89
 156431.645   229.748     4.21    6.53
 156803.570   230.566     2.20    6.55
 157175.583   227.708    -7.68    9.59
 157547.684   221.139   -17.65   13.51
 157919.872   208.783   -33.20   16.61
 158292.148   197.176   -31.18   19.61
 158664.512   188.260   -23.95   17.64
 159036.963   186.787    -3.95   17.21
 159409.503   190.667    10.42   18.20
 159782.130   197.458    18.23   14.78
 160154.846   200.393     7.87    9.41
 160527.650   199.538    -2.29    6.71
 160900.541   198.411    -3.02    6.65
 161273.522   199.951     4.13    8.79
 161646.590   206.596    17.81   12.52
 162019.747   216.941    27.72   14.10
 162392.992   229.560    33.81   15.57
 162766.326   240.610    29.60   13.79
 163139.748   248.523    21.19    9.74
 163513.259   249.673     3.08    6.91
 163886.859   246.123    -9.50    7.67
 164260.547   242.376   -10.03    9.22
 164634.324   238.327   -10.84    8.97
 165008.190   236.019    -6.17    6.71
 165382.145   235.465    -1.48    5.07
 165756.189   236.872     3.76    5.32
 166130.322   238.720     4.94    4.18
 166504.544   238.944     0.60    4.58
 166878.856   236.467    -6.62    8.94
 167253.256   228.726   -20.68   14.64
 167627.746   220.908   -20.88   13.87
 168002.325   215.320   -14.92    9.34
 168376.994   216.897     4.21   10.99
 168751.752   220.140     8.65    9.80
 169126.600   219.266    -2.33    8.79
 169501.537   217.802    -3.91    6.77
 169876.564   215.750    -5.47    5.68
 170251.681   214.306    -3.85    6.76
 170626.888   211.594    -7.23    7.62
 171002.184   210.065    -4.08    6.99
 171377.571   210.000    -0.17    8.11
 171753.047   213.596     9.58   15.21
 172128.614   221.692    21.56   25.32
 172504.270   227.495    15.45   29.44
 172880.017   233.132    15.00   28.75
 173255.854   236.481     8.91   22.34
 173631.782   240.411    10.45   15.78
 174007.799   244.037     9.64   11.52
 174383.908   248.343    11.45    9.77
 174760.107   253.419    13.50    8.59
 175136.396   258.092    12.42    8.84
 175512.776   262.320    11.24    8.37
 175889.247   263.440     2.98    8.22
 176265.808   259.230   -11.18   12.32
 176642.461   248.083   -29.60   17.49
 177019.204   234.913   -34.96   19.75
 177396.038   220.841   -37.35   17.80
 177772.964   211.514   -24.75   12.87
 178149.980   205.477   -16.02    9.64
 178527.088   200.972   -11.95   11.13
 178904.286   195.245   -15.18   14.11
 179281.577   188.853   -16.94   17.56
 179658.958   181.748   -18.83   19.95
 180036.431   175.963   -15.33   22.81
 180413.995   167.904   -21.35   26.01
 180791.651   159.523   -22.19   24.92
 181169.399   148.952   -27.99   22.97
 181547.238   138.897   -26.62   19.03
 181925.169   130.094   -23.29   15.94
 182303.192   123.282   -18.02   14.30
 182681.307   118.583   -12.43   12.76
 183059.514   119.528     2.50   13.84
 183437.813   126.670    18.88   19.46
 183816.204   140.123    35.56   22.60
 184194.687   158.555    48.70   27.39
 184573.262   184.902    69.60   34.56
 184951.929   212.782    73.63   38.46
 185330.689   242.704    79.01   30.80
 185709.542   260.844    47.89   23.02
 186088.486   269.822    23.69   16.46
 186467.524   265.055   -12.58   30.66
 186846.654   257.943   -18.76   41.08
 187225.877   251.853   -16.06   40.57
 187605.192   253.393     4.06   33.63
 187984.600   257.815    11.66   25.95
 188364.101   267.694    26.04   21.11
 188743.696   276.852    24.13   14.05
 189123.383   280.545     9.73    7.66
 189503.163   274.802   -15.13   11.12
 189883.036   263.430   -29.94   18.02
 190263.003   247.962   -40.71   20.92
 190643.063   233.468   -38.14   19.23
 191023.216   222.476   -28.92   13.97
 191403.463   215.661   -17.93   13.27
 191783.803   211.260   -11.57   13.31
 192164.237   207.092   -10.96   14.30
 192544.765   200.229   -18.04   14.45
 192925.386   192.633   -19.96   14.53
 193306.101   186.673   -15.66   15.32
 193686.909   176.440   -26.87   14.59
 194067.812   168.374   -21.18   11.61
 194448.809   167.972    -1.05   14.23
 194829.900   176.000    21.07   21.37
 195211.084   189.815    36.25   28.03
 195592.363   207.427    46.20   28.60
 195973.737   228.748    55.91   22.82
 196355.204   242.145    35.13   15.10
 196736.766   250.121    20.91    8.31
 197118.423   252.216     5.49    7.23
 197500.174   250.059    -5.65   10.77
 197882.019   243.236   -17.87   17.69
 198263.959   235.717   -19.69   18.25
 198643.858   233.236    -6.53   15.36
 199008.061   235.962     7.48   17.36
 199372.349   243.532    20.78   19.41
 199736.720   252.036    23.34   17.98
 200101.176   257.667    15.45   12.97
 200465.716   257.748     0.22    8.73
 200830.341   253.387   -11.96    9.41
 201195.050   244.759   -23.66   11.99
 201559.844   237.136   -20.90   11.76
 201924.722   231.233   -16.18    9.23
 202289.685   227.864    -9.23    6.85
 202654.733   225.759    -5.77    7.43
 203019.866   222.697    -8.39    9.13
 203385.083   220.000    -7.39    8.62
 203750.385   219.549    -1.23    7.46
 204115.772   220.207     1.80    7.00
 204481.245   220.852     1.76    7.21
 204846.802   222.009     3.17    6.68
 205212.444   222.349     0.93    5.94
 205578.172   225.019     7.30    7.46
 205943.985   228.972    10.81    9.82
 206309.883   234.710    15.68   12.35
 206675.867   244.824    27.64   14.80
 207041.936   253.864    24.70   14.72
 207408.090   261.556    21.01   12.32
 207774.330   267.586    16.47    8.67
 208140.656   269.361     4.85    5.19
 208507.067   270.778     3.87    5.37
 208873.564   272.745     5.37    7.58
 209240.147   276.577    10.45    9.42
 209606.816   282.162    15.23    8.57
 209973.570   287.028    13.27    6.13
 210340.411   289.528     6.81    4.48
 210707.337   289.591     0.17    3.61
 211074.350   288.583    -2.75    4.88
 211441.449   285.432    -8.58    6.87
 211808.634   280.850   -12.48    7.79
 212175.905   275.651   -14.16    6.50
 212543.263   272.312    -9.09    6.17
 212910.707   269.667    -7.20    7.18
 213278.237   266.273    -9.24    7.54
 213645.854   263.111    -8.60    6.32
 214013.558   260.559    -6.94    4.42
 214381.348   259.136    -3.87    4.31
 214749.225   258.028    -3.01    5.14
 215117.188   257.500    -1.44    6.24
 215485.239   257.641     0.38    7.62
 215853.376   258.220     1.57    9.78
 216221.600   258.349     0.35   10.81
 216589.912   256.101    -6.10   11.14
 216958.310   252.872    -8.77   10.57
 217326.795   249.019   -10.46    8.92
 217695.368   244.872   -11.25    9.23
 218064.028   241.725    -8.54    8.93
 218432.775   238.468    -8.83    7.61
 218801.609   236.174    -6.22    5.93
 219170.531   235.426    -2.03    5.37
 219539.541   236.518     2.96    6.25
 219908.638   239.303     7.55    7.86
 220277.823   245.936    17.97    9.59
 220647.095   254.586    23.43   11.06
 221016.455   263.234    23.42    9.35
 221385.903   268.477    14.20    6.99
 221755.438   269.500     2.77    7.39
 222125.062   262.745   -18.28   11.65
 222494.774   254.413   -22.54   13.10
 222864.573   244.398   -27.09   11.51
 223234.461   237.162   -19.57    8.81
 223604.437   231.029   -16.58    6.64
 223974.501   227.082   -10.67    6.36
 224344.654   221.523   -15.02    6.94
 224714.895   214.723   -18.37    9.41
 225085.224   209.604   -13.83    9.77
 225455.642   204.185   -14.63    9.06
 225826.148   199.063   -13.83    8.05
 226196.743   196.725    -6.31    7.08
 226567.426   194.000    -7.35    5.71
 226938.199   194.009     0.02    5.86
 227309.060   201.282    19.61   17.89
 227680.010   215.152    37.40   30.69
 228051.049   224.433    25.02   30.06
 228422.177   229.200    12.85   28.20
