# NaN NaN NaN ;Mean Elev.(m), Avg Gradient(m/km), RMS Gradient(m/km) - SRTM1     
#   44.063   0.482   2.141 ;Mean Elev.(m), Avg Gradient(m/km), RMS Gradient(m/km) - ASTER GDEM
#   33.000   0.622   4.833 ;Mean Elev.(m), Avg Gradient(m/km), RMS Gradient(m/km) - GMTED2010 
  7 127.049813  64.143199    60.643    60.654  5 52445.51388907 52.919
  8 127.063817  64.138577    59.367    59.365  6 52480.51387981 44.044
  9 127.090174  64.129828    58.509    58.472  6 52515.51382712 50.891
 10 127.048488  64.139946    57.994    58.001  4 52550.51387668 47.364
 11 127.082762  64.131708    57.766    57.748  4 52585.51384897 35.577
 12 127.079186  64.134065    58.738    58.749  5 52620.51383104 20.671
 15 127.067860  64.137029    67.510    69.157  7 52725.51385963 11.885
 16 127.067129  64.137662    69.731    70.210  7 52760.51387740  5.404
 17 127.056808  64.142507    62.540    62.558  5 52795.51383578 51.832
 18 127.061688  64.138220    60.738    60.736  6 52830.51390148 52.219
 19 127.074014  64.134492    59.698    59.105  6 52865.51394440 27.202
 20 127.074224  64.134021    58.866    58.859  5 52900.51397311 36.293
 21 127.084517  64.130872    57.799    57.751  4 52935.51391434 29.713
 22 127.055512  64.143089    70.444    73.690  5 52970.51393790 17.880
 23 127.059802  64.140666    68.666    70.471  5 53005.51395303 13.691
 24 127.047420  64.140033    64.204    60.451  4 53040.51390361 12.787
 25 127.069195  64.136310   404.466   405.354  6 53075.51393478 11.632
 26 127.043110  64.143445    70.094    74.848  3 53110.51390689 10.527
 27 127.057323  64.141412    58.038    58.062  5 53145.51394831 47.890
 28 127.073968  64.134729    63.141    63.134  6 53180.51395707 24.395
 29 127.064074  64.139710    59.634    59.307  7 53215.51398054 32.681
 30 127.082662  64.131263    58.778    58.789  5 53250.51395291 31.163
 31 127.048162  64.140111    61.661    62.229  4 53285.51395022 25.757
 32 127.075467  64.134436    58.766    58.675  5 53320.51392914 19.825
 33 127.091695  64.128914    61.575    61.701  6 53355.51389643 11.783
 34 127.052179  64.139957    63.416    59.703  4 53390.51390900 12.521
 35 127.083154  64.131134    61.862    61.852  5 53425.51390381 11.404
 36 127.060921  64.138879    65.097    66.632  6 53460.51391330 10.663
 37 127.054658  64.139822    58.582    58.621  4 53495.51399651 45.398
 38 127.078856  64.134216    62.974    62.805  5 53530.51397103 17.801
 39 127.066667  64.137711    60.446    60.192  7 53565.51400015 29.683
 41 127.049994  64.141185    59.866    59.907  4 53635.51394096 51.975
 42 127.058939  64.139150    64.309    65.745  6 53670.51396153 22.173
 43 127.088841  64.129930    59.268    58.639  5 53705.51389326 21.236
 44 127.108862  64.119703    61.155    61.161  6 53740.51380301 16.987
 45 127.072158  64.134681    60.090    59.794  5 53775.51382807 16.632
 46 127.095463  64.126533    61.748    61.541  6 53810.51380733 13.961
 47 127.054184  64.140170    59.541    59.566  4 53845.51385637 24.883
 48 127.066084  64.138272    63.631    63.630  6 53880.51388201 51.856
 49 127.058656  64.138947    62.505    62.476  6 53915.51394033 28.149
 50 127.058663  64.140960    58.482    58.489  5 53950.51394914 49.710
 51 127.084750  64.130766    61.793    61.798  4 53985.51388292 52.747
 52 127.056553  64.141188    58.934    58.914  5 54020.51392443 41.305
 53 127.078558  64.132808    62.609    62.660  5 54055.51391346 14.121
 54 127.084661  64.130313    62.518    62.540  5 54090.51389990 13.167
 55 127.050881  64.143352    68.385    71.358  5 54125.51383185 13.191
 56 127.070150  64.135563    61.754    61.445  6 54160.51386864 12.011
 57 127.052752  64.143643    73.005    74.083  5 54195.51383349 10.715
 58 127.066085  64.137364    58.386    58.336  7 54230.51388188 35.328
 59 127.066807  64.138157    63.577    63.561  6 54265.51389956 26.037
 60 127.071547  64.135600    61.050    60.746  6 54300.51390335 23.532
 61 127.078520  64.133185    59.950    59.548  6 54335.51389152 26.177
 63 127.074214  64.134069    63.994    64.485  6 54405.51383614 22.075
 64 127.050419  64.140387    60.897    60.885  4 54440.51379558 13.054
 65 127.069868  64.135317    62.165    62.155  6 54475.51382373 12.356
 66 127.052561  64.142412    66.300    69.482  5 54510.51381067 11.188
 67 127.074347  64.134495    63.189    62.820  6 54545.51383782  8.915
 68 127.067546  64.137317    65.817    67.485  7 54580.51380525  7.883
 69 127.072240  64.135235    63.982    63.986  6 54615.51382737 33.053
 70 127.060244  64.142334    61.844    61.623  5 54650.51384123 21.895
 71 127.077906  64.133362    59.764    59.786  5 54685.51383278 45.076
 72 127.054618  64.139552    62.365    62.376  4 54720.51378539 51.858
 73 127.066387  64.138826    58.554    58.541  7 54755.51380830 47.808
 74 127.052208  64.140084    57.868    58.001  4 54790.51377889 23.306
 75 127.060548  64.141869    58.895    58.802  5 54825.51380544 16.800
 76 127.052838  64.143167    59.365    59.528  5 54860.51377288 12.655
 77 127.073371  64.134632    59.461    59.254  5 54895.51380470 12.092
 78 127.055674  64.139716    60.134    59.622  4 54930.51377040 10.151
 79 127.067662  64.137284    62.753    62.753  7 54965.51380597 23.773
 80 127.064605  64.138626    62.876    62.835  6 55000.51382631 25.223
 81 127.066370  64.138853    59.915    59.911  7 55035.51381181 43.844
 82 127.081668  64.131264    60.588    60.224  5 55070.51379966 20.473
 83 127.053723  64.139799    60.559    60.121  4 55105.51374421 23.322
 84 127.070999  64.135905    59.053    58.510  5 55140.51374932 22.766
 85 127.053199  64.140591    67.255    66.771  4 55175.51371207 16.880
 86 127.065734  64.138287    68.533    70.140  7 55210.51374499 15.796
 87 127.058334  64.138830    67.596    67.447  6 55245.51371729 13.067
 88 127.074487  64.134776    65.223    64.872  5 55280.51373789 11.610
 89 127.064417  64.139446    58.505    58.846  7 55315.51370526 25.571
 90 127.075422  64.134597    63.035    62.784  5 55350.51370936 19.051
 91 127.054884  64.140095    60.311    59.805  4 55385.51370477 39.065
 92 127.069584  64.136119    60.453    60.399  6 55420.51372829 24.700
 93 127.083419  64.130723    59.579    59.581  5 55455.51370332 52.603
 94 127.096940  64.126440    57.903    57.931  6 55490.51362011 26.240
