# NaN NaN NaN ;Mean Elev.(m), Avg Gradient(m/km), RMS Gradient(m/km) - SRTM1     
#   11.249   0.918  14.333 ;Mean Elev.(m), Avg Gradient(m/km), RMS Gradient(m/km) - ASTER GDEM
#   21.151  -1.436  12.788 ;Mean Elev.(m), Avg Gradient(m/km), RMS Gradient(m/km) - GMTED2010 
  7   109.188 52445.51467107  3.29 123.146363  67.886894  5.399
  7   108.717 52445.51467171  2.04 123.142673  67.889934  5.399
  7   107.997 52445.51467236  2.49 123.138983  67.892984  5.399
  7   107.356 52445.51467300  1.69 123.135283  67.896034  5.399
  7   107.559 52445.51467364  1.27 123.131593  67.899084  5.399
  7   107.863 52445.51467429  0.59 123.127893  67.902124  5.399
  7   108.293 52445.51467493  0.26 123.124201  67.905179  6.776
  8   109.060 52480.51466373  8.94 123.151315  67.891631 12.431
  8   108.472 52480.51466438  7.72 123.147625  67.894681 12.431
  8   107.874 52480.51466502  4.61 123.143925  67.897731 12.431
  8   108.926 52480.51466567  3.19 123.140235  67.900781 12.431
  8   109.225 52480.51466631  2.95 123.136535  67.903821 12.431
  8   109.865 52480.51466696  2.01 123.132847  67.906869  5.796
  8   110.197 52480.51466760  1.09 123.129147  67.909919  5.796
  9   107.700 52515.51461459 11.11 123.161527  67.900051  6.167
  9   107.559 52515.51461523  9.57 123.157837  67.903101  6.167
  9   112.292 52515.51461588  7.73 123.154137  67.906141  6.167
  9   112.525 52515.51461652  8.23 123.150447  67.909191  6.167
  9   113.132 52515.51461717  5.32 123.146747  67.912241  6.167
  9   113.162 52515.51461781  3.62 123.143057  67.915291  6.167
  9   112.959 52515.51461846  4.70 123.139357  67.918331  6.167
  9   112.607 52515.51461910  3.52 123.135657  67.921381  6.167
  9   112.216 52515.51461975  3.51 123.131957  67.924431  6.167
  9   111.447 52515.51462039  2.97 123.128257  67.927481  6.167
  9   110.418 52515.51462104  2.65 123.124557  67.930521  6.167
 10    22.257 52550.51465835 35.56 123.146050  67.881788 13.717
 10    23.157 52550.51465899 25.18 123.142350  67.884838 13.717
 10    23.841 52550.51465964 23.17 123.138660  67.887888 13.717
 10    23.932 52550.51466028 35.93 123.134970  67.890928 13.717
 10    23.381 52550.51466093 41.50 123.131270  67.893978 13.717
 10    23.728 52550.51466157 41.49 123.127580  67.897028 13.717
 11    21.786 52585.51463515 21.92 123.159353  67.895524  7.817
 11    21.844 52585.51463580 21.96 123.155653  67.898574  7.817
 11    21.986 52585.51463644 23.58 123.151963  67.901624  7.817
 11    21.808 52585.51463709 23.74 123.148263  67.904664  7.817
 11    21.747 52585.51463773 27.18 123.144573  67.907714  7.817
 11    21.495 52585.51463838 25.49 123.140873  67.910764  7.817
 11    21.234 52585.51463902 25.23 123.137173  67.913814  7.817
 12    21.836 52620.51461690 15.43 123.158614  67.896547  5.036
 12    22.213 52620.51461754 14.81 123.154924  67.899597  5.036
 12    22.106 52620.51461818 16.27 123.151234  67.902647  5.036
 12    22.496 52620.51461883 16.96 123.147544  67.905687  5.036
 12    22.324 52620.51461947 15.21 123.143844  67.908737  5.036
 12    22.423 52620.51462012 15.31 123.140144  67.911787  5.036
 12    21.937 52620.51462076 15.20 123.136454  67.914827  5.036
 12    22.237 52620.51462141 15.12 123.132754  67.917877  5.036
 12    23.357 52620.51462270 13.53 123.125356  67.923971  2.393
 12    25.582 52620.51462334 13.29 123.121656  67.927021  2.393
 12    27.518 52620.51462399 12.43 123.117956  67.930071  2.393
 12    28.847 52620.51462463 12.20 123.114256  67.933111  2.393
 15    28.094 52725.51464420  4.01 123.151557  67.893012  5.296
 15    29.105 52725.51464485  4.27 123.147867  67.896052  5.296
 15    29.103 52725.51464549  4.75 123.144175  67.899100  2.931
 15    30.123 52725.51464614  5.21 123.140475  67.902150  2.931
 15    25.201 52725.51464743  4.85 123.133085  67.908240  2.931
 15    33.828 52725.51464807  5.61 123.129385  67.911290  2.931
 15    32.210 52725.51464872  5.84 123.125695  67.914340  2.931
 15    24.437 52725.51464936  6.50 123.121995  67.917390  2.931
 15    25.342 52725.51465001  6.56 123.118285  67.920430  2.931
 15    26.834 52725.51465065  6.65 123.114585  67.923480  2.931
 15    28.138 52725.51465130  7.00 123.110885  67.926530  2.931
 17   109.392 52795.51461841 11.45 123.148071  67.888998  8.939
 17   108.789 52795.51461906 10.56 123.144381  67.892048  8.939
 17   108.267 52795.51461970 10.36 123.140681  67.895098  8.939
 17   108.438 52795.51462035 10.34 123.136981  67.898138  8.939
 17   108.992 52795.51462099  8.95 123.133291  67.901188  8.939
 17   109.381 52795.51462164  8.42 123.129590  67.904239  4.300
 17   110.022 52795.51462228  7.33 123.125890  67.907279  4.300
 17   110.715 52795.51462293  6.29 123.122190  67.910329  4.300
 17   110.577 52795.51462357  5.84 123.118490  67.913379  4.300
 17   110.634 52795.51462421  4.35 123.114790  67.916419  4.300
 17   110.110 52795.51462486  3.75 123.111090  67.919469  4.300
 18   109.003 52830.51468540  5.32 123.146705  67.890866  8.073
 18   108.476 52830.51468605  5.95 123.143005  67.893916  8.073
 18   107.646 52830.51468669  4.68 123.139315  67.896966  8.073
 18   108.261 52830.51468734  3.22 123.135615  67.900006  8.073
 18   108.820 52830.51468798  2.84 123.131915  67.903056  8.073
 18   109.266 52830.51468863  1.98 123.128222  67.906106  5.412
 18   109.323 52830.51468927  2.40 123.124522  67.909146  5.412
 18   109.422 52830.51468991  0.23 123.120822  67.912196  5.412
 19    22.303 52865.51472930 22.42 123.155839  67.891991  4.419
 19    22.696 52865.51472994 22.35 123.152149  67.895041  4.419
 19    22.925 52865.51473059 22.84 123.148449  67.898091  4.419
 19    23.202 52865.51473123 22.90 123.144759  67.901141  4.419
 19    23.341 52865.51473187 23.20 123.141059  67.904181  4.419
 19    23.549 52865.51473252 23.32 123.137359  67.907231  4.419
 19    23.403 52865.51473316 23.75 123.133667  67.910282 13.498
 19    23.400 52865.51473381 25.17 123.129967  67.913322 13.498
 20   108.963 52900.51475832  8.04 123.156212  67.893353  9.301
 20   108.462 52900.51475897  6.17 123.152512  67.896393  9.301
 20   107.227 52900.51475961  5.81 123.148822  67.899443  9.301
 20   105.857 52900.51476026  5.63 123.145132  67.902493  9.301
 20   110.817 52900.51476090  5.06 123.141432  67.905543  9.301
 20   111.087 52900.51476155  3.27 123.137742  67.908583  9.301
 20   111.206 52900.51476219  3.11 123.134038  67.911629  7.247
 20   111.229 52900.51476284  1.45 123.130348  67.914679  7.247
 20   111.010 52900.51476348  2.34 123.126648  67.917729  7.247
 20   110.501 52900.51476413  1.69 123.122948  67.920779  7.247
 20   109.949 52900.51476477  2.01 123.119248  67.923819  7.247
 20   109.131 52900.51476542  1.59 123.115548  67.926869  7.247
 21    22.337 52935.51470117 33.57 123.159707  67.898112 11.561
 21    22.480 52935.51470181 39.66 123.156017  67.901162 11.561
 21    21.706 52935.51470246 45.28 123.152327  67.904202 11.561
 21    21.364 52935.51470310 45.52 123.148637  67.907252 11.561
 21    22.043 52935.51470375 42.95 123.144937  67.910302 11.561
 21    21.923 52935.51470439 42.06 123.141237  67.913352 11.561
 22    22.427 52970.51472053 17.05 123.147705  67.889592  5.913
 22    22.564 52970.51472118 17.90 123.144015  67.892632  5.913
 22    22.502 52970.51472182 19.15 123.140325  67.895682  5.913
 22    22.072 52970.51472247 20.19 123.136625  67.898732  5.913
 22    22.275 52970.51472311 20.88 123.132935  67.901782  5.913
 28   109.106 53180.51474196 10.04 123.156673  67.892404  8.257
 28   108.504 53180.51474261  9.20 123.152983  67.895444  8.257
 28   107.675 53180.51474325  7.94 123.149293  67.898494  8.257
 28   109.263 53180.51474390  7.31 123.145593  67.901544  8.257
 28   110.562 53180.51474454  7.24 123.141903  67.904594  8.257
 28   111.050 53180.51474519  5.24 123.138203  67.907634  8.257
 28   111.207 53180.51474583  4.67 123.134506  67.910678  7.115
 28   111.419 53180.51474648  4.23 123.130806  67.913728  7.115
 28   111.106 53180.51474712  2.94 123.127106  67.916778  7.115
 28   110.755 53180.51474776  4.12 123.123406  67.919828  7.115
 28   110.405 53180.51474841  2.60 123.119706  67.922868  7.115
 28   109.511 53180.51474905  1.88 123.116006  67.925918  7.115
 28   108.487 53180.51474970  1.33 123.112306  67.928968  7.115
 29    25.779 53215.51476447 11.81 123.150993  67.892653  4.244
 29    25.909 53215.51476511 11.66 123.147293  67.895703  4.244
 29    25.735 53215.51476576 11.84 123.143603  67.898753  4.244
 29    26.862 53215.51476640 11.55 123.139903  67.901803  4.244
 29    27.621 53215.51476705 11.31 123.136213  67.904843  4.244
 29    29.230 53215.51476769 11.07 123.132514  67.907898 14.029
 29    30.193 53215.51476833 10.32 123.128814  67.910938 14.029
 29    30.502 53215.51476898 10.46 123.125124  67.913988 14.029
 29    31.000 53215.51476962 10.76 123.121424  67.917038 14.029
 29    31.830 53215.51477027 11.10 123.117724  67.920078 14.029
 29    32.925 53215.51477091 11.50 123.114024  67.923128 14.029
 29    33.274 53215.51477156 12.01 123.110314  67.926178 14.029
 30    25.377 53250.51473941 40.88 123.159327  67.896846  9.817
 30    22.399 53250.51474005 41.15 123.155637  67.899896  9.817
 30    22.807 53250.51474070 19.91 123.151947  67.902946  9.817
 31    24.345 53285.51473189 27.99 123.145716  67.882006  7.987
 31    25.019 53285.51473253 24.03 123.142026  67.885056  7.987
 31    24.895 53285.51473318 24.37 123.138336  67.888106  7.987
 31    24.635 53285.51473382 26.21 123.134646  67.891146  7.987
 31    24.295 53285.51473447 27.50 123.130946  67.894196  7.987
 31    24.075 53285.51473511 28.01 123.127256  67.897246  7.987
 32    22.807 53320.51471436 16.14 123.155927  67.893478  5.532
 32    23.109 53320.51471500 16.38 123.152237  67.896528  5.532
 32    23.013 53320.51471565 17.52 123.148537  67.899568  5.532
 32    22.961 53320.51471629 18.34 123.144847  67.902618  5.532
 32    23.066 53320.51471694 18.86 123.141147  67.905668  5.532
 32    23.197 53320.51471758 19.19 123.137447  67.908718  5.532
 33    45.464 53355.51469035  1.85 123.126254  67.929589  2.840
 33    44.533 53355.51469100  2.44 123.122544  67.932639  2.840
 33    41.470 53355.51469164  6.56 123.118844  67.935689  2.840
 33    36.666 53355.51469229  9.81 123.115144  67.938729  2.840
 35    42.397 53425.51469740  1.34 123.117903  67.930060  2.495
 35    46.095 53425.51469805  0.61 123.114193  67.933110  2.495
 37    20.412 53495.51477947 35.57 123.146409  67.888113 10.349
 37    20.904 53495.51478011 29.74 123.142719  67.891163 10.349
 37    20.961 53495.51478076 26.36 123.139029  67.894203 10.349
 37    21.789 53495.51478140 24.99 123.135339  67.897253 10.349
 37    25.375 53495.51478205 24.12 123.131639  67.900303 10.349
 37    25.791 53495.51478269 24.34 123.127939  67.903353 10.349
 38   108.383 53530.51475689  8.33 123.156602  67.896585  7.974
 38   107.590 53530.51475754  6.81 123.152912  67.899635  7.974
 38   106.116 53530.51475818  6.28 123.149212  67.902685  7.974
 38   111.516 53530.51475883  5.02 123.145522  67.905735  7.974
 38   112.068 53530.51475947  3.72 123.141822  67.908775  7.974
 38   112.111 53530.51476011  3.44 123.138127  67.911821  6.505
 38   112.096 53530.51476076  2.67 123.134427  67.914871  6.505
 38   111.832 53530.51476140  3.06 123.130727  67.917921  6.505
 38   111.480 53530.51476205  2.67 123.127027  67.920971  6.505
 38   110.786 53530.51476269  3.20 123.123327  67.924011  6.505
 38   109.944 53530.51476334  2.37 123.119627  67.927061  6.505
 38   109.215 53530.51476398  1.58 123.115927  67.930111  6.505
 39    26.608 53565.51478407 12.03 123.155078  67.890877  3.720
 39    27.069 53565.51478472 12.06 123.151388  67.893927  3.720
 39    26.681 53565.51478536 12.58 123.147698  67.896977  3.720
 39    26.987 53565.51478601 12.27 123.144008  67.900017  3.720
 39    26.583 53565.51478665 13.36 123.140308  67.903067  3.720
 39    26.493 53565.51478729 13.42 123.136618  67.906117  3.720
 39    26.642 53565.51478794 13.09 123.132918  67.909167  3.720
 39    29.485 53565.51478858 13.00 123.129228  67.912207  3.720
 39    26.384 53565.51478923 13.12 123.125528  67.915257  3.720
 39    29.460 53565.51478987 13.72 123.121826  67.918310 17.428
 39    29.627 53565.51479052 14.01 123.118126  67.921350 17.428
 39    29.321 53565.51479116 14.58 123.114426  67.924400 17.428
 39    33.121 53565.51479181 16.45 123.110726  67.927450 17.428
 41   109.579 53635.51472263 12.60 123.147394  67.883117  6.964
 41   109.231 53635.51472328 10.95 123.143704  67.886167  6.964
 41   108.960 53635.51472392  6.94 123.140014  67.889217  6.964
 41   108.389 53635.51472457  6.40 123.136324  67.892267  6.964
 41   107.219 53635.51472521  4.37 123.132624  67.895307  6.964
 41   107.111 53635.51472586  4.00 123.128934  67.898357  6.964
 41   108.100 53635.51472779  1.49 123.117834  67.907497  6.964
 41   107.954 53635.51472844  1.30 123.114134  67.910547  6.964
 41   107.846 53635.51472908  1.56 123.110442  67.913594  7.301
 42    21.526 53670.51474482 33.15 123.149354  67.888944 12.413
 42    21.098 53670.51474546 38.44 123.145664  67.891994 12.413
 42    21.574 53670.51474611 40.36 123.141974  67.895044 12.413
 42    21.874 53670.51474675 38.70 123.138274  67.898084 12.413
 42    21.590 53670.51474739 44.94 123.134584  67.901134 12.413
 43    22.711 53705.51468041 13.06 123.161462  67.898493  4.378
 43    22.649 53705.51468106 14.32 123.157772  67.901543  4.378
 43    22.754 53705.51468170 14.60 123.154072  67.904593  4.378
 43    22.731 53705.51468235 14.46 123.150382  67.907633  4.378
 43    23.015 53705.51468299 15.06 123.146682  67.910683  4.378
 43    22.531 53705.51468364 14.85 123.142992  67.913733  4.378
 43    22.424 53705.51468428 15.22 123.139292  67.916773  4.378
 43    22.505 53705.51468493 15.70 123.135592  67.919823  4.378
 43    22.512 53705.51468557 14.86 123.131892  67.922873  4.378
 43    23.726 53705.51468750 15.85 123.120793  67.932012  3.449
 43    23.391 53705.51468815 16.48 123.117083  67.935062  3.449
 43    22.991 53705.51468879 16.34 123.113383  67.938112  3.449
 44    53.347 53740.51459435  8.10 123.162789  67.908698  3.335
 44    52.714 53740.51459499  8.81 123.159099  67.911748  3.335
 44    22.011 53740.51459693  9.73 123.148009  67.920888  3.335
 44    22.224 53740.51459757 11.10 123.144308  67.923936  2.616
 44    22.484 53740.51459822 12.15 123.140608  67.926986  2.616
 44    22.781 53740.51459886 12.01 123.136908  67.930036  2.616
 44    25.262 53740.51459951 11.54 123.133208  67.933086  2.616
 44    22.353 53740.51460015 12.69 123.129508  67.936126  2.616
 44    26.990 53740.51460080 12.22 123.125808  67.939176  2.616
 44    27.898 53740.51460144 12.00 123.122108  67.942226  2.616
 44    28.484 53740.51460209 11.26 123.118398  67.945266  2.616
 44    29.187 53740.51460273 11.67 123.114698  67.948316  2.616
 47    25.048 53845.51463933  4.36 123.144856  67.888303  1.807
 47    25.436 53845.51463998  4.32 123.141156  67.891343  1.807
 47    24.936 53845.51464062  4.85 123.137466  67.894393  1.807
 47    24.937 53845.51464126  4.77 123.133766  67.897443  1.807
 47    25.035 53845.51464191  4.66 123.130076  67.900493  1.807
 47    27.221 53845.51464320  5.33 123.122676  67.906583  1.807
 47    25.624 53845.51464384  5.76 123.118976  67.909633  1.807
 47    27.744 53845.51464449  5.48 123.115286  67.912673  1.807
 47    27.647 53845.51464513  5.45 123.111586  67.915723  1.807
 48   109.641 53880.51466561 17.88 123.154232  67.889573  8.998
 48   109.029 53880.51466625 12.64 123.150542  67.892623  8.998
 48   108.457 53880.51466690 13.15 123.146852  67.895673  8.998
 48   108.914 53880.51466754 11.36 123.143152  67.898713  8.998
 48   108.013 53880.51466819 11.89 123.139462  67.901763  8.998
 48   109.362 53880.51466883 10.87 123.135762  67.904813  8.998
 48   109.976 53880.51466948 10.45 123.132062  67.907853  8.998
 48   110.512 53880.51467012  9.30 123.128362  67.910903  8.998
 48   110.295 53880.51467077  8.45 123.124662  67.913953  8.998
 48   110.197 53880.51467141  7.22 123.120970  67.917000  4.524
 48   110.077 53880.51467206  6.87 123.117260  67.920050  4.524
 48   109.616 53880.51467270  5.09 123.113560  67.923090  4.524
 49   109.423 53915.51472362  3.49 123.149255  67.888929  5.607
 49   108.727 53915.51472426  2.04 123.145555  67.891969  5.607
 49   107.768 53915.51472491  1.65 123.141865  67.895019  5.607
 49   107.948 53915.51472555  0.92 123.138175  67.898069  5.607
 49   108.190 53915.51472620  0.01 123.134475  67.901119  5.607
 49   108.783 53915.51472684  0.22 123.130785  67.904159  5.607
 50   109.397 53950.51473242  2.03 123.149340  67.890998  4.569
 50   108.796 53950.51473307  0.64 123.145650  67.894048  4.569
 51   108.105 53985.51466975  5.82 123.159530  67.897939 10.235
 51   107.326 53985.51467040  4.98 123.155840  67.900989 10.235
 51   106.683 53985.51467104  3.60 123.152140  67.904029 10.235
 51   111.751 53985.51467169  2.33 123.148450  67.907079 10.235
 52    25.522 54020.51470707 34.63 123.148631  67.887789 12.461
 52    25.585 54020.51470772 37.07 123.144941  67.890839 12.461
 52    25.700 54020.51470836 36.88 123.141241  67.893879 12.461
 52    25.285 54020.51470901 36.96 123.137551  67.896929 12.461
 52    25.218 54020.51470965 34.15 123.133851  67.899979 12.461
 53    22.155 54055.51469933 21.15 123.155962  67.894923  8.470
 53    21.799 54055.51469998 21.47 123.152262  67.897963  8.470
 53    21.437 54055.51470062 25.67 123.148572  67.901013  8.470
 53    21.832 54055.51470126 23.45 123.144872  67.904063  8.470
 53    21.519 54055.51470191 23.70 123.141182  67.907113  8.470
 53    21.545 54055.51470255 22.92 123.137482  67.910153  8.470
 54    23.142 54090.51468706 14.72 123.157468  67.898888  5.141
 54    23.178 54090.51468770 16.04 123.153768  67.901928  5.141
 54    23.149 54090.51468834 17.32 123.150078  67.904978  5.141
 54    23.047 54090.51468899 16.32 123.146388  67.908028  5.141
 54    23.129 54090.51468963 16.83 123.142688  67.911078  5.141
 54    22.960 54090.51469028 18.19 123.138988  67.914118  5.141
 55    24.130 54125.51461385  8.02 123.145349  67.886707  2.696
 55    23.702 54125.51461450  8.33 123.141659  67.889757  2.696
 55    23.329 54125.51461514  8.94 123.137959  67.892807  2.696
 55    23.233 54125.51461579  9.48 123.134269  67.895847  2.696
 55    22.795 54125.51461643 10.93 123.130569  67.898897  2.696
 55    23.055 54125.51461708 11.14 123.126879  67.901947  2.696
 55    22.988 54125.51461772 10.41 123.123179  67.904987  2.696
 55    22.623 54125.51461836 11.43 123.119479  67.908037  2.696
 55    22.619 54125.51461901 11.65 123.115779  67.911087  2.696
 55    22.495 54125.51461965 13.40 123.112079  67.914127  2.696
 55    23.075 54125.51462030 11.93 123.108379  67.917177  2.696
 56    23.011 54160.51465353  6.86 123.152924  67.893187  3.131
 56    22.815 54160.51465417  7.17 123.149239  67.896228  2.527
 56    22.296 54160.51465482  7.40 123.145539  67.899278  2.527
 56    21.800 54160.51465546  8.25 123.141849  67.902328  2.527
 56    21.880 54160.51465611  8.95 123.138149  67.905368  2.527
 56    21.427 54160.51465675  9.55 123.134459  67.908418  2.527
 56    21.611 54160.51465740  9.54 123.130759  67.911468  2.527
 56    21.461 54160.51465804 10.67 123.127059  67.914518  2.527
 56    21.728 54160.51465869 10.55 123.123359  67.917558  2.527
 56    22.991 54160.51465933 10.53 123.119659  67.920608  2.527
 56    24.878 54160.51465998  9.70 123.115959  67.923658  2.527
 56    25.183 54160.51466062 10.71 123.112259  67.926698  2.527
 57    25.148 54195.51461549  4.88 123.147780  67.886943  2.189
 57    24.977 54195.51461613  5.16 123.144090  67.889993  2.189
 57    25.693 54195.51461678  5.25 123.140400  67.893043  2.189
 57    25.203 54195.51461742  5.70 123.136700  67.896083  2.189
 57    25.131 54195.51461807  6.02 123.133010  67.899133  2.189
 57    25.511 54195.51461871  6.38 123.129310  67.902183  2.189
 57    25.811 54195.51461935  7.02 123.125610  67.905223  2.189
 57    25.316 54195.51462000  7.81 123.121910  67.908273  2.189
 57    21.749 54195.51462064  7.89 123.118210  67.911323  2.189
 57    27.074 54195.51462129  8.18 123.114516  67.914368  2.494
 57    23.985 54195.51462193  8.54 123.110816  67.917418  2.494
 59   108.925 54265.51468381  9.74 123.151868  67.892724  6.199
 59   108.057 54265.51468446  7.87 123.148178  67.895764  6.199
 59   107.366 54265.51468510  6.67 123.144478  67.898814  6.199
 59   109.799 54265.51468575  6.35 123.140788  67.901864  6.199
 59   110.021 54265.51468639  5.66 123.137088  67.904914  6.199
 59   110.660 54265.51468704  4.65 123.133398  67.907954  6.199
 59   110.708 54265.51468768  3.64 123.129698  67.911004  6.199
 59   121.751 54265.51468832  1.30 123.125998  67.914054  6.199
 59   111.478 54265.51468897  1.09 123.122298  67.917094  6.199
 59   110.290 54265.51468961  1.27 123.118598  67.920144  6.199
 59   109.449 54265.51469026  2.05 123.114898  67.923194  6.199
 60   108.924 54300.51468824  9.52 123.154074  67.893211 10.504
 60   107.901 54300.51468888  8.98 123.150384  67.896261 10.504
 60   107.376 54300.51468953  7.18 123.146694  67.899311 10.504
 60   105.936 54300.51469017  6.43 123.142994  67.902361 10.504
 60   104.716 54300.51469082  6.10 123.139304  67.905401 10.504
 60   110.746 54300.51469146  4.58 123.135604  67.908451 10.504
 60   110.730 54300.51469211  3.12 123.131904  67.911501 10.504
 60   110.879 54300.51469275  1.81 123.128204  67.914551 10.504
 60   110.695 54300.51469340  0.70 123.124504  67.917591 10.504
 60   110.298 54300.51469404  0.33 123.120804  67.920641 10.504
 60   109.640 54300.51469469  0.51 123.117112  67.923689  8.815
 61   108.189 54335.51467770  9.58 123.155368  67.897108  5.914
 61   107.344 54335.51467834  8.79 123.151678  67.900148  5.914
 61   106.019 54335.51467899  9.16 123.147978  67.903198  5.914
 61   105.359 54335.51467963  8.03 123.144288  67.906248  5.914
 61   111.632 54335.51468028  5.53 123.140588  67.909288  5.914
 61   111.905 54335.51468092  4.86 123.136898  67.912338  5.914
 61   111.873 54335.51468157  3.14 123.133198  67.915388  5.914
 61   111.611 54335.51468221  2.21 123.129498  67.918438  5.914
 61   111.220 54335.51468286  2.23 123.125798  67.921478  5.914
 61   110.567 54335.51468350  1.38 123.122098  67.924528  5.914
 61   109.708 54335.51468415  1.72 123.118398  67.927578  5.914
 61   108.925 54335.51468479  0.05 123.114698  67.930628  5.914
 63    22.429 54405.51462168 30.31 123.154094  67.894820  9.952
 63    22.303 54405.51462232 37.98 123.150394  67.897870  9.952
 63    21.388 54405.51462297 46.21 123.146704  67.900920  9.952
 63    20.114 54405.51462361 47.99 123.143014  67.903970  9.952
 64    23.095 54440.51457725  9.34 123.147097  67.882161  3.152
 64    23.158 54440.51457790  9.34 123.143407  67.885201  3.152
 64    23.544 54440.51457854  9.60 123.139717  67.888251  3.152
 64    23.432 54440.51457918 10.27 123.136017  67.891301  3.152
 64    23.176 54440.51457983 11.19 123.132327  67.894351  3.152
 64    22.719 54440.51458047 12.03 123.128627  67.897391  3.152
 64    22.473 54440.51458305 13.67 123.113836  67.909579  3.124
 64    21.760 54440.51458370 14.32 123.110136  67.912629  3.124
 65    23.239 54475.51460863  8.06 123.152094  67.892848  2.908
 65    23.528 54475.51460927  8.56 123.148404  67.895898  2.908
 65    23.528 54475.51460992  8.39 123.144714  67.898948  2.908
 65    23.515 54475.51461056  9.48 123.141014  67.901998  2.908
 65    23.255 54475.51461121 10.04 123.137314  67.905038  2.908
 65    23.049 54475.51461185 10.45 123.133624  67.908088  2.908
 65    22.831 54475.51461250 11.13 123.129924  67.911138  2.908
 65    22.695 54475.51461314 11.47 123.126224  67.914178  2.908
 65    22.472 54475.51461379 12.98 123.122524  67.917228  2.908
 65    22.856 54475.51461443 12.14 123.118824  67.920278  2.908
 65    22.959 54475.51461508 12.70 123.115125  67.923324  2.805
 65    23.268 54475.51461572 12.19 123.111425  67.926374  2.805
 69   109.083 54615.51461226 12.28 123.154874  67.892937  9.603
 69   108.428 54615.51461291 12.01 123.151174  67.895987  9.603
 69   109.620 54615.51461355 10.66 123.147488  67.899027  3.670
 69   109.734 54615.51461420  9.60 123.143788  67.902077  3.670
 69   110.677 54615.51461484  9.34 123.140098  67.905127  3.670
 69   111.339 54615.51461549  7.64 123.136398  67.908167  3.670
 69   112.322 54615.51461613  6.66 123.132698  67.911217  3.670
 69   111.951 54615.51461677  6.14 123.128998  67.914267  3.670
 69   112.227 54615.51461742  5.45 123.125298  67.917317  3.670
 69   111.935 54615.51461806  4.37 123.121598  67.920357  3.670
 69   111.322 54615.51461871  4.16 123.117898  67.923407  3.670
 69   110.427 54615.51461935  3.20 123.114198  67.926457  3.670
 70   109.435 54650.51462387  6.47 123.153402  67.889046  7.451
 70   109.002 54650.51462451  5.51 123.149702  67.892096  7.451
 70   108.315 54650.51462516  2.73 123.146012  67.895146  7.451
 70   108.217 54650.51462580  1.87 123.142322  67.898196  7.451
 70   105.817 54650.51462645  1.73 123.138622  67.901236  7.451
 70   104.738 54650.51462709  2.52 123.134932  67.904286  7.451
 70   109.757 54650.51462774  2.37 123.131232  67.907336  7.451
 70   109.818 54650.51462838  0.25 123.127532  67.910386  7.451
 72   109.629 54720.51456770  4.71 123.148256  67.884566  6.601
 72   109.289 54720.51456835  4.35 123.144568  67.887614  5.150
 72   108.579 54720.51456899  3.19 123.140868  67.890664  5.150
 72   107.920 54720.51456964  1.85 123.137178  67.893714  5.150
 72   106.990 54720.51457028  2.13 123.133478  67.896764  5.150
 72   106.262 54720.51457093  1.29 123.129788  67.899804  5.150
 72   107.889 54720.51457222  1.09 123.122388  67.905904  5.150
 73    24.319 54755.51459222 38.40 123.153502  67.891712  7.525
 73    24.205 54755.51459287 35.78 123.149812  67.894752  7.525
 73    24.138 54755.51459351 36.71 123.146112  67.897800 15.201
 73    23.674 54755.51459415 39.65 123.142422  67.900850 15.201
 73    23.414 54755.51459480 40.13 123.138722  67.903900 15.201
 74    22.815 54790.51456121 21.98 123.145985  67.884883  6.639
 74    23.421 54790.51456185 23.23 123.142295  67.887933  6.639
 74    23.015 54790.51456249 23.43 123.138605  67.890983  6.639
 74    23.516 54790.51456314 22.73 123.134905  67.894023  6.639
 74    22.252 54790.51456378 24.38 123.131215  67.897073  6.639
 75    23.283 54825.51458873 16.99 123.149723  67.891580  3.773
 75    23.011 54825.51458937 17.58 123.146027  67.894619  4.569
 75    22.972 54825.51459001 17.72 123.142337  67.897669  4.569
 75    23.064 54825.51459066 18.24 123.138637  67.900719  4.569
 77    21.375 54895.51458992 11.12 123.155154  67.893778  3.610
 77    21.327 54895.51459056 11.55 123.151457  67.896819  3.643
 77    21.361 54895.51459121 11.23 123.147767  67.899869  3.643
 77    21.432 54895.51459185 11.21 123.144067  67.902919  3.643
 77    21.311 54895.51459250 11.62 123.140377  67.905959  3.643
 77    20.681 54895.51459636 13.93 123.118187  67.924249  3.643
 77    20.382 54895.51459701 14.88 123.114487  67.927289  3.643
 78    22.997 54930.51455336  8.50 123.146417  67.887779  2.894
 78    21.114 54930.51455401  8.68 123.142727  67.890829  2.894
 78    21.124 54930.51455465  9.38 123.139027  67.893879  2.894
 78    21.058 54930.51455530  9.30 123.135337  67.896929  2.894
 78    21.721 54930.51455594  9.24 123.131637  67.899969  2.894
 78    23.086 54930.51455659  9.09 123.127947  67.903019  2.894
 78    22.936 54930.51455723  9.54 123.124247  67.906069  2.894
 78    22.618 54930.51455788  9.97 123.120547  67.909109  2.894
 78    21.440 54930.51455852 10.88 123.116847  67.912159  2.894
 78    22.309 54930.51455917 10.36 123.113147  67.915209  2.894
 78    23.048 54930.51455981 10.48 123.109447  67.918249  2.894
 79   109.693 54965.51458990  7.52 123.155038  67.890396 10.404
 79   108.880 54965.51459054  5.07 123.151348  67.893446 10.404
 79   108.404 54965.51459119  4.73 123.147653  67.896488  4.144
 79   109.468 54965.51459183  3.40 123.143963  67.899538  4.144
 79   109.957 54965.51459248  2.11 123.140263  67.902588  4.144
 79   110.559 54965.51459312  1.38 123.136573  67.905628  4.144
 79   110.857 54965.51459377  0.62 123.132873  67.908678  4.144
 79   110.909 54965.51459441  0.81 123.129173  67.911728  4.144
 79   110.823 54965.51459506  0.34 123.125473  67.914768  4.144
 80   109.428 55000.51460992 11.48 123.153641  67.890094  9.918
 80   108.756 55000.51461056  9.04 123.149951  67.893144  9.918
 80   108.027 55000.51461121  7.86 123.146262  67.896185  6.337
 80   106.953 55000.51461185  7.98 123.142562  67.899235  6.337
 80   105.156 55000.51461250  7.58 123.138872  67.902285  6.337
 80   104.240 55000.51461314  6.35 123.135172  67.905325  6.337
 80   110.251 55000.51461379  4.99 123.131482  67.908375  6.337
 80   110.258 55000.51461443  5.23 123.127782  67.911425  6.337
 80   109.986 55000.51461508  4.32 123.124082  67.914475  6.337
 80   109.977 55000.51461572  2.27 123.120382  67.917515  6.337
 80   109.409 55000.51461636  1.14 123.116682  67.920565  6.337
 81   109.183 55035.51459574  9.05 123.153154  67.891757  5.665
 81   108.454 55035.51459639  4.82 123.149464  67.894807  5.665
 81   107.873 55035.51459703  3.98 123.145764  67.897847  5.665
 81   106.568 55035.51459767  3.39 123.142074  67.900897  5.665
 81   105.344 55035.51459832  3.40 123.138374  67.903947  5.665
 81   104.059 55035.51459896  1.89 123.134684  67.906997  5.665
 81   110.482 55035.51459961  0.27 123.130984  67.910037  5.665
 81   110.340 55035.51460025  0.21 123.127284  67.913087  5.665
 82   108.186 55070.51458617  6.07 123.157519  67.896897 10.832
 82   107.348 55070.51458681  4.68 123.153829  67.899947 10.832
 82   106.211 55070.51458746  4.90 123.150125  67.902990  6.316
 82   105.183 55070.51458810  4.13 123.146435  67.906040  6.316
 82   111.855 55070.51458875  3.89 123.142735  67.909090  6.316
 82   111.954 55070.51458939  2.19 123.139045  67.912130  6.316
 83    26.031 55105.51452653 12.76 123.147694  67.884775  7.444
 83    26.571 55105.51452717 12.72 123.144004  67.887815  7.444
 83    26.798 55105.51452782 13.70 123.140314  67.890865  7.444
 83    27.462 55105.51452846 14.42 123.136614  67.893915  7.444
 83    27.735 55105.51452911 15.85 123.132924  67.896965  7.444
 83    27.952 55105.51452975 17.07 123.129224  67.900005  7.444
 83    28.636 55105.51453104 18.00 123.121834  67.906105  7.444
 83    30.802 55105.51453169 16.36 123.118134  67.909155  7.444
 83    31.498 55105.51453233 15.51 123.114434  67.912195  7.444
 83    32.465 55105.51453297 17.05 123.110734  67.915245  7.444
 84    22.223 55140.51453389 30.96 123.155673  67.891914 14.139
 84    22.374 55140.51453454 31.92 123.151983  67.894964 14.139
 84    22.209 55140.51453518 35.61 123.148293  67.898014 14.139
 84    22.281 55140.51453583 35.13 123.144593  67.901054 14.139
 84    21.922 55140.51453647 37.21 123.140903  67.904104 14.139
 85    22.865 55175.51449439 13.56 123.146558  67.885449  3.503
 85    22.483 55175.51449503 14.27 123.142868  67.888499  3.503
 85    22.761 55175.51449568 13.96 123.139168  67.891549  3.503
 85    22.809 55175.51449632 13.92 123.135478  67.894599  3.503
 85    22.665 55175.51449697 14.86 123.131778  67.897639  3.503
 85    22.450 55175.51449761 14.58 123.128088  67.900689  3.503
 85    22.000 55175.51449890 16.63 123.120688  67.906779  3.503
 85    21.640 55175.51449955 17.02 123.116988  67.909829  3.503
 85    21.800 55175.51450019 17.98 123.113288  67.912879  3.503
 85    21.930 55175.51450083 17.71 123.109588  67.915919  3.503
 86    22.670 55210.51452892 11.45 123.152698  67.891199  3.828
 86    23.024 55210.51452956 11.68 123.149008  67.894239  3.828
 86    22.470 55210.51453021 11.98 123.145306  67.897288  3.608
 86    22.585 55210.51453085 12.85 123.141616  67.900338  3.608
 86    22.627 55210.51453150 12.85 123.137916  67.903388  3.608
 86    22.525 55210.51453214 13.73 123.134226  67.906428  3.608
 86    22.010 55210.51453279 14.89 123.130526  67.909478  3.608
 86    22.098 55210.51453343 15.26 123.126826  67.912528  3.608
 86    21.727 55210.51453408 16.31 123.123126  67.915578  3.608
 86    21.827 55210.51453472 16.55 123.119426  67.918618  3.608
 86    21.973 55210.51453537 16.20 123.115726  67.921668  3.608
 86    21.765 55210.51453601 16.67 123.112026  67.924718  3.608
 87    24.979 55245.51450057  8.88 123.147718  67.888379  3.143
 87    24.904 55245.51450122  9.26 123.144018  67.891419  3.143
 87    20.972 55245.51450186 11.22 123.140328  67.894469  3.143
 87    21.264 55245.51450251 10.40 123.136628  67.897519  3.143
 87    23.464 55245.51450315 10.51 123.132938  67.900569  3.143
 87    24.124 55245.51450379 10.91 123.129238  67.903609  3.143
 87    21.925 55245.51450444 11.17 123.125538  67.906659  3.143
 87    22.276 55245.51450508 11.52 123.121848  67.909709  3.143
 87    21.754 55245.51450573 13.11 123.118148  67.912749  3.143
 87    21.768 55245.51450637 13.38 123.114448  67.915799  3.143
 87    21.550 55245.51450702 13.59 123.110748  67.918849  3.143
 88    23.948 55280.51452310  8.36 123.156296  67.894001  3.322
 88    24.189 55280.51452375  8.57 123.152599  67.897043  3.263
 88    23.438 55280.51452439  9.49 123.148909  67.900093  3.263
 88    23.940 55280.51452504  9.38 123.145219  67.903143  3.263
 88    21.651 55280.51452568  9.97 123.141519  67.906183  3.263
 88    21.638 55280.51452633  9.84 123.137819  67.909233  3.263
 88    21.930 55280.51452697 10.96 123.134129  67.912283  3.263
 88    21.561 55280.51452762 12.13 123.130429  67.915333  3.263
 88    21.876 55280.51452826 11.91 123.126729  67.918373  3.263
 88    21.958 55280.51452890 11.49 123.123029  67.921423  3.263
 88    21.060 55280.51452955 12.14 123.119329  67.924473  3.263
 88    21.112 55280.51453019 11.94 123.115629  67.927513  3.263
 88    20.358 55280.51453084 12.45 123.111929  67.930563  3.263
 89    25.784 55315.51448919 10.75 123.151032  67.892462  3.762
 89    25.577 55315.51448983 11.96 123.147342  67.895512  3.762
 89    26.292 55315.51449048 11.88 123.143652  67.898562  3.762
 89    26.755 55315.51449112 12.06 123.139952  67.901602  3.762
 89    26.795 55315.51449177 11.16 123.136262  67.904652  3.762
 89    25.802 55315.51449241 11.99 123.132562  67.907702  3.762
 89    25.434 55315.51449306 12.36 123.128862  67.910752  3.762
 89    25.320 55315.51449370 12.39 123.125162  67.913792  3.762
 89    23.632 55315.51449435 12.22 123.121462  67.916842  3.762
 89    22.828 55315.51449499 13.52 123.117762  67.919892  3.762
 89    22.257 55315.51449564 12.46 123.114062  67.922932  3.762
 89    21.918 55315.51449628 11.50 123.110362  67.925982  3.762
 90   108.916 55350.51449458 10.61 123.157124  67.893930  8.914
 90   108.011 55350.51449522 10.58 123.153424  67.896973  6.370
 90   107.306 55350.51449587  8.18 123.149734  67.900023  6.370
 90   110.397 55350.51449651  8.26 123.146044  67.903073  6.370
 90   111.116 55350.51449716  7.21 123.142344  67.906113  6.370
 90   111.641 55350.51449780  5.54 123.138654  67.909163  6.370
 90   111.644 55350.51449844  5.24 123.134954  67.912213  6.370
 90   111.612 55350.51449909  4.36 123.131254  67.915263  6.370
 90   111.369 55350.51449973  3.63 123.127554  67.918303  6.370
 90   110.907 55350.51450038  4.08 123.123854  67.921353  6.370
 90   110.444 55350.51450102  2.81 123.120154  67.924403  6.370
 90   109.575 55350.51450167  1.14 123.116454  67.927443  6.370
 90   108.534 55350.51450231  0.25 123.112754  67.930493  6.370
 91   109.403 55385.51448773 10.53 123.145416  67.888126  6.798
 91   108.690 55385.51448837  6.80 123.141726  67.891176  6.798
 91   107.848 55385.51448902  5.59 123.138026  67.894226  6.798
 91   107.184 55385.51448966  4.92 123.134336  67.897276  6.798
 91   106.435 55385.51449031  3.97 123.130636  67.900316  6.798
 91   108.308 55385.51449160  3.08 123.123246  67.906416  6.798
 91   108.363 55385.51449224  2.86 123.119546  67.909456  6.798
 91   108.343 55385.51449288  1.87 123.115846  67.912506  6.798
 91   108.268 55385.51449353  0.14 123.112146  67.915556  6.798
 92   109.016 55420.51451318  2.34 123.151744  67.893730  5.863
 92   108.212 55420.51451383  0.76 123.148047  67.896781  5.168
 92   106.847 55420.51451447  1.22 123.144357  67.899831  5.168
 93   108.265 55455.51448982  7.26 123.159618  67.896361  9.367
 93   107.500 55455.51449047  5.75 123.155928  67.899411  9.367
 93   106.576 55455.51449111  4.84 123.152238  67.902461  9.367
 93   105.841 55455.51449176  4.35 123.148538  67.905511  9.367
 93   112.235 55455.51449240  2.52 123.144845  67.908551  3.045
 94    21.916 55490.51440887 34.31 123.163138  67.902983  8.298
 94    21.215 55490.51440952 39.29 123.159448  67.906033  8.298
 94    21.623 55490.51441016 41.74 123.155758  67.909083  8.298
 94    21.531 55490.51441081 40.85 123.152057  67.912125 17.452
