# NaN NaN NaN ;Mean Elev.(m), Avg Gradient(m/km), RMS Gradient(m/km) - SRTM1     
#   36.948  -2.132   9.945 ;Mean Elev.(m), Avg Gradient(m/km), RMS Gradient(m/km) - ASTER GDEM
#   32.948  -1.962  12.736 ;Mean Elev.(m), Avg Gradient(m/km), RMS Gradient(m/km) - GMTED2010 
  6    57.493 52438.11815167 33.89 125.784627  64.537345 16.764
  6    55.975 52438.11815232 27.43 125.781737  64.534235 16.764
  6    55.959 52438.11815296 28.68 125.778857  64.531115 16.764
  6    56.174 52438.11815361 28.99 125.775972  64.528002 21.314
  6    56.553 52438.11815425 30.17 125.773092  64.524892 21.314
  6    56.670 52438.11815489 33.33 125.770212  64.521772 21.314
  6    56.742 52438.11815554 40.37 125.767322  64.518662 21.314
  6    57.054 52438.11815618 36.14 125.764442  64.515552 21.314
  6    56.770 52438.11815683 35.69 125.761562  64.512432 21.314
  6    56.693 52438.11815747 34.97 125.758682  64.509322 21.314
  6    56.703 52438.11815812 34.28 125.755802  64.506212 21.314
  7    55.844 52473.11815169 35.37 125.786813  64.537323 20.103
  7    55.966 52473.11815233 23.80 125.783923  64.534213 20.103
  7    55.487 52473.11815298 17.40 125.781043  64.531103 20.103
  7    55.269 52473.11815362 17.25 125.778163  64.527983 20.103
  7    54.671 52473.11815427 20.67 125.775283  64.524873 20.103
  7    56.173 52473.11815491 22.14 125.772393  64.521753 20.103
  7    56.085 52473.11815556 25.49 125.769513  64.518643 20.103
  7    55.150 52473.11815620 28.80 125.766633  64.515533 20.103
  7    55.145 52473.11815685 30.75 125.763753  64.512413 20.103
  7    55.167 52473.11815749 31.91 125.760873  64.509303 20.103
  7    55.080 52473.11815814 27.19 125.757999  64.506192 24.380
  8    55.937 52508.11812260 25.22 125.785310  64.535177 21.462
  8    55.265 52508.11812324 20.92 125.782430  64.532067 21.462
  8    53.398 52508.11812389 21.72 125.779550  64.528947 21.462
  8    53.767 52508.11812453 23.26 125.776670  64.525837 21.462
  8    54.172 52508.11812518 33.53 125.773780  64.522717 21.462
  8    56.017 52508.11812582 27.84 125.770910  64.519607 21.462
  8    54.623 52508.11812646 32.22 125.768030  64.516497 21.462
  8    54.819 52508.11812711 27.00 125.765140  64.513377 21.462
  8    53.762 52508.11812775 27.35 125.762270  64.510267 21.462
  8    53.715 52508.11812840 26.54 125.759385  64.507155 33.104
  9    52.874 52543.11810737 23.40 125.804408  64.529330 10.284
  9    52.698 52543.11810802 22.60 125.801518  64.526210 10.284
  9    52.936 52543.11810866 21.63 125.798645  64.523102 12.601
  9    53.224 52543.11810931 20.25 125.795755  64.519992 12.601
  9    53.476 52543.11810995 21.32 125.792875  64.516872 12.601
  9    53.708 52543.11811060 22.37 125.789995  64.513762 12.601
  9    53.757 52543.11811124 23.02 125.787115  64.510652 12.601
  9    53.894 52543.11811189 22.67 125.784235  64.507532 12.601
  9    55.753 52543.11811253 22.54 125.781355  64.504422 12.601
  9    56.844 52543.11811318 22.36 125.778475  64.501302 12.601
  9    57.302 52543.11811382 22.69 125.775595  64.498192 12.601
 10    48.305 52578.11815728 28.91 125.789432  64.535340 12.015
 10    48.300 52578.11815792 30.83 125.786552  64.532220 12.015
 10    48.427 52578.11815857 37.79 125.783661  64.529109  9.934
 10    48.324 52578.11815921 36.15 125.780781  64.525999  9.934
 10    48.521 52578.11815986 28.72 125.777901  64.522879  9.934
 10    48.524 52578.11816050 27.52 125.775021  64.519769  9.934
 10    50.197 52578.11816115 25.07 125.772131  64.516659  9.934
 10    50.396 52578.11816179 25.41 125.769261  64.513539  9.934
 10    51.103 52578.11816244 25.29 125.766381  64.510429  9.934
 10    52.277 52578.11816308 24.73 125.763491  64.507309  9.934
 10    53.703 52578.11816372 24.21 125.760621  64.504199  9.934
 11    51.905 52613.11812179 20.42 125.783055  64.538862  3.731
 11    52.175 52613.11812243 19.38 125.780165  64.535752  3.731
 11    52.109 52613.11812308 19.80 125.777285  64.532632  3.731
 11    52.139 52613.11812372 19.94 125.774405  64.529522  3.731
 11    52.301 52613.11812437 19.99 125.771525  64.526402  3.731
 11    52.811 52613.11812501 19.44 125.768645  64.523292  3.731
 11    53.738 52613.11812566 19.00 125.765757  64.520174  3.764
 11    54.400 52613.11812630 18.47 125.762877  64.517064  3.764
 11    55.223 52613.11812695 17.89 125.760007  64.513954  3.764
 11    56.624 52613.11812759 17.57 125.757127  64.510834  3.764
 11    57.861 52613.11812824 17.66 125.754247  64.507724  3.764
 12    51.825 52648.11810528 20.36 125.794732  64.532816  4.625
 12    52.007 52648.11810593 20.63 125.791852  64.529706  4.625
 12    52.040 52648.11810657 20.63 125.788972  64.526586  4.625
 12    51.912 52648.11810722 20.93 125.786082  64.523476  4.625
 12    52.271 52648.11810786 21.59 125.783202  64.520366  4.625
 12    52.706 52648.11810851 20.33 125.780322  64.517246  4.625
 12    52.663 52648.11810915 20.80 125.777442  64.514132  3.560
 12    54.412 52648.11810980 19.62 125.774562  64.511022  3.560
 12    55.184 52648.11811044 19.20 125.771682  64.507912  3.560
 12    56.486 52648.11811109 18.21 125.768802  64.504792  3.560
 12    57.228 52648.11811173 18.29 125.765922  64.501682  3.560
 13    51.663 52683.11807989 18.65 125.791812  64.535839  3.788
 13    51.781 52683.11808054 18.77 125.788922  64.532729  3.788
 13    52.165 52683.11808118 18.56 125.786042  64.529609  3.788
 13    51.878 52683.11808183 18.78 125.783162  64.526499  3.788
 13    52.797 52683.11808247 18.56 125.780276  64.523383  2.923
 13    52.767 52683.11808312 18.28 125.777396  64.520273  2.923
 13    53.405 52683.11808376 18.05 125.774516  64.517163  2.923
 13    53.738 52683.11808441 17.89 125.771636  64.514043  2.923
 13    54.727 52683.11808505 17.83 125.768756  64.510933  2.923
 13    55.600 52683.11808570 17.40 125.765886  64.507813  2.923
 13    56.692 52683.11808634 16.69 125.763006  64.504703  2.923
 14    51.940 52718.11813675 15.83 125.791265  64.534635  2.435
 14    52.117 52718.11813739 15.95 125.788375  64.531525  2.435
 14    52.110 52718.11813804 16.06 125.785495  64.528415  2.435
 14    52.670 52718.11813868 16.18 125.782615  64.525295  2.435
 14    52.616 52718.11813933 16.75 125.779735  64.522185  2.435
 14    52.769 52718.11813997 16.35 125.776845  64.519075  2.435
 14    53.272 52718.11814062 15.23 125.773965  64.515955  2.435
 14    54.106 52718.11814126 15.57 125.771085  64.512845  2.435
 14    55.101 52718.11814191 15.26 125.768205  64.509725  2.435
 14    55.858 52718.11814255 14.90 125.765325  64.506615  2.435
 14    56.905 52718.11814320 14.34 125.762445  64.503505  2.435
 15    54.040 52753.11816098 13.54 125.774994  64.541265  5.329
 15    53.542 52753.11816162 14.52 125.772104  64.538155  5.329
 15    52.955 52753.11816227 13.62 125.769224  64.535035  5.329
 15    52.324 52753.11816291 12.90 125.766344  64.531925  5.329
 15    54.422 52753.11816356 13.21 125.763454  64.528805  5.329
 15    55.049 52753.11816614  9.50 125.751939  64.516357  2.548
 15    55.317 52753.11816678  8.99 125.749059  64.513237  2.548
 15    55.340 52753.11816743  8.23 125.746179  64.510127  2.548
 16    55.564 52788.11810812 34.36 125.800769  64.530220 26.657
 16    55.712 52788.11810877 31.01 125.797889  64.527110 26.657
 16    55.488 52788.11810941 31.57 125.794999  64.524000 26.657
 16    55.550 52788.11811006 31.44 125.792119  64.520880 26.657
 16    55.694 52788.11811070 33.10 125.789233  64.517770 25.706
 16    55.714 52788.11811134 33.71 125.786353  64.514660 25.706
 16    55.879 52788.11811199 37.63 125.783473  64.511540 25.706
 16    55.931 52788.11811263 36.90 125.780593  64.508430 25.706
 16    56.045 52788.11811328 39.28 125.777703  64.505320 25.706
 16    56.092 52788.11811392 38.73 125.774823  64.502200 25.706
 16    55.996 52788.11811457 38.65 125.771943  64.499090 25.706
 17    56.597 52823.11817958 19.45 125.798363  64.531799 16.099
 17    56.145 52823.11818022 16.39 125.795483  64.528679 16.099
 17    54.771 52823.11818087 18.40 125.792603  64.525569 16.099
 17    54.665 52823.11818151 20.25 125.789713  64.522459 16.099
 17    55.561 52823.11818216 19.97 125.786833  64.519339 16.099
 17    55.283 52823.11818280 21.71 125.783948  64.516227 24.201
 17    55.307 52823.11818345 25.09 125.781068  64.513117 24.201
 17    55.302 52823.11818409 25.67 125.778188  64.509997 24.201
 17    55.130 52823.11818474 24.30 125.775308  64.506887 24.201
 17    55.502 52823.11818538 20.84 125.772428  64.503777 24.201
 17    56.810 52823.11818603 22.08 125.769548  64.500657 24.201
 18    55.791 52858.11822632 20.06 125.797907  64.531415 14.952
 18    52.964 52858.11822696 19.47 125.795017  64.528295 14.952
 18    53.046 52858.11822761 19.85 125.792137  64.525185 14.952
 18    53.075 52858.11822825 24.27 125.789257  64.522075 14.952
 18    53.396 52858.11822890 25.43 125.786367  64.518955 14.952
 18    53.749 52858.11822954 26.88 125.783491  64.515841 27.895
 18    54.443 52858.11823019 24.03 125.780611  64.512731 27.895
 18    54.497 52858.11823083 22.67 125.777731  64.509611 27.895
 18    53.632 52858.11823148 28.97 125.774841  64.506501 27.895
 18    53.463 52858.11823212 35.25 125.771971  64.503391 27.895
 18    53.984 52858.11823277 33.48 125.769091  64.500271 27.895
 19    55.736 52893.11825757 29.71 125.787238  64.535871 13.198
 19    55.099 52893.11825822 20.25 125.784358  64.532761 13.198
 19    53.243 52893.11825886 20.60 125.781478  64.529641 13.198
 19    53.762 52893.11825951 19.89 125.778598  64.526531 13.198
 19    54.101 52893.11826015 20.94 125.775708  64.523411 13.198
 19    54.563 52893.11826080 21.48 125.772828  64.520301 13.198
 19    54.740 52893.11826144 24.74 125.769950  64.517185 27.207
 19    54.874 52893.11826208 24.41 125.767070  64.514075 27.207
 19    54.533 52893.11826273 26.33 125.764190  64.510965 27.207
 19    53.921 52893.11826337 28.64 125.761310  64.507845 27.207
 19    57.856 52893.11826402 22.22 125.758430  64.504735 27.207
 20    52.708 52928.11820837 46.61 125.776715  64.538921 20.295
 20    52.839 52928.11820901 46.33 125.773835  64.535801 20.295
 20    52.752 52928.11820966 49.82 125.770955  64.532691 20.295
 20    52.658 52928.11821030 33.98 125.768065  64.529571 20.295
 20    52.431 52928.11821095 29.01 125.765185  64.526461 20.295
 20    54.098 52928.11821288 24.42 125.756545  64.517121 20.295
 20    56.669 52928.11821352 23.85 125.753668  64.514008 13.876
 20    57.482 52928.11821417 22.93 125.750798  64.510888 13.876
 21    52.274 52963.11818636 23.61 125.803221  64.529540 16.484
 21    52.415 52963.11818701 24.23 125.800331  64.526430 16.484
 21    52.655 52963.11818765 38.62 125.797451  64.523310 16.484
 21    52.304 52963.11818830 44.09 125.794561  64.520200 16.484
 21    52.356 52963.11818894 32.52 125.791681  64.517080 16.484
 21    52.552 52963.11818959 40.60 125.788801  64.513970 16.484
 21    52.577 52963.11819023 36.00 125.785921  64.510860 16.484
 21    52.516 52963.11819088 26.50 125.783041  64.507740 16.484
 21    52.697 52963.11819152 26.92 125.780161  64.504630 16.484
 21    52.688 52963.11819216 26.21 125.777281  64.501520 16.484
 21    52.731 52963.11819281 24.60 125.774401  64.498400 16.484
 22    52.314 52998.11822493 13.11 125.786533  64.535760  2.492
 22    52.393 52998.11822558 13.18 125.783653  64.532650  2.492
 22    52.261 52998.11822622 13.37 125.780763  64.529530  2.492
 22    52.244 52998.11822687 13.74 125.777889  64.526419  3.064
 22    52.159 52998.11822751 14.26 125.774999  64.523309  3.064
 22    52.463 52998.11822816 14.56 125.772119  64.520189  3.064
 22    53.502 52998.11822880 14.11 125.769239  64.517079  3.064
 22    54.720 52998.11822945 13.63 125.766359  64.513969  3.064
 22    55.343 52998.11823009 14.36 125.763479  64.510849  3.064
 22    56.057 52998.11823074 14.75 125.760599  64.507739  3.064
 22    57.141 52998.11823138 14.76 125.757719  64.504619  3.064
 23    52.176 53033.11817951 11.14 125.780150  64.539885  2.289
 23    52.049 53033.11818016 11.49 125.777270  64.536765  2.289
 23    52.179 53033.11818080 11.41 125.774380  64.533655  2.289
 23    52.202 53033.11818144 11.89 125.771500  64.530545  2.289
 23    51.747 53033.11818209 12.38 125.768620  64.527425  2.289
 23    52.372 53033.11818273 12.56 125.765740  64.524315  2.289
 23    53.953 53033.11818338 12.15 125.762860  64.521195  2.913
 23    55.087 53033.11818402 12.03 125.759980  64.518085  2.913
 23    55.324 53033.11818467 12.09 125.757100  64.514975  2.913
 23    55.990 53033.11818531 12.22 125.754220  64.511855  2.913
 23    56.206 53033.11818596 12.48 125.751350  64.508745  2.913
 24    52.128 53068.11819355  9.97 125.793442  64.532751  2.471
 24    52.441 53068.11819419  9.90 125.790562  64.529641  2.471
 24    52.593 53068.11819484 10.23 125.787682  64.526521  2.471
 24    51.995 53068.11819548 11.27 125.784791  64.523410  2.890
 24    52.101 53068.11819613 11.44 125.781911  64.520300  2.890
 24    52.959 53068.11819677 11.80 125.779031  64.517180  2.890
 24    54.141 53068.11819742 11.63 125.776151  64.514070  2.890
 24    54.912 53068.11819806 11.27 125.773271  64.510960  2.890
 24    55.547 53068.11819871 11.75 125.770391  64.507840  2.890
 24    56.859 53068.11819935 11.68 125.767511  64.504730  2.890
 24    57.368 53068.11819999 12.44 125.764631  64.501610  2.890
 25    51.844 53103.11818140  9.06 125.778188  64.541585  2.191
 25    52.030 53103.11818205  8.96 125.775308  64.538465  2.191
 25    52.359 53103.11818269  9.36 125.772418  64.535355  2.191
 25    52.832 53103.11818334  9.17 125.769538  64.532235  2.191
 25    52.455 53103.11818398  9.88 125.766658  64.529125  2.191
 25    53.361 53103.11818463  9.88 125.763778  64.526015  2.191
 25    55.234 53103.11818656  9.70 125.755143  64.516672  2.634
 25    56.539 53103.11818720  9.66 125.752263  64.513552  2.634
 25    57.182 53103.11818785  9.50 125.749383  64.510442  2.634
 26    51.718 53138.11819702 38.65 125.798045  64.532985 18.050
 26    51.638 53138.11819767 40.06 125.795155  64.529875 18.050
 26    51.712 53138.11819831 37.82 125.792275  64.526755 18.050
 26    51.668 53138.11819896 41.09 125.789394  64.523643 16.947
 26    51.742 53138.11819960 37.96 125.786514  64.520533 16.947
 26    51.850 53138.11820025 36.20 125.783624  64.517413 16.947
 26    54.039 53138.11820089 30.76 125.780744  64.514303 16.947
 26    53.930 53138.11820154 29.63 125.777864  64.511193 16.947
 26    54.144 53138.11820218 28.42 125.774984  64.508073 16.947
 26    54.088 53138.11820283 30.83 125.772104  64.504963 16.947
 26    53.982 53138.11820347 29.91 125.769224  64.501843 16.947
 27    57.113 53173.11824061 48.21 125.791207  64.533965 25.625
 27    57.206 53173.11824125 48.01 125.788327  64.530855 25.625
 27    57.245 53173.11824190 46.33 125.785447  64.527735 25.625
 27    57.104 53173.11824254 47.89 125.782557  64.524625 25.625
 27    57.103 53173.11824319 47.95 125.779677  64.521515 25.625
 27    57.158 53173.11824383 49.17 125.776797  64.518395 25.625
 27    57.226 53173.11824448 50.83 125.773915  64.515280 40.564
 27    57.274 53173.11824512 52.87 125.771035  64.512170 40.564
 27    57.310 53173.11824577 50.39 125.768155  64.509060 40.564
 27    57.344 53173.11824641 50.70 125.765275  64.505940 40.564
 27    57.363 53173.11824705 49.99 125.762395  64.502830 40.564
 28    56.189 53208.11825619 27.55 125.786233  64.534947 17.464
 28    54.973 53208.11825683 20.43 125.783353  64.531827 17.464
 28    53.759 53208.11825748 19.65 125.780463  64.528717 17.464
 28    54.390 53208.11825812 21.71 125.777583  64.525597 17.464
 28    54.291 53208.11825877 27.89 125.774703  64.522487 17.464
 28    54.300 53208.11825941 30.48 125.771821  64.519371 30.869
 28    55.123 53208.11826006 28.46 125.768941  64.516261 30.869
 28    55.044 53208.11826070 26.44 125.766061  64.513151 30.869
 28    54.331 53208.11826135 33.28 125.763181  64.510031 30.869
 28    54.319 53208.11826199 43.23 125.760301  64.506921 30.869
 29    54.537 53243.11822358 51.56 125.787398  64.536205 24.981
 29    54.589 53243.11822423 52.34 125.784518  64.533095 24.981
 29    54.361 53243.11822487 53.02 125.781638  64.529985 24.981
 29    54.396 53243.11822552 52.29 125.778748  64.526865 24.981
 29    54.456 53243.11822616 51.33 125.775868  64.523755 24.981
 29    54.525 53243.11822680 51.56 125.772993  64.520637 39.473
 29    54.575 53243.11822745 44.43 125.770113  64.517527 39.473
 29    54.907 53243.11822809 45.25 125.767233  64.514417 39.473
 29    54.702 53243.11822874 35.50 125.764353  64.511297 39.473
 29    54.645 53243.11822938 53.38 125.761473  64.508187 39.473
 29    54.628 53243.11823003 44.59 125.758593  64.505067 39.473
 30    55.605 53278.11820005 23.02 125.800656  64.530465 11.629
 30    53.611 53278.11820069 22.01 125.797776  64.527355 11.629
 30    53.499 53278.11820134 23.02 125.794890  64.524238 17.811
 30    53.884 53278.11820198 21.95 125.792010  64.521128 17.811
 30    53.967 53278.11820263 23.64 125.789120  64.518008 17.811
 30    54.036 53278.11820327 22.77 125.786240  64.514898 17.811
 30    54.300 53278.11820392 24.19 125.783360  64.511778 17.811
 30    54.393 53278.11820456 26.95 125.780480  64.508668 17.811
 30    54.343 53278.11820521 29.42 125.777600  64.505558 17.811
 30    54.453 53278.11820585 28.94 125.774720  64.502438 17.811
 30    57.448 53278.11820649 24.05 125.771840  64.499328 17.811
 31    53.661 53313.11822984 23.21 125.790972  64.535347  6.063
 31    53.716 53313.11823049 24.48 125.788092  64.532237  6.063
 31    53.877 53313.11823113 26.97 125.785202  64.529127  6.063
 31    53.773 53313.11823177 26.17 125.782322  64.526007  6.063
 31    53.651 53313.11823242 27.55 125.779442  64.522897  6.063
 31    53.770 53313.11823306 24.47 125.776562  64.519777  6.063
 31    53.770 53313.11823371 23.26 125.773682  64.516667  6.063
 31    53.945 53313.11823435 21.94 125.770791  64.513551  3.525
 31    54.572 53313.11823500 20.22 125.767921  64.510441  3.525
 31    55.015 53313.11823564 19.27 125.765041  64.507331  3.525
 31    54.507 53313.11823629 18.16 125.762161  64.504211  3.525
 32    53.284 53348.11819572 10.21 125.788382  64.535104  2.103
 32    53.451 53348.11819636 10.26 125.785502  64.531994  2.103
 32    53.396 53348.11819700 10.35 125.782622  64.528884  2.103
 32    53.421 53348.11819765 10.96 125.779742  64.525764  2.103
 32    53.448 53348.11819829 11.04 125.776852  64.522654  2.103
 32    54.083 53348.11819894 10.26 125.773972  64.519534  2.103
 32    54.704 53348.11819958 10.12 125.771092  64.516424  2.103
 32    55.126 53348.11820023 10.10 125.768220  64.513306  2.703
 32    55.828 53348.11820087 10.14 125.765340  64.510196  2.703
 32    56.991 53348.11820152  9.92 125.762460  64.507086  2.703
 32    57.768 53348.11820216  9.99 125.759580  64.503966  2.703
 33    53.388 53383.11816371  8.21 125.801671  64.532338  2.227
 33    53.181 53383.11816436  8.49 125.798791  64.529228  2.227
 33    53.061 53383.11816500  8.68 125.795901  64.526108  2.227
 33    53.217 53383.11816565  8.80 125.793025  64.523000  2.373
 33    53.335 53383.11816629  8.85 125.790135  64.519890  2.373
 33    53.759 53383.11816694  8.93 125.787255  64.516770  2.373
 33    54.087 53383.11816758  8.83 125.784375  64.513660  2.373
 33    54.522 53383.11816823  8.86 125.781495  64.510550  2.373
 33    55.481 53383.11816887  9.25 125.778615  64.507430  2.373
 33    56.352 53383.11816952  9.02 125.775735  64.504320  2.373
 33    57.141 53383.11817016  9.70 125.772855  64.501200  2.373
 33    57.465 53383.11817081  9.62 125.769975  64.498090  2.373
 34    53.200 53418.11817530  7.84 125.794663  64.532410  2.004
 34    53.117 53418.11817595  7.96 125.791783  64.529300  2.004
 34    53.195 53418.11817659  8.23 125.788893  64.526180  2.004
 34    53.057 53418.11817724  8.30 125.786013  64.523070  2.004
 34    53.512 53418.11817788  8.55 125.783133  64.519950  2.004
 34    53.460 53418.11817853  8.64 125.780253  64.516840  2.004
 34    54.544 53418.11817917  8.71 125.777371  64.513723  2.717
 34    55.334 53418.11817982  8.67 125.774491  64.510613  2.717
 34    56.024 53418.11818046  8.83 125.771611  64.507503  2.717
 34    56.773 53418.11818111  9.32 125.768731  64.504383  2.717
 34    57.622 53418.11818175  9.32 125.765861  64.501273  2.717
 35    54.078 53453.11817800  6.66 125.806412  64.531228  2.173
 35    53.460 53453.11817865  6.91 125.803522  64.528108  2.173
 35    53.176 53453.11817929  7.09 125.800642  64.524998  2.173
 35    53.029 53453.11817994  7.31 125.797762  64.521888  2.173
 35    52.960 53453.11818058  7.36 125.794871  64.518770  2.403
 35    53.733 53453.11818122  7.47 125.791991  64.515660  2.403
 35    54.355 53453.11818187  7.63 125.789111  64.512540  2.403
 35    54.769 53453.11818251  7.77 125.786231  64.509430  2.403
 35    55.420 53453.11818316  8.17 125.783341  64.506320  2.403
 35    56.310 53453.11818380  8.45 125.780461  64.503200  2.403
 35    57.031 53453.11818445  8.37 125.777591  64.500090  2.403
 35    57.496 53453.11818509  8.80 125.774701  64.496970  2.403
 36    55.993 53488.11826256  8.59 125.787212  64.537495  4.423
 36    55.759 53488.11826320  9.00 125.784332  64.534375  4.423
 36    52.576 53488.11826385 10.87 125.781452  64.531265  4.423
 36    55.561 53488.11826449 12.09 125.778562  64.528155  4.423
 36    56.490 53488.11826514 13.32 125.775682  64.525035  4.423
 36    56.553 53488.11826578 18.11 125.772797  64.521921  6.390
 36    56.527 53488.11826643 17.83 125.769917  64.518811  6.390
 36    56.411 53488.11826707 11.60 125.767037  64.515691  6.390
 36    55.498 53488.11826772 10.79 125.764157  64.512581  6.390
 36    54.133 53488.11826836 10.29 125.761277  64.509471  6.390
 36    53.657 53488.11826901  9.31 125.758397  64.506351  6.390
 37    56.225 53523.11825187 47.24 125.793293  64.535360 39.199
 37    56.006 53523.11825252 52.68 125.790413  64.532250 39.199
 37    55.930 53523.11825316 53.38 125.787523  64.529140 39.199
 37    55.975 53523.11825381 50.03 125.784643  64.526020 39.199
 37    56.105 53523.11825445 50.72 125.781763  64.522910 39.199
 37    56.185 53523.11825510 51.97 125.778883  64.519790 39.199
 37    56.180 53523.11825574 52.69 125.776003  64.516680 39.199
 37    56.164 53523.11825639 49.80 125.773118  64.513561 42.502
 37    56.204 53523.11825703 52.93 125.770238  64.510451 42.502
 37    56.164 53523.11825767 52.51 125.767358  64.507341 42.502
 37    56.200 53523.11825832 51.26 125.764488  64.504221 42.502
 38    55.716 53558.11827768 51.40 125.782827  64.537589 31.454
 38    55.734 53558.11827832 51.23 125.779947  64.534479 31.454
 38    55.544 53558.11827897 51.77 125.777067  64.531359 31.454
 38    55.606 53558.11827961 54.24 125.774177  64.528249 31.454
 38    55.682 53558.11828026 49.96 125.771297  64.525129 31.454
 38    55.691 53558.11828090 42.31 125.768417  64.522019 31.454
 38    55.790 53558.11828155 44.36 125.765539  64.518903 41.951
 38    55.835 53558.11828219 48.64 125.762659  64.515793 41.951
 38    55.912 53558.11828284 42.84 125.759779  64.512683 41.951
 38    55.933 53558.11828348 48.23 125.756899  64.509563 41.951
 38    55.778 53558.11828412 51.76 125.754019  64.506453 41.951
 39    56.118 53593.11821526 30.69 125.787591  64.535205 13.879
 39    53.214 53593.11821590 22.20 125.784701  64.532085 13.879
 39    53.683 53593.11821654 22.36 125.781821  64.528975 13.879
 39    53.945 53593.11821719 22.58 125.778941  64.525855 13.879
 39    54.241 53593.11821783 28.07 125.776061  64.522745 13.879
 39    54.339 53593.11821848 35.93 125.773180  64.519636 33.499
 39    54.691 53593.11821912 35.40 125.770300  64.516516 33.499
 39    55.309 53593.11821977 34.67 125.767420  64.513406 33.499
 39    54.960 53593.11822041 37.73 125.764540  64.510286 33.499
 39    54.543 53593.11822106 45.72 125.761670  64.507176 33.499
 39    54.653 53593.11822170 35.11 125.758790  64.504056 33.499
 40    56.151 53628.11820674 17.20 125.798281  64.531749 13.263
 40    55.449 53628.11820738 16.75 125.795391  64.528629 13.263
 40    54.807 53628.11820803 17.57 125.792511  64.525519 13.263
 40    54.740 53628.11820867 17.46 125.789631  64.522399 13.263
 40    54.907 53628.11820932 18.39 125.786737  64.519291 27.700
 40    55.004 53628.11820996 20.11 125.783857  64.516181 27.700
 40    55.080 53628.11821061 23.18 125.780977  64.513061 27.700
 40    55.064 53628.11821125 28.45 125.778097  64.509951 27.700
 40    55.204 53628.11821190 29.19 125.775217  64.506831 27.700
 40    55.040 53628.11821254 28.53 125.772337  64.503721 27.700
 40    56.749 53628.11821319 25.14 125.769457  64.500611 27.700
 41    52.593 53663.11823097 42.12 125.791432  64.536245 26.194
 41    52.697 53663.11823162 45.01 125.788552  64.533125 26.194
 41    52.626 53663.11823226 51.51 125.785672  64.530015 26.194
 41    52.675 53663.11823291 47.16 125.782782  64.526905 26.194
 41    52.744 53663.11823355 47.86 125.779902  64.523785 26.194
 41    52.605 53663.11823420 39.81 125.777022  64.520672 12.792
 41    52.594 53663.11823484 36.76 125.774142  64.517562 12.792
 41    52.442 53663.11823549 32.88 125.771262  64.514452 12.792
 41    52.427 53663.11823613 31.86 125.768382  64.511332 12.792
 41    52.396 53663.11823677 30.26 125.765502  64.508222 12.792
 41    52.420 53663.11823742 29.28 125.762622  64.505102 12.792
 42    53.460 53698.11819378 15.60 125.784977  64.535585  3.685
 42    53.492 53698.11819443 15.78 125.782087  64.532475  3.685
 42    53.697 53698.11819507 17.83 125.779207  64.529365  3.685
 42    53.533 53698.11819572 17.05 125.776327  64.526245  3.685
 42    53.580 53698.11819636 16.88 125.773447  64.523135  3.685
 42    53.517 53698.11819701 15.93 125.770567  64.520015  3.685
 42    53.544 53698.11819765 16.58 125.767687  64.516905  3.685
 42    54.226 53698.11819830 15.68 125.764800  64.513786  3.105
 42    55.247 53698.11819894 15.52 125.761930  64.510676  3.105
 42    56.123 53698.11819958 15.02 125.759050  64.507566  3.105
 43    53.488 53733.11811582 12.87 125.783375  64.538225  2.575
 43    53.340 53733.11811646 12.55 125.780495  64.535105  2.575
 43    53.445 53733.11811711 13.10 125.777615  64.531995  2.575
 43    53.459 53733.11811775 12.62 125.774735  64.528875  2.575
 43    53.306 53733.11811840 13.49 125.771855  64.525765  2.575
 43    53.379 53733.11811904 13.67 125.768975  64.522655  2.575
 43    53.596 53733.11811969 13.70 125.766095  64.519535  2.575
 43    54.963 53733.11812033 13.58 125.763215  64.516425  2.575
 43    55.654 53733.11812097 13.23 125.760331  64.513312  3.000
 43    56.373 53733.11812162 13.37 125.757451  64.510192  3.000
 43    57.474 53733.11812226 13.80 125.754581  64.507082  3.000
 44    52.926 53768.11809543 10.36 125.798780  64.532581  2.495
 44    52.851 53768.11809607 10.62 125.795900  64.529471  2.495
 44    52.928 53768.11809672 11.15 125.793010  64.526361  2.495
 44    53.049 53768.11809736 10.92 125.790130  64.523241  2.495
 44    53.174 53768.11809801 10.92 125.787247  64.520128  2.846
 44    53.108 53768.11809865 11.50 125.784367  64.517018  2.846
 44    54.109 53768.11809929 11.39 125.781487  64.513898  2.846
 44    54.636 53768.11809994 11.49 125.778607  64.510788  2.846
 44    55.420 53768.11810058 12.10 125.775727  64.507678  2.846
 44    56.576 53768.11810123 12.38 125.772847  64.504558  2.846
 44    57.199 53768.11810187 12.75 125.769967  64.501448  2.846
 45    52.825 53803.11809341  9.12 125.785372  64.536003  2.298
 45    52.827 53803.11809405  9.62 125.782492  64.532893  2.298
 45    53.076 53803.11809470  9.71 125.779612  64.529773  2.298
 45    53.031 53803.11809534 10.27 125.776722  64.526663  2.298
 45    53.339 53803.11809599 10.36 125.773842  64.523543  2.298
 45    53.551 53803.11809663 10.46 125.770962  64.520433  2.298
 45    53.787 53803.11809728 10.64 125.768090  64.517323  2.673
 45    55.106 53803.11809792 10.48 125.765210  64.514203  2.673
 45    55.737 53803.11809857 10.35 125.762330  64.511093  2.673
 45    57.252 53803.11809921 11.46 125.759450  64.507973  2.673
 45    57.989 53803.11809986 11.31 125.756570  64.504863  2.673
 46    53.125 53838.11810825  8.19 125.801175  64.533208  2.199
 46    53.195 53838.11810889  8.23 125.798295  64.530088  2.199
 46    52.777 53838.11810954  8.81 125.795405  64.526978  2.199
 46    52.907 53838.11811018  8.42 125.792525  64.523868  2.199
 46    53.348 53838.11811082  8.72 125.789645  64.520748  2.199
 46    53.465 53838.11811147  9.27 125.786755  64.517638  2.199
 46    54.081 53838.11811211  9.40 125.783875  64.514528  2.199
 46    54.325 53838.11811276  9.26 125.780995  64.511408  2.199
 46    55.364 53838.11811340  9.59 125.778115  64.508294  3.015
 46    56.090 53838.11811405  9.93 125.775235  64.505184  3.015
 46    57.138 53838.11811469 10.17 125.772355  64.502064  3.015
 46    57.553 53838.11811534 10.30 125.769475  64.498954  3.015
 47    57.364 53873.11815853 21.47 125.792247  64.532925 13.610
 47    56.385 53873.11815917 21.61 125.789357  64.529805 13.610
 47    54.729 53873.11815982 20.85 125.786477  64.526695 13.610
 47    54.614 53873.11816046 25.51 125.783597  64.523585 13.610
 47    54.581 53873.11816111 27.66 125.780717  64.520465 13.610
 47    54.568 53873.11816175 28.59 125.777828  64.517350 18.414
 47    54.623 53873.11816240 30.16 125.774948  64.514240 18.414
 47    54.526 53873.11816304 31.45 125.772068  64.511130 18.414
 47    54.513 53873.11816368 30.92 125.769188  64.508010 18.414
 47    54.592 53873.11816433 30.37 125.766308  64.504900 18.414
 47    56.643 53873.11816497 25.89 125.763438  64.501780 18.414
 48    57.527 53908.11820006 50.59 125.790970  64.536369 36.747
 48    57.673 53908.11820071 50.48 125.788090  64.533259 36.747
 48    57.516 53908.11820135 52.36 125.785200  64.530139 36.747
 48    57.564 53908.11820200 50.17 125.782320  64.527029 36.747
 48    57.653 53908.11820264 51.64 125.779440  64.523909 36.747
 48    57.681 53908.11820329 50.49 125.776550  64.520799 36.747
 48    57.713 53908.11820393 52.93 125.773670  64.517689 36.747
 48    57.734 53908.11820458 51.97 125.770790  64.514569 36.747
 48    57.767 53908.11820522 50.61 125.767910  64.511459 36.747
 48    57.806 53908.11820587 49.67 125.765033  64.508340 40.077
 48    57.825 53908.11820651 50.45 125.762153  64.505230 40.077
 49    56.540 53943.11822518 22.80 125.782163  64.537745 20.668
 49    53.775 53943.11822583 25.56 125.779283  64.534625 20.668
 49    53.705 53943.11822647 27.13 125.776403  64.531515 20.668
 49    53.741 53943.11822712 28.33 125.773513  64.528405 20.668
 49    53.862 53943.11822776 28.55 125.770633  64.525285 20.668
 49    56.263 53943.11822841 25.72 125.767753  64.522175 20.668
 49    54.853 53943.11822905 32.23 125.764873  64.519055 20.668
 49    55.221 53943.11822970 30.05 125.761993  64.515945 20.668
 49    55.372 53943.11823034 23.08 125.759113  64.512835 20.668
 49    55.541 53943.11823098 22.21 125.756233  64.509715 20.668
 49    58.032 53943.11823163 23.42 125.753353  64.506605 20.668
 50    56.107 53978.11817700 19.29 125.779962  64.537935 20.198
 50    55.623 53978.11817765 17.95 125.777082  64.534825 20.198
 50    55.753 53978.11817829 18.85 125.774202  64.531705 20.198
 50    55.979 53978.11817894 19.42 125.771322  64.528595 20.198
 50    56.319 53978.11817958 23.21 125.768442  64.525485 20.198
 50    56.555 53978.11818023 28.95 125.765562  64.522365 20.198
 50    56.993 53978.11818087 26.82 125.762682  64.519255 20.198
 50    56.129 53978.11818152 25.93 125.759802  64.516135 20.198
 50    55.974 53978.11818216 25.09 125.756922  64.513025 20.198
 50    56.852 53978.11818281 22.98 125.754042  64.509905 20.198
 50    56.942 53978.11818345 29.61 125.751162  64.506795 20.198
 51    55.291 54013.11818718 19.96 125.802366  64.528951 12.000
 51    54.290 54013.11818783 19.77 125.799486  64.525831 12.000
 51    54.610 54013.11818847 18.50 125.796606  64.522721 12.000
 51    54.240 54013.11818912 19.09 125.793716  64.519611 12.000
 51    54.347 54013.11818976 19.68 125.790836  64.516491 12.000
 51    54.659 54013.11819041 20.49 125.787956  64.513381 12.000
 51    54.697 54013.11819105 22.59 125.785066  64.510271 12.000
 51    56.260 54013.11819169 22.23 125.782186  64.507151 12.000
 51    56.482 54013.11819234 23.86 125.779314  64.504037 25.996
 51    57.048 54013.11819298 25.22 125.776434  64.500927 25.996
 51    57.542 54013.11819363 27.94 125.773554  64.497807 25.996
 52    52.337 54048.11819539 20.90 125.798150  64.534105  4.268
 52    52.524 54048.11819603 21.09 125.795270  64.530985  4.268
 52    52.771 54048.11819667 21.02 125.792390  64.527875  4.268
 52    52.769 54048.11819732 21.90 125.789500  64.524765  4.268
 52    52.751 54048.11819796 23.03 125.786620  64.521645  4.268
 52    52.658 54048.11819861 22.74 125.783740  64.518535  4.268
 52    52.692 54048.11819925 22.80 125.780860  64.515425  4.268
 52    52.721 54048.11819990 22.67 125.777980  64.512305  4.268
 52    52.768 54048.11820054 21.69 125.775100  64.509195  4.268
 52    54.349 54048.11820119 20.21 125.772220  64.506075  4.268
 52    54.119 54048.11820183 20.08 125.769340  64.502965  4.268
 52    54.415 54048.11820248 20.44 125.766464  64.499846  4.217
 54    53.378 54118.11811785 13.52 125.777788  64.539640  2.555
 54    53.331 54118.11811849 14.21 125.774908  64.536520  2.555
 54    53.708 54118.11811914 14.07 125.772028  64.533410  2.555
 54    53.788 54118.11811978 13.84 125.769148  64.530290  2.555
 54    54.083 54118.11812043 14.35 125.766268  64.527180  2.555
 54    54.153 54118.11812107 14.18 125.763388  64.524070  2.555
 54    55.428 54118.11812300 14.21 125.754748  64.514720  2.555
 54    56.001 54118.11812365 13.14 125.751868  64.511610  2.555
 54    56.777 54118.11812429 13.21 125.748998  64.508490  2.555
 55    52.747 54153.11814165 11.34 125.790185  64.536114  2.557
 55    53.032 54153.11814230 12.17 125.787295  64.533004  2.557
 55    53.130 54153.11814294 11.91 125.784415  64.529894  2.557
 55    53.177 54153.11814359 12.10 125.781535  64.526774  2.557
 55    53.033 54153.11814423 11.93 125.778655  64.523664  2.557
 55    52.857 54153.11814487 12.95 125.775765  64.520554  2.557
 55    54.522 54153.11814552 12.59 125.772885  64.517434  2.557
 55    54.781 54153.11814616 12.25 125.770005  64.514324  2.557
 55    55.232 54153.11814681 11.38 125.767125  64.511204  2.557
 55    55.748 54153.11814745 11.45 125.764245  64.508094  2.557
 55    56.524 54153.11814810 11.27 125.761374  64.504985  2.601
 57    53.810 54223.11815186 22.54 125.792826  64.533680  4.190
 57    53.257 54223.11815250 22.22 125.789936  64.530570  4.190
 57    53.295 54223.11815314 22.74 125.787056  64.527450  4.190
 57    54.238 54223.11815379 22.07 125.784175  64.524337  4.583
 57    54.989 54223.11815443 21.80 125.781295  64.521227  4.583
 57    55.478 54223.11815508 21.61 125.778405  64.518107  4.583
 57    55.698 54223.11815572 20.57 125.775525  64.514997  4.583
 57    55.412 54223.11815637 22.01 125.772645  64.511887  4.583
 57    55.195 54223.11815701 20.30 125.769765  64.508767  4.583
 57    55.167 54223.11815766 19.78 125.766885  64.505657  4.583
 57    55.817 54223.11815830 19.41 125.764005  64.502537  4.583
 58    58.507 54258.11817322 44.65 125.790922  64.535989 28.014
 58    58.374 54258.11817387 48.24 125.788032  64.532879 28.014
 58    58.465 54258.11817451 49.47 125.785152  64.529769 28.014
 58    58.321 54258.11817515 50.15 125.782272  64.526649 28.014
 58    58.439 54258.11817580 51.09 125.779389  64.523534 38.857
 58    58.486 54258.11817644 50.07 125.776509  64.520424 38.857
 58    58.397 54258.11817709 51.64 125.773629  64.517304 38.857
 58    58.450 54258.11817773 50.41 125.770749  64.514194 38.857
 58    58.549 54258.11817838 49.76 125.767869  64.511084 38.857
 58    58.600 54258.11817902 48.58 125.764989  64.507964 38.857
 58    58.456 54258.11817967 49.76 125.762109  64.504854 38.857
 59    57.063 54293.11817621 32.13 125.791948  64.535067 16.387
 59    56.853 54293.11817686 21.97 125.789068  64.531957 16.387
 59    56.205 54293.11817750 17.71 125.786178  64.528847 16.387
 59    55.522 54293.11817815 19.85 125.783298  64.525727 16.387
 59    55.747 54293.11817879 21.42 125.780418  64.522613 28.099
 59    56.436 54293.11817944 24.45 125.777538  64.519503 28.099
 59    56.016 54293.11818008 25.91 125.774658  64.516383 28.099
 59    56.081 54293.11818073 26.77 125.771778  64.513273 28.099
 59    56.077 54293.11818137 22.21 125.768898  64.510163 28.099
 59    55.957 54293.11818202 21.53 125.766018  64.507043 28.099
 59    56.564 54293.11818266 21.87 125.763138  64.503933 28.099
 60    54.129 54328.11817171 42.45 125.787405  64.534710 29.379
 60    53.931 54328.11817235 48.59 125.784515  64.531600 29.379
 60    54.029 54328.11817300 48.62 125.781635  64.528490 29.379
 60    53.894 54328.11817364 51.28 125.778755  64.525370 29.379
 60    53.991 54328.11817429 51.24 125.775870  64.522253 29.488
 60    55.008 54328.11817493 42.07 125.772990  64.519143 29.488
 60    55.246 54328.11817557 38.76 125.770110  64.516033 29.488
 60    53.967 54328.11817622 33.43 125.767230  64.512913 29.488
 60    54.468 54328.11817686 33.92 125.764350  64.509803 29.488
 60    54.380 54328.11817751 37.11 125.761480  64.506683 29.488
 61    54.189 54363.11811922 46.98 125.780107  64.540024 32.198
 61    54.159 54363.11811987 49.58 125.777227  64.536904 32.198
 61    54.147 54363.11812051 49.80 125.774347  64.533794 32.198
 61    53.980 54363.11812116 53.25 125.771457  64.530684 32.198
 61    54.024 54363.11812180 44.50 125.768577  64.527564 32.198
 61    53.982 54363.11812245 45.34 125.765697  64.524454 32.198
 61    54.934 54363.11812309 33.11 125.762823  64.521342 37.827
 61    55.144 54363.11812374 39.89 125.759943  64.518222 37.827
 61    55.441 54363.11812438 41.63 125.757063  64.515112 37.827
 61    55.365 54363.11812502 43.77 125.754183  64.511992 37.827
 61    55.222 54363.11812567 36.17 125.751313  64.508882 37.827
 62    52.772 54398.11811156 42.07 125.793410  64.533585 28.994
 62    52.859 54398.11811220 48.91 125.790520  64.530475 28.994
 62    52.910 54398.11811285 49.25 125.787640  64.527355 28.994
 62    52.912 54398.11811349 49.61 125.784760  64.524245 28.994
 62    52.946 54398.11811414 49.17 125.781870  64.521135 28.994
 62    52.891 54398.11811478 51.07 125.778990  64.518015 28.994
 62    52.889 54398.11811543 41.90 125.776114  64.514900 17.453
 62    52.840 54398.11811607 38.46 125.773234  64.511790 17.453
 62    52.907 54398.11811672 36.70 125.770354  64.508670 17.453
 62    52.871 54398.11811736 34.80 125.767474  64.505560 17.453
 62    52.859 54398.11811801 32.80 125.764594  64.502450 17.453
 63    52.747 54433.11806907 20.83 125.784586  64.538351  4.944
 63    52.804 54433.11806972 21.74 125.781706  64.535231  4.944
 63    52.818 54433.11807036 22.03 125.778816  64.532121  4.944
 63    52.626 54433.11807101 22.97 125.775936  64.529001  4.944
 63    52.536 54433.11807165 23.07 125.773056  64.525891  4.944
 63    52.404 54433.11807229 22.36 125.770176  64.522781  4.944
 63    52.120 54433.11807294 23.02 125.767296  64.519661  4.944
 63    52.231 54433.11807358 21.90 125.764416  64.516551  4.944
 63    52.005 54433.11807423 22.01 125.761541  64.513439  3.718
 63    52.016 54433.11807487 20.91 125.758661  64.510319  3.718
 63    51.889 54433.11807552 21.23 125.755781  64.507209  3.718
 64    53.105 54468.11809415 15.76 125.797003  64.531759  3.231
 64    53.065 54468.11809479 15.98 125.794113  64.528639  3.231
 64    53.046 54468.11809544 16.80 125.791233  64.525529  3.231
 64    53.060 54468.11809608 17.00 125.788353  64.522419  3.231
 64    53.170 54468.11809673 17.16 125.785463  64.519299  3.231
 64    53.138 54468.11809737 17.70 125.782589  64.516186  3.408
 64    53.256 54468.11809802 16.76 125.779709  64.513076  3.408
 64    53.292 54468.11809866 16.81 125.776829  64.509966  3.408
 64    54.740 54468.11809931 15.77 125.773949  64.506846  3.408
 64    54.642 54468.11809995 15.80 125.771069  64.503736  3.408
 64    55.388 54468.11810060 15.84 125.768189  64.500616  3.408
 66    53.887 54538.11810912  9.41 125.791589  64.535991  2.142
 66    52.651 54538.11810976  9.91 125.788709  64.532881  2.142
 66    52.699 54538.11811041 10.37 125.785829  64.529761  2.142
 66    52.642 54538.11811105 10.58 125.782938  64.526647  2.446
 66    52.354 54538.11811169 10.75 125.780058  64.523537  2.446
 66    52.468 54538.11811234 11.08 125.777178  64.520417  2.446
 66    53.918 54538.11811298 10.52 125.774298  64.517307  2.446
 66    54.512 54538.11811363 10.57 125.771418  64.514197  2.446
 66    55.404 54538.11811427 10.58 125.768538  64.511077  2.446
 66    56.057 54538.11811492 10.84 125.765658  64.507967  2.446
 66    56.689 54538.11811556 10.47 125.762778  64.504847  2.446
 67    54.058 54573.11808640  7.38 125.782001  64.536945  2.070
 67    53.736 54573.11808705  7.72 125.779121  64.533825  2.070
 67    53.337 54573.11808769  7.98 125.776241  64.530715  2.070
 67    53.441 54573.11808833  8.10 125.773361  64.527595  2.070
 67    53.844 54573.11808898  8.59 125.770481  64.524485  2.070
 67    54.488 54573.11808962  8.64 125.767596  64.521374  2.272
 67    55.099 54573.11809027  8.51 125.764716  64.518254  2.272
 67    56.072 54573.11809091  7.82 125.761836  64.515144  2.272
 67    55.901 54573.11809156  7.58 125.758966  64.512024  2.272
 67    57.238 54573.11809220  7.65 125.756086  64.508914  2.272
 68    59.547 54608.11810214 42.58 125.791748  64.535995 26.042
 68    59.145 54608.11810278 40.47 125.788858  64.532885 26.042
 68    59.067 54608.11810343 36.94 125.785978  64.529775 26.042
 68    59.042 54608.11810407 36.19 125.783098  64.526655 26.042
 68    58.907 54608.11810472 35.06 125.780213  64.523540 23.559
 68    58.839 54608.11810536 34.11 125.777333  64.520430 23.559
 68    59.023 54608.11810601 33.33 125.774453  64.517320 23.559
 68    59.209 54608.11810665 32.67 125.771573  64.514200 23.559
 68    59.314 54608.11810730 31.52 125.768693  64.511090 23.559
 68    59.387 54608.11810794 29.42 125.765813  64.507970 23.559
 68    59.322 54608.11810859 28.94 125.762933  64.504860 23.559
 69    56.349 54643.11811059 35.64 125.789214  64.537215 17.456
 69    55.774 54643.11811123 28.74 125.786334  64.534105 17.456
 69    55.653 54643.11811188 28.01 125.783444  64.530995 17.456
 69    56.060 54643.11811252 39.09 125.780564  64.527875 17.456
 69    56.044 54643.11811317 44.20 125.777684  64.524760 31.136
 69    56.122 54643.11811381 44.52 125.774804  64.521650 31.136
 69    56.058 54643.11811446 45.94 125.771924  64.518540 31.136
 69    56.234 54643.11811510 47.73 125.769044  64.515420 31.136
 69    56.336 54643.11811575 49.32 125.766164  64.512310 31.136
 69    56.225 54643.11811639 47.81 125.763284  64.509190 31.136
 69    56.359 54643.11811704 47.70 125.760404  64.506080 31.136
 70    56.910 54678.11811256 20.32 125.789229  64.535601 13.480
 70    53.644 54678.11811321 21.19 125.786349  64.532491 13.480
 70    53.650 54678.11811385 20.43 125.783459  64.529371 13.480
 70    51.067 54678.11811450 27.62 125.780579  64.526261 13.480
 70    52.731 54678.11811514 26.40 125.777698  64.523146 29.006
 70    54.928 54678.11811579 22.12 125.774818  64.520036 29.006
 70    54.344 54678.11811643 28.40 125.771938  64.516916 29.006
 70    54.214 54678.11811708 28.41 125.769058  64.513806 29.006
 70    54.113 54678.11811772 26.92 125.766178  64.510696 29.006
 70    54.105 54678.11811837 24.94 125.763298  64.507576 29.006
 70    57.056 54678.11811901 24.55 125.760418  64.504466 29.006
 71    55.352 54713.11806524 43.26 125.782586  64.538974 41.030
 71    55.491 54713.11806589 47.26 125.779706  64.535864 41.030
 71    55.345 54713.11806653 51.48 125.776826  64.532744 41.030
 71    55.386 54713.11806718 52.23 125.773936  64.529634 41.030
 71    55.477 54713.11806782 50.94 125.771056  64.526514 41.030
 71    55.557 54713.11806847 51.29 125.768176  64.523404 41.030
 71    55.636 54713.11806911 51.56 125.765302  64.520292 36.005
 71    55.665 54713.11806975 49.54 125.762422  64.517172 36.005
 71    55.659 54713.11807040 48.44 125.759542  64.514062 36.005
 71    55.649 54713.11807104 47.83 125.756662  64.510942 36.005
 71    55.712 54713.11807169 45.95 125.753782  64.507832 36.005
 72    56.882 54748.11808187 23.71 125.792965  64.534500 12.682
 72    56.337 54748.11808252 22.45 125.790085  64.531390 12.682
 72    53.746 54748.11808316 21.68 125.787205  64.528270 12.682
 72    53.907 54748.11808381 21.83 125.784315  64.525160 12.682
 72    54.061 54748.11808445 24.35 125.781435  64.522050 12.682
 72    53.978 54748.11808510 26.74 125.778555  64.518930 12.682
 72    54.228 54748.11808574 22.14 125.775675  64.515820 12.682
 72    54.449 54748.11808638 21.64 125.772795  64.512710 12.682
 72    56.943 54748.11808703 22.18 125.769915  64.509590 12.682
 72    57.610 54748.11808767 22.27 125.767035  64.506480 12.682
 72    57.958 54748.11808832 23.76 125.764155  64.503360 12.682
 73    53.202 54783.11805296 23.92 125.786448  64.535197  6.276
 73    53.365 54783.11805360 26.23 125.783568  64.532087  6.276
 73    53.147 54783.11805425 27.83 125.780678  64.528967  6.276
 73    53.218 54783.11805489 25.31 125.777802  64.525853  5.425
 73    53.167 54783.11805554 24.39 125.774922  64.522743  5.425
 73    53.252 54783.11805618 24.23 125.772042  64.519623  5.425
 73    53.222 54783.11805682 23.46 125.769152  64.516513  5.425
 73    53.216 54783.11805747 22.74 125.766282  64.513403  5.425
 73    53.380 54783.11805811 21.58 125.763402  64.510283  5.425
 73    53.394 54783.11805876 20.94 125.760522  64.507173  5.425
 74    53.360 54818.11807467 16.41 125.793218  64.532926  3.713
 74    53.355 54818.11807531 16.69 125.790338  64.529816  3.713
 74    53.433 54818.11807596 17.46 125.787448  64.526696  3.713
 74    53.578 54818.11807660 18.62 125.784573  64.523584  3.544
 74    53.594 54818.11807725 18.28 125.781683  64.520474  3.544
 74    53.812 54818.11807789 18.05 125.778803  64.517354  3.544
 74    53.725 54818.11807854 18.29 125.775923  64.514244  3.544
 74    53.763 54818.11807918 17.63 125.773043  64.511134  3.544
 74    53.870 54818.11807983 16.93 125.770163  64.508014  3.544
 74    53.822 54818.11808047 16.71 125.767283  64.504904  3.544
 74    56.460 54818.11808112 15.92 125.764403  64.501784  3.544
 75    53.187 54853.11805010 13.52 125.785202  64.534939  3.064
 75    53.274 54853.11805075 13.84 125.782312  64.531829  3.064
 75    53.225 54853.11805139 14.72 125.779432  64.528709  3.064
 75    53.256 54853.11805204 15.15 125.776552  64.525599  3.064
 75    53.313 54853.11805268 15.34 125.773671  64.522483  2.908
 75    53.232 54853.11805333 16.24 125.770791  64.519373  2.908
 75    53.488 54853.11805397 14.92 125.767911  64.516263  2.908
 75    53.622 54853.11805462 15.32 125.765031  64.513143  2.908
 75    54.091 54853.11805526 14.54 125.762151  64.510033  2.908
 75    55.671 54853.11805590 13.92 125.759271  64.506913  2.908
 76    52.764 54888.11807885 12.73 125.790483  64.536476  2.925
 76    53.032 54888.11807949 12.62 125.787603  64.533366  2.925
 76    53.091 54888.11808014 13.29 125.784713  64.530246  2.925
 76    52.969 54888.11808078 14.21 125.781838  64.527136  3.353
 76    52.894 54888.11808143 15.70 125.778948  64.524026  3.353
 76    52.984 54888.11808207 15.81 125.776068  64.520906  3.353
 76    52.981 54888.11808271 16.05 125.773188  64.517796  3.353
 76    52.968 54888.11808336 16.19 125.770308  64.514686  3.353
 76    53.266 54888.11808400 15.19 125.767428  64.511566  3.353
 76    53.710 54888.11808465 14.30 125.764548  64.508456  3.353
 76    56.210 54888.11808529 13.30 125.761668  64.505336  3.353
 77    52.799 54923.11804952  9.74 125.777833  64.540078  2.239
 77    52.886 54923.11805016  9.78 125.774943  64.536968  2.239
 77    52.681 54923.11805081 10.19 125.772063  64.533858  2.239
 77    53.031 54923.11805145 10.19 125.769183  64.530738  2.239
 77    52.978 54923.11805210 10.71 125.766303  64.527628  2.239
 77    53.340 54923.11805274 10.89 125.763419  64.524517  2.315
 77    54.272 54923.11805467 10.51 125.754789  64.515167  2.315
 77    55.291 54923.11805532  9.70 125.751909  64.512057  2.315
 77    55.872 54923.11805596  9.55 125.749029  64.508937  2.315
 78    57.210 54958.11807593 25.48 125.792519  64.533031 11.896
 78    53.177 54958.11807657 24.59 125.789639  64.529921 11.896
 78    53.159 54958.11807722 24.47 125.786749  64.526801 11.896
 78    53.352 54958.11807786 25.30 125.783870  64.523687 15.874
 78    53.598 54958.11807851 27.50 125.780990  64.520577 15.874
 78    53.563 54958.11807915 28.11 125.778100  64.517457 15.874
 78    53.345 54958.11807980 28.84 125.775220  64.514347 15.874
 78    53.168 54958.11808044 30.18 125.772340  64.511237 15.874
 78    53.320 54958.11808109 30.20 125.769460  64.508117 15.874
 78    53.108 54958.11808173 33.67 125.766580  64.505007 15.874
 78    55.751 54958.11808238 29.65 125.763700  64.501897 15.874
 79    57.886 54993.11809850 21.65 125.786942  64.534683 22.380
 79    57.435 54993.11809914 18.63 125.784062  64.531573 22.380
 79    57.142 54993.11809979 17.05 125.781182  64.528453 22.380
 79    57.101 54993.11810043 17.23 125.778294  64.525340 19.734
 79    57.257 54993.11810108 17.84 125.775414  64.522230 19.734
 79    57.278 54993.11810172 16.98 125.772534  64.519120 19.734
 79    57.292 54993.11810237 16.77 125.769654  64.516000 19.734
 79    57.465 54993.11810301 16.22 125.766774  64.512890 19.734
 79    57.738 54993.11810366 16.80 125.763894  64.509770 19.734
 79    58.278 54993.11810430 18.49 125.761014  64.506660 19.734
 80    57.134 55028.11808881 19.28 125.786983  64.535055 14.671
 80    54.531 55028.11808945 18.41 125.784093  64.531945 14.671
 80    54.354 55028.11809010 18.50 125.781213  64.528825 14.671
 80    54.975 55028.11809074 19.49 125.778333  64.525710 21.266
 80    55.022 55028.11809139 17.61 125.775453  64.522600 21.266
 80    55.128 55028.11809203 18.38 125.772573  64.519490 21.266
 80    55.167 55028.11809268 18.09 125.769693  64.516370 21.266
 80    54.930 55028.11809332 18.62 125.766813  64.513260 21.266
 80    55.563 55028.11809397 17.69 125.763933  64.510140 21.266
 80    57.679 55028.11809461 16.86 125.761053  64.507030 21.266
 81    54.405 55063.11808090 53.96 125.788228  64.534738 30.644
 81    54.409 55063.11808155 52.07 125.785348  64.531628 30.644
 81    54.336 55063.11808219 52.47 125.782468  64.528508 30.644
 81    54.415 55063.11808284 51.68 125.779578  64.525398 30.644
 81    54.316 55063.11808348 52.39 125.776696  64.522281 37.662
 81    54.391 55063.11808413 52.10 125.773816  64.519171 37.662
 81    54.480 55063.11808477 51.74 125.770936  64.516061 37.662
 81    54.549 55063.11808542 48.84 125.768056  64.512941 37.662
 81    54.624 55063.11808606 50.46 125.765186  64.509831 37.662
 81    54.645 55063.11808670 51.98 125.762306  64.506711 37.662
 81    54.659 55063.11808735 47.61 125.759426  64.503601 37.662
 82    54.724 55098.11802694 49.16 125.777927  64.540378 28.690
 82    54.714 55098.11802758 52.82 125.775047  64.537258 28.690
 82    54.538 55098.11802823 53.43 125.772167  64.534148 28.690
 82    54.683 55098.11802887 50.91 125.769277  64.531038 28.690
 82    54.758 55098.11802952 50.14 125.766407  64.527918 28.690
 82    54.637 55098.11803016 51.71 125.763517  64.524808 28.690
 82    54.953 55098.11803210 41.56 125.754887  64.515467 36.705
 82    55.014 55098.11803274 39.44 125.752007  64.512347 36.705
 82    54.722 55098.11803339 29.19 125.749127  64.509237 36.705
 83    52.779 55133.11802463 38.73 125.793691  64.535411 21.921
 83    52.763 55133.11802528 41.82 125.790801  64.532301 21.921
 83    52.555 55133.11802592 44.33 125.787921  64.529181 21.921
 83    52.734 55133.11802656 42.97 125.785041  64.526071 29.747
 83    52.719 55133.11802721 44.01 125.782161  64.522961 29.747
 83    52.847 55133.11802785 44.43 125.779271  64.519841 29.747
 83    52.745 55133.11802850 47.75 125.776391  64.516731 29.747
 83    52.750 55133.11802914 44.41 125.773511  64.513621 29.747
 83    52.760 55133.11802979 44.73 125.770631  64.510501 29.747
 83    52.774 55133.11803043 44.60 125.767751  64.507391 29.747
 83    52.805 55133.11803108 47.58 125.764871  64.504271 29.747
 84    52.346 55168.11798970 26.06 125.786548  64.536887  5.581
 84    52.305 55168.11799034 27.27 125.783668  64.533777  5.581
 84    52.252 55168.11799099 27.02 125.780788  64.530667  5.581
 84    52.157 55168.11799163 27.37 125.777908  64.527547  5.581
 84    52.153 55168.11799228 28.25 125.775018  64.524437  5.581
 84    52.338 55168.11799292 27.45 125.772144  64.521319  7.114
 84    52.334 55168.11799357 27.90 125.769264  64.518209  7.114
 84    52.505 55168.11799421 27.99 125.766384  64.515099  7.114
 84    52.463 55168.11799486 28.33 125.763504  64.511979  7.114
 84    52.468 55168.11799550 28.01 125.760624  64.508869  7.114
 84    52.380 55168.11799614 27.48 125.757744  64.505749  7.114
 85    52.562 55203.11801753 22.65 125.791311  64.532957  4.530
 85    52.536 55203.11801817 22.93 125.788431  64.529847  4.530
 85    52.533 55203.11801882 24.29 125.785541  64.526727  4.530
 85    52.594 55203.11801946 23.63 125.782669  64.523615  5.534
 85    52.622 55203.11802011 23.57 125.779779  64.520505  5.534
 85    52.591 55203.11802075 24.74 125.776899  64.517385  5.534
 85    52.650 55203.11802140 25.00 125.774019  64.514275  5.534
 85    52.835 55203.11802204 24.31 125.771139  64.511165  5.534
 85    52.834 55203.11802268 24.39 125.768259  64.508045  5.534
 85    52.808 55203.11802333 23.79 125.765379  64.504935  5.534
 85    55.361 55203.11802397 23.12 125.762499  64.501815  5.534
 86    51.994 55238.11799763 21.58 125.781966  64.537082  4.577
 86    52.066 55238.11799827 20.88 125.779076  64.533972  4.577
 86    51.869 55238.11799892 23.05 125.776196  64.530852  4.577
 86    51.845 55238.11799956 23.06 125.773316  64.527742  4.577
 86    51.896 55238.11800021 22.40 125.770438  64.524626  4.592
 86    51.920 55238.11800085 21.75 125.767558  64.521516  4.592
 86    52.090 55238.11800150 20.90 125.764678  64.518406  4.592
 86    52.194 55238.11800214 22.17 125.761798  64.515286  4.592
 86    51.957 55238.11800279 21.57 125.758918  64.512176  4.592
 86    51.942 55238.11800343 22.05 125.756038  64.509056  4.592
 87    51.829 55273.11801058 20.24 125.789936  64.537356  4.894
 87    51.889 55273.11801122 20.30 125.787056  64.534246  4.894
 87    51.930 55273.11801187 20.82 125.784166  64.531136  4.894
 87    51.947 55273.11801251 20.90 125.781286  64.528016  4.894
 87    51.901 55273.11801316 21.19 125.778404  64.524902  5.187
 87    51.910 55273.11801380 21.14 125.775524  64.521792  5.187
 87    51.908 55273.11801445 21.06 125.772644  64.518672  5.187
 87    51.976 55273.11801509 21.71 125.769764  64.515562  5.187
 87    52.106 55273.11801574 20.78 125.766884  64.512452  5.187
 87    52.126 55273.11801638 19.96 125.764004  64.509332  5.187
 87    51.890 55273.11801703 20.81 125.761124  64.506222  5.187
 88    52.948 55308.11797974 19.22 125.781264  64.538442  4.654
 88    53.256 55308.11798039 19.76 125.778384  64.535332  4.654
 88    53.669 55308.11798103 20.46 125.775504  64.532222  4.654
 88    53.959 55308.11798168 20.66 125.772624  64.529102  4.654
 88    54.210 55308.11798232 21.42 125.769744  64.525992  4.654
 88    54.390 55308.11798297 22.86 125.766858  64.522880  4.996
 88    54.737 55308.11798361 20.20 125.763978  64.519760  4.996
 88    54.738 55308.11798426 18.75 125.761098  64.516650  4.996
 88    54.609 55308.11798490 18.23 125.758228  64.513530  4.996
 88    54.280 55308.11798555 18.39 125.755348  64.510420  4.996
 88    53.637 55308.11798619 17.93 125.752468  64.507310  4.996
 89    58.799 55343.11798009 51.77 125.791487  64.535151 38.964
 89    58.941 55343.11798073 53.06 125.788607  64.532031 38.964
 89    58.850 55343.11798138 53.01 125.785717  64.528921 38.964
 89    58.932 55343.11798202 49.30 125.782837  64.525811 38.964
 89    58.779 55343.11798266 45.82 125.779957  64.522691 38.964
 89    58.914 55343.11798331 51.62 125.777070  64.519575 43.782
 89    58.956 55343.11798395 51.34 125.774190  64.516465 43.782
 89    58.823 55343.11798460 52.70 125.771310  64.513355 43.782
 89    58.892 55343.11798524 53.15 125.768430  64.510235 43.782
 89    58.983 55343.11798589 51.09 125.765550  64.507125 43.782
 89    58.951 55343.11798653 50.14 125.762670  64.504005 43.782
 90    55.610 55378.11797406 26.71 125.787486  64.537893 11.502
 90    55.199 55378.11797470 27.53 125.784606  64.534783 11.502
 90    55.193 55378.11797535 27.37 125.781726  64.531663 11.502
 90    55.190 55378.11797599 29.87 125.778846  64.528553 11.502
 90    55.340 55378.11797664 32.85 125.775963  64.525437 26.961
 90    55.607 55378.11797728 40.29 125.773083  64.522327 26.961
 90    55.597 55378.11797793 46.13 125.770203  64.519217 26.961
 90    55.907 55378.11797857 45.96 125.767313  64.516097 26.961
 90    55.834 55378.11797922 45.92 125.764443  64.512987 26.961
 90    55.802 55378.11797986 50.59 125.761563  64.509867 26.961
 90    55.809 55378.11798051 50.95 125.758683  64.506757 26.961
 91    53.533 55413.11799878 52.46 125.794484  64.533819 31.697
 91    53.501 55413.11799943 54.53 125.791604  64.530709 31.697
 91    53.491 55413.11800007 51.38 125.788714  64.527589 31.697
 91    53.515 55413.11800072 53.17 125.785835  64.524476 45.956
 91    53.623 55413.11800136 53.12 125.782955  64.521366 45.956
 91    53.682 55413.11800200 51.58 125.780065  64.518246 45.956
 91    53.735 55413.11800265 52.61 125.777185  64.515136 45.956
 91    53.776 55413.11800329 52.59 125.774305  64.512026 45.956
 91    53.778 55413.11800394 51.59 125.771425  64.508906 45.956
 91    53.774 55413.11800458 51.11 125.768545  64.505796 45.956
 91    53.747 55413.11800523 51.50 125.765665  64.502686 45.956
 92    54.505 55448.11798782 22.39 125.789015  64.537532 11.816
 92    54.290 55448.11798846 21.31 125.786125  64.534422 11.816
 92    54.119 55448.11798911 21.29 125.783245  64.531302 11.816
 92    54.257 55448.11798975 22.24 125.780365  64.528192 11.816
 92    54.449 55448.11799040 21.95 125.777485  64.525072 11.816
 92    54.517 55448.11799104 21.88 125.774595  64.521962 11.816
 92    54.655 55448.11799168 22.26 125.771713  64.518854 26.507
 92    54.638 55448.11799233 20.93 125.768833  64.515734 26.507
 92    54.620 55448.11799297 20.34 125.765963  64.512624 26.507
 92    54.595 55448.11799362 20.36 125.763083  64.509504 26.507
 92    57.689 55448.11799426 22.04 125.760203  64.506394 26.507
 93    54.313 55483.11791655 43.25 125.777799  64.539126 27.280
 93    53.767 55483.11791720 43.82 125.774919  64.536006 27.280
 93    53.600 55483.11791784 48.09 125.772039  64.532896 27.280
 93    54.698 55483.11791849 43.87 125.769159  64.529786 27.280
 93    52.410 55483.11791913 42.00 125.766279  64.526666 27.280
 93    52.340 55483.11791978 34.43 125.763399  64.523556 27.280
 93    52.354 55483.11792107 32.39 125.757638  64.517324 14.578
 93    52.463 55483.11792171 34.99 125.754768  64.514214 14.578
 93    52.563 55483.11792235 34.48 125.751888  64.511094 14.578
 93    52.561 55483.11792300 33.03 125.749008  64.507984 14.578
