# NaN NaN NaN ;Mean Elev.(m), Avg Gradient(m/km), RMS Gradient(m/km) - SRTM1     
#   10.010  -5.867  16.249 ;Mean Elev.(m), Avg Gradient(m/km), RMS Gradient(m/km) - ASTER GDEM
#   13.292  -8.185  16.503 ;Mean Elev.(m), Avg Gradient(m/km), RMS Gradient(m/km) - GMTED2010 
 10    21.315 52573.49917501  9.26 125.917007  70.106447  7.693
 10    14.215 52573.49917565 16.66 125.912547  70.109437  7.693
 10    14.578 52573.49917630 21.26 125.908077  70.112417  7.693
 10    12.012 52573.49917694 28.05 125.903607  70.115407  7.693
 10    12.945 52573.49917759 24.62 125.899137  70.118387  7.693
 11    14.172 52608.49913269 10.99 125.934460  70.104384  2.800
 11    12.450 52608.49913334 15.05 125.929990  70.107364  2.800
 11    11.698 52608.49913398 18.24 125.925530  70.110354  2.800
 11    10.928 52608.49913462 16.70 125.921070  70.113334  2.800
 11    10.977 52608.49913527 16.10 125.916603  70.116320  3.716
 11    11.906 52608.49913591 14.35 125.912133  70.119300  3.716
 11    12.748 52608.49913656 14.38 125.907663  70.122290  3.716
 12    13.199 52643.49912744  9.44 125.919975  70.101044  3.586
 12    12.572 52643.49912808 12.39 125.915505  70.104024  3.586
 12    10.856 52643.49912873 15.06 125.911045  70.107004  3.586
 12    11.136 52643.49912937 14.08 125.906575  70.109994  3.586
 12    11.255 52643.49913002 13.14 125.902115  70.112974  3.586
 12    13.419 52643.49913066 11.75 125.897645  70.115954  3.586
 12    14.748 52643.49913131 10.96 125.893175  70.118944  3.586
 13    16.334 52678.49910912  8.58 125.940060  70.103900  3.565
 13    16.232 52678.49910976 11.20 125.935590  70.106880  3.565
 13    17.224 52678.49911041 12.07 125.931130  70.109870  3.565
 13    12.326 52678.49911105 11.46 125.926670  70.112850  3.565
 13    11.826 52678.49911170 10.61 125.922200  70.115840  3.565
 13    11.833 52678.49911234 10.78 125.917730  70.118820  3.565
 13    12.187 52678.49911298 10.52 125.913270  70.121800  3.565
 13    13.811 52678.49911363  9.76 125.908800  70.124790  3.565
 17   140.432 52818.49918834  2.68 125.941723  70.079722  3.847
 17   138.731 52818.49918898  0.05 125.937273  70.082702  3.847
 18    14.718 52853.49924366  4.94 125.911616  70.108551  3.864
 18    14.585 52853.49924431 11.68 125.907146  70.111541  3.864
 18    14.568 52853.49924495 16.02 125.902676  70.114521  3.864
 18    14.122 52853.49924560 19.86 125.898206  70.117501  3.864
 20    15.278 52923.49922982 10.31 125.941721  70.103089  8.899
 20     9.605 52923.49923046 18.27 125.937261  70.106069  8.899
 20    10.021 52923.49923111 26.27 125.932801  70.109059  8.899
 20    10.098 52923.49923175 28.72 125.928341  70.112039  8.899
 20    10.251 52923.49923240 25.51 125.923871  70.115019  8.899
 20    12.923 52923.49923304 24.03 125.919411  70.118009  8.899
 20    14.110 52923.49923369 33.19 125.914941  70.120989  8.899
 20    10.648 52923.49923433 31.09 125.910471  70.123979  8.899
 21     9.349 52958.49919288 22.15 125.945641  70.085507  6.036
 21     9.602 52958.49919352 26.67 125.941181  70.088487  6.036
 21     9.538 52958.49919417 24.38 125.936721  70.091477  6.036
 21     9.429 52958.49919481 22.14 125.932261  70.094457  6.036
 21     9.486 52958.49919546 21.89 125.927801  70.097447  6.036
 21     9.434 52958.49919610 20.07 125.923331  70.100427  6.036
 21     9.523 52958.49919675 20.19 125.918871  70.103407  6.036
 21     9.353 52958.49919739 18.73 125.914411  70.106397  6.036
 21     9.465 52958.49919803 17.03 125.909941  70.109377  6.036
 21     9.389 52958.49919868 15.93 125.905471  70.112357  6.036
 21     9.436 52958.49919932 15.10 125.901001  70.115347  6.036
 21    10.719 52958.49919997 13.85 125.896531  70.118327  6.036
 22    11.099 52993.49922644  8.26 125.905412  70.115811  2.565
 22    11.867 52993.49922708 10.38 125.900942  70.118791  2.565
 23    24.855 53028.49919172  5.59 125.919376  70.121560  2.541
 23    13.197 53028.49919236  8.97 125.914906  70.124550  2.541
 24    13.280 53063.49919923  6.69 125.908405  70.116703  2.546
 24    13.707 53063.49919987  8.44 125.903935  70.119683  2.546
 25    14.717 53098.49921320  6.62 125.927105  70.109789  2.354
 25    15.219 53098.49921385  8.49 125.922635  70.112769  2.354
 25    14.005 53098.49921449  8.68 125.918175  70.115749  2.354
 25    13.857 53098.49921514  7.34 125.913705  70.118739  2.354
 25    14.853 53098.49921578  6.63 125.909245  70.121719  2.354
 29    18.844 53238.49923621  5.68 125.948351  70.100861  4.818
 29    14.539 53238.49923686 12.54 125.943881  70.103851  4.818
 29    13.423 53238.49923750 15.71 125.939421  70.106831  4.818
 29    14.263 53238.49923815 16.18 125.934961  70.109811  4.818
 29    14.759 53238.49923879 15.54 125.930501  70.112801  4.818
 29    15.241 53238.49923943 17.62 125.926031  70.115781  4.818
 29    16.427 53238.49924008 18.13 125.921561  70.118771  4.818
 29    16.605 53238.49924072 20.08 125.917101  70.121751  4.818
 29    16.979 53238.49924137 24.45 125.912626  70.124734 13.699
 31    11.620 53308.49925175 32.95 125.943968  70.084653 13.112
 31    11.691 53308.49925239 38.51 125.939508  70.087643 13.112
 31    11.615 53308.49925304 36.40 125.935048  70.090623 13.112
 31    11.435 53308.49925368 31.24 125.930588  70.093613 13.112
 31    11.394 53308.49925433 28.95 125.926128  70.096593 13.112
 31    11.624 53308.49925497 26.65 125.921668  70.099573 13.112
 31    11.615 53308.49925562 27.12 125.917208  70.102563 13.112
 31    11.632 53308.49925626 27.71 125.912738  70.105543 13.112
 31    11.607 53308.49925691 35.24 125.908278  70.108533 13.112
 31    11.804 53308.49925755 27.49 125.903808  70.111513 13.112
 31    11.376 53308.49925820 24.86 125.899348  70.114493 13.112
 31    11.421 53308.49925884 23.06 125.894878  70.117483 13.112
 33    12.496 53378.49916250 10.22 125.922053  70.093010  3.009
 33    12.813 53378.49916315 13.21 125.917583  70.096000  3.009
 33    13.514 53378.49916379 14.75 125.913123  70.098980  3.009
 33    11.860 53378.49916444 12.93 125.908663  70.101960  3.009
 33    12.333 53378.49916508 12.16 125.904193  70.104950  3.009
 33    13.314 53378.49916573 11.44 125.899722  70.107925  3.541
 33    12.918 53378.49916637 11.52 125.895252  70.110915  3.541
 33    13.947 53378.49916701 11.01 125.890782  70.113895  3.541
 33    14.499 53378.49916766 10.95 125.886312  70.116875  3.541
 34    18.355 53413.49919653  8.42 125.943421  70.096039  3.207
 34    15.629 53413.49919717 11.13 125.938961  70.099019  3.207
 34    14.641 53413.49919782 11.39 125.934501  70.101999  3.207
 34    13.404 53413.49919846 10.02 125.930041  70.104989  3.207
 34    13.214 53413.49919911  9.19 125.925581  70.107969  3.207
 34    12.762 53413.49919975  9.68 125.921111  70.110959  3.207
 34    12.195 53413.49920040  9.68 125.916651  70.113939  3.207
 34    12.556 53413.49920104  9.49 125.912181  70.116919  3.207
 34    13.574 53413.49920169  9.95 125.907711  70.119909  3.207
 34    13.602 53413.49920233  8.80 125.903238  70.122887  2.733
 35    14.584 53448.49918726  8.51 125.905645  70.101257  3.078
 35    12.296 53448.49918790 10.21 125.901175  70.104247  3.078
 35    13.058 53448.49918855 10.07 125.896705  70.107227  3.078
 35    14.519 53448.49918919  7.91 125.892245  70.110207  3.078
 35    17.787 53448.49918984  7.38 125.887765  70.113187  3.078
 35    19.075 53448.49919048  7.11 125.883295  70.116177  3.078
 36    15.734 53483.49927306  7.18 125.910070  70.104405  2.119
 36    16.293 53483.49927371  8.68 125.905610  70.107385  2.119
 36    14.635 53483.49927435  8.79 125.901140  70.110375  2.119
 36    16.244 53483.49927500  7.17 125.896676  70.113356  2.506
 36    20.604 53483.49927564  6.12 125.892206  70.116336  2.506
 37    67.201 53518.49927333  0.38 125.918572  70.112236  2.223
 37    44.972 53518.49927462  6.34 125.909632  70.118201 18.568
 37    47.401 53518.49927526 10.92 125.905162  70.121181 18.568
 38    15.231 53553.49929013 48.71 125.945960  70.087920 16.419
 38    15.742 53553.49929078 46.45 125.941510  70.090910 16.419
 38    15.835 53553.49929142 47.10 125.937050  70.093890 16.419
 38    15.833 53553.49929207 47.44 125.932590  70.096880 16.419
 38    15.964 53553.49929271 46.39 125.928130  70.099860 16.419
 38    15.272 53553.49929336 47.26 125.923670  70.102840 16.419
 38    15.616 53553.49929400 44.04 125.919210  70.105830 16.419
 41     9.474 53658.49923833 38.51 125.945031  70.083414 24.885
 41     9.464 53658.49923898 50.29 125.940571  70.086394 24.885
 41     9.483 53658.49923962 52.00 125.936111  70.089384 24.885
 41     9.369 53658.49924027 47.94 125.931661  70.092364 24.885
 41     9.413 53658.49924091 49.01 125.927201  70.095354 24.885
 41     9.360 53658.49924156 52.04 125.922731  70.098334 24.885
 41     9.151 53658.49924220 53.28 125.918271  70.101314 24.885
 41     9.287 53658.49924285 46.79 125.913811  70.104304 24.885
 41     9.361 53658.49924349 47.10 125.909341  70.107284 24.885
 41     9.192 53658.49924414 48.22 125.904881  70.110264 24.885
 41     9.313 53658.49924478 47.84 125.900411  70.113254 24.885
 41     9.275 53658.49924542 50.96 125.895938  70.116232  9.088
 41     9.050 53658.49924607 39.50 125.891468  70.119222  9.088
 42    11.697 53693.49922495 10.26 125.916324  70.115606  2.964
 42    10.545 53693.49922560 18.51 125.911854  70.118586  2.964
 42    10.157 53693.49922624 21.92 125.907384  70.121576  2.964
 43    18.287 53728.49914371 13.46 125.959995  70.097284  3.344
 43    13.226 53728.49914436 14.04 125.955535  70.100274  3.344
 43    13.682 53728.49914500 13.93 125.951085  70.103254  3.344
 43    13.484 53728.49914565 13.97 125.946625  70.106244  3.344
 43    11.451 53728.49914629 14.47 125.942165  70.109224  3.344
 43     9.802 53728.49914694 15.03 125.937695  70.112204  3.344
 43     9.856 53728.49914758 14.44 125.933235  70.115194  3.344
 43     9.541 53728.49914822 15.12 125.928775  70.118174  3.344
 43     9.341 53728.49914887 14.87 125.924305  70.121164  3.344
 43     9.369 53728.49914951 14.95 125.919835  70.124144  3.344
 43    11.337 53728.49915016 13.40 125.915370  70.127130  2.429
 44    13.054 53763.49910510  8.53 125.923315  70.101771  2.627
 44    12.147 53763.49910575 10.80 125.918845  70.104761  2.627
 44    13.186 53763.49910639 12.39 125.914385  70.107741  2.627
 44    11.463 53763.49910704 10.88 125.909915  70.110721  2.627
 44    12.255 53763.49910768 10.08 125.905445  70.113711  2.627
 44    13.143 53763.49910833  9.96 125.900977  70.116686  3.384
 44    13.685 53763.49910897  9.28 125.896507  70.119676  3.384
 45    19.932 53798.49911182  7.64 125.958197  70.094778  3.657
 45    18.590 53798.49911247  9.48 125.953737  70.097768  3.657
 45    17.190 53798.49911311  9.83 125.949287  70.100748  3.657
 45    16.720 53798.49911375  8.43 125.944827  70.103738  3.657
 45    15.861 53798.49911440  7.84 125.940357  70.106718  3.657
 45    14.386 53798.49911504  7.62 125.935897  70.109698  3.657
 45    13.484 53798.49911569  7.36 125.931437  70.112688  3.657
 45    12.719 53798.49911633  8.46 125.926967  70.115668  3.657
 45    11.838 53798.49911698  8.72 125.922507  70.118658  3.657
 45    11.949 53798.49911762  8.95 125.918037  70.121638  3.657
 45    12.219 53798.49911827  8.54 125.913572  70.124622  3.286
 47    17.093 53868.49917090 13.74 125.943142  70.086218 24.569
 47    16.024 53868.49917154 13.46 125.938682  70.089208 24.569
 47    12.971 53868.49917219 15.21 125.934222  70.092188 24.569
 47    13.166 53868.49917283 13.31 125.929762  70.095178 24.569
 47    13.853 53868.49917347 13.41 125.925302  70.098158 24.569
 47    12.333 53868.49917412 14.26 125.920842  70.101148 24.569
 47    13.862 53868.49917476 14.12 125.916372  70.104128 24.569
 47    12.894 53868.49917541 15.92 125.911912  70.107108 24.569
 47    11.949 53868.49917605 17.66 125.907442  70.110098 24.569
 47    13.125 53868.49917670 16.38 125.902982  70.113078 24.569
 47    14.659 53868.49917734 17.54 125.898512  70.116058 24.569
 47    14.387 53868.49917799 19.84 125.894042  70.119048 24.569
 50    12.505 53973.49920483 11.03 125.928424  70.108572  5.238
 50    11.288 53973.49920548 14.26 125.923954  70.111552  5.238
 50    13.288 53973.49920612 13.93 125.919494  70.114542  5.238
 50    14.635 53973.49920677 14.09 125.915024  70.117522  5.238
 50    17.109 53973.49920741 14.43 125.910564  70.120502  5.238
 50    15.462 53973.49920805 16.31 125.906094  70.123492  5.238
 51    21.170 54008.49919710  4.44 125.892622  70.114555  3.332
 51    21.182 54008.49919774 11.92 125.888152  70.117535  3.332
 52    10.217 54043.49921271 35.05 125.947555  70.087627 10.783
 52    10.248 54043.49921336 33.08 125.943095  70.090617 10.783
 52    10.231 54043.49921400 30.61 125.938635  70.093597 10.783
 52    10.198 54043.49921465 29.22 125.934175  70.096577 10.783
 52    10.296 54043.49921529 29.04 125.929715  70.099567 10.783
 52    10.295 54043.49921593 28.99 125.925255  70.102547 10.783
 52    10.232 54043.49921658 28.97 125.920795  70.105537 10.783
 52    10.151 54043.49921722 28.01 125.916325  70.108517 10.783
 52    10.259 54043.49921787 28.36 125.911855  70.111497 10.783
 52    10.265 54043.49921851 28.22 125.907395  70.114487 10.783
 52    10.231 54043.49921916 27.41 125.902925  70.117467 10.783
 52    10.201 54043.49921980 24.10 125.898455  70.120447 10.783
 53     9.824 54078.49920723 24.03 125.952085  70.093113  5.265
 53     9.852 54078.49920788 23.94 125.947625  70.096103  5.265
 53     9.782 54078.49920852 23.70 125.943165  70.099083  5.265
 53     9.733 54078.49920917 24.21 125.938705  70.102073  5.265
 53     9.935 54078.49920981 23.86 125.934245  70.105053  5.265
 53     9.882 54078.49921046 24.23 125.929785  70.108043  5.265
 53     9.790 54078.49921110 24.27 125.925315  70.111023  5.265
 53     9.578 54078.49921175 24.33 125.920855  70.114003  5.265
 53     9.578 54078.49921239 22.87 125.916385  70.116993  5.265
 53     9.317 54078.49921304 22.30 125.911925  70.119973  5.265
 53     9.416 54078.49921368 21.34 125.907455  70.122963  5.265
 54    16.676 54113.49914562 15.95 125.957332  70.098090  3.548
 54    14.007 54113.49914626 16.29 125.952882  70.101070  3.548
 54     9.625 54113.49914691 16.78 125.948422  70.104060  3.548
 54    12.723 54113.49914755 17.20 125.943962  70.107040  3.548
 54    11.154 54113.49914819 16.91 125.939502  70.110030  3.548
 54    10.096 54113.49914884 17.03 125.935042  70.113010  3.548
 54     9.717 54113.49914948 17.56 125.930572  70.116000  3.548
 54     9.453 54113.49915013 17.04 125.926112  70.118980  3.548
 54     9.306 54113.49915077 16.95 125.921642  70.121960  3.548
 54     8.831 54113.49915142 16.73 125.917172  70.124950  3.548
 58    44.937 54253.49919119  0.09 125.907957  70.114941 10.468
 58    45.427 54253.49919183  2.45 125.903497  70.117921 10.468
 59    20.421 54288.49919070 10.16 125.942876  70.096357  5.267
 59    19.308 54288.49919134 11.49 125.938421  70.099334  9.330
 59    17.090 54288.49919199 10.70 125.933961  70.102324  9.330
 59    17.001 54288.49919263 10.25 125.929501  70.105304  9.330
 59    17.176 54288.49919328 10.29 125.925031  70.108294  9.330
 59    17.797 54288.49919392  9.97 125.920571  70.111274  9.330
 59    17.843 54288.49919457 10.46 125.916101  70.114254  9.330
 59    17.861 54288.49919521 10.71 125.911631  70.117244  9.330
 59    19.671 54288.49919586 10.51 125.907171  70.120224  9.330
 59    21.464 54288.49919650 10.05 125.902701  70.123214  9.330
 60    47.241 54323.49919168  6.67 125.916518  70.112826  5.018
 60    36.298 54323.49919232 13.40 125.912048  70.115806  5.018
 60    35.413 54323.49919297 17.42 125.907578  70.118786  5.018
 60    35.225 54323.49919361 19.45 125.903108  70.121776  5.018
 61    46.540 54358.49914822  2.12 125.931373  70.114964  4.994
 61    33.849 54358.49914886 11.91 125.926913  70.117944  4.994
 61    34.260 54358.49914950 15.62 125.922443  70.120934  4.994
 61    34.149 54358.49915015 19.43 125.917973  70.123914  4.994
 61    30.979 54358.49915079 22.57 125.913503  70.126904  4.994
 62    10.350 54393.49912691 38.28 125.947654  70.089015 10.958
 62     9.615 54393.49913272 45.66 125.907490  70.115877 14.216
 62     9.384 54393.49913336 47.70 125.903020  70.118857 14.216
 62     9.748 54393.49913401 39.73 125.898550  70.121837 14.216
 63    11.198 54428.49909834  8.35 125.923143  70.113727  2.900
 63    11.644 54428.49909899 10.66 125.918673  70.116707  2.900
 63    10.871 54428.49909963 13.25 125.914213  70.119687  2.900
 63    13.430 54428.49910028  9.97 125.909743  70.122677  2.900
 64    11.451 54463.49910984  8.04 125.913282  70.108227  2.917
 64    12.210 54463.49911048  9.85 125.908822  70.111207  2.917
 64    13.018 54463.49911113 11.13 125.904352  70.114197  2.917
 64    14.205 54463.49911177  8.53 125.899882  70.117177  2.917
 64    15.234 54463.49911242  8.39 125.895412  70.120157  2.917
 65    16.016 54498.49910592  6.30 125.935645  70.104382  2.978
 65    15.009 54498.49910657  8.82 125.931185  70.107362  2.978
 65    15.785 54498.49910721  8.28 125.926725  70.110342  2.978
 65    13.069 54498.49910786  8.01 125.922255  70.113332  2.978
 65    12.607 54498.49910850  7.49 125.917795  70.116312  2.978
 65    14.165 54498.49910915  7.08 125.913325  70.119302  2.978
 65    17.115 54498.49910979  6.24 125.908855  70.122282  2.978
 68     8.457 54603.49911425 23.59 125.946530  70.088428  7.384
 68     8.867 54603.49911489 22.74 125.942070  70.091418  7.384
 68     7.997 54603.49911553 21.55 125.937620  70.094398  7.384
 68     8.508 54603.49911618 20.08 125.933160  70.097378  7.384
 68     9.144 54603.49911682 19.24 125.928690  70.100368  7.384
 68     8.782 54603.49911747 21.83 125.924230  70.103348  7.384
 68    10.772 54603.49911811 16.37 125.919770  70.106338  7.384
 68    10.512 54603.49911876 15.54 125.915300  70.109318  7.384
 68    10.313 54603.49911940 15.43 125.910840  70.112298  7.384
 68     9.900 54603.49912005 15.07 125.906370  70.115288  7.384
 70    14.715 54673.49913296  6.91 125.915520  70.112815 13.153
 70    15.614 54673.49913361 12.29 125.911060  70.115805 13.153
 70    16.908 54673.49913425 16.59 125.906590  70.118785 13.153
 70    17.711 54673.49913490 21.84 125.902120  70.121765 13.153
 71    18.347 54708.49909312  8.32 125.913667  70.122585  3.066
 71    18.729 54708.49909377 13.88 125.909197  70.125565  3.066
 72    12.559 54743.49909374 20.51 125.945787  70.088358  8.151
 72    12.748 54743.49909439 20.64 125.941327  70.091348  8.151
 72    12.763 54743.49909503 19.00 125.936877  70.094328  8.151
 72    13.197 54743.49909568 18.68 125.932417  70.097318  8.151
 72    12.712 54743.49909632 17.59 125.927947  70.100298  8.151
 72    12.065 54743.49909697 16.68 125.923487  70.103278  8.151
 72    12.218 54743.49909761 16.47 125.919027  70.106268  8.151
 72    12.577 54743.49909826 15.69 125.914557  70.109248  8.151
 72    12.854 54743.49909890 15.37 125.910097  70.112238  8.151
 72    13.788 54743.49909955 15.31 125.905627  70.115218  8.151
 72    14.400 54743.49910019 16.76 125.901155  70.118198  8.855
 72    15.342 54743.49910083 18.28 125.896685  70.121188  8.855
 73    10.875 54778.49906918 31.04 125.951894  70.092435 11.061
 73    10.877 54778.49906982 30.26 125.947434  70.095425 11.061
 73    10.857 54778.49907047 25.05 125.942984  70.098405 11.061
 73    10.706 54778.49907111 22.76 125.938524  70.101395 11.061
 73    10.817 54778.49907175 22.55 125.934054  70.104375 11.061
 73    10.885 54778.49907240 27.19 125.929594  70.107355 11.061
 73    10.808 54778.49907304 24.49 125.925134  70.110345 11.061
 73    10.637 54778.49907369 23.58 125.920664  70.113325 11.061
 73    10.614 54778.49907433 20.77 125.916204  70.116315 11.061
 73    10.701 54778.49907498 21.16 125.911734  70.119295 11.061
 73    10.933 54778.49907562 27.13 125.907266  70.122275  4.258
 74    10.715 54813.49908837 12.74 125.933273  70.093030  4.551
 74    10.943 54813.49908901 16.67 125.928813  70.096020  4.551
 74    10.979 54813.49908966 17.25 125.924353  70.099000  4.551
 74    10.944 54813.49909030 16.58 125.919893  70.101980  4.551
 74    11.204 54813.49909094 14.58 125.915423  70.104970  4.551
 74    10.923 54813.49909159 14.60 125.910963  70.107950  4.551
 74    11.758 54813.49909223 13.42 125.906493  70.110930  4.551
 74    12.676 54813.49909288 12.59 125.902033  70.113920  4.551
 74    12.897 54813.49909352 12.06 125.897564  70.116897  3.163
 74    13.450 54813.49909417 10.97 125.893094  70.119887  3.163
 75    14.725 54848.49906885 12.18 125.953611  70.092802  4.066
 75    10.525 54848.49906949 13.71 125.949151  70.095782  4.066
 75    10.163 54848.49907013 13.28 125.944691  70.098772  4.066
 75    10.592 54848.49907078 13.11 125.940231  70.101752  4.066
 75    11.437 54848.49907142 12.72 125.935771  70.104742  4.066
 75    12.218 54848.49907207 11.61 125.931311  70.107722  4.066
 75    10.944 54848.49907271 11.67 125.926851  70.110702  4.066
 75    10.511 54848.49907336 11.08 125.922381  70.113692  4.066
 75    10.852 54848.49907400 10.71 125.917921  70.116672  4.066
 75    11.608 54848.49907465 10.12 125.913451  70.119662  4.066
 75    11.994 54848.49907529  9.39 125.908981  70.122642  4.066
 76    11.702 54883.49909673  6.81 125.901798  70.116802  2.897
 76    12.164 54883.49909738  8.78 125.897328  70.119792  2.897
 77    12.347 54918.49907585  5.93 125.927498  70.115113  1.872
 77    12.068 54918.49907649  8.46 125.923028  70.118093  1.872
 77    12.376 54918.49907713  8.97 125.918568  70.121083  1.872
 77    12.931 54918.49907778  7.77 125.914098  70.124063  1.872
 80    21.255 55023.49910172 13.84 125.950782  70.092745  8.459
 80    16.767 55023.49910237 13.92 125.946332  70.095725  8.459
 80    15.420 55023.49910301 14.32 125.941872  70.098715  8.459
 80    14.737 55023.49910366 14.25 125.937412  70.101695  8.459
 80    14.561 55023.49910430 15.14 125.932952  70.104675  8.459
 80    14.227 55023.49910495 15.33 125.928482  70.107665  8.459
 80    14.328 55023.49910559 14.39 125.924022  70.110645  8.459
 80    14.414 55023.49910624 14.70 125.919562  70.113635  8.459
 80    14.449 55023.49910688 15.45 125.915092  70.116615  8.459
 80    14.530 55023.49910753 16.48 125.910621  70.119598 21.372
 80    14.781 55023.49910817 20.07 125.906151  70.122578 21.372
 81    13.482 55058.49910233 10.05 125.911676  70.116899  3.633
 81    13.980 55058.49910298 16.56 125.907206  70.119879  3.633
 81    13.654 55058.49910362 25.98 125.902741  70.122861 15.196
 82    11.579 55093.49905484  7.34 125.935257  70.110012  3.584
 82    11.854 55093.49905549 13.60 125.930797  70.112992  3.584
 82    12.399 55093.49905613 17.63 125.926327  70.115972  3.584
 82    13.160 55093.49905677 17.43 125.921867  70.118962  3.584
 82    14.450 55093.49905742 17.02 125.917397  70.121942  3.584
 82    16.642 55093.49905806 17.63 125.912927  70.124932  3.584
 83    10.611 55128.49903691 40.58 125.948476  70.087926 23.334
 83    10.866 55128.49903755 46.72 125.944016  70.090916 23.334
 83    10.542 55128.49903820 48.81 125.939566  70.093896 23.334
 83    10.783 55128.49903884 42.70 125.935106  70.096886 23.334
 83    10.491 55128.49903949 48.27 125.930646  70.099866 23.334
 83    10.442 55128.49904013 48.37 125.926186  70.102846 23.334
 83    10.375 55128.49904078 44.48 125.921716  70.105836 23.334
 83    10.186 55128.49904142 44.84 125.917256  70.108816 23.334
 83    10.353 55128.49904207 46.45 125.912786  70.111796 23.334
 83    10.247 55128.49904271 48.30 125.908326  70.114786 23.334
 83    10.406 55128.49904336 47.94 125.903857  70.117765 10.542
 83    10.302 55128.49904400 46.12 125.899387  70.120755 10.542
 84    20.575 55163.49901278 15.34 125.952007  70.091971  3.582
 84     9.179 55163.49901342 15.37 125.947547  70.094961  3.582
 84     9.120 55163.49901407 15.63 125.943087  70.097941  3.582
 84     8.927 55163.49901471 16.30 125.938627  70.100931  3.582
 84    11.143 55163.49901536 16.16 125.934167  70.103911  3.582
 84    11.851 55163.49901600 15.42 125.929707  70.106891  3.582
 84     9.554 55163.49901665 16.25 125.925237  70.109881  3.582
 84     9.162 55163.49901729 16.29 125.920777  70.112861  3.582
 84     9.079 55163.49901794 16.08 125.916307  70.115851  3.582
 84     9.033 55163.49901858 15.03 125.911847  70.118831  3.582
 84     9.334 55163.49901922 13.74 125.907377  70.121811  3.582
 85     9.956 55198.49902839 13.82 125.943827  70.087345  5.199
 85    19.926 55198.49902903 13.60 125.939367  70.090335  5.199
 85    18.681 55198.49902968 13.24 125.934917  70.093315  5.199
 85    10.300 55198.49903032 13.39 125.930447  70.096305  5.199
 85    10.391 55198.49903097 13.83 125.925987  70.099285  5.199
 85    10.692 55198.49903161 14.08 125.921527  70.102265  5.199
 85    10.698 55198.49903226 13.28 125.917067  70.105255  5.199
 85    10.257 55198.49903290 13.99 125.912597  70.108235  5.199
 85    10.327 55198.49903355 13.45 125.908137  70.111215  5.199
 85    10.164 55198.49903419 12.43 125.903667  70.114205  5.199
 85     9.851 55198.49903484 12.32 125.899195  70.117184  2.401
 85    11.782 55198.49903548 11.34 125.894725  70.120164  2.401
 86    11.419 55233.49902058  9.27 125.934058  70.107969  2.897
 86    11.519 55233.49902123 11.70 125.929598  70.110949  2.897
 86    10.549 55233.49902187 14.45 125.925138  70.113939  2.897
 86    10.715 55233.49902252 11.92 125.920668  70.116919  2.897
 86    10.968 55233.49902316 11.08 125.916208  70.119899  2.897
 86    12.018 55233.49902381 10.01 125.911738  70.122889  2.897
 87    10.869 55268.49902799  8.34 125.914813  70.111084  1.866
 87    10.764 55268.49902863 10.31 125.910343  70.114074  1.866
 87    11.014 55268.49902928 10.90 125.905872  70.117054  3.040
 87    11.773 55268.49902992  9.64 125.901402  70.120034  3.040
 88    12.162 55303.49900110  7.29 125.936373  70.110925  1.588
 88    11.221 55303.49900174 10.08 125.931906  70.113901  3.327
 88    11.070 55303.49900239 10.48 125.927446  70.116891  3.327
 88    10.532 55303.49900303  9.71 125.922976  70.119871  3.327
 88    10.959 55303.49900367  8.11 125.918516  70.122861  3.327
 88    13.158 55303.49900432  7.67 125.914046  70.125841  3.327
 90    19.382 55373.49899295  7.84 125.914423  70.116207  2.089
 90    19.440 55373.49899359 12.66 125.909953  70.119190 11.257
 90    18.686 55373.49899423 17.96 125.905483  70.122170 11.257
 91    14.616 55408.49901348  4.18 125.910221  70.113109  3.247
 91    18.378 55408.49901413  9.84 125.905756  70.116090 11.343
 91    15.983 55408.49901477 14.11 125.901286  70.119070 11.343
 92    44.967 55443.49901011  1.04 125.919418  70.112405  2.662
 92    46.327 55443.49901075  1.40 125.914948  70.115385  2.662
 92    32.651 55443.49901140 10.04 125.910488  70.118375  2.662
 92    33.527 55443.49901204 13.12 125.906018  70.121355  2.662
 93    15.162 55478.49894477 24.99 125.959194  70.097705  6.141
 93    14.523 55478.49894542 24.02 125.954734  70.100695  6.141
 93    14.057 55478.49894606 22.09 125.950274  70.103675  6.141
 93    13.593 55478.49894671 21.36 125.945814  70.106665  6.141
 93    12.707 55478.49894735 19.97 125.941354  70.109645  6.141
 93    11.740 55478.49894800 19.47 125.936894  70.112635  6.141
 93    10.625 55478.49894864 19.17 125.932424  70.115615  6.141
 93     9.390 55478.49894929 20.16 125.927964  70.118595  6.141
 93     9.755 55478.49894993 18.75 125.923494  70.121585  6.141
 93    10.091 55478.49895058 18.79 125.919034  70.124565  6.141
 93    12.136 55478.49895122 17.35 125.914564  70.127555  6.141
