# NaN NaN NaN ;Mean Elev.(m), Avg Gradient(m/km), RMS Gradient(m/km) - SRTM1     
#   35.179  -0.632   5.057 ;Mean Elev.(m), Avg Gradient(m/km), RMS Gradient(m/km) - ASTER GDEM
#   32.222  -1.260  11.113 ;Mean Elev.(m), Avg Gradient(m/km), RMS Gradient(m/km) - GMTED2010 
  7    34.117 52448.51799110 47.28 125.118346  64.682051 34.166
  7    34.095 52448.51799174 49.04 125.115426  64.685161 34.166
  7    34.068 52448.51799239 50.66 125.112516  64.688271 34.166
  8    51.726 52483.51797667 37.01 125.140694  64.672817 18.034
  8    51.512 52483.51797731 30.83 125.137784  64.675937 18.034
  8    51.432 52483.51797795 24.20 125.134874  64.679047 18.034
  8    51.433 52483.51797860 29.79 125.131954  64.682157 18.034
  8    51.347 52483.51797924 30.36 125.129044  64.685267 18.034
  8    51.276 52483.51797989 28.10 125.126130  64.688380 30.922
  8    50.966 52483.51798440 50.28 125.105720  64.710150 30.922
  8    50.985 52483.51798505 51.44 125.102800  64.713260 30.922
  8    50.935 52483.51798569 48.49 125.099880  64.716380 30.922
  8    50.799 52483.51798634 44.72 125.096960  64.719490 30.922
  9    50.530 52518.51793391 45.62 125.157048  64.666360 37.682
  9    50.467 52518.51793456 49.62 125.154138  64.669480 37.682
  9    50.417 52518.51793520 51.72 125.151228  64.672590 37.682
  9    50.356 52518.51793585 38.93 125.148318  64.675700 37.682
  9    50.338 52518.51793649 49.48 125.145408  64.678810 37.682
  9    50.265 52518.51793713 49.90 125.142497  64.681917 37.003
 11    49.352 52588.51796680 30.35 125.146565  64.670055  8.156
 11    49.421 52588.51796744 32.81 125.143655  64.673165  8.156
 11    49.384 52588.51796809 29.80 125.140745  64.676275  8.156
 11    49.346 52588.51796873 27.19 125.137835  64.679385  8.156
 11    49.371 52588.51796938 25.18 125.134915  64.682495  8.156
 11    49.408 52588.51797002 24.20 125.132005  64.685605  8.156
 11    54.224 52588.51797518 20.06 125.108675  64.710495  8.156
 11    53.443 52588.51797582 20.44 125.105755  64.713605  8.156
 11    53.202 52588.51797647 20.93 125.102845  64.716715  8.156
 12    50.977 52623.51791698 18.81 125.157859  64.665754  3.818
 12    50.876 52623.51791762 18.57 125.154949  64.668864  3.818
 12    50.411 52623.51791827 18.97 125.152039  64.671974  3.818
 12    50.294 52623.51791891 19.30 125.149129  64.675084  3.818
 12    50.099 52623.51791956 19.68 125.146219  64.678194  3.818
 12    50.536 52623.51792020 17.92 125.143299  64.681304  3.818
 13    50.281 52658.51793740 17.44 125.140391  64.672239  3.089
 13    50.325 52658.51793804 17.26 125.137471  64.675349  3.089
 13    50.352 52658.51793869 17.09 125.134561  64.678459  3.089
 13    50.188 52658.51793933 17.62 125.131651  64.681569  3.089
 13    50.241 52658.51793998 16.68 125.128741  64.684679  3.089
 13    50.508 52658.51794062 16.23 125.125821  64.687789  3.089
 13    51.107 52658.51794385 15.38 125.111241  64.703349  3.089
 13    52.557 52658.51794513 15.46 125.105401  64.709569  3.089
 13    52.412 52658.51794578 15.27 125.102481  64.712679  3.089
 13    52.815 52658.51794642 15.27 125.099571  64.715789  3.089
 13    53.105 52658.51794707 16.01 125.096641  64.718899  3.089
 15    50.158 52728.51795697 12.39 125.141999  64.672806  2.179
 15    50.356 52728.51795762 12.34 125.139089  64.675926  2.179
 15    50.521 52728.51795826 11.86 125.136169  64.679036  2.179
 15    50.299 52728.51795891 13.01 125.133259  64.682146  2.179
 15    50.512 52728.51795955 12.22 125.130349  64.685256  2.179
 15    53.540 52728.51796020 11.26 125.127429  64.688366  2.179
 15    52.749 52728.51796471 10.85 125.107019  64.710146  2.179
 15    52.551 52728.51796536 11.15 125.104099  64.713256  2.179
 15    53.078 52728.51796600 10.58 125.101179  64.716366  2.179
 15    53.324 52728.51796664 11.06 125.098259  64.719476  2.179
 16    50.781 52763.51796906  7.47 125.145624  64.671018  2.175
 16    51.245 52763.51796971  7.42 125.142714  64.674128  2.175
 16    51.473 52763.51797035  7.74 125.139804  64.677238  2.175
 16    51.198 52763.51797100  7.47 125.136894  64.680348  2.175
 16    51.265 52763.51797164  7.18 125.133984  64.683468  2.175
 16    51.692 52763.51797229  7.73 125.131074  64.686578  2.175
 16    52.325 52763.51797680  7.25 125.110667  64.708352  1.796
 16    52.316 52763.51797744  7.10 125.107747  64.711462  1.796
 16    51.554 52763.51797809  7.50 125.104837  64.714572  1.796
 16    51.729 52763.51797873  7.32 125.101917  64.717682  1.796
 17    53.140 52798.51794426 54.69 125.130549  64.674197 51.534
 17    53.223 52798.51794490 53.38 125.127629  64.677307 51.534
 17    53.241 52798.51794555 54.37 125.124719  64.680417 51.534
 17    53.167 52798.51794619 52.02 125.121799  64.683527 51.534
 17    53.175 52798.51794684 52.13 125.118889  64.686637 51.534
 17    53.193 52798.51794748 52.35 125.115969  64.689747 51.534
 17    53.108 52798.51794813 54.09 125.113049  64.692867 51.534
 17    53.047 52798.51794877 53.41 125.110139  64.695977 51.534
 17    53.046 52798.51794942 50.70 125.107219  64.699087 51.534
 17    53.057 52798.51795006 52.65 125.104299  64.702197 51.534
 17    52.913 52798.51795070 52.72 125.101379  64.705307 51.534
 17    52.853 52798.51795135 52.05 125.098459  64.708417 51.534
 18    52.268 52833.51801476 50.49 125.129636  64.675798 53.737
 18    52.242 52833.51801541 52.82 125.126726  64.678908 53.737
 18    52.203 52833.51801605 52.61 125.123806  64.682018 53.737
 18    52.184 52833.51801670 49.06 125.120896  64.685128 53.737
 18    52.187 52833.51801734 52.49 125.117976  64.688238 53.737
 18    52.177 52833.51801799 51.10 125.115056  64.691348 53.737
 18    52.176 52833.51801863 51.60 125.112146  64.694458 53.737
 18    52.206 52833.51801928 50.56 125.109226  64.697568 53.737
 18    52.202 52833.51801992 50.77 125.106306  64.700688 53.737
 18    52.192 52833.51802056 50.17 125.103386  64.703798 53.737
 18    52.087 52833.51802121 50.54 125.100466  64.706908 53.737
 19    51.884 52868.51805590 28.23 125.143805  64.671321 16.946
 19    51.869 52868.51805655 24.08 125.140895  64.674431 16.946
 19    54.038 52868.51805719 19.81 125.137985  64.677541 16.946
 19    51.294 52868.51805783 19.81 125.135065  64.680651 16.946
 19    51.333 52868.51805848 22.28 125.132155  64.683761 16.946
 19    54.605 52868.51805912 24.08 125.129235  64.686871 16.946
 19    53.344 52868.51806364 20.07 125.108825  64.708651 16.946
 19    52.493 52868.51806428 21.26 125.105905  64.711761 16.946
 19    51.154 52868.51806493 27.25 125.102985  64.714871 16.946
 19    53.603 52868.51806557 24.74 125.100065  64.717981 16.946
 20    51.033 52903.51806909 37.77 125.143956  64.672023 30.347
 20    50.919 52903.51806973 34.69 125.141046  64.675133 30.347
 20    50.867 52903.51807038 33.55 125.138126  64.678243 30.347
 20    50.924 52903.51807102 30.15 125.135216  64.681353 30.347
 20    50.996 52903.51807167 30.97 125.132306  64.684473 30.347
 20    54.384 52903.51807231 28.38 125.129396  64.687583 30.347
 20    50.567 52903.51807682 27.84 125.108982  64.709354 33.716
 20    50.484 52903.51807747 30.99 125.106062  64.712464 33.716
 20    50.512 52903.51807811 37.97 125.103142  64.715574 33.716
 20    50.380 52903.51807876 34.71 125.100222  64.718684 33.716
 21    50.378 52938.51800376 48.41 125.163815  64.663889 26.002
 21    50.285 52938.51800440 43.31 125.160905  64.666999 26.002
 21    50.253 52938.51800505 38.64 125.158005  64.670109 26.002
 21    50.054 52938.51800569 35.58 125.155095  64.673219 26.002
 21    49.916 52938.51800634 33.65 125.152185  64.676339 26.002
 21    49.883 52938.51800698 32.11 125.149275  64.679449 26.002
 22    50.181 52973.51804293 24.67 125.128644  64.675559  6.060
 22    50.150 52973.51804357 24.13 125.125722  64.678669  5.080
 22    50.107 52973.51804422 24.44 125.122812  64.681779  5.080
 22    49.997 52973.51804486 24.55 125.119902  64.684889  5.080
 22    49.928 52973.51804551 21.92 125.116982  64.687999  5.080
 22    49.894 52973.51804615 20.76 125.114072  64.691109  5.080
 22    49.910 52973.51804680 19.58 125.111152  64.694219  5.080
 22    50.263 52973.51804744 19.05 125.108232  64.697329  5.080
 22    50.305 52973.51804809 19.26 125.105322  64.700439  5.080
 22    51.014 52973.51804873 19.40 125.102402  64.703549  5.080
 22    51.721 52973.51804938 18.55 125.099482  64.706669  5.080
 23    50.377 53008.51805061 12.86 125.134316  64.674362  2.400
 23    50.304 53008.51805125 12.75 125.131396  64.677472  2.400
 23    50.643 53008.51805189 12.30 125.128486  64.680582  2.400
 23    50.395 53008.51805254 12.41 125.125576  64.683702  2.400
 23    50.519 53008.51805318 12.53 125.122666  64.686812  2.400
 23    52.296 53008.51805383 12.53 125.119751  64.689921  2.208
 23    52.313 53008.51805447 12.47 125.116831  64.693031  2.208
 23    53.490 53008.51805512 12.48 125.113921  64.696141  2.208
 23    53.203 53008.51805576 12.01 125.111001  64.699251  2.208
 23    53.150 53008.51805641 12.35 125.108081  64.702361  2.208
 23    53.198 53008.51805705 12.19 125.105171  64.705471  2.208
 23    52.529 53008.51805770 12.71 125.102251  64.708581  2.208
 23    52.685 53008.51805834 12.71 125.099331  64.711691  2.208
 25    51.093 53078.51804122  9.90 125.139039  64.672470  2.154
 25    50.455 53078.51804186  9.60 125.136129  64.675580  2.154
 25    51.285 53078.51804251  9.36 125.133216  64.678695  2.227
 25    50.969 53078.51804315  9.48 125.130306  64.681805  2.227
 25    51.530 53078.51804380  9.99 125.127396  64.684915  2.227
 25    52.763 53078.51804444  9.57 125.124476  64.688025  2.227
 25    53.343 53078.51804573  9.80 125.118646  64.694245  2.227
 25    54.158 53078.51804638  9.68 125.115736  64.697355  2.227
 25    53.085 53078.51804702  9.46 125.112816  64.700465  2.227
 25    54.272 53078.51804766  9.41 125.109906  64.703575  2.227
 25    53.081 53078.51804895  9.83 125.104066  64.709805  2.227
 25    52.812 53078.51804960 10.43 125.101146  64.712915  2.227
 25    53.147 53078.51805024  9.92 125.098226  64.716025  2.227
 25    53.301 53078.51805089 10.55 125.095306  64.719135  2.227
 27    50.878 53148.51805787 34.26 125.129396  64.676458 29.567
 27    50.817 53148.51805851 33.64 125.126486  64.679568 29.567
 27    50.799 53148.51805916 35.03 125.123566  64.682678 29.567
 27    50.811 53148.51805980 34.99 125.120656  64.685788 29.567
 27    50.777 53148.51806044 37.80 125.117736  64.688898 29.567
 27    50.633 53148.51806109 42.36 125.114826  64.692008 29.567
 27    50.696 53148.51806173 39.85 125.111906  64.695118 29.567
 27    50.775 53148.51806238 35.83 125.108996  64.698228 29.567
 27    53.813 53148.51806302 29.47 125.106076  64.701348 29.567
 27    50.662 53148.51806367 36.01 125.103156  64.704458 29.567
 27    50.568 53148.51806431 33.45 125.100236  64.707568 29.567
 28    54.509 53183.51805394 53.02 125.146488  64.670174 49.007
 28    54.519 53183.51805459 53.26 125.143578  64.673284 49.007
 28    54.515 53183.51805523 53.59 125.140668  64.676394 49.007
 28    54.511 53183.51805588 51.93 125.137758  64.679504 49.007
 28    54.490 53183.51805652 52.29 125.134838  64.682624 49.007
 28    54.449 53183.51805717 54.75 125.131928  64.685734 49.007
 28    54.114 53183.51806232 53.00 125.108595  64.710614 48.626
 28    54.074 53183.51806297 51.99 125.105675  64.713724 48.626
 28    54.037 53183.51806361 49.81 125.102755  64.716834 48.626
 29    51.878 53218.51807892 32.63 125.141533  64.672249 19.953
 29    51.709 53218.51807957 27.65 125.138623  64.675359 19.953
 29    51.483 53218.51808021 23.26 125.135703  64.678479 19.953
 29    51.585 53218.51808086 23.57 125.132793  64.681589 19.953
 29    51.682 53218.51808150 27.01 125.129883  64.684699 19.953
 29    51.538 53218.51808215 25.75 125.126967  64.687811 22.751
 29    52.172 53218.51808666 24.69 125.106557  64.709581 22.751
 29    51.923 53218.51808731 24.59 125.103637  64.712691 22.751
 29    53.330 53218.51808795 21.53 125.100717  64.715811 22.751
 29    53.657 53218.51808859 22.18 125.097797  64.718911 22.751
 30    50.837 53253.51805546 40.17 125.152385  64.668287 31.676
 30    50.823 53253.51805610 34.31 125.149475  64.671397 31.676
 30    50.967 53253.51805675 33.24 125.146565  64.674507 31.676
 30    50.838 53253.51805739 33.63 125.143655  64.677617 31.676
 30    50.815 53253.51805804 41.72 125.140745  64.680727 31.676
 30    50.293 53253.51806448 45.84 125.111607  64.711842 38.575
 32    50.813 53323.51803379 19.27 125.150290  64.668570  3.723
 32    50.890 53323.51803444 17.48 125.147380  64.671680  3.723
 32    50.852 53323.51803508 17.90 125.144470  64.674790  3.723
 32    50.945 53323.51803573 17.42 125.141560  64.677900  3.723
 32    50.880 53323.51803637 18.00 125.138640  64.681010  3.723
 32    52.993 53323.51804217 14.83 125.112400  64.709010  3.723
 32    52.727 53323.51804282 14.64 125.109480  64.712120  3.723
 32    53.426 53323.51804346 14.71 125.106560  64.715230  3.723
 33    51.053 53358.51799621 14.69 125.162735  64.663799  2.877
 33    51.191 53358.51799686 13.44 125.159825  64.666909  2.877
 33    51.118 53358.51799750 13.20 125.156915  64.670019  2.877
 33    51.689 53358.51799814 12.78 125.154005  64.673129  2.877
 33    51.486 53358.51799879 12.76 125.151095  64.676239  2.877
 33    51.394 53358.51799943 12.46 125.148185  64.679349  2.877
 34    50.983 53393.51801726 10.40 125.117223  64.683154  2.162
 34    51.213 53393.51801790 10.69 125.114303  64.686264  2.162
 34    50.854 53393.51801855 10.40 125.111393  64.689374  2.162
 35    51.477 53428.51800706  9.84 125.158093  64.665237  2.095
 35    51.480 53428.51800771 10.02 125.155183  64.668347  2.095
 35    51.438 53428.51800835  9.68 125.152273  64.671457  2.095
 35    51.563 53428.51800900  9.53 125.149363  64.674567  2.095
 35    51.347 53428.51800964  9.57 125.146453  64.677677  2.095
 35    50.966 53428.51801029  9.83 125.143543  64.680797  2.095
 36    50.805 53463.51803063  7.71 125.126128  64.677348  2.091
 36    51.078 53463.51803128  7.44 125.123218  64.680458  2.091
 36    51.010 53463.51803192  7.76 125.120298  64.683568  2.091
 36    51.160 53463.51803257  7.51 125.117388  64.686678  2.091
 36    52.397 53463.51803321  7.76 125.114468  64.689788  2.091
 36    52.999 53463.51803386  7.51 125.111548  64.692898  2.091
 36    52.675 53463.51803450  7.36 125.108638  64.696008  2.091
 36    52.477 53463.51803515  7.57 125.105718  64.699118  2.091
 37    50.993 53498.51810019 42.80 125.124917  64.678397 27.797
 37    50.910 53498.51810084 37.34 125.122007  64.681517 27.797
 37    50.937 53498.51810148 41.11 125.119097  64.684627 27.797
 37    50.734 53498.51810213 40.63 125.116177  64.687737 27.797
 37    50.692 53498.51810277 41.34 125.113267  64.690847 27.797
 37    50.452 53498.51810342 37.44 125.110347  64.693957 27.797
 37    54.610 53498.51810406 33.37 125.107437  64.697067 27.797
 37    54.463 53498.51810471 29.37 125.104517  64.700177 27.797
 38    52.937 53533.51808082 52.01 125.150695  64.668105 46.579
 38    52.907 53533.51808147 53.87 125.147785  64.671215 46.579
 38    52.875 53533.51808211 52.49 125.144875  64.674335 46.579
 38    52.892 53533.51808275 53.73 125.141955  64.677445 46.579
 38    52.930 53533.51808340 52.04 125.139045  64.680555 46.579
 38    52.941 53533.51808404 47.73 125.136135  64.683665 46.579
 38    52.536 53533.51808920 52.02 125.112811  64.708553 35.349
 38    52.507 53533.51808985 52.84 125.109891  64.711663 35.349
 38    52.462 53533.51809049 47.98 125.106971  64.714773 35.349
 39    52.430 53568.51809930 50.77 125.136359  64.673922 46.746
 39    52.316 53568.51809995 51.28 125.133449  64.677032 46.746
 39    52.301 53568.51810059 53.11 125.130539  64.680142 46.746
 39    52.282 53568.51810124 52.66 125.127619  64.683252 46.746
 39    52.287 53568.51810188 54.18 125.124709  64.686372 46.746
 39    52.302 53568.51810252 49.84 125.121799  64.689482 46.746
 39    52.298 53568.51810317 49.26 125.118879  64.692592 46.746
 39    52.149 53568.51810381 53.96 125.115969  64.695702 46.746
 39    52.152 53568.51810446 54.38 125.113049  64.698812 46.746
 39    52.137 53568.51810510 51.97 125.110129  64.701922 46.746
 39    52.114 53568.51810575 52.93 125.107219  64.705032 46.746
 39    51.968 53568.51810639 52.95 125.104299  64.708142 46.746
 39    51.915 53568.51810704 53.32 125.101379  64.711252 46.746
 39    51.865 53568.51810768 53.41 125.098463  64.714366 37.693
 40    53.228 53603.51804289 18.51 125.160026  64.665265 21.806
 40    52.549 53603.51804353 20.01 125.157126  64.668375 21.806
 40    53.169 53603.51804418 23.57 125.154216  64.671485 21.806
 40    53.023 53603.51804482 25.93 125.151306  64.674595 21.806
 40    51.581 53603.51804547 27.70 125.148396  64.677705 21.806
 40    54.490 53603.51804611 26.58 125.145476  64.680815 21.806
 42    50.569 53673.51806424 34.51 125.129571  64.675313 28.240
 42    50.700 53673.51806489 38.05 125.126661  64.678433 28.240
 42    50.613 53673.51806553 45.26 125.123741  64.681543 28.240
 42    50.715 53673.51806618 38.49 125.120831  64.684653 28.240
 42    50.432 53673.51806682 33.82 125.117921  64.687763 28.240
 42    50.406 53673.51806747 32.18 125.115001  64.690873 28.240
 42    50.403 53673.51806811 31.59 125.112091  64.693983 28.240
 42    50.358 53673.51806876 32.83 125.109171  64.697093 28.240
 42    50.255 53673.51806940 28.78 125.106251  64.700203 28.240
 42    50.278 53673.51807004 32.30 125.103341  64.703313 28.240
 42    50.204 53673.51807069 31.91 125.100421  64.706423 28.240
 43    50.725 53708.51799190 22.01 125.166432  64.661627  4.704
 43    50.743 53708.51799254 21.60 125.163522  64.664747  4.704
 43    50.738 53708.51799319 18.54 125.160612  64.667857  4.704
 43    50.695 53708.51799383 17.74 125.157702  64.670967  4.704
 43    50.609 53708.51799448 18.27 125.154792  64.674077  4.704
 43    50.487 53708.51799512 17.88 125.151882  64.677187  4.704
 43    50.371 53708.51799577 17.27 125.148972  64.680297  4.704
 44    51.619 53743.51790215 13.45 125.174330  64.660574  2.575
 44    52.078 53743.51790280 13.70 125.171420  64.663684  2.575
 44    52.420 53743.51790344 13.48 125.168510  64.666804  2.575
 44    52.786 53743.51790409 12.72 125.165600  64.669914  2.575
 44    53.072 53743.51790473 12.50 125.162700  64.673024  2.575
 44    52.255 53743.51790538 13.03 125.159790  64.676134  2.575
 45    50.916 53778.51793248 11.54 125.145108  64.670195  2.590
 45    50.646 53778.51793312 11.65 125.142198  64.673305  2.590
 45    50.808 53778.51793377 11.23 125.139288  64.676415  2.590
 45    51.292 53778.51793441 11.30 125.136378  64.679525  2.590
 45    51.184 53778.51793506 10.86 125.133458  64.682635  2.590
 45    50.888 53778.51793570 10.98 125.130548  64.685755  2.590
 45    53.144 53778.51794086 10.49 125.107218  64.710635  2.590
 45    53.244 53778.51794150 10.24 125.104299  64.713746  2.015
 45    53.622 53778.51794215 10.45 125.101379  64.716856  2.015
 46    52.529 53813.51790452  9.53 125.170594  64.661512  2.125
 46    52.368 53813.51790516  9.29 125.167694  64.664622  2.125
 46    52.366 53813.51790581  9.57 125.164780  64.667737  2.311
 46    52.307 53813.51790645  9.22 125.161870  64.670847  2.311
 46    52.672 53813.51790710  9.28 125.158970  64.673957  2.311
 46    52.368 53813.51790774  9.47 125.156060  64.677077  2.311
 49    53.277 53918.51804691 51.07 125.128817  64.675387 49.927
 49    53.204 53918.51804756 52.93 125.125897  64.678497 49.927
 49    53.169 53918.51804820 53.54 125.122987  64.681607 49.927
 49    53.162 53918.51804885 51.04 125.120077  64.684717 49.927
 49    53.158 53918.51804949 49.25 125.117157  64.687837 49.927
 49    53.059 53918.51805014 51.96 125.114247  64.690947 49.927
 49    53.034 53918.51805078 51.13 125.111327  64.694057 49.927
 49    53.002 53918.51805143 50.80 125.108417  64.697167 49.927
 49    52.994 53918.51805207 52.06 125.105497  64.700277 49.927
 49    52.892 53918.51805272 50.89 125.102577  64.703387 49.927
 49    52.872 53918.51805336 50.48 125.099657  64.706497 49.927
 50    50.868 53953.51804879 47.47 125.131436  64.673870 46.998
 50    50.758 53953.51804944 48.92 125.128526  64.676980 46.998
 50    50.641 53953.51805008 53.84 125.125616  64.680090 46.998
 50    50.526 53953.51805073 53.50 125.122696  64.683200 46.998
 50    50.631 53953.51805137 46.96 125.119786  64.686310 46.998
 50    50.593 53953.51805201 45.97 125.116876  64.689430 46.998
 50    50.485 53953.51805266 47.94 125.113956  64.692540 46.998
 50    50.420 53953.51805330 51.32 125.111046  64.695650 46.998
 50    50.338 53953.51805395 53.41 125.108126  64.698760 46.998
 50    50.265 53953.51805459 51.43 125.105216  64.701870 46.998
 50    50.223 53953.51805524 52.40 125.102296  64.704980 46.998
 50    50.169 53953.51805588 45.68 125.099376  64.708090 46.998
 52    51.278 54023.51803014 50.39 125.125582  64.677818 33.773
 52    51.062 54023.51803078 53.27 125.122672  64.680928 33.773
 52    51.031 54023.51803143 48.90 125.119752  64.684038 33.773
 52    51.008 54023.51803207 43.18 125.116842  64.687148 33.773
 52    51.003 54023.51803272 40.94 125.113922  64.690268 33.773
 52    50.939 54023.51803336 43.92 125.111012  64.693378 33.773
 52    50.959 54023.51803401 45.92 125.108092  64.696488 33.773
 52    50.950 54023.51803465 46.29 125.105172  64.699598 33.773
 53    51.123 54058.51802050 26.03 125.148123  64.669737  6.389
 53    51.181 54058.51802115 24.93 125.145213  64.672847  6.389
 53    51.123 54058.51802179 23.28 125.142303  64.675957  6.389
 53    50.926 54058.51802244 23.57 125.139383  64.679067  6.389
 53    50.867 54058.51802308 22.82 125.136473  64.682177  6.389
 53    53.821 54058.51802373 21.44 125.133563  64.685287  6.389
 53    52.736 54058.51802888 16.15 125.110223  64.710177  6.389
 53    52.981 54058.51802953 15.07 125.107313  64.713287  6.389
 53    53.511 54058.51803017 14.73 125.104393  64.716397  6.389
 54    51.323 54093.51799881 15.92 125.159845  64.664092  3.492
 54    51.606 54093.51799946 15.17 125.156939  64.667203  2.576
 54    52.085 54093.51800010 14.18 125.154029  64.670323  2.576
 54    52.190 54093.51800074 14.40 125.151119  64.673433  2.576
 54    51.772 54093.51800139 14.25 125.148209  64.676543  2.576
 54    51.705 54093.51800203 13.94 125.145299  64.679653  2.576
 55    50.971 54128.51794176 12.40 125.118766  64.681418  2.618
 55    50.953 54128.51794241 11.82 125.115856  64.684538  2.618
 55    50.730 54128.51794305 12.03 125.112936  64.687638  2.618
 56    51.900 54163.51797072  9.61 125.142601  64.672679  2.373
 56    51.560 54163.51797136  9.67 125.139691  64.675789  2.373
 56    52.044 54163.51797201  9.09 125.136781  64.678899  2.373
 56    52.154 54163.51797265  9.25 125.133871  64.682009  2.373
 56    51.807 54163.51797330  9.41 125.130952  64.685122  2.157
 56    52.410 54163.51797394  9.51 125.128042  64.688232  2.157
 56    53.258 54163.51797845  9.41 125.107632  64.710002  2.157
 56    53.079 54163.51797910  9.42 125.104712  64.713122  2.157
 56    53.254 54163.51797974  9.64 125.101792  64.716232  2.157
 57    51.192 54198.51794301  9.04 125.127571  64.676214  2.084
 57    51.268 54198.51794365  8.46 125.124661  64.679324  2.084
 57    51.598 54198.51794430  8.74 125.121751  64.682434  2.084
 57    51.836 54198.51794494  8.35 125.118831  64.685544  2.084
 57    52.497 54198.51794559  8.54 125.115921  64.688654  2.084
 57    52.727 54198.51794623  8.43 125.113001  64.691764  2.084
 57    52.720 54198.51794688  8.49 125.110081  64.694874  2.084
 57    51.379 54198.51794752  8.18 125.107171  64.697984  2.084
 57    53.962 54198.51794817  8.25 125.104251  64.701104  2.084
 58    51.136 54233.51798509 45.84 125.135326  64.674303 28.848
 58    51.030 54233.51798573 46.83 125.132406  64.677413 28.848
 58    50.846 54233.51798638 49.97 125.129502  64.680526 37.865
 58    50.938 54233.51798702 45.33 125.126582  64.683636 37.865
 58    50.718 54233.51798767 44.82 125.123672  64.686746 37.865
 58    50.710 54233.51798831 49.33 125.120752  64.689856 37.865
 58    50.687 54233.51798896 46.70 125.117842  64.692966 37.865
 58    50.606 54233.51798960 45.76 125.114922  64.696076 37.865
 58    50.519 54233.51799025 39.17 125.112002  64.699186 37.865
 58    50.382 54233.51799089 38.60 125.109092  64.702296 37.865
 58    50.492 54233.51799154 42.67 125.106172  64.705406 37.865
 58    50.532 54233.51799218 41.97 125.103252  64.708516 37.865
 58    50.435 54233.51799282 38.70 125.100332  64.711626 37.865
 58    50.326 54233.51799347 40.10 125.097412  64.714746 37.865
 59    54.179 54268.51800356 30.18 125.142003  64.672056 29.478
 59    54.016 54268.51800420 24.09 125.139093  64.675166 29.478
 59    53.764 54268.51800485 24.21 125.136183  64.678276 29.478
 59    54.097 54268.51800549 25.58 125.133267  64.681391 21.653
 59    54.317 54268.51800614 26.41 125.130357  64.684501 21.653
 59    54.377 54268.51800678 26.76 125.127437  64.687611 21.653
 59    53.602 54268.51801130 24.04 125.107027  64.709381 21.653
 59    53.718 54268.51801194 23.55 125.104107  64.712501 21.653
 59    53.845 54268.51801258 24.60 125.101187  64.715611 21.653
 59    53.839 54268.51801323 26.78 125.098267  64.718721 21.653
 60    52.232 54303.51800687 31.40 125.142717  64.670880 20.605
 60    52.287 54303.51800752 28.43 125.139807  64.674000 20.605
 60    52.242 54303.51800816 26.90 125.136897  64.677110 20.605
 60    52.249 54303.51800881 24.85 125.133987  64.680220 20.605
 60    52.605 54303.51800945 22.85 125.131074  64.683333 21.517
 60    54.434 54303.51801010 21.72 125.128154  64.686443 21.517
 60    52.905 54303.51801461 21.69 125.107744  64.708213 21.517
 60    52.835 54303.51801525 20.36 125.104824  64.711333 21.517
 60    53.145 54303.51801590 22.69 125.101904  64.714443 21.517
 60    53.657 54303.51801654 21.82 125.098984  64.717553 21.517
 61    51.804 54338.51799127 24.95 125.150133  64.668466 18.176
 61    51.763 54338.51799192 28.87 125.147223  64.671576 18.176
 61    51.759 54338.51799256 26.79 125.144313  64.674686 18.176
 61    51.661 54338.51799321 29.06 125.141403  64.677806 18.176
 61    51.852 54338.51799385 29.72 125.138493  64.680916 18.176
 61    54.596 54338.51799450 23.38 125.135583  64.684026 18.176
 61    51.107 54338.51799965 30.33 125.112260  64.708909 32.668
 61    51.206 54338.51800030 27.35 125.109340  64.712019 32.668
 61    51.656 54338.51800094 21.90 125.106420  64.715129 32.668
 62    51.939 54373.51794132 26.21 125.132911  64.674941 28.855
 62    51.373 54373.51794197 27.94 125.130001  64.678051 28.855
 62    51.165 54373.51794261 26.74 125.127081  64.681161 28.855
 62    51.571 54373.51794326 24.67 125.124171  64.684271 28.855
 62    51.371 54373.51794390 30.08 125.121261  64.687381 28.855
 62    51.350 54373.51794455 35.11 125.118341  64.690491 28.855
 62    51.486 54373.51794519 30.57 125.115421  64.693601 28.855
 62    51.138 54373.51794584 32.25 125.112511  64.696721 28.855
 62    51.673 54373.51794648 28.36 125.109586  64.699826 27.528
 62    51.200 54373.51794713 28.11 125.106676  64.702936 27.528
 62    52.686 54373.51794777 28.44 125.103756  64.706046 27.528
 62    50.921 54373.51794841 28.90 125.100836  64.709156 27.528
 62    51.529 54373.51794906 30.93 125.097916  64.712266 27.528
 63    50.098 54408.51793776 44.36 125.141767  64.672374 29.388
 63    50.119 54408.51793841 46.86 125.138847  64.675484 29.388
 63    50.067 54408.51793905 44.72 125.135937  64.678594 29.388
 63    49.880 54408.51793970 44.73 125.133027  64.681704 29.388
 63    49.747 54408.51794034 40.20 125.130117  64.684814 29.388
 63    49.669 54408.51794099 35.03 125.127197  64.687924 29.388
 63    52.616 54408.51794550 17.39 125.106787  64.709700  3.975
 63    53.107 54408.51794614 16.54 125.103867  64.712810  3.975
 63    53.456 54408.51794679 16.10 125.100947  64.715920  3.975
 63    53.540 54408.51794743 16.79 125.098027  64.719030  3.975
 65    51.528 54478.51792748 11.82 125.141050  64.673077  2.438
 65    51.476 54478.51792813 11.71 125.138140  64.676187  2.438
 65    51.850 54478.51792877 11.90 125.135230  64.679297  2.438
 65    51.140 54478.51792942 11.51 125.132310  64.682407  2.438
 65    51.728 54478.51793006 11.55 125.129400  64.685517  2.438
 65    52.207 54478.51793071 11.26 125.126490  64.688637  2.438
 65    53.021 54478.51793522 10.85 125.106070  64.710407  2.438
 65    53.113 54478.51793586 11.60 125.103150  64.713517  2.438
 65    53.493 54478.51793651 11.13 125.100230  64.716627  2.438
 65    53.450 54478.51793715 11.78 125.097310  64.719737  2.438
 66    51.248 54513.51791872  8.95 125.121268  64.680542  2.204
 66    51.266 54513.51791936  9.12 125.118358  64.683652  2.204
 66    52.161 54513.51792001  9.04 125.115438  64.686762  2.204
 66    52.540 54513.51792065  8.93 125.112518  64.689872  2.204
 67    52.396 54548.51794064  8.86 125.147336  64.671024  2.331
 67    52.296 54548.51794128  7.97 125.144426  64.674134  2.331
 67    52.141 54548.51794193  7.92 125.141523  64.677241  2.257
 67    52.294 54548.51794257  8.01 125.138603  64.680361  2.257
 67    52.481 54548.51794322  8.11 125.135693  64.683471  2.257
 67    53.440 54548.51794838  8.03 125.112373  64.708351  2.257
 67    53.092 54548.51794902  8.30 125.109453  64.711471  2.257
 67    54.161 54548.51794966  9.03 125.106543  64.714581  2.257
 68    52.068 54583.51791286  6.83 125.138246  64.673576  2.061
 68    52.190 54583.51791350  6.84 125.135336  64.676686  2.061
 68    52.636 54583.51791415  6.46 125.132426  64.679796  2.061
 68    53.037 54583.51791479  6.50 125.129516  64.682906  2.061
 68    53.413 54583.51791543  6.70 125.126596  64.686016  2.061
 68    53.752 54583.51791608  6.62 125.123686  64.689126  2.061
 68    54.196 54583.51791737  6.28 125.117846  64.695346  2.061
 68    54.409 54583.51791801  6.52 125.114936  64.698456  2.061
 68    54.548 54583.51791866  6.62 125.112016  64.701576  2.061
 68    54.544 54583.51791930  6.73 125.109096  64.704686  2.061
 68    53.423 54583.51791995  7.10 125.106186  64.707796  2.061
 68    54.372 54583.51792059  6.67 125.103266  64.710906  2.061
 68    53.995 54583.51792124  7.35 125.100346  64.714016  2.061
 68    53.537 54583.51792188  7.93 125.097426  64.717126  2.061
 68    53.635 54583.51792253  8.24 125.094506  64.720236  2.061
 69    54.868 54618.51793298 50.73 125.139006  64.673404 48.836
 69    54.853 54618.51793363 51.52 125.136096  64.676524 48.836
 69    54.839 54618.51793427 52.63 125.133176  64.679634 48.836
 69    54.852 54618.51793492 53.25 125.130266  64.682744 48.836
 69    54.887 54618.51793556 53.41 125.127356  64.685854 48.836
 69    54.860 54618.51793621 51.66 125.124436  64.688964 48.836
 69    54.743 54618.51793814 49.19 125.115696  64.698294 48.836
 69    54.692 54618.51793879 51.32 125.112776  64.701404 48.836
 69    54.681 54618.51794007 51.56 125.106936  64.707634 48.836
 69    54.655 54618.51794072 50.77 125.104016  64.710744 48.836
 69    54.635 54618.51794136 53.25 125.101106  64.713854 48.836
 69    54.604 54618.51794201 52.28 125.098186  64.716964 48.836
 69    54.584 54618.51794265 49.19 125.095256  64.720074 48.836
 70    52.120 54653.51794485 50.55 125.137392  64.674443 45.512
 70    52.114 54653.51794549 50.24 125.134482  64.677553 45.512
 70    52.105 54653.51794614 53.48 125.131562  64.680663 45.512
 70    52.104 54653.51794678 50.92 125.128652  64.683773 45.512
 70    52.096 54653.51794743 50.32 125.125742  64.686883 45.512
 70    51.856 54653.51794872 45.98 125.119912  64.693103 45.512
 70    51.902 54653.51794936 51.14 125.116992  64.696213 45.512
 70    51.916 54653.51795001 49.68 125.114072  64.699323 45.512
 70    51.865 54653.51795065 48.71 125.111162  64.702443 45.512
 70    51.762 54653.51795194 50.64 125.105322  64.708663 45.512
 70    51.657 54653.51795258 50.55 125.102402  64.711773 45.512
 70    51.519 54653.51795323 54.66 125.099482  64.714883 45.512
 70    51.538 54653.51795387 54.07 125.096562  64.717993 45.512
 71    52.261 54688.51793280 32.61 125.146793  64.670980 23.059
 71    52.136 54688.51793345 32.87 125.143883  64.674090 23.059
 71    52.214 54688.51793409 28.96 125.140963  64.677200 23.059
 71    52.125 54688.51793474 23.89 125.138053  64.680310 23.059
 71    54.637 54688.51793538 20.28 125.135143  64.683416 31.444
 71    51.855 54688.51794054 34.46 125.111823  64.708306 31.444
 71    51.847 54688.51794119 34.01 125.108903  64.711416 31.444
 71    51.648 54688.51794183 28.02 125.105983  64.714526 31.444
 72    53.416 54723.51789462 28.99 125.120860  64.680998 32.995
 72    53.464 54723.51789527 31.86 125.117950  64.684108 32.995
 72    53.516 54723.51789591 42.17 125.115030  64.687218 32.995
 72    53.496 54723.51789656 39.27 125.112110  64.690328 32.995
 73    50.844 54758.51790901 51.54 125.141097  64.673022 40.747
 73    50.873 54758.51790965 51.41 125.138177  64.676132 40.747
 73    50.892 54758.51791030 49.07 125.135267  64.679242 40.747
 73    50.761 54758.51791094 51.29 125.132357  64.682352 40.747
 73    50.694 54758.51791159 51.04 125.129447  64.685462 40.747
 73    50.665 54758.51791223 40.98 125.126527  64.688572 40.747
 73    50.558 54758.51791675 48.67 125.106117  64.710352 40.747
 73    50.564 54758.51791739 43.92 125.103197  64.713462 40.747
 73    50.596 54758.51791803 34.31 125.100277  64.716572 40.747
 73    50.574 54758.51791868 32.28 125.097356  64.719682  9.593
 75    51.067 54828.51790781 14.54 125.137915  64.673125  3.159
 75    51.013 54828.51790845 14.58 125.134995  64.676239  2.912
 75    50.955 54828.51790910 15.40 125.132085  64.679349  2.912
 75    50.987 54828.51790974 15.13 125.129175  64.682459  2.912
 75    50.973 54828.51791038 15.61 125.126255  64.685569  2.912
 75    50.889 54828.51791103 14.55 125.123345  64.688679  2.912
 75    50.628 54828.51791167 14.54 125.120435  64.691789  2.912
 75    50.740 54828.51791232 14.03 125.117515  64.694899  2.912
 75    50.529 54828.51791296 14.19 125.114595  64.698009  2.912
 75    51.420 54828.51791361 13.86 125.111685  64.701119  2.912
 75    52.165 54828.51791425 13.17 125.108765  64.704239  2.912
 75    52.313 54828.51791490 13.12 125.105845  64.707349  2.912
 75    52.887 54828.51791554 13.25 125.102925  64.710459  2.912
 75    52.814 54828.51791619 12.62 125.100005  64.713569  2.912
 75    52.990 54828.51791683 13.10 125.097085  64.716679  2.912
 76    50.501 54863.51788119 12.01 125.126966  64.676657  2.553
 76    50.450 54863.51788184 12.29 125.124056  64.679767  2.553
 76    50.492 54863.51788248 12.16 125.121136  64.682877  2.553
 76    50.567 54863.51788313 12.34 125.118226  64.685987  2.553
 76    50.598 54863.51788377 12.30 125.115306  64.689097  2.553
 76    51.139 54863.51788442 11.85 125.112386  64.692207  2.553
 76    51.108 54863.51788506 12.24 125.109476  64.695317  2.553
 76    50.784 54863.51788571 12.21 125.106556  64.698427  2.553
 76    51.099 54863.51788635 12.09 125.103636  64.701547  2.553
 77    50.668 54898.51790687 10.44 125.144246  64.670904  2.468
 77    50.584 54898.51790752 10.92 125.141336  64.674014  2.468
 77    50.592 54898.51790816 10.78 125.138430  64.677129  2.610
 77    51.485 54898.51790881 10.49 125.135520  64.680239  2.610
 77    50.871 54898.51790945 10.90 125.132600  64.683349  2.610
 77    51.239 54898.51791010 10.64 125.129690  64.686459  2.610
 77    52.901 54898.51791525 10.22 125.106360  64.711349  2.610
 77    53.005 54898.51791590  9.89 125.103440  64.714459  2.610
 77    53.377 54898.51791654  9.94 125.100520  64.717569  2.610
 78    50.633 54933.51787526  9.67 125.130333  64.675204  2.155
 78    50.899 54933.51787590  9.38 125.127423  64.678314  2.155
 78    51.456 54933.51787655  9.12 125.124503  64.681424  2.155
 78    51.016 54933.51787719  8.72 125.121593  64.684534  2.155
 78    51.177 54933.51787784  9.07 125.118673  64.687644  2.155
 78    52.839 54933.51787848  8.96 125.115763  64.690754  2.155
 78    52.763 54933.51787912  9.26 125.112843  64.693864  2.155
 78    53.666 54933.51787977  8.90 125.109933  64.696974  2.155
 78    54.079 54933.51788041  9.25 125.107013  64.700084  2.155
 78    51.842 54933.51788106  9.06 125.104093  64.703194  2.155
 78    53.716 54933.51788170  8.88 125.101173  64.706314  2.155
 78    52.323 54933.51788235  8.45 125.098253  64.709424  2.155
 79    53.452 54968.51790904 31.34 125.138160  64.674107 28.892
 79    53.589 54968.51790968 28.09 125.135247  64.677213 16.532
 79    53.570 54968.51791033 26.12 125.132327  64.680333 16.532
 79    53.977 54968.51791097 25.98 125.129417  64.683443 16.532
 79    54.642 54968.51791162 25.49 125.126507  64.686553 16.532
 79    53.502 54968.51791420 32.17 125.114837  64.698993 16.532
 79    54.562 54968.51791484 25.16 125.111927  64.702103 16.532
 79    54.650 54968.51791613 24.00 125.106087  64.708333 16.532
 79    53.428 54968.51791677 24.65 125.103167  64.711443 16.532
 79    54.438 54968.51791742 24.47 125.100247  64.714553 16.532
 79    55.220 54968.51791806 23.96 125.097327  64.717663 16.532
 79    53.934 54968.51791871 30.66 125.094407  64.720773 16.532
 80    53.709 55003.51792865 25.32 125.135973  64.673517 29.907
 80    53.685 55003.51792930 19.69 125.133055  64.676622 13.902
 80    53.647 55003.51792994 20.36 125.130145  64.679742 13.902
 80    53.878 55003.51793059 21.28 125.127235  64.682852 13.902
 80    54.161 55003.51793123 22.35 125.124315  64.685962 13.902
 80    53.341 55003.51793188 23.20 125.121405  64.689072 13.902
 80    53.419 55003.51793252 23.49 125.118495  64.692182 13.902
 80    54.169 55003.51793317 24.72 125.115575  64.695292 13.902
 80    54.129 55003.51793381 25.10 125.112655  64.698402 13.902
 80    53.838 55003.51793446 23.65 125.109745  64.701512 13.902
 80    53.599 55003.51793510 22.64 125.106825  64.704622 13.902
 80    53.419 55003.51793574 22.74 125.103905  64.707732 13.902
 80    53.343 55003.51793639 24.12 125.100985  64.710852 13.902
 80    53.326 55003.51793703 23.73 125.098065  64.713962 13.902
 81    51.914 55038.51791529 34.06 125.141711  64.672719 25.342
 81    51.774 55038.51791593 27.03 125.138798  64.675824 20.836
 81    51.580 55038.51791658 26.40 125.135888  64.678944 20.836
 81    51.614 55038.51791722 23.68 125.132978  64.682054 20.836
 81    51.499 55038.51791787 26.40 125.130058  64.685164 20.836
 81    51.529 55038.51791851 27.59 125.127148  64.688274 20.836
 81    52.494 55038.51792303 22.75 125.106728  64.710054 20.836
 81    51.871 55038.51792367 22.86 125.103808  64.713164 20.836
 81    53.160 55038.51792432 23.99 125.100888  64.716274 20.836
 81    53.564 55038.51792496 25.74 125.097968  64.719384 20.836
 82    51.818 55073.51789975 49.72 125.148851  64.670311 38.518
 82    51.818 55073.51790040 51.89 125.145941  64.673421 38.518
 82    51.829 55073.51790104 52.99 125.143031  64.676531 38.518
 82    51.797 55073.51790169 48.45 125.140111  64.679641 38.518
 82    51.765 55073.51790233 51.95 125.137207  64.682748 38.911
 82    51.239 55073.51790814 53.39 125.110967  64.710758 38.911
 82    51.203 55073.51790878 50.40 125.108047  64.713868 38.911
 83    51.662 55108.51784862 25.16 125.126795  64.676177 15.675
 83    51.522 55108.51784926 25.44 125.123875  64.679287 15.675
 83    53.451 55108.51784991 25.24 125.120965  64.682397 15.675
 83    51.698 55108.51785055 21.47 125.118045  64.685507 15.675
 83    52.962 55108.51785120 19.97 125.115135  64.688617 15.675
 83    54.088 55108.51785184 20.65 125.112215  64.691727 15.675
 83    54.263 55108.51785249 27.75 125.109295  64.694837 15.675
 83    54.390 55108.51785313 29.95 125.106385  64.697947 15.675
 84    48.845 55143.51785149 37.93 125.143205  64.671025 15.608
 84    48.832 55143.51785213 39.81 125.140295  64.674135 15.608
 84    48.619 55143.51785278 41.90 125.137385  64.677250 14.326
 84    48.726 55143.51785342 38.60 125.134475  64.680360 14.326
 84    48.683 55143.51785407 34.40 125.131565  64.683470 14.326
 84    48.739 55143.51785471 32.93 125.128645  64.686580 14.326
 84    54.067 55143.51785922 21.69 125.108235  64.708350 14.326
 84    53.414 55143.51785987 21.51 125.105315  64.711470 14.326
 84    52.959 55143.51786051 25.71 125.102395  64.714580 14.326
 84    53.242 55143.51786116 30.96 125.099475  64.717690 14.326
 86    50.703 55213.51784648 16.76 125.141226  64.672447  3.661
 86    50.741 55213.51784712 16.13 125.138316  64.675557  3.661
 86    50.181 55213.51784776 16.91 125.135404  64.678671  2.901
 86    50.582 55213.51784841 16.54 125.132484  64.681781  2.901
 86    50.173 55213.51784905 16.97 125.129574  64.684891  2.901
 86    50.148 55213.51784970 16.23 125.126664  64.688001  2.901
 86    53.296 55213.51785421 15.75 125.106244  64.709771  2.901
 86    53.025 55213.51785486 15.10 125.103324  64.712891  2.901
 86    53.293 55213.51785550 14.94 125.100404  64.716001  2.901
 86    53.377 55213.51785615 15.17 125.097484  64.719111  2.901
 87    49.958 55248.51782104 13.64 125.131951  64.674176  2.498
 87    50.042 55248.51782169 13.41 125.129041  64.677286  2.498
 87    50.040 55248.51782233 13.18 125.126121  64.680396  2.498
 87    50.243 55248.51782298 12.96 125.123211  64.683506  2.498
 87    50.931 55248.51782362 13.10 125.120291  64.686616  2.498
 87    51.171 55248.51782427 13.27 125.117381  64.689726  2.498
 87    51.586 55248.51782491 13.77 125.114461  64.692836  2.498
 87    53.325 55248.51782556 13.93 125.111541  64.695946  2.498
 87    52.839 55248.51782620 12.58 125.108631  64.699056  2.498
 87    54.152 55248.51782685 13.04 125.105711  64.702166  2.498
 87    53.930 55248.51782749 13.68 125.102791  64.705276  2.498
 87    52.855 55248.51782813 13.00 125.099871  64.708396  2.498
 88    50.842 55283.51784006 12.24 125.144902  64.671688  2.781
 88    51.002 55283.51784071 11.99 125.141992  64.674798  2.781
 88    51.053 55283.51784135 11.84 125.139084  64.677914  2.390
 88    50.954 55283.51784200 12.36 125.136174  64.681024  2.390
 88    50.791 55283.51784264 11.53 125.133254  64.684134  2.390
 88    51.337 55283.51784329 11.56 125.130344  64.687244  2.390
 88    53.371 55283.51784780 11.39 125.109934  64.709024  2.390
 88    52.972 55283.51784844 11.33 125.107014  64.712134  2.390
 88    53.503 55283.51784909 11.09 125.104104  64.715244  2.390
 89    50.097 55318.51781095 23.38 125.139497  64.672718 12.303
 89    49.976 55318.51781159 24.80 125.136577  64.675838 12.303
 89    49.826 55318.51781224 25.77 125.133667  64.678948 12.303
 89    49.942 55318.51781288 21.34 125.130757  64.682058 12.303
 89    49.872 55318.51781353 21.01 125.127847  64.685168 12.303
 89    49.794 55318.51781417 21.27 125.124927  64.688278 12.303
 89    50.119 55318.51781610 26.10 125.116177  64.697608 12.303
 89    51.355 55318.51781675 27.80 125.113267  64.700718 12.303
 89    50.101 55318.51781739 25.62 125.110347  64.703838 12.303
 89    50.780 55318.51781868 24.39 125.104517  64.710058 12.303
 89    49.628 55318.51781933 25.46 125.101597  64.713168 12.303
 89    49.756 55318.51781997 19.91 125.098677  64.716278 12.303
 89    49.805 55318.51782062 20.35 125.095757  64.719388 12.303
 90    53.183 55353.51781278 49.95 125.144574  64.671027 37.017
 90    53.129 55353.51781342 52.62 125.141664  64.674137 37.017
 90    53.079 55353.51781407 51.26 125.138753  64.677254 44.219
 90    53.032 55353.51781471 53.24 125.135843  64.680364 44.219
 90    53.010 55353.51781536 51.82 125.132933  64.683474 44.219
 90    53.072 55353.51781600 52.79 125.130013  64.686584 44.219
 90    52.807 55353.51782116 52.47 125.106683  64.711474 44.219
 90    52.796 55353.51782180 51.79 125.103763  64.714584 44.219
 90    52.738 55353.51782245 49.05 125.100853  64.717694 44.219
 91    52.334 55388.51781263 26.53 125.122767  64.679694 30.631
 91    52.162 55388.51781328 22.67 125.119847  64.682804 30.631
 91    52.136 55388.51781392 22.94 125.116937  64.685914 30.631
 91    52.407 55388.51781457 22.20 125.114017  64.689024 30.631
 91    54.531 55388.51781521 22.79 125.111097  64.692134 30.631
 91    54.477 55388.51781586 29.82 125.108187  64.695244 30.631
 92    51.963 55423.51783060 30.86 125.142478  64.671927 23.202
 92    51.875 55423.51783125 26.94 125.139568  64.675037 23.202
 92    51.793 55423.51783189 24.43 125.136658  64.678147 23.202
 92    51.769 55423.51783254 24.86 125.133748  64.681267 23.202
 92    51.718 55423.51783318 21.33 125.130828  64.684377 23.202
 92    54.179 55423.51783383 25.97 125.127918  64.687487 23.202
 92    51.472 55423.51783834 28.05 125.107508  64.709257 23.202
 92    51.409 55423.51783898 24.55 125.104588  64.712367 23.202
 92    51.254 55423.51783963 30.29 125.101669  64.715481 31.307
 92    51.212 55423.51784027 37.25 125.098749  64.718591 31.307
 93    52.084 55458.51780102 21.82 125.153777  64.667296 13.575
 93    51.560 55458.51780166 24.36 125.150867  64.670406 13.575
 93    51.515 55458.51780231 26.66 125.147957  64.673516 13.575
 93    51.526 55458.51780295 28.60 125.145047  64.676636 13.575
 93    51.382 55458.51780360 28.99 125.142137  64.679746 13.575
 93    54.520 55458.51780424 25.04 125.139227  64.682856 13.575
