# NaN NaN NaN ;Mean Elev.(m), Avg Gradient(m/km), RMS Gradient(m/km) - SRTM1     
#   11.008   0.000   2.735 ;Mean Elev.(m), Avg Gradient(m/km), RMS Gradient(m/km) - ASTER GDEM
#   21.604  -0.000   1.572 ;Mean Elev.(m), Avg Gradient(m/km), RMS Gradient(m/km) - GMTED2010 
  8 123.099671  67.337605    26.015    25.442 16 52499.51652055 33.229
 10 123.093570  67.330955    23.929    23.906 10 52569.51653653 43.259
 11 123.098645  67.336929    24.411    24.165 15 52604.51651956 20.737
 12 123.089829  67.325948    32.769    33.071  5 52639.51649972 14.301
 13 123.099936  67.335544    27.920    26.868 15 52674.51649653 13.090
 14 123.091390  67.328550    31.725    31.721  8 52709.51651155 10.787
 16 123.088497  67.324152    30.806    34.299  3 52779.51647552 27.223
 17 123.091143  67.321406    33.432    33.311  3 52814.51655869 24.945
 18 123.089981  67.328317    33.297    33.235  6 52849.51661266 20.604
 19 123.093635  67.332545    28.667    28.974 11 52884.51664871 20.871
 20 123.101023  67.337477    29.447    29.982 16 52919.51660563 19.050
 21 123.090655  67.329843    23.688    23.722  7 52954.51656790 23.273
 22 123.097214  67.337240    27.482    26.844 15 52989.51657871 14.976
 23 123.103675  67.339921    27.043    26.532 17 53024.51656024 12.306
 24 123.098693  67.334709    31.012    31.672 15 53059.51655700 10.497
 25 123.097873  67.335977    31.225    31.251 15 53094.51659509  9.702
 26 123.093529  67.332109    33.229    33.188 11 53129.51656649  7.040
 28 123.093754  67.333487    31.626    32.291 12 53199.51663669 18.484
 29 123.103364  67.339757    28.425    28.479 18 53234.51660748 41.819
 30 123.088653  67.322206    33.308    33.231  3 53269.51657017 27.679
 31 123.090006  67.323722    24.866    24.865  3 53304.51663177 44.999
 32 123.098035  67.335825    28.359    27.271 14 53339.51660241 14.361
 33 123.096287  67.349625    26.166    25.752 12 53374.51653644 12.652
 34 123.093804  67.333609    30.826    31.378 12 53409.51657609 11.248
 35 123.094911  67.350063    27.189    27.007 12 53444.51656233 10.747
 36 123.090400  67.325739    32.430    32.853  6 53479.51663714  9.151
 37 123.095977  67.333360    35.967    35.969 13 53514.51664582 29.145
 38 123.095597  67.332758    30.220    30.232 12 53549.51666458 37.527
 39 123.100311  67.336181    31.405    31.437 15 53584.51662750 16.024
 40 123.105802  67.338940    29.450    29.315 18 53619.51658465 26.331
 41 123.091159  67.330485    25.401    25.409  9 53654.51660956 44.611
 42 123.096075  67.333243    24.245    23.996 12 53689.51660503 18.915
 43 123.095273  67.351423    23.938    23.881 12 53724.51653278 16.261
 44 123.091578  67.332578    31.348    31.561 10 53759.51647198 11.775
 45 123.101500  67.338313    27.032    25.675 16 53794.51649174 11.316
 46 123.090261  67.327365    33.034    33.050  6 53829.51646597  8.667
 47 123.091078  67.327897    26.002    26.244  6 53864.51654547 15.885
 48 123.094913  67.331480    34.484    34.484 11 53899.51657161 50.073
 49 123.091247  67.329037    33.691    33.627  7 53934.51661488 17.990
 50 123.096064  67.334370    26.550    25.597 14 53969.51658571 28.876
 51 123.089029  67.326248    30.504    30.507  5 54004.51655854 49.633
 52 123.094565  67.331408    24.533    24.529 11 54039.51659145 32.687
 53 123.097984  67.335997    25.564    25.028 15 54074.51658660 22.279
 54 123.095951  67.349408    24.858    24.880 12 54109.51653415 18.663
 55 123.090314  67.331077    32.375    32.311  8 54144.51652404 11.277
 56 123.103184  67.338457    27.650    26.545 17 54179.51651677 12.173
 57 123.091171  67.330930    32.233    32.394  9 54214.51653180  9.965
 58 123.093018  67.332414    36.188    36.280 11 54249.51655977 33.294
 59 123.098410  67.333963    33.195    33.339 14 54284.51656737 13.640
 60 123.096558  67.336054    29.583    29.582 14 54319.51656517 52.586
 61 123.103003  67.339070    27.267    27.212 17 54354.51652870 31.762
 62 123.096105  67.333015    25.299    25.294 12 54389.51650490 45.626
 63 123.099839  67.336088    26.323    26.284 15 54424.51647806 13.169
 64 123.092380  67.328916    33.478    33.467  8 54459.51647981 10.811
 65 123.098920  67.338210    31.571    31.485 16 54494.51648335 10.368
 66 123.094343  67.331542    33.285    33.218 11 54529.51649304  8.032
 67 123.103291  67.338974    31.968    32.030 17 54564.51649025  8.222
 68 123.096140  67.331988    31.564    32.535 12 54599.51648874 15.554
 69 123.094280  67.333777    32.134    32.148 12 54634.51650154 27.339
 70 123.096139  67.334904    27.845    27.484 14 54669.51650640 23.190
 71 123.101211  67.338786    30.233    29.881 17 54704.51647040 20.185
 72 123.090480  67.332134    29.421    29.037  9 54739.51646864 35.172
 73 123.099165  67.337883    23.255    23.280 16 54774.51645127 24.336
 74 123.090583  67.327707    28.018    28.550  7 54809.51646134 14.779
 75 123.098853  67.336644    25.114    25.000 15 54844.51644962 14.964
 76 123.092440  67.331856    27.551    27.652 10 54879.51646523 12.070
 77 123.100198  67.338964    25.684    25.338 17 54914.51645383 11.742
 78 123.092670  67.331938    25.545    25.955  9 54949.51645791 40.904
 79 123.094324  67.331982    33.872    33.857 11 54984.51648283 22.922
 80 123.097440  67.334570    32.881    33.154 14 55019.51647880 14.443
 81 123.099656  67.334943    28.430    26.932 15 55054.51647519 25.800
 82 123.101523  67.338855    26.968    26.804 17 55089.51643602 38.415
 83 123.094171  67.332142    26.578    26.572 11 55124.51641201 47.791
 84 123.099510  67.336138    26.829    26.443 16 55159.51639653 20.913
 85 123.091138  67.328134    32.039    32.446  7 55194.51640165 15.833
 86 123.100993  67.337696    25.346    25.165 17 55229.51639903 15.620
 87 123.094846  67.333296    29.196    28.067 12 55264.51639760 12.960
 88 123.102703  67.338400    25.435    25.675 17 55299.51638205 12.787
 89 123.095650  67.335966    24.952    24.891 14 55334.51637553 40.881
 90 123.097379  67.335923    30.910    30.283 15 55369.51636638 18.745
 91 123.093084  67.330835    31.182    32.464  9 55404.51638281 21.863
 92 123.099666  67.336336    26.163    26.006 15 55439.51638488 39.942
 93 123.103769  67.339736    27.928    28.409 17 55474.51633118 27.336
