-178878.042  1253.097     0.00   66.44
-178506.186  1259.961    18.46   66.83
-178134.404  1267.886    21.32   63.93
-177762.695  1247.813   -54.01   71.66
-177391.059  1207.889  -107.44   63.82
-177019.495  1163.028  -120.75   63.50
-176648.005  1121.242  -112.50   82.10
-176276.588  1050.469  -190.58  112.74
-175905.243   963.285  -234.81  121.08
-175533.971   873.300  -242.40   92.11
-175162.772   837.487   -96.49   58.53
-174791.646   828.355   -24.61   52.28
-174420.592   837.117    23.62   64.91
-174049.611   865.484    76.48   81.64
-173678.702   915.249   134.19   94.55
-173307.866   976.258   164.54   91.25
-172937.103  1026.487   135.49   69.07
-172566.412  1050.346    64.37   58.91
-172195.793  1042.072   -22.33   78.36
-171825.247  1006.383   -96.33   96.24
-171454.773   956.881  -133.64  103.02
-171084.372   919.988   -99.61   80.66
-170714.042   923.483     9.44   78.49
-170343.785   962.923   106.53  110.33
-169973.600  1033.506   190.69  117.27
-169603.487  1099.194   177.50   91.75
-169233.447  1161.409   168.15   71.26
-168863.478  1191.889    82.40   72.38
-168493.581  1204.650    34.50   59.72
-168123.756  1191.285   -36.14   65.50
-167754.003  1150.139  -111.29   78.15
-167384.322  1115.228   -94.45   67.28
-167014.713  1119.564    11.73   81.28
-166645.176  1152.495    89.12   97.56
-166275.710  1178.934    71.57   89.97
-165906.316  1128.344  -136.97  121.98
-165536.994  1054.609  -199.67  136.19
-165167.743   977.397  -209.13   96.50
-164798.564   937.585  -107.85   32.75
-164429.456   962.060    66.32   47.73
-164060.420  1001.576   107.09   52.82
-163691.456  1044.321   115.87   68.84
-163322.562  1079.172    94.49   80.98
-162953.741  1135.495   152.73   96.65
-162584.990  1178.723   117.24   94.11
-162216.311  1209.810    84.33   68.03
-161847.703  1227.889    49.05   51.67
-161479.166  1233.844    16.16   58.17
-161110.700  1226.332   -20.39   74.50
-160742.306  1209.334   -46.15   89.20
-160373.983  1178.502   -83.72   96.69
-160005.730  1145.853   -88.67   86.14
-159637.549  1128.196   -47.96   74.98
-159269.438  1130.862     7.24   76.84
-158901.399  1182.330   139.86  106.26
-158533.430  1221.674   106.93  117.36
-158165.533  1291.017   188.51  126.89
-157797.706  1332.220   112.03  104.17
-157429.949  1331.611    -1.65   97.59
-157062.264  1290.412  -112.06  112.01
-156694.649  1238.392  -141.52   91.94
-156327.105  1214.392   -65.31   88.40
-155959.631  1192.872   -58.57   98.04
-155592.228  1184.950   -21.56   97.73
-155224.896  1161.504   -63.84   97.07
-154857.634  1159.269    -6.08   97.25
-154490.442  1165.746    17.64   86.92
-154123.321  1175.004    25.22   68.41
-153756.270  1190.104    41.14   66.59
-153389.290  1217.219    73.89   74.28
-153022.379  1260.093   116.86   86.54
-152655.539  1323.488   172.83   83.98
-152288.770  1346.514    62.79   76.73
-151922.070  1347.616     3.01   80.16
-151555.440  1324.139   -64.04   90.24
-151188.881  1294.418   -81.09   84.67
-150822.391  1299.308    13.34   75.77
-150455.972  1302.737     9.36   57.51
-150089.622  1298.344   -11.99   51.10
-149723.343  1302.949    12.57   52.17
-149357.133  1324.817    59.72   67.24
-148990.993  1341.523    45.63   59.87
-148611.907  1342.428     2.39   56.36
-148231.270  1310.704   -83.35   73.20
-147850.710  1254.446  -147.85   70.16
-147470.225  1205.862  -127.70   62.37
-147089.817  1178.650   -71.54   59.23
-146709.486  1158.212   -53.74   65.59
-146329.230  1129.344   -75.93   71.32
-145949.051  1109.294   -52.74   69.09
-145568.947  1112.161     7.54   63.12
-145188.920  1139.220    71.21   77.51
-144808.968  1174.633    93.21   68.90
-144429.093  1188.794    37.28   65.24
-144049.294  1174.991   -36.35   82.95
-143669.570  1133.593  -109.04   84.46
-143289.922  1123.941   -25.42   88.48
-142910.350  1123.196    -1.96   87.44
-142530.854  1100.730   -59.21   86.17
-142151.433  1059.732  -108.07   91.03
-141772.088  1005.645  -142.60   82.98
-141392.819   943.128  -164.85   65.25
-141013.625   908.047   -92.52   48.63
-140634.507   884.457   -62.23   44.84
-140255.464   873.337   -29.34   43.93
-139876.497   884.616    29.77   62.70
-139497.604   912.036    72.37   84.56
-139118.788   974.645   165.29  126.11
-138740.046  1018.232   115.10  125.76
-138361.380  1000.832   -45.96  134.47
-137982.789   934.798  -174.44  166.63
-137604.273   822.415  -296.93  158.08
-137225.832   721.468  -266.77  110.80
-136847.467   658.417  -166.66   63.19
-136469.176   625.115   -88.04   23.85
-136090.960   622.634    -6.56   16.81
-135712.820   636.615    36.98   31.10
-135334.754   684.415   126.45   77.80
-134956.763   753.401   182.53  108.70
-134578.846   828.869   199.72  118.03
-134201.005   916.770   232.66   90.31
-133823.238   975.094   154.41   75.21
-133445.546  1032.860   152.96   79.25
-133067.928  1092.869   158.93   92.47
-132690.385  1151.139   154.35  105.53
-132312.917  1194.173   114.02   87.23
-131935.523  1206.737    33.29   75.81
-131558.204  1184.208   -59.71  103.05
-131180.959  1102.000  -217.94  139.89
-130803.788   984.840  -310.66  154.34
-130426.691   846.741  -366.25  152.66
-130049.669   749.375  -258.28  124.07
-129672.721   673.476  -201.37   68.05
-129295.848   666.712   -17.95   57.56
-128919.048   708.275   110.32   91.05
-128542.323   796.707   234.76  123.25
-128165.671   898.240   269.59  130.57
-127789.094   978.151   212.22  110.28
-127412.590  1037.588   157.88   68.75
-127036.161  1062.537    66.28   44.70
-126659.805  1049.488   -34.68   54.46
-126283.523  1025.209   -64.53   57.85
-125907.315  1006.034   -50.97   56.30
-125531.181   987.139   -50.24   62.16
-125155.121   982.275   -12.93   72.57
-124779.134   967.633   -38.95   79.36
-124403.220   952.735   -39.64   84.75
-124027.381   926.912   -68.71   81.41
-123651.615   890.311   -97.41   74.21
-123275.922   856.348   -90.41   70.38
-122900.303   822.605   -89.84   57.11
-122524.757   799.185   -62.37   37.72
-122149.285   781.480   -47.16   31.07
-121773.885   775.558   -15.78   30.69
-121398.560   785.417    26.27   45.05
-121023.307   811.430    69.33   58.75
-120648.128   847.753    96.82   66.60
-120273.021   879.185    83.80   77.70
-119897.988   911.220    85.43   81.71
-119523.028   933.534    59.52   80.20
-119148.141   974.767   110.00   77.74
-118773.327  1012.604   100.96   83.96
-118398.586  1048.544    95.91   91.57
-118023.918  1081.080    86.85  109.27
-117649.323  1117.719    97.82  109.17
-117274.800  1130.863    35.10   91.71
-116900.350  1111.207   -52.50   88.93
-116525.973  1056.511  -146.11  111.65
-116151.669   973.930  -220.65  114.98
-115777.437   923.593  -134.52   86.40
-115403.278   915.150   -22.57   89.00
-115029.191   933.507    49.07  111.39
-114655.177   953.412    53.22  104.64
-114281.236   922.748   -82.01  117.43
-113907.367   838.488  -225.39  142.31
-113533.570   735.872  -274.55  134.00
-113159.846   633.484  -273.99  105.36
-112786.194   565.725  -181.36   80.78
-112412.614   515.560  -134.30   53.01
-112039.106   494.174   -57.26   52.60
-111665.671   480.503   -36.61   61.04
-111292.308   463.389   -45.84   45.55
-110919.017   451.233   -32.57   45.80
-110545.798   440.015   -30.06   51.06
-110172.651   427.185   -34.39   47.68
-109799.575   409.810   -46.58   27.25
-109426.572   402.244   -20.29   15.45
-109053.641   406.186    10.57   24.73
-108680.782   434.673    76.41   59.30
-108307.994   504.741   187.97  126.98
-107935.278   618.080   304.11  158.06
-107562.634   722.048   279.03  150.16
-107190.062   808.599   232.32  118.51
-106817.561   845.480    99.02  104.30
-106445.132   850.441    13.32  107.77
-106072.775   846.889    -9.54  103.10
-105700.488   846.116    -2.08   93.14
-105328.274   891.719   122.53  101.18
-104956.131   923.363    85.04   96.00
-104584.059   909.139   -38.23  109.66
-104212.059   850.188  -158.48  131.17
-103840.130   805.298  -120.70  105.98
-103468.272   814.287    24.18  116.33
-103096.485   879.128   174.42  122.70
-102724.770   937.802   157.86   90.88
-102353.126   943.116    14.30   95.99
-101981.553   936.224   -18.55   92.41
-101610.051   953.378    46.18   93.88
-101238.620  1013.349   161.47  117.99
-100867.260  1116.668   278.24  139.55
-100495.971  1202.476   231.13  122.27
-100124.753  1251.702   132.62   87.85
 -99753.606  1253.591     5.09   87.19
 -99382.530  1220.300   -89.72  100.50
 -99011.524  1169.716  -136.35   95.62
 -98640.589  1131.978  -101.74   93.46
 -98269.725  1105.837   -70.49   93.75
 -97898.932  1089.279   -44.66   90.43
 -97528.209  1066.525   -61.38   93.15
 -97157.557  1059.611   -18.66   91.79
 -96786.975  1053.758   -15.79   86.15
 -96416.464  1047.639   -16.52   73.37
 -96046.023  1038.219   -25.43   65.03
 -95675.653   996.778  -111.90   89.71
 -95305.353   924.810  -194.37  102.44
 -94935.124   838.254  -233.81   91.84
 -94564.965   775.900  -168.46   67.89
 -94194.876   721.270  -147.62   42.86
 -93824.857   688.253   -89.24   39.18
 -93454.908   680.151   -21.90   43.91
 -93085.030   738.412   157.52  115.51
 -92715.222   817.505   213.89  135.41
 -92345.484   908.616   246.44  118.92
 -91975.816   961.041   141.83   79.44
 -91606.217   952.242   -23.81   89.03
 -91236.689   932.468   -53.52   99.08
 -90867.231   918.001   -39.16  103.59
 -90497.843   917.841    -0.43  117.21
 -90128.524   916.323    -4.11  124.08
 -89759.275   901.697   -39.61  125.74
 -89390.096   858.732  -116.39  129.44
 -89020.987   793.523  -176.68  114.34
 -88651.947   725.468  -184.42   98.76
 -88282.977   665.220  -163.30   78.72
 -87914.077   620.651  -120.83   57.59
 -87545.246   592.895   -75.26   41.33
 -87176.485   579.208   -37.12   37.63
 -86807.793   578.357    -2.31   43.75
 -86439.171   585.246    18.69   55.64
 -86070.618   589.058    10.34   60.55
 -85702.134   587.249    -4.91   65.87
 -85333.720   562.151   -68.13   74.89
 -84965.375   525.163  -100.42   72.75
 -84597.099   487.277  -102.88   63.86
 -84228.893   459.956   -74.20   46.08
 -83860.755   444.162   -42.91   18.68
 -83492.687   443.127    -2.81   17.41
 -83124.688   456.753    37.03   31.68
 -82756.758   493.476    99.82   71.79
 -82388.897   569.410   206.43  114.51
 -82021.105   638.069   186.69  102.05
 -81653.382   671.104    89.84   69.03
 -81285.727   676.011    13.35   68.94
 -80918.142   689.392    36.40   87.80
 -80550.625   727.495   103.68  105.92
 -80183.177   807.972   219.03  112.96
 -79815.798   881.852   201.11   89.82
 -79448.488   926.383   121.24   63.43
 -79081.246   930.751    11.89   67.35
 -78714.073   911.003   -53.79   85.78
 -78346.969   904.302   -18.26   86.35
 -77979.933   888.222   -43.81   88.73
 -77612.965   869.105   -52.10   95.67
 -77246.067   849.001   -54.80  106.29
 -76879.236   794.651  -148.17  111.84
 -76512.474   736.685  -158.06  103.19
 -76145.780   686.105  -137.94   88.99
 -75779.155   642.010  -120.28   55.07
 -75412.598   633.732   -22.58   54.77
 -75046.109   633.832     0.27   71.69
 -74679.688   632.493    -3.66   95.89
 -74313.336   620.764   -32.02  100.21
 -73938.053   605.214   -41.44   81.78
 -73557.572   609.116    10.26   91.08
 -73177.166   648.449   103.40  127.56
 -72796.834   681.389    86.61  137.03
 -72416.576   687.398    15.80  123.54
 -72036.392   670.162   -45.34   99.39
 -71656.283   631.272  -102.32   78.13
 -71276.247   588.313  -113.04   60.17
 -70896.286   548.753  -104.12   39.34
 -70516.399   527.826   -55.09   33.68
 -70136.586   499.325   -75.04   33.62
 -69756.846   471.941   -72.12   35.05
 -69377.181   455.047   -44.50   31.71
 -68997.589   463.377    21.95   46.34
 -68618.072   494.662    82.44   59.89
 -68238.628   524.249    77.98   44.21
 -67859.258   528.852    12.13   31.06
 -67479.961   516.907   -31.49   31.40
 -67100.738   513.292    -9.53   29.31
 -66721.589   513.615     0.85   30.63
 -66342.513   531.840    48.08   46.79
 -65963.511   554.395    59.51   58.39
 -65584.583   574.116    52.05   58.80
 -65205.727   579.556    14.36   55.23
 -64826.945   576.783    -7.32   64.89
 -64448.237   577.372     1.56   82.13
 -64069.602   587.279    26.17   84.51
 -63691.040   594.645    19.46   83.26
 -63312.551   555.070  -104.57  101.31
 -62934.136   491.426  -168.19  104.43
 -62555.793   429.175  -164.54   67.17
 -62177.524   381.639  -125.67   44.46
 -61799.328   355.300   -69.65   33.46
 -61421.205   334.782   -54.27   24.76
 -61043.155   321.255   -35.78   17.59
 -60665.177   308.755   -33.07   16.26
 -60287.273   298.566   -26.96   14.31
 -59909.442   288.857   -25.70   12.78
 -59531.683   280.826   -21.26   11.71
 -59153.997   271.346   -25.10   12.39
 -58776.384   264.127   -19.12   13.66
 -58398.843   256.702   -19.67   13.00
 -58021.375   249.942   -17.91    8.26
 -57643.980   248.116    -4.84    8.04
 -57266.657   250.676     6.78   14.04
 -56889.407   251.704     2.73   18.54
 -56512.229   255.806    10.88   21.72
 -56135.124   255.162    -1.71   20.41
 -55758.091   254.559    -1.60   18.94
 -55381.130   257.732     8.42   19.04
 -55004.242   264.115    16.94   20.56
 -54627.426   270.955    18.15   20.11
 -54250.682   278.537    20.12   19.75
 -53874.011   284.848    16.76   17.29
 -53497.411   285.428     1.54   15.84
 -53120.884   282.786    -7.02   14.94
 -52744.429   278.197   -12.19   12.50
 -52368.045   274.587    -9.59    9.75
 -51991.734   268.197   -16.98    9.68
 -51615.495   262.709   -14.59   12.65
 -51239.327   252.115   -28.16   13.92
 -50863.232   244.576   -20.05   11.22
 -50487.208   239.372   -13.84    8.48
 -50111.256   236.668    -7.19    7.60
 -49735.375   237.000     0.88   11.21
 -49359.567   236.441    -1.49   13.30
 -48983.830   234.055    -6.35   15.76
 -48608.165   230.441    -9.62   18.56
 -48232.571   223.357   -18.86   20.59
 -47857.049   217.609   -15.31   20.43
 -47481.598   207.233   -27.64   18.63
 -47106.218   202.128   -13.60   15.04
 -46730.911   198.056   -10.85   11.39
 -46355.674   195.541    -6.70   12.17
 -45980.509   193.094    -6.52   11.65
 -45605.415   190.778    -6.17    9.37
 -45230.392   189.848    -2.48    8.65
 -44855.441   188.883    -2.57    7.67
 -44480.560   187.021    -4.97    6.10
 -44105.751   183.862    -8.43    7.28
 -43731.013   178.082   -15.43    9.74
 -43356.346   171.079   -18.69   11.65
 -42981.750   166.845   -11.30    9.90
 -42607.225   163.872    -7.94    8.34
 -42232.771   161.674    -5.87    7.40
 -41858.387   161.272    -1.07    5.67
 -41484.075   159.576    -4.53    5.49
 -41109.833   158.758    -2.19    5.19
 -40735.662   158.268    -1.31    4.98
 -40361.562   158.569     0.80    4.96
 -39987.533   159.534     2.58    5.51
 -39613.574   159.517    -0.05    5.68
 -39239.686   157.363    -5.76    6.15
 -38865.868   155.445    -5.13    6.78
 -38492.121   153.783    -4.45    6.18
 -38118.444   153.268    -1.38    5.35
 -37744.838   153.045    -0.60    5.62
 -37371.302   151.724    -3.54    5.84
 -36997.837   149.232    -6.67    5.80
 -36624.442   147.430    -4.83    5.14
 -36251.117   144.880    -6.83    4.80
 -35877.862   143.838    -2.79    5.09
 -35504.678   142.001    -4.92    5.92
 -35131.564   139.597    -6.44    5.60
 -34758.519   137.633    -5.26    4.42
 -34385.545   136.616    -2.73    3.98
 -34012.641   134.810    -4.84    4.49
 -33639.807   132.537    -6.10    4.79
 -33267.043   129.014    -9.45    4.69
 -32894.349   125.441    -9.59    4.96
 -32521.725   121.580   -10.36    4.93
 -32149.171   118.046    -9.48    5.74
 -31776.686   114.341    -9.95    4.79
 -31404.272   111.356    -8.02    5.34
 -31031.927   107.821    -9.49    5.37
 -30659.651   104.546    -8.80    4.19
 -30287.446   102.260    -6.14    3.27
 -29915.310   100.668    -4.28    4.00
 -29543.243    96.976    -9.92    5.08
 -29171.246    94.413    -6.89    4.82
 -28799.319    92.413    -5.38    4.29
 -28427.461    91.105    -3.52    3.84
 -28055.673    91.440     0.90    3.78
 -27683.953    91.339    -0.27    3.60
 -27312.304    89.767    -4.23    2.77
 -26940.723    88.104    -4.48    2.29
 -26569.212    87.041    -2.86    3.58
 -26197.770    86.103    -2.53    4.99
 -25826.397    85.802    -0.81    6.64
 -25455.093    86.633     2.24    7.77
 -25083.859    87.224     1.59    8.41
 -24712.693    86.657    -1.53    7.95
 -24341.597    85.152    -4.06    7.46
 -23970.570    83.821    -3.59    5.97
 -23599.611    82.497    -3.57    4.48
 -23228.722    82.232    -0.71    4.47
 -22857.901    82.439     0.56    4.67
 -22487.149    82.937     1.34    4.27
 -22116.466    82.439    -1.34    3.76
 -21745.852    81.739    -1.89    4.17
 -21375.306    80.929    -2.19    5.25
 -21004.830    80.337    -1.60    5.94
 -20634.422    80.152    -0.50    5.94
 -20264.082    80.290     0.37    5.72
 -19893.811    80.247    -0.12    5.88
 -19523.609    78.990    -3.40    6.51
 -19153.475    77.859    -3.06    6.62
 -18783.409    77.716    -0.39    6.54
 -18413.412    78.003     0.78    5.77
 -18043.484    77.539    -1.25    5.00
 -17673.623    76.965    -1.55    4.81
 -17303.831    76.739    -0.61    3.65
 -16934.108    76.729    -0.03    3.31
 -16564.452    75.668    -2.87    5.09
 -16194.865    74.692    -2.64    5.59
 -15825.346    73.898    -2.15    5.53
 -15455.895    74.116     0.59    5.69
 -15086.512    75.209     2.96    5.42
 -14717.197    76.304     2.96    4.77
 -14347.950    76.263    -0.11    6.43
 -13978.771    73.925    -6.33    9.55
 -13609.660    70.822    -8.41   10.04
 -13240.617    68.518    -6.24    8.58
 -12871.642    66.188    -6.31    5.51
 -12502.735    64.383    -4.89    4.25
 -12133.895    62.354    -5.50    3.89
 -11765.124    60.071    -6.19    3.32
 -11396.420    59.002    -2.90    3.56
 -11027.783    60.779     4.82    4.76
 -10659.214    62.964     5.93    4.13
 -10290.713    64.416     3.94    3.27
  -9922.280    64.395    -0.06    3.45
  -9553.913    62.744    -4.48    5.04
  -9185.615    61.280    -3.97    6.79
  -8817.384    59.916    -3.71    8.57
  -8449.220    60.561     1.75    9.99
  -8081.124    64.320    10.21   10.80
  -7713.095    64.748     1.16   10.09
  -7345.133    64.296    -1.23    8.46
  -6977.239    61.845    -6.66    7.26
  -6609.411    56.232   -15.26    7.60
  -6241.651    53.603    -7.15    7.21
  -5873.958    56.549     8.01   11.10
  -5506.333    61.604    13.75   11.69
  -5138.774    65.164     9.68   12.13
  -4771.282    49.468   -42.71   32.25
  -4403.858    26.927   -61.35   35.90
  -4036.500     5.841   -57.40   26.89
  -3669.210    -7.723   -36.93    1.23
  -3301.986    -5.229     6.79    8.09
  -2934.829     3.115    22.73   15.99
  -2567.739    15.151    32.79   18.59
  -2200.715    24.476    25.41   14.06
  -1833.759    30.151    15.46    4.27
  -1466.869    29.360    -2.16    3.25
  -1100.046    27.609    -4.77    2.28
   -733.289    23.586   -10.97   10.12
   -366.599    16.232   -20.06   15.47
      0.024     7.704   -23.26   16.79
    366.581     4.597    -8.48   14.86
    738.363     7.941     9.00   16.31
   1118.695    12.958    13.19   16.38
   1498.954    13.563     1.59   16.07
   1879.140    11.546    -5.30   16.42
   2259.255    10.783    -2.01   15.75
   2639.297    13.994     8.45   16.83
   3019.267    21.717    20.32   15.25
   3399.165    29.233    19.78    8.80
   3778.990    33.680    11.71    3.91
   4158.744    36.325     6.96    4.78
   4538.425    37.830     3.96    4.34
   4918.035    39.359     4.03    3.54
   5297.572    38.595    -2.01    4.94
   5677.038    38.516    -0.21    5.99
   6056.432    39.113     1.58    6.75
   6435.754    40.044     2.45    6.22
   6815.004    41.889     4.87    2.73
   7194.182    40.421    -3.87    2.95
   7573.289    37.913    -6.62    3.74
   7952.324    35.563    -6.20    3.78
   8331.287    33.956    -4.24    3.50
   8710.179    33.492    -1.22    2.84
   9088.999    33.093    -1.05    2.12
   9467.748    32.428    -1.75    1.38
   9846.425    32.115    -0.83    1.32
  10225.031    31.767    -0.92    1.50
  10603.566    31.504    -0.70    1.34
  10982.029    31.559     0.15    1.58
  11360.420    30.984    -1.52    1.63
  11738.741    30.522    -1.22    1.45
  12116.990    30.702     0.48    1.45
  12495.168    31.877     3.11    2.44
  12873.275    33.996     5.61    3.36
  13251.311    36.389     6.33    3.25
  13629.276    38.057     4.41    2.48
  14007.169    38.367     0.82    2.32
  14384.992    36.532    -4.86    3.43
  14762.744    34.227    -6.10    3.33
  15140.425    33.586    -1.70    3.29
  15518.035    34.151     1.50    3.87
  15895.574    36.898     7.28    4.92
  16273.042    35.880    -2.70   10.86
  16650.440    32.449    -9.09   15.10
  17027.767    26.551   -15.63   17.07
  17405.023    19.984   -17.41   14.10
  17782.209    15.420   -12.10    6.61
  18159.324    14.668    -1.99    4.42
  18536.368    17.416     7.29   10.90
  18913.342    22.826    14.35   18.16
  19290.246    33.901    29.38   21.49
  19667.079    43.880    26.48   20.19
  20043.841    53.680    26.01   15.45
  20420.533    62.189    22.59   10.24
  20797.155    74.258    32.05   14.38
  21173.707    88.627    38.16   20.37
  21550.189   104.569    42.35   22.26
  21926.600   116.534    31.79   16.55
  22302.941   122.627    16.19   11.48
  22679.212   123.839     3.22    9.53
  23055.413   126.610     7.36   10.40
  23431.544   128.886     6.05   12.19
  23807.604   129.615     1.94   14.01
  24183.595   127.077    -6.75   16.57
  24559.516   122.868   -11.19   17.20
  24935.367   116.947   -15.76   17.84
  25311.148   108.187   -23.31   16.76
  25686.860    99.742   -22.48   13.07
  26062.502    94.068   -15.10    8.20
  26438.073    92.902    -3.11    7.23
  26813.576    96.221     8.84    9.17
  27189.008    98.880     7.08    8.73
  27564.371    98.568    -0.83    8.00
  27939.664    95.322    -8.65    7.93
  28314.888    94.511    -2.16    6.50
  28690.043    97.670     8.42    8.49
  29065.127   104.344    17.79    9.99
  29440.143   111.031    17.83    7.13
  29815.089   113.872     7.58    3.66
  30189.966   115.115     3.32    2.68
  30564.773   115.578     1.24    3.20
  30939.511   117.017     3.84    3.18
  31314.180   117.284     0.71    3.28
  31688.780   116.981    -0.81    3.51
  32063.310   114.986    -5.32    3.83
  32437.772   110.590   -11.74    6.29
  32812.164   104.826   -15.40   10.07
  33186.487    95.880   -23.90   11.19
  33560.742    89.913   -15.94    8.11
  33934.927    90.320     1.09    9.35
  34309.043    96.187    15.68   12.06
  34683.091   104.699    22.75   10.36
  35057.070   109.681    13.32    5.60
  35430.979   110.862     3.16    4.11
  35804.821   111.320     1.22    4.16
  36178.593   112.069     2.01    4.17
  36552.297   111.517    -1.48    4.61
  36925.932   108.729    -7.46    6.84
  37299.498   103.729   -13.38    7.79
  37672.996    97.586   -16.45    5.07
  38046.425    96.029    -4.17    3.58
  38419.786    99.212     8.52    7.43
  38793.078   103.437    11.32    8.20
  39166.302   106.187     7.37    7.69
  39539.457   107.127     2.52    7.83
  39912.544   106.464    -1.78    7.61
  40285.563   105.341    -3.01    7.41
  40658.514   103.874    -3.93    7.17
  41031.396   101.308    -6.88    7.46
  41404.210    96.705   -12.34    8.92
  41776.956    90.068   -17.81    9.72
  42149.633    82.874   -19.30    8.18
  42522.243    78.247   -12.42    5.35
  42894.784    75.838    -6.47    2.59
  43267.258    76.504     1.79    3.08
  43639.664    77.956     3.90    3.96
  44012.001    79.261     3.50    4.93
  44384.271    80.790     4.11    4.71
  44756.473    81.525     1.97    3.88
  45128.607    83.224     4.57    3.46
  45500.673    84.871     4.42    4.37
  45872.671    87.404     6.81    5.14
  46244.602    88.826     3.82    4.88
  46616.465    90.176     3.63    3.75
  46988.260    91.054     2.36    3.65
  47359.988    90.821    -0.62    4.79
  47731.648    89.163    -4.46    6.05
  48103.241    87.802    -3.66    7.64
  48474.766    84.982    -7.59    8.49
  48846.224    80.615   -11.76    9.73
  49217.614    75.782   -13.01   10.20
  49588.937    70.970   -12.96    8.69
  49960.192    67.615    -9.04    6.10
  50331.380    66.020    -4.30    3.95
  50702.501    66.413     1.06    3.45
  51073.555    67.764     3.64    5.07
  51444.541    69.031     3.41    6.33
  51815.460    71.080     5.53    8.11
  52186.312    74.187     8.38   10.31
  52557.097    80.077    15.88   11.88
  52927.815    86.416    17.10   10.32
  53298.466    93.744    19.77    6.38
  53669.050    97.986    11.45    4.20
  54039.567    99.873     5.09    4.06
  54410.017   100.505     1.71    4.87
  54780.400   101.835     3.59    5.82
  55150.716   103.668     4.95    6.47
  55520.966   105.895     6.01    6.37
  55891.149   109.493     9.72    4.21
  56261.265   112.254     7.46    4.22
  56631.314   114.727     6.68    5.58
  57001.297   117.511     7.52    5.62
  57371.213   120.468     7.99    4.50
  57741.062   123.113     7.15    2.48
  58110.845   123.986     2.36    3.36
  58480.561   124.228     0.65    4.74
  58850.211   124.127    -0.27    4.76
  59219.794   124.497     1.00    3.96
  59589.311   125.292     2.15    2.88
  59958.762   126.781     4.03    2.58
  60328.146   129.468     7.27    4.06
  60697.464   131.597     5.76    4.14
  61066.716   133.163     4.24    3.45
  61435.901   133.806     1.74    2.60
  61805.020   133.476    -0.89    2.22
  62174.073   133.838     0.98    3.11
  62543.060   134.383     1.48    3.60
  62911.981   133.895    -1.32    4.02
  63280.836   132.597    -3.52    4.43
  63649.625   130.270    -6.31    4.12
  64018.347   128.395    -5.08    2.94
  64387.004   127.272    -3.05    2.91
  64755.595   126.826    -1.21    3.45
  65124.120   125.670    -3.14    4.52
  65492.579   123.127    -6.90    5.74
  65860.973   121.904    -3.32    6.20
  66229.300   121.102    -2.18    6.13
  66597.562   122.115     2.75    5.84
  66965.758   125.035     7.93    4.38
  67333.889   125.139     0.28    4.04
  67701.954   123.639    -4.08    5.26
  68069.953   122.476    -3.16    5.40
  68437.887   121.139    -3.63    5.67
  68805.755   121.586     1.22    6.15
  69173.558   119.843    -4.74    7.35
  69541.295   114.509   -14.50    9.28
  69908.967   109.423   -13.83    9.04
  70276.573   108.484    -2.55    8.56
  70644.114   111.371     7.85    9.40
  71011.590   115.310    10.72    8.44
  71379.000   117.407     5.71    7.61
  71746.346   116.700    -1.93    8.00
  72113.626   115.741    -2.61    8.28
  72480.840   114.235    -4.10    8.49
  72847.990   112.199    -5.55    8.51
  73215.075   110.493    -4.64    7.95
  73582.094   108.597    -5.17    6.20
  73949.049   107.443    -3.14    4.49
  74315.938   109.282     5.01    6.63
  74682.763   111.742     6.71    7.67
  75049.522   115.223     9.49    7.37
  75418.113   118.139     7.91    6.86
  75798.295   122.188    10.65    7.01
  76178.407   125.844     9.62    6.34
  76558.448   127.925     5.47    4.62
  76938.419   129.017     2.87    4.05
  77318.320   128.488    -1.39    4.72
  77698.150   128.688     0.52    5.18
  78077.910   131.346     7.00    6.15
  78457.600   133.669     6.12    7.12
  78837.220   136.590     7.69    6.68
  79216.769   138.877     6.02    5.92
  79596.249   141.402     6.65    6.52
  79975.658   144.398     7.90    6.07
  80354.997   146.962     6.76    4.69
  80734.267   149.508     6.71    4.95
  81113.466   150.767     3.32    4.70
  81492.596   151.359     1.56    3.81
  81871.656   151.412     0.14    4.12
  82250.645   150.210    -3.17    3.80
  82629.565   150.633     1.11    4.02
  83008.416   151.705     2.83    4.27
  83387.196   152.464     2.00    4.63
  83765.907   152.996     1.40    4.42
  84144.549   152.371    -1.65    4.62
  84523.120   152.237    -0.35    5.10
  84901.623   150.830    -3.71    5.06
  85280.055   148.907    -5.08    5.33
  85658.419   146.272    -6.97    5.46
  86036.712   145.633    -1.69    5.36
  86414.937   148.534     7.67    7.31
  86793.092   153.402    12.87    6.87
  87171.177   157.551    10.97    4.14
  87549.194   160.242     7.12    2.21
  87927.141   161.371     2.99    2.78
  88305.019   161.560     0.50    3.30
  88682.827   160.958    -1.59    3.57
  89060.567   159.581    -3.65    2.89
  89438.238   158.389    -3.15    2.41
  89815.839   157.777    -1.62    2.19
  90193.371   156.395    -3.66    2.68
  90570.835   155.003    -3.69    3.02
  90948.229   153.237    -4.68    3.43
  91325.555   150.981    -5.98    3.62
  91702.812   150.285    -1.84    3.05
  92080.000   150.322     0.10    3.48
  92457.119   151.468     3.04    4.01
  92834.169   152.597     2.99    4.00
  93211.151   153.602     2.67    3.73
  93588.063   154.115     1.36    4.02
  93964.908   152.962    -3.06    4.35
  94341.683   151.103    -4.93    4.03
  94718.391   149.434    -4.43    3.20
  95095.029   149.798     0.97    4.00
  95471.599   151.529     4.60    4.99
  95848.101   155.404    10.29    5.88
  96224.534   158.536     8.32    3.78
  96600.899   159.464     2.47    2.76
  96977.195   159.568     0.27    2.73
  97353.423   159.484    -0.22    3.17
  97729.583   159.342    -0.38    3.42
  98105.675   157.016    -6.18    5.03
  98481.698   153.777    -8.61    5.36
  98857.654   151.316    -6.55    5.69
  99233.541   150.300    -2.70    5.43
  99609.360   149.324    -2.59    4.98
  99985.111   149.322    -0.01    5.17
 100360.794   148.712    -1.62    4.75
 100736.409   147.785    -2.47    3.74
 101111.956   147.344    -1.18    3.01
 101487.435   145.737    -4.28    2.85
 101862.847   144.663    -2.86    3.12
 102238.190   143.892    -2.05    4.26
 102613.466   142.712    -3.14    5.53
 102988.674   143.003     0.78    6.28
 103363.814   143.534     1.41    6.71
 103738.887   141.590    -5.18    7.14
 104113.892   140.201    -3.70    6.44
 104488.829   139.003    -3.19    5.14
 104863.699   138.932    -0.19    4.68
 105238.501   138.561    -0.99    5.13
 105613.236   137.645    -2.44    5.08
 105987.903   138.910     3.38    6.42
 106362.503   141.665     7.35    7.99
 106737.035   146.250    12.24    8.04
 107111.501   149.899     9.74    7.22
 107485.898   153.758    10.31    7.29
 107860.229   157.835    10.89    6.83
 108234.492   162.285    11.89    7.49
 108608.688   166.230    10.54    7.00
 108982.817   167.316     2.90    5.66
 109356.879   166.942    -1.00    5.24
 109730.874   165.621    -3.53    4.54
 110104.801   165.088    -1.43    3.84
 110478.662   166.115     2.75    3.15
 110852.455   167.011     2.40    2.72
 111226.182   166.359    -1.75    2.99
 111599.842   165.060    -3.47    2.57
 111973.434   164.993    -0.18    2.20
 112346.960   166.203     3.24    3.34
 112720.420   168.651     6.55    4.41
 113093.812   170.968     6.20    3.72
 113467.138   172.359     3.72    3.05
 113840.397   172.490     0.35    2.69
 114213.589   171.437    -2.82    2.88
 114586.715   169.734    -4.56    3.48
 114959.774   168.364    -3.67    3.46
 115332.766   167.889    -1.27    3.61
 115705.692   168.798     2.44    3.97
 116078.552   170.278     3.97    3.76
 116451.345   171.016     1.98    3.97
 116824.071   171.716     1.88    4.51
 117196.732   172.139     1.14    5.09
 117569.326   172.747     1.63    5.61
 117941.853   172.452    -0.79    6.03
 118314.314   172.319    -0.36    5.73
 118686.710   172.682     0.98    4.64
 119059.038   173.327     1.73    3.42
 119431.301   174.199     2.34    2.71
 119803.498   175.702     4.04    2.71
 120175.628   178.077     6.38    4.08
 120547.693   180.739     7.16    4.08
 120919.691   181.235     1.33    3.81
 121291.623   180.777    -1.23    4.49
 121663.490   177.830    -7.92    6.47
 122035.290   174.908    -7.86    7.47
 122407.025   172.700    -5.94    7.50
 122778.694   169.215    -9.38    6.54
 123150.297   166.717    -6.72    4.75
 123521.834   165.190    -4.11    4.40
 123893.306   163.546    -4.42    3.85
 124264.711   162.392    -3.11    3.85
 124636.051   162.115    -0.75    3.48
 125007.326   162.389     0.74    3.10
 125378.535   162.627     0.64    2.40
 125749.678   164.519     5.10    2.94
 126120.756   167.496     8.02    3.77
 126491.768   170.626     8.44    4.18
 126862.715   174.127     9.44    4.78
 127233.596   177.350     8.69    4.15
 127604.412   179.737     6.44    3.53
 127975.162   181.762     5.46    2.87
 128345.848   182.700     2.53    2.39
 128716.468   183.178     1.29    2.43
 129087.022   183.880     1.89    2.56
 129457.512   184.718     2.26    3.00
 129827.936   185.460     2.00    3.20
 130198.295   185.994     1.44    3.02
 130568.589   186.043     0.13    2.93
 130938.818   185.179    -2.33    2.84
 131308.982   184.077    -2.97    2.66
 131679.081   183.165    -2.47    2.56
 132049.115   181.855    -3.54    3.43
 132419.084   180.731    -3.04    3.78
 132788.988   179.822    -2.46    3.60
 133158.827   178.814    -2.72    3.22
 133528.601   178.079    -1.99    2.86
 133898.310   177.468    -1.65    2.58
 134267.955   177.989     1.41    3.17
 134637.535   179.421     3.87    4.65
 135007.050   182.830     9.22    6.83
 135376.501   187.088    11.53    8.00
 135745.887   193.337    16.91    9.52
 136115.208   196.607     8.86    8.29
 136484.465   196.386    -0.60    7.82
 136853.657   194.464    -5.21    7.24
 137222.785   192.822    -4.45    4.42
 137591.848   195.090     6.14    6.61
 137960.847   202.352    19.68    9.74
 138329.781   207.814    14.80    8.70
 138698.651   211.090     8.88    6.60
 139067.457   210.781    -0.84    7.02
 139436.199   207.658    -8.47    6.63
 139804.876   205.777    -5.10    4.20
 140173.489   207.152     3.73    4.73
 140542.037   211.651    12.21    6.58
 140910.522   216.739    13.81    6.43
 141278.942   221.509    12.95    6.52
 141647.299   226.759    14.25    6.71
 142015.591   230.485    10.11    5.19
 142383.819   232.506     5.49    3.14
 142751.983   232.091    -1.13    3.48
 143120.084   231.127    -2.62    3.66
 143488.120   231.227     0.27    3.67
 143856.092   230.652    -1.56    3.80
 144224.001   230.127    -1.43    4.26
 144591.846   229.191    -2.54    4.80
 144959.627   228.065    -3.06    3.80
 145327.344   228.744     1.85    3.91
 145694.997   229.090     0.94    4.55
 146062.587   230.049     2.61    5.67
 146430.113   229.505    -1.48    7.25
 146797.576   229.177    -0.89    8.89
 147164.975   229.552     1.02    9.64
 147532.310   226.364    -8.68   12.49
 147899.582   221.139   -14.22   13.66
 148266.790   213.464   -20.90   12.32
 148633.935   205.090   -22.81    8.44
 149001.016   199.536   -15.13    6.33
 149368.034   195.464   -11.09    5.07
 149734.989   192.115    -9.13    4.55
 150101.880   189.695    -6.60    4.14
 150480.678   188.298    -3.69    3.41
 150860.646   189.439     3.00    3.97
 151240.545   192.014     6.78    4.97
 151620.375   195.608     9.46    5.44
 152000.138   199.329     9.80    5.78
 152379.831   201.237     5.02    4.82
 152759.457   200.032    -3.17    6.53
 153139.014   198.212    -4.79    7.36
 153518.503   199.705     3.93   10.17
 153897.923   211.066    29.94   19.05
 154277.275   224.329    34.96   17.42
 154656.559   232.917    22.64   10.38
 155035.775   235.883     7.82    6.18
 155414.923   233.460    -6.39    6.46
 155794.002   231.201    -5.96    5.62
 156173.014   229.571    -4.30    4.45
 156551.957   229.189    -1.01    2.99
 156930.833   229.819     1.66    2.56
 157309.641   229.793    -0.07    2.59
 157688.380   230.354     1.48    3.37
 158067.052   230.176    -0.47    4.18
 158445.656   230.534     0.95    4.60
 158824.192   231.188     1.73    4.41
 159202.661   231.659     1.24    3.88
 159581.061   232.468     2.14    3.23
 159959.394   233.886     3.75    3.40
 160337.660   234.954     2.82    3.07
 160715.857   234.539    -1.10    3.33
 161093.988   233.789    -1.98    3.55
 161472.050   232.225    -4.14    3.12
 161850.045   231.929    -0.78    2.84
 162227.973   232.200     0.72    2.88
 162605.833   234.652     6.49    5.08
 162983.626   238.689    10.69    6.87
 163361.351   241.602     7.71    6.64
 163739.009   242.541     2.49    5.71
 164116.600   240.685    -4.92    6.28
 164494.124   238.395    -6.06    5.46
 164871.580   239.521     2.98    7.84
 165248.969   248.275    23.19   15.77
 165626.291   257.152    23.52   15.98
 166003.546   266.922    25.89   12.52
 166380.734   272.987    16.08    8.88
 166757.855   274.314     3.52    7.23
 167134.908   275.772     3.87    5.26
 167511.895   275.464    -0.82    3.82
 167888.815   274.552    -2.42    2.53
 168265.668   272.682    -4.96    2.96
 168642.454   268.991    -9.80    5.76
 169019.173   266.267    -7.23    6.28
 169395.826   264.831    -3.81    5.61
 169772.412   266.002     3.11    5.38
 170148.931   269.287     8.73    4.78
 170525.383   273.456    11.07    3.52
 170901.769   278.252    12.74    6.43
 171278.088   282.477    11.23    7.24
 171654.340   284.920     6.49    6.05
 172030.526   285.243     0.86    7.19
 172406.646   280.213   -13.37   10.74
 172782.699   275.071   -13.67    9.89
 173158.685   272.615    -6.53    9.54
 173534.605   271.396    -3.24    9.72
 173910.459   270.164    -3.28    8.84
 174286.247   265.178   -13.27   10.15
 174661.968   257.005   -21.75   11.68
 175037.623   250.178   -18.17    7.38
 175413.211   249.727    -1.20    6.14
 175788.734   253.607    10.33    7.82
 176164.190   259.663    16.13    9.04
 176539.580   266.327    17.75    9.70
 176914.904   271.439    13.62    9.76
 177290.163   275.370    10.47    6.85
 177665.355   276.344     2.60    5.03
 178040.481   274.151    -5.84    4.67
 178415.541   273.151    -2.67    4.51
 178790.535   273.176     0.07    4.83
 179165.464   272.405    -2.06    5.16
 179540.326   268.939    -9.24    7.55
 179915.123   264.802   -11.04    7.59
 180289.854   260.420   -11.69    5.48
 180664.519   257.493    -7.81    4.74
 181039.119   257.627     0.36    5.31
 181413.652   259.646     5.39    7.44
 181788.121   263.714    10.86   10.04
 182162.523   270.230    17.40   10.52
 182536.860   276.979    18.03   10.52
 182911.132   283.295    16.87   10.05
 183285.338   288.907    15.00    9.80
 183659.479   295.034    16.37    6.68
 184033.554   298.559     9.42    3.97
 184407.564   299.205     1.73    3.40
 184781.508   295.456   -10.02    7.17
 185155.387   289.402   -16.19    9.08
 185529.201   281.435   -21.31   10.33
 185902.950   277.021   -11.81    9.67
 186276.633   277.895     2.34    9.97
 186650.251   282.229    11.60   11.03
 187023.804   286.781    12.18    8.33
 187397.292   286.734    -0.13    9.35
 187770.715   281.914   -12.91   13.21
 188144.073   275.827   -16.30   13.81
 188517.366   267.880   -21.29   15.20
 188890.593   257.620   -27.48   16.18
 189263.756   250.954   -17.86   12.95
 189636.854   245.716   -14.04    7.73
 190009.887   244.439    -3.42    6.39
 190382.856   241.242    -8.57    9.24
 190755.759   235.589   -15.16   11.12
 191128.598   227.025   -22.97    9.00
 191501.372   221.497   -14.83    5.55
 191874.081   219.439    -5.52    3.65
 192246.726   217.989    -3.89    3.01
 192619.305   216.344    -4.41    3.06
 192991.821   215.139    -3.23    2.89
 193364.272   213.312    -4.90    2.54
 193736.658   212.312    -2.68    2.36
 194108.980   216.389    10.95    8.64
 194481.237   223.614    19.41   12.78
 194853.430   231.831    22.07   12.44
 195225.558   236.497    12.54   10.89
 195597.622   239.497     8.06   11.33
 195969.622   241.509     5.41   11.36
 196341.557   243.689     5.86   10.42
 196713.428   245.421     4.66    8.79
 197085.235   246.447     2.76    9.40
 197456.978   247.485     2.79    9.83
 197828.657   249.472     5.35    9.33
 198200.271   251.460     5.35    7.16
 198571.821   252.848     3.73    4.50
 198943.308   252.399    -1.21    5.12
 199314.730   251.947    -1.22    5.67
 199686.088   252.016     0.19    5.53
 200057.382   252.324     0.83    5.08
 200428.613   253.337     2.73    3.66
 200799.779   255.063     4.65    2.89
 201170.882   255.996     2.51    3.22
 201541.921   257.062     2.87    3.80
 201912.895   259.114     5.53    4.20
 202283.807   261.423     6.22    4.27
 202654.654   264.460     8.19    5.63
 203025.438   267.225     7.46    5.46
 203396.158   269.282     5.55    4.81
 203766.814   270.516     3.33    4.09
 204137.407   271.201     1.85    3.44
 204507.936   272.275     2.90    2.44
 204878.402   273.102     2.23    1.76
 205248.804   273.423     0.87    1.95
 205619.143   274.678     3.39    3.49
 205989.419   277.421     7.41    5.12
 206359.631   280.772     9.05    4.87
 206729.779   283.275     6.76    3.65
 207099.864   284.781     4.07    2.62
 207469.886   285.012     0.63    2.40
 207839.845   285.405     1.06    3.03
 208209.740   286.594     3.21    4.06
 208579.572   287.506     2.47    4.80
 208949.341   289.063     4.21    5.67
 209319.047   289.904     2.28    5.81
 209688.690   287.810    -5.67    6.77
 210058.270   284.291    -9.52    8.55
 210427.787   278.934   -14.49    9.95
 210797.240   274.402   -12.27    8.10
 211166.631   271.344    -8.28    6.05
 211535.959   270.407    -2.54    4.37
 211905.223   268.493    -5.18    4.10
 212274.425   265.477    -8.17    5.14
 212643.564   263.152    -6.30    4.52
 213012.641   261.589    -4.23    3.70
 213381.654   259.639    -5.28    4.08
 213750.605   257.734    -5.16    6.11
 214119.493   256.918    -2.21    8.60
 214488.318   256.859    -0.16    9.29
 214857.081   257.504     1.75    9.24
 215225.781   257.189    -0.85    8.24
 215594.418   254.288    -7.87    8.70
 215962.993   247.275   -19.02   12.22
 216331.505   235.899   -30.86   14.70
 216699.955   225.361   -28.60   13.03
 217068.343   215.801   -25.95    8.71
 217436.668   207.777   -21.78    9.70
 217804.930   200.531   -19.67   11.52
 218173.130   195.522   -13.60    9.64
 218541.268   192.853    -7.25    7.17
 218909.344   196.202     9.10    9.62
 219277.357   203.994    21.17   11.65
 219645.308   212.164    22.20   10.97
 220013.197   217.665    14.95    9.49
 220381.024   220.696     8.24    7.67
 220748.788   223.434     7.44    6.21
 221116.491   224.053     1.68    5.60
 221484.131   223.101    -2.59    4.71
 221851.709   223.152     0.14    3.94
 222219.226   224.271     3.04    4.52
 222586.680   228.485    11.47    6.81
 222954.072   234.489    16.34    8.33
 223321.403   242.571    22.00   10.31
 223688.671   251.114    23.26   11.53
 224055.878   260.690    26.07   11.42
 224423.023   267.873    19.56    9.28
 224790.106   273.075    14.17    7.29
 225165.886   275.678     6.92    7.59
 225545.712   276.114     1.15    7.93
 225925.472   274.596    -4.00    7.27
 226305.165   269.063   -14.57   10.19
 226684.792   261.665   -19.48   13.65
 227064.352   253.477   -21.57   14.03
 227443.845   249.552   -10.34   11.87
 227823.272   252.377     7.44   15.82
 228202.632   252.415     0.10   19.73
 228581.926   256.278    10.18   18.12
 228961.153   259.179     7.65   16.96
 229340.314   266.489    19.28   18.02
 229719.408   279.754    34.99   15.39
 230098.436   288.190    22.25   11.56
 230477.398   290.577     6.30    8.92
 230856.294   286.732   -10.15   11.98
 231235.123   277.827   -23.50   13.89
 231613.887   270.659   -18.92   12.03
 231992.584   264.964   -15.03   13.08
 232371.215   261.100   -10.20   14.64
 232749.780   252.917   -21.61   15.30
 233128.278   242.369   -27.86   13.16
 233506.711   236.126   -16.49   12.28
 233885.078   231.744   -11.58   10.09
 234263.379   229.014    -7.22   10.39
 234641.614   225.269    -9.90   10.91
 235019.783   221.877    -8.97   10.42
 235397.886   217.334   -12.01   10.95
 235775.924   211.302   -15.95   15.02
 236153.895   204.608   -17.71   16.76
 236531.801   198.785   -15.41   16.64
 236909.641   194.696   -10.82   18.40
 237287.416   194.254    -1.17   22.52
 237665.125   193.764    -1.30   22.74
 238042.768   190.429    -8.83   21.32
 238420.346   183.264   -18.97   20.35
 238797.858   174.206   -23.99   19.04
 239175.305   167.489   -17.79   15.00
 239552.686   167.761     0.72   16.77
 239930.002   180.027    32.50   28.25
 240307.252   187.060    18.64   29.25
 240684.437   179.785   -19.29   32.04
 241061.557   162.126   -46.81   28.67
 241438.612   147.300   -39.31   16.00
 241815.601   144.114    -8.45   12.10
 242192.525   155.076    29.08   23.23
 242569.383   174.190    50.71   28.24
 242946.177   191.503    45.94   25.93
 243322.905   206.747    40.46   19.99
 243699.569   217.588    28.78   18.88
 244076.167   230.911    35.37   21.57
 244452.701   244.775    36.81   20.79
 244829.169   253.435    23.00   15.81
 245205.572   258.599    13.71   10.37
 245581.911   256.016    -6.86   10.42
 245958.184   248.571   -19.78   11.31
 246334.393   239.477   -24.17   17.29
 246710.537   226.100   -35.55   18.05
 247086.616   214.278   -31.43   15.88
 247462.630   201.863   -33.01   10.67
 247838.580   194.139   -20.54    7.96
 248214.465   188.601   -14.73    7.09
 248590.285   186.569    -5.40    5.65
 248966.041   193.383    18.13   15.35
 249341.732   207.752    38.24   23.03
 249717.359   227.452    52.43   24.32
 250092.921   243.203    41.93   17.36
 250468.418   248.873    15.10   10.49
 250843.851   244.101   -12.71   15.03
 251219.220   234.114   -26.60   16.07
 251594.524   227.718   -17.04   10.74
 251969.764   231.000     8.74   12.97
 252344.940   241.974    29.25   16.82
 252720.051   255.114    35.02   14.59
 253095.098   261.734    17.65    9.63
 253470.081   259.527    -5.88   11.49
 253845.000   252.761   -18.04   11.28
 254219.855   247.427   -14.23   11.00
 254594.645   242.301   -13.67   11.57
 254969.372   237.568   -12.63    9.40
 255344.034   235.806    -4.70    7.07
 255718.632   236.835     2.75    6.92
 256093.167   239.526     7.18    5.38
 256467.637   240.539     2.71    3.80
 256842.043   240.006    -1.42    3.67
 257216.386   238.742    -3.38    3.83
 257590.665   236.408    -6.23    4.69
 257964.880   234.752    -4.43    4.83
 258339.031   232.895    -4.96    5.82
 258713.118   230.754    -5.72    6.01
 259087.142   228.679    -5.55    5.60
 259461.102   227.269    -3.77    4.99
 259834.998   225.152    -5.66    5.27
 260208.831   223.531    -4.33    5.93
 260582.600   221.502    -5.43    5.38
 260956.305   219.342    -5.78    3.50
 261329.947   218.840    -1.34    2.99
 261703.526   220.889     5.48    5.89
 262077.041   224.789    10.44    7.65
 262450.493   228.752    10.61    6.79
 262823.881   231.848     8.29    5.50
 263197.206   233.575     4.63    5.30
 263570.468   232.788    -2.11    5.34
 263943.666   232.152    -1.70    5.29
 264316.801   231.911    -0.65    4.49
 264689.873   233.071     3.11    5.52
 265062.881   236.414     8.96    5.75
 265435.827   238.815     6.44    4.66
 265808.709   237.759    -2.83    5.04
 266181.528   234.046    -9.96    5.82
 266554.284   227.996   -16.23    7.77
 266926.977   220.869   -19.12    7.58
 267299.607   215.389   -14.70    6.60
 267672.175   210.016   -14.42    6.29
 268044.679   203.214   -18.26    7.99
 268417.120   195.639   -20.33    9.90
 268789.498   188.025   -20.44   11.99
 269161.814   180.699   -19.67   13.17
 269534.067   175.490   -13.99   12.41
 269906.257   173.517    -5.30   11.51
 270278.384   174.564     2.81   11.64
 270650.448   181.366    18.28   11.77
 271022.450   190.202    23.75   11.12
 271394.389   198.806    23.13    9.67
 271766.266   204.985    16.61    6.71
 272138.080   209.216    11.38    3.38
 272509.831   210.516     3.50    2.92
 272881.520   210.481    -0.09    3.09
 273253.147   210.202    -0.75    2.89
 273624.711   210.074    -0.35    2.22
 273996.212   209.927    -0.40    1.59
 274367.651   208.059    -5.03    4.08
 274739.028   204.293   -10.14    5.93
 275110.342   200.562   -10.05    5.02
 275481.595   198.373    -5.90    3.13
 275852.784   196.308    -5.56    3.54
 276223.912   193.620    -7.24    5.79
 276594.978   190.165    -9.31    7.07
 276965.981   185.253   -13.24    8.80
 277336.922   178.665   -17.76   12.22
 277707.801   172.282   -17.21   15.48
 278078.618   163.178   -24.55   16.98
 278449.373   153.531   -26.01   16.80
 278820.066   142.985   -28.44   13.70
 279190.696   135.049   -21.41   10.47
 279561.265   129.204   -15.77    8.75
 279931.772   127.152    -5.54    9.33
 280302.217   127.271     0.32   10.71
 280672.601   127.892     1.68   11.52
 281042.922   127.985     0.25   10.62
 281413.182   124.038   -10.66   11.99
 281783.380   113.460   -28.57   15.01
 282153.516   102.762   -28.89   13.96
 282523.590    91.573   -30.23   17.88
 282893.603    79.239   -33.33   26.38
 283263.554    64.402   -40.10   29.12
 283633.444    55.626   -23.72   24.96
 284003.271    49.412   -16.80   13.57
 284373.038    52.683     8.85   14.44
 284742.743    53.472     2.13   14.50
 285112.386    49.562   -10.58   14.64
 285481.968    41.771   -21.08   10.61
 285851.489    37.531   -11.47    2.73
 286220.948    37.139    -1.06    0.00
 286590.345    37.139     0.00    0.00
 286959.682    37.139     0.00    0.00
 287328.957    37.139     0.00    0.00
 287698.171    38.203     2.88    5.38
 288067.323    47.575    25.38   21.60
 288436.415    70.152    61.16   42.46
 288805.445    98.215    76.03   49.72
 289174.414   130.376    87.14   45.47
 289543.322   154.589    65.62   39.24
 289912.169   170.592    43.38   37.61
 290280.955   178.685    21.94   32.59
 290649.680   182.652    10.76   27.77
 291018.344   188.399    15.58   22.80
 291386.947   197.977    25.98   21.71
 291755.488   208.481    28.49   23.45
 292123.970   222.701    38.58   20.72
 292492.390   234.327    31.55   18.45
 292860.749   240.261    16.11   13.44
 293229.048   240.468     0.56   13.41
 293597.285   235.550   -13.35   17.49
 293965.462   221.646   -37.76   22.29
 294333.579   206.931   -39.96   20.93
 294701.634   204.747    -5.93   19.30
 295069.629   211.612    18.65   23.33
 295437.564   222.602    29.86   19.91
 295805.437   229.833    19.65   13.23
 296173.250   222.652   -19.52   18.52
 296541.003   212.653   -27.18   17.22
 296908.695   212.451    -0.55   15.50
 297276.327   215.318     7.80   14.66
 297643.898   221.943    18.02   13.81
