-197145.555   177.882     0.00    5.56
-196770.467   177.847    -0.09    6.07
-196395.445   181.472     9.67    7.54
-196020.489   185.298    10.21    6.90
-195645.598   187.978     7.15    4.78
-195270.774   188.395     1.11    3.72
-194896.015   188.411     0.04    4.41
-194521.322   190.123     4.57    6.18
-194146.694   194.803    12.49    7.29
-193772.132   200.400    14.94    5.56
-193397.636   205.341    13.20    6.81
-193023.205   210.229    13.06    7.67
-192648.840   215.160    13.17    7.04
-192274.540   218.754     9.60    4.41
-191900.306   217.041    -4.58    6.43
-191526.137   211.834   -13.92    9.37
-191152.033   204.703   -19.06    9.41
-190777.995   197.352   -19.66    6.27
-190404.022   192.777   -12.23    4.89
-190030.114   189.247    -9.44    4.63
-189656.271   185.234   -10.74    6.33
-189282.494   178.159   -18.93   10.31
-188908.782   170.178   -21.36   11.87
-188535.135   162.653   -20.14    9.54
-188161.553   159.962    -7.20   10.09
-187788.036   158.070    -5.07   10.33
-187414.584   156.246    -4.88    7.75
-187041.197   154.804    -3.86    4.19
-186667.875   154.778    -0.07    2.72
-186294.618   157.804     8.11    5.47
-185921.426   163.228    14.54    7.46
-185548.299   169.617    17.12    7.81
-185175.237   175.802    16.58    8.22
-184802.239   181.779    16.03    8.68
-184429.306   185.664    10.42    8.10
-184056.438   187.399     4.65    6.90
-183683.634   188.259     2.31    6.65
-183310.895   189.851     4.27    7.57
-182938.221   191.828     5.30    7.34
-182565.612   192.651     2.21    7.48
-182193.066   191.792    -2.31    8.81
-181820.586   188.382    -9.16    8.88
-181448.170   186.316    -5.55    8.41
-181075.818   185.012    -3.50    8.38
-180703.531   182.310    -7.26    9.64
-180331.308   174.228   -21.72   12.67
-179959.149   165.651   -23.05   12.04
-179587.055   160.216   -14.61    8.40
-179215.025   162.553     6.28   12.26
-178843.060   171.999    25.40   17.55
-178471.158   184.222    32.87   15.85
-178099.321   190.741    17.53   10.94
-177727.548   188.292    -6.59   12.86
-177355.839   181.678   -17.80   12.54
-176984.194   177.753   -10.56    9.12
-176612.613   177.222    -1.43    6.10
-176241.096   176.728    -1.33    6.76
-175869.643   172.541   -11.28    9.81
-175498.254   167.741   -12.92    9.82
-175126.929   164.956    -7.50    6.87
-174755.668   166.538     4.26    7.08
-174384.470   170.469    10.59    6.19
-174013.337   174.716    11.44    5.59
-173642.267   177.991     8.83    5.49
-173271.261   179.074     2.92    4.98
-172900.319   177.424    -4.45    5.82
-172529.440   174.869    -6.89    5.73
-172158.625   171.407    -9.34    5.30
-171787.874   170.690    -1.93    5.00
-171417.186   173.045     6.35    7.01
-171046.562   176.421     9.11    8.09
-170676.001   180.576    11.22    6.65
-170305.504   182.222     4.44    4.99
-169935.070   180.506    -4.63    5.87
-169564.700   177.032    -9.38    7.46
-169194.393   172.197   -13.06    6.49
-168824.149   170.053    -5.79    4.24
-168453.969   169.146    -2.45    3.62
-168083.852   169.766     1.68    3.65
-167713.798   170.197     1.16    3.38
-167343.807   170.991     2.14    3.85
-166973.880   173.095     5.69    3.90
-166604.016   175.248     5.82    4.58
-166234.215   178.639     9.17    5.52
-165864.477   181.765     8.46    6.17
-165494.802   184.962     8.65    5.36
-165125.190   187.185     6.01    3.86
-164755.641   188.041     2.32    3.20
-164386.155   186.549    -4.04    3.89
-164016.732   183.677    -7.78    4.83
-163647.372   181.357    -6.28    3.90
-163278.074   179.361    -5.40    5.85
-162908.840   176.814    -6.90    7.66
-162539.668   172.614   -11.38    9.27
-162170.559   167.690   -13.34    8.89
-161801.513   160.318   -19.98    8.30
-161432.530   154.591   -15.52    8.39
-161063.609   148.600   -16.24    7.18
-160694.751   144.203   -11.92    6.37
-160325.955   139.741   -12.10    7.29
-159957.222   135.366   -11.87    8.73
-159588.552   130.334   -13.65    8.44
-159219.944   123.916   -17.41    8.45
-158851.398   117.373   -17.75    8.48
-158482.915   111.903   -14.85    8.32
-158114.495   105.808   -16.55    4.95
-157746.136   103.728    -5.65    3.33
-157377.841   102.959    -2.09    2.25
-157009.607   104.913     5.31    4.10
-156641.436   108.932    10.92    7.17
-156273.327   115.209    17.06   10.35
-155905.280   123.531    22.61   12.16
-155537.295   135.066    31.35   12.43
-155169.373   144.107    24.58   12.37
-154801.512   153.428    25.34   14.63
-154433.714   162.806    25.50   15.23
-154065.978   174.066    30.62   14.62
-153698.304   184.551    28.52   13.08
-153330.692   193.441    24.18   11.80
-152963.142   198.933    14.95   10.73
-152595.653   205.146    16.91    9.69
-152228.227   209.331    11.39    7.79
-151860.862   211.133     4.91    5.47
-151493.560   208.943    -5.96    7.33
-151126.319   201.444   -20.42   12.08
-150758.724   192.678   -23.85   13.23
-150378.738   185.395   -19.17   10.02
-149998.819   186.729     3.51   12.77
-149618.966   196.466    25.64   17.44
-149239.180   209.492    34.30   14.76
-148859.460   221.378    31.31   10.64
-148479.807   230.107    23.00    8.50
-148100.221   235.578    14.41    6.31
-147720.701   239.544    10.45    4.69
-147341.247   240.516     2.56    4.34
-146961.861   240.485    -0.08    4.92
-146582.540   239.087    -3.68    5.24
-146203.286   236.453    -6.95    6.25
-145824.098   236.098    -0.94    8.14
-145444.976   236.703     1.60    9.13
-145065.921   232.176   -11.94   14.37
-144686.932   217.153   -39.64   26.19
-144308.009   203.373   -36.37   22.42
-143929.153   202.296    -2.84   20.65
-143550.362   209.531    19.10   22.97
-143171.638   225.062    41.01   19.59
-142792.980   237.270    32.24   12.11
-142414.387   240.541     8.64    8.94
-142035.861   236.650   -10.28   14.27
-141657.401   228.500   -21.54   17.77
-141279.006   220.869   -20.17   17.00
-140900.678   218.716    -5.69   19.32
-140522.415   219.753     2.74   23.32
-140144.218   223.562    10.07   22.52
-139766.087   227.298     9.88   17.76
-139388.022   223.959    -8.83   16.18
-139010.022   214.591   -24.79   16.03
-138632.088   210.094   -11.90   12.97
-138254.220   214.690    12.16   17.22
-137876.417   223.992    24.62   16.95
-137498.680   234.178    26.97   10.68
-137121.008   241.283    18.81    5.77
-136743.402   241.053    -0.61    9.65
-136365.862   236.308   -12.57   14.07
-135988.387   228.741   -20.05   13.30
-135610.977   226.171    -6.81   12.94
-135233.633   229.278     8.23   14.10
-134856.354   235.305    15.98   11.75
-134479.140   242.560    19.23   10.13
-134101.992   248.628    16.09   11.45
-133724.908   253.360    12.55   11.22
-133347.890   258.437    13.47    9.59
-132970.938   259.893     3.86   10.03
-132594.050   251.931   -21.13   16.11
-132217.227   243.249   -23.04   16.01
-131840.470   235.530   -20.49   13.01
-131463.777   228.839   -17.77   10.49
-131087.150   220.628   -21.80   15.26
-130710.587   207.243   -35.55   20.50
-130334.090   182.216   -66.48   32.32
-129957.657   161.369   -55.38   27.84
-129581.289   157.766    -9.57   25.88
-129204.986   167.316    25.38   32.95
-128828.748   188.828    57.18   35.53
-128452.575   217.092    75.14   33.18
-128076.466   234.261    45.65   25.83
-127700.422   243.253    23.91   14.64
-127324.443   241.753    -3.99   13.68
-126948.528   236.070   -15.12   11.19
-126572.678   232.066   -10.65    9.05
-126196.892   228.816    -8.65   10.86
-125821.171   226.472    -6.24   11.92
-125445.515   222.070   -11.72   10.66
-125069.923   218.062   -10.67   10.32
-124694.395   214.508    -9.46    9.55
-124318.932   212.422    -5.56    8.97
-123943.533   207.716   -12.54    9.36
-123568.198   203.297   -11.77    9.65
-123192.928   199.802    -9.31    8.23
-122817.722   197.053    -7.33    5.27
-122442.580   196.146    -2.42    6.18
-122067.503   193.521    -7.00   10.87
-121692.489   185.513   -21.36   13.51
-121317.540   178.316   -19.20   10.82
-120942.655   173.391   -13.14    8.13
-120567.834   168.587   -12.82    8.35
-120193.077   165.602    -7.97    9.50
-119818.384   162.382    -8.59    8.58
-119443.754   162.007    -1.00    7.27
-119069.189   162.148     0.38    8.19
-118694.688   162.453     0.82    8.63
-118320.250   162.331    -0.33    7.58
-117945.877   165.031     7.21    8.79
-117571.567   169.019    10.66    9.73
-117197.321   172.170     8.42    8.31
-116823.138   168.612    -9.51   11.59
-116449.020   162.280   -16.93   11.11
-116074.965   156.357   -15.84    8.58
-115700.973   151.001   -14.32    9.08
-115327.046   145.766   -14.00   11.85
-114953.182   142.216    -9.50   11.45
-114579.381   152.253    26.86   29.16
-114205.644   161.084    23.63   34.66
-113831.970   168.931    21.00   34.86
-113458.360   174.321    14.43   32.87
-113084.813   168.818   -14.73   29.21
-112711.330   162.634   -16.56   29.26
-112337.909   155.691   -18.60   27.26
-111964.553   147.757   -21.25   24.25
-111591.259   143.528   -11.33   22.43
-111218.029   140.107    -9.17   19.89
-110844.862   135.040   -13.58   14.63
-110471.758   132.531    -6.72   11.52
-110098.717   128.323   -11.28    9.51
-109725.739   125.929    -6.42    8.34
-109352.825   121.728   -11.27    7.48
-108979.973   118.569    -8.47    7.42
-108607.185   117.803    -2.05   11.31
-108234.459   116.676    -3.03   14.46
-107861.797   113.254    -9.18   13.18
-107489.197   110.994    -6.07   10.18
-107116.660   109.062    -5.19    8.84
-106744.186   108.216    -2.27    8.65
-106371.775   107.753    -1.24    7.44
-105999.427   106.510    -3.34    5.63
-105627.141   106.640     0.35    4.37
-105254.919   108.216     4.23    4.40
-104882.758   109.766     4.17    5.12
-104510.661   112.895     8.41    7.69
-104138.626   116.118     8.66    8.02
-103766.654   118.300     5.87    7.93
-103394.744   117.272    -2.76   10.05
-103022.897   114.887    -6.42   12.95
-102651.112   112.241    -7.12   12.55
-102279.390   112.430     0.51   10.84
-101907.731   117.978    14.93   12.47
-101536.133   122.291    11.61   11.99
-101164.598   123.267     2.63    7.00
-100793.126   124.446     3.18    6.04
-100421.715   126.910     6.63    7.85
-100050.367   128.531     4.37    8.27
 -99679.082   129.360     2.23    8.31
 -99307.858   130.421     2.86    8.34
 -98936.697   132.428     5.41    8.70
 -98565.597   135.741     8.93    7.42
 -98194.560   135.943     0.55    7.58
 -97823.585   133.378    -6.92    9.24
 -97452.672   131.689    -4.55    8.85
 -97081.822   131.176    -1.38    8.56
 -96711.033   134.071     7.81    8.01
 -96340.306   136.716     7.13    6.65
 -95969.641   137.108     1.06    6.36
 -95599.038   135.893    -3.28    6.28
 -95228.496   130.866   -13.57   10.07
 -94858.017   120.754   -27.29   14.55
 -94487.599   109.910   -29.28   16.69
 -94117.244    92.988   -45.70   18.99
 -93746.949    78.189   -39.97   18.50
 -93376.717    66.482   -31.62   13.17
 -93006.546    61.998   -12.11    7.64
 -92636.437    65.366     9.10   10.68
 -92266.390    76.578    30.30   16.74
 -91896.404    92.318    42.55   19.96
 -91526.480   103.962    31.48   16.31
 -91156.617   108.118    11.24   11.19
 -90786.816   105.071    -8.24   13.34
 -90417.076   103.066    -5.42   13.75
 -90047.398   105.344     6.16   15.87
 -89677.781   113.969    23.34   15.05
 -89308.225   121.235    19.66    8.59
 -88938.731   121.842     1.64    6.12
 -88569.298   117.151   -12.70    7.49
 -88199.927   110.426   -18.21    8.45
 -87830.616   104.845   -15.11    7.33
 -87461.367   100.781   -11.01    5.08
 -87092.179    98.222    -6.93    2.97
 -86723.052    95.897    -6.30    4.73
 -86353.987    92.551    -9.07    6.47
 -85984.982    86.057   -17.60    9.70
 -85616.039    77.910   -22.08   11.58
 -85247.156    70.373   -20.43   10.24
 -84878.335    66.450   -10.64    8.86
 -84509.574    66.469     0.05   10.25
 -84140.875    70.247    10.25   13.20
 -83772.236    75.662    14.69   13.55
 -83403.658    77.895     6.06   13.60
 -83035.141    77.036    -2.33   13.89
 -82666.685    73.079   -10.74   14.14
 -82298.290    67.281   -15.74   15.50
 -81929.955    59.538   -21.02   18.10
 -81561.681    50.662   -24.10   17.11
 -81193.468    43.478   -19.51   12.36
 -80825.316    38.836   -12.61    4.14
 -80457.224    37.177    -4.51    2.59
 -80089.193    34.743    -6.62    5.17
 -79721.222    34.053    -1.87    7.54
 -79353.312    37.579     9.58   11.10
 -78985.462    44.498    18.81   14.69
 -78617.673    55.026    28.63   15.44
 -78249.945    64.216    24.99   13.39
 -77882.276    68.104    10.58   13.93
 -77514.669    66.441    -4.53   15.65
 -77147.121    62.891    -9.66   13.60
 -76779.634    63.268     1.03   11.56
 -76412.207    66.996    10.15   14.42
 -76044.841    74.599    20.70   17.05
 -75667.383    82.907    22.01   17.66
 -75287.599    91.466    22.54   16.37
 -74907.880   100.209    23.03   14.70
 -74528.225   108.953    23.03   17.86
 -74148.636   119.236    27.09   21.83
 -73769.111   129.895    28.09   22.18
 -73389.652   141.196    29.78   18.79
 -73010.257   147.931    17.75   14.46
 -72630.926   152.677    12.51   10.38
 -72251.661   154.391     4.52    9.65
 -71872.460   151.998    -6.31   11.83
 -71493.323   148.862    -8.27   13.58
 -71114.252   145.691    -8.37   12.95
 -70735.244   147.091     3.69   13.38
 -70356.302   153.488    16.88   14.26
 -69977.424   156.422     7.75   13.96
 -69598.610   156.274    -0.39   13.03
 -69219.861   151.365   -12.96   12.66
 -68841.176   146.014   -14.13   11.44
 -68462.555   141.151   -12.84   10.25
 -68083.999   141.036    -0.31    8.73
 -67705.507   143.171     5.64    7.79
 -67327.079   143.044    -0.33    6.81
 -66948.716   142.121    -2.44    6.44
 -66570.417   139.324    -7.39    5.94
 -66192.182   144.663    14.12   10.43
 -65814.011   150.521    15.49   11.33
 -65435.904   150.163    -0.95   11.54
 -65057.861   148.783    -3.65   11.62
 -64679.882   142.100   -17.68    8.53
 -64301.968   140.982    -2.96    6.94
 -63924.117   143.074     5.54    8.03
 -63546.330   147.636    12.07   11.71
 -63168.607   153.729    16.13   11.38
 -62790.948   161.871    21.56    8.87
 -62413.353   166.510    12.29    8.39
 -62035.821   171.382    12.91    7.55
 -61658.353   175.992    12.21    6.78
 -61280.949   176.949     2.54    6.65
 -60903.609   174.592    -6.25    9.11
 -60526.333   167.918   -17.69   11.14
 -60149.120   160.743   -19.02    7.07
 -59771.970   158.842    -5.04    5.22
 -59394.884   161.121     6.04    6.95
 -59017.862   167.819    17.77    7.70
 -58640.903   175.560    20.53    9.15
 -58264.008   184.651    24.12   11.90
 -57887.176   192.908    21.91   10.84
 -57510.408   196.793    10.31    7.93
 -57133.703   194.014    -7.38   10.49
 -56757.061   187.422   -17.50   11.24
 -56380.483   180.805   -17.57    8.40
 -56003.968   176.031   -12.68    8.23
 -55627.516   174.716    -3.50   10.22
 -55251.127   174.689    -0.07   12.58
 -54874.802   180.044    14.23   15.76
 -54498.539   189.392    24.84   15.75
 -54122.340   197.729    22.16   13.77
 -53746.204   201.283     9.45   11.14
 -53370.131   193.216   -21.45   19.54
 -52994.121   181.116   -32.18   21.47
 -52618.174   172.278   -23.51   17.75
 -52242.290   168.756    -9.37   16.06
 -51866.469   174.446    15.14   22.21
 -51490.711   187.456    34.62   24.01
 -51115.015   198.547    29.52   19.35
 -50739.383   204.564    16.02   15.25
 -50363.813   201.625    -7.83   14.94
 -49988.306   193.508   -21.62   16.02
 -49612.862   186.005   -19.98   14.27
 -49237.480   181.728   -11.39   10.14
 -48862.161   183.755     5.40    9.21
 -48486.905   191.386    20.34   13.45
 -48111.711   200.878    25.30   13.75
 -47736.580   209.625    23.32   10.83
 -47361.512   215.674    16.13    6.15
 -46986.506   216.123     1.20    5.89
 -46611.562   215.174    -2.53    6.83
 -46236.681   212.479    -7.19    8.05
 -45861.863   211.236    -3.32    7.68
 -45487.106   215.639    11.75   12.44
 -45112.413   221.959    16.87   13.36
 -44737.781   223.628     4.46   11.55
 -44363.212   219.661   -10.59   12.04
 -43988.705   217.677    -5.30   11.96
 -43614.260   218.769     2.92   13.19
 -43239.877   224.597    15.57   12.64
 -42865.557   230.946    16.96    9.41
 -42491.299   232.664     4.59    8.30
 -42117.102   232.331    -0.89    8.02
 -41742.968   232.280    -0.14    8.76
 -41368.896   233.586     3.49    9.32
 -40994.886   232.729    -2.29    8.77
 -40620.938   228.382   -11.62   11.43
 -40247.052   220.571   -20.89   16.50
 -39873.228   206.113   -38.68   17.20
 -39499.465   193.422   -33.96   13.76
 -39125.765   185.062   -22.37    8.93
 -38752.126   184.422    -1.71    8.63
 -38378.549   190.873    17.27   12.85
 -38005.034   201.026    27.18   13.09
 -37631.581   208.728    20.62   10.47
 -37258.189   213.209    12.00    7.68
 -36884.859   213.728     1.39    8.04
 -36511.591   214.591     2.31    9.33
 -36138.384   213.928    -1.78    9.41
 -35765.239   210.976    -7.91   11.41
 -35392.155   199.110   -31.80   16.62
 -35019.133   187.209   -31.91   15.98
 -34646.173   179.992   -19.35   14.00
 -34273.273   172.880   -19.07   16.00
 -33900.436   168.742   -11.10   18.36
 -33527.659   160.742   -21.46   19.34
 -33154.944   152.408   -22.36   17.04
 -32782.291   145.422   -18.75   11.14
 -32409.698   145.754     0.89   10.71
 -32037.167   154.637    23.84   16.14
 -31664.697   165.754    29.85   16.56
 -31292.289   173.558    20.96   11.96
 -30919.941   174.071     1.38   10.52
 -30547.655   167.793   -16.86   15.51
 -30175.429   160.819   -18.74   14.60
 -29803.265   154.027   -18.25   11.31
 -29431.162   155.139     2.99   11.29
 -29059.120   156.443     3.51   11.71
 -28687.139   154.022    -6.51   15.03
 -28315.219   146.676   -19.75   18.27
 -27943.360   137.822   -23.81   13.43
 -27571.561   137.387    -1.17   11.17
 -27199.824   145.716    22.41   16.74
 -26828.147   161.793    43.26   23.73
 -26456.532   178.439    44.79   26.76
 -26084.977   195.462    45.82   25.25
 -25713.483   205.808    27.85   18.29
 -25342.049   215.729    26.71   14.55
 -24970.676   225.622    26.64   17.25
 -24599.364   232.716    19.10   16.64
 -24228.113   237.222    12.14   14.66
 -23856.922   232.500   -12.72   17.54
 -23485.791   222.592   -26.70   18.56
 -23114.721   208.600   -37.71   21.50
 -22743.712   193.236   -41.41   22.76
 -22372.763   180.274   -34.94   18.62
 -22001.875   167.900   -33.36   16.79
 -21631.047   154.222   -36.88   18.09
 -21260.279   141.243   -35.01   21.22
 -20889.572   122.089   -51.67   20.70
 -20518.925   107.862   -38.38   20.53
 -20148.339    94.754   -35.37   21.79
 -19777.812    82.134   -34.06   20.58
 -19407.346    70.503   -31.40   17.33
 -19036.940    61.986   -22.99   11.21
 -18666.595    56.589   -14.57    8.06
 -18296.309    52.080   -12.18    5.64
 -17926.084    50.071    -5.43    3.49
 -17555.918    49.080    -2.68    3.58
 -17185.813    48.834    -0.67    3.68
 -16815.768    48.687    -0.40    3.58
 -16445.783    48.097    -1.60    2.81
 -16075.857    48.364     0.72    2.95
 -15705.992    48.650     0.77    2.89
 -15336.187    47.031    -4.38    3.07
 -14966.441    46.348    -1.84    3.15
 -14596.756    45.455    -2.42    2.98
 -14227.130    44.153    -3.52    2.90
 -13857.564    43.880    -0.74    3.25
 -13488.057    42.157    -4.66    3.74
 -13118.611    43.853     4.59    6.58
 -12749.224    49.426    15.09    9.64
 -12379.897    54.743    14.40   10.03
 -12010.629    60.556    15.74    5.78
 -11641.422    63.565     8.15    3.87
 -11272.273    63.836     0.73    4.17
 -10903.185    63.134    -1.90    4.92
 -10534.155    65.062     5.22    6.62
 -10165.186    69.318    11.54    8.33
  -9796.275    75.241    16.05    7.73
  -9427.425    80.080    13.12    4.55
  -9058.633    82.472     6.48    2.78
  -8689.901    83.661     3.23    2.98
  -8321.229    83.560    -0.28    3.04
  -7952.615    80.900    -7.22    6.91
  -7584.061    66.182   -39.93   22.79
  -7215.566    51.169   -40.74   24.85
  -6847.131    36.797   -39.01   16.96
  -6478.755    30.405   -17.35    6.67
  -6110.438    31.092     1.87    3.29
  -5742.180    32.022     2.53    2.09
  -5373.981    30.023    -5.43    3.61
  -5005.841    27.351    -7.26    4.74
  -4637.760    23.882    -9.42    5.94
  -4269.739    20.649    -8.79    7.04
  -3901.776    18.446    -5.99    8.86
  -3533.872    17.755    -1.88   10.10
  -3166.028    17.952     0.54   11.59
  -2798.242    17.794    -0.43   12.71
  -2430.515    15.677    -5.76   14.44
  -2062.847    12.235    -9.36   14.59
  -1695.238     7.365   -13.25   12.63
  -1327.687     2.845   -12.30    8.24
   -952.921     0.001    -7.59    1.45
   -573.269    -0.284    -0.75    0.00
   -193.680    -0.284     0.00    0.00
    185.846    -0.284     0.00    0.00
    565.308    -0.284     0.00    0.00
    944.708    -0.284     0.00    0.00
   1324.044     0.599     2.33    6.26
   1703.318     1.661     2.80    9.33
   2082.528     9.222    19.94   23.43
   2461.676    19.400    26.84   30.79
   2840.760    27.534    21.46   31.40
   3219.782    35.169    20.14   29.30
   3598.740    41.148    15.78   25.18
   3977.636    44.489     8.82   17.87
   4356.469    45.080     1.56   10.36
   4735.239    42.663    -6.38    6.92
   5113.947    38.521   -10.94    5.12
   5492.592    37.247    -3.36    4.14
   5871.174    36.216    -2.73    3.02
   6249.693    35.981    -0.62    4.21
   6628.150    36.329     0.92    4.59
   7006.544    36.677     0.92    4.76
   7384.875    37.956     3.38    4.88
   7763.144    39.365     3.73    4.60
   8141.351    41.768     6.35    5.44
   8519.495    43.969     5.82    5.09
   8897.577    47.469     9.26    6.58
   9275.596    51.924    11.78    5.51
   9653.552    54.610     7.11    5.59
  10031.447    58.063     9.14    6.21
  10409.279    61.862    10.06    8.04
  10787.049    64.537     7.08    9.12
  11164.756    68.921    11.60    8.17
  11542.402    72.391     9.19    7.70
  11919.985    76.157     9.97    6.59
  12297.506    78.676     6.67    5.27
  12674.965    80.169     3.96    4.59
  13052.361    82.625     6.51    4.56
  13429.696    84.986     6.26    4.64
  13806.969    88.476     9.25    5.37
  14184.179    91.770     8.73    5.48
  14561.328    95.822    10.74    6.16
  14938.414   100.030    11.16    5.88
  15315.439   104.702    12.39    6.52
  15692.402   111.003    16.71    6.98
  16069.303   114.426     9.08    5.54
  16446.142   117.229     7.44    3.91
  16822.920   120.190     7.86    4.06
  17199.635   122.216     5.38    4.82
  17576.289   125.310     8.22    3.78
  17952.881   125.422     0.30    4.73
  18329.412   122.876    -6.76    7.39
  18705.881   117.443   -14.43    9.02
  19082.288   110.356   -18.83    9.53
  19458.634   102.031   -22.12   10.02
  19834.918    95.283   -17.93    9.08
  20211.141    86.116   -24.37    9.49
  20587.302    79.044   -18.80    9.34
  20963.401    73.329   -15.20    8.04
  21339.440    67.601   -15.23    5.47
  21715.417    67.597    -0.01    9.50
  22091.332    79.851    32.60   27.66
  22467.186    99.754    52.96   38.13
  22842.979   120.249    54.54   32.70
  23218.711   128.352    21.57   20.86
  23594.381   122.324   -16.05   19.42
  23969.990   110.661   -31.05   13.61
  24345.538   106.609   -10.79    9.97
  24721.025   107.849     3.30   11.54
  25096.451   113.170    14.17   14.43
  25471.815   121.209    21.42   21.18
  25847.119   129.982    23.38   25.20
  26222.362   139.459    25.25   26.55
  26597.543   154.436    39.92   30.92
  26972.664   171.801    46.29   29.40
  27347.723   192.582    55.41   30.30
  27722.722   219.044    70.56   33.42
  28097.660   245.558    70.71   34.86
  28472.537   264.910    51.62   23.93
  28847.353   265.189     0.74   22.02
  29222.108   252.483   -33.91   25.21
  29596.803   238.177   -38.18   23.62
  29971.437   221.513   -44.48   21.47
  30346.010   207.741   -36.76   25.25
  30720.523   192.418   -40.91   28.66
  31094.974   188.084   -11.57   24.93
  31469.366   207.449    51.72   49.88
  31843.696   234.009    70.95   53.71
  32217.967   256.018    58.80   39.47
  32592.176   275.529    52.14   35.57
  32966.325   293.026    46.76   39.35
  33340.414   298.945    15.82   35.50
  33714.442   293.359   -14.93   42.54
  34088.410   272.945   -54.59   53.03
  34462.318   269.662    -8.78   62.27
  34836.165   280.577    29.19   72.85
  35209.952   304.834    64.89   58.46
  35583.678   315.406    28.29   35.44
  35957.344   289.255   -69.98   41.51
  36330.951   257.716   -84.42   32.53
  36704.496   235.228   -60.20   25.44
  37077.982   220.757   -38.74   21.62
  37451.408   206.690   -37.67   25.52
  37824.773   193.757   -34.64   25.38
  38198.079   182.510   -30.13   22.30
  38571.324   174.276   -22.06   16.89
  38944.509   166.586   -20.61   16.75
  39317.635   156.243   -27.72   18.12
  39690.700   144.123   -32.48   18.14
  40063.706   131.889   -32.80   14.09
  40436.651   123.542   -22.38   10.56
  40809.537   114.849   -23.31   11.62
  41182.363   101.822   -34.94   21.87
  41555.129    78.596   -62.31   31.96
  41927.835    54.462   -64.75   33.73
  42300.482    33.216   -57.01   22.92
  42673.069    22.623   -28.43    8.86
  43045.596    20.599    -5.44    3.61
  43418.063    22.188     4.27    2.90
  43790.471    22.819     1.69    2.66
  44162.820    23.091     0.73    2.91
  44535.108    23.844     2.02    2.99
  44907.337    25.085     3.34    3.60
  45279.507    28.062     8.00    6.40
  45651.617    32.466    11.83    7.92
  46023.668    38.396    15.94    9.52
  46395.659    45.039    17.86    7.25
  46767.591    50.426    14.48    7.18
  47139.463    55.301    13.11    4.65
  47511.276    58.556     8.75    4.50
  47883.030    62.116     9.58    4.59
  48254.725    67.622    14.81    7.81
  48626.360    75.758    21.89    9.98
  48997.936    86.996    30.24   14.04
  49369.453   100.773    37.08   15.58
  49740.911   116.636    42.70   18.59
  50112.309   133.620    45.73   19.27
  50483.648   147.889    38.42   19.65
  50854.929   164.250    44.06   20.08
  51226.150   174.326    27.14   18.41
  51597.312   181.263    18.69   15.95
  51968.416   175.287   -16.10   18.82
  52339.460   160.493   -39.87   26.74
  52710.445   136.105   -65.74   32.99
  53081.372   114.551   -58.11   24.17
  53452.239   109.118   -14.65   19.56
  53823.048   119.229    27.26   27.04
  54193.798   131.637    33.47   22.83
  54564.489   130.289    -3.64   22.31
  54935.121   118.505   -31.79   28.46
  55305.695    98.080   -55.11   22.78
  55676.210    88.810   -25.02   12.99
  56046.666    93.116    11.62   17.81
  56417.063   102.049    24.12   18.05
  56787.402   104.769     7.34   16.45
  57157.682   102.932    -4.96   16.86
  57527.904   100.623    -6.23   14.12
  57898.067   103.689     8.28   16.15
  58268.172   107.134     9.31   18.10
  58638.218   103.876    -8.81   21.52
  59008.206    94.337   -25.78   21.13
  59378.135    86.329   -21.65   13.39
  59748.006    86.876     1.48   10.45
  60117.819    96.472    25.95   16.62
  60487.573   111.594    40.89   22.09
  60857.269   129.526    48.50   24.09
  61226.906   148.134    50.34   23.60
  61596.486   168.756    55.79   33.68
  61966.007   192.889    65.30   44.85
  62335.470   216.502    63.91   54.27
  62704.874   244.329    75.32   58.95
  63074.221   268.986    66.75   62.24
  63443.509   299.887    83.67   65.64
  63812.740   326.526    72.15   60.23
  64181.912   351.107    66.58   48.68
  64551.026   359.044    21.50   38.11
  64920.083   356.567    -6.71   36.47
  65289.081   343.209   -36.20   48.56
  65658.021   318.476   -67.04   61.03
  66026.904   295.902   -61.19   61.26
  66395.728   271.459   -66.27   48.55
  66764.495   257.459   -37.96   35.36
  67133.204   252.347   -13.86   25.67
  67501.855   250.688    -4.50   19.29
  67870.448   255.369    12.70   16.72
  68238.983   266.256    29.54   19.33
  68607.461   280.518    38.70   23.75
  68975.881   291.932    30.98   26.58
  69344.243   302.553    28.83   27.55
  69712.548   313.270    29.09   25.48
  70080.795   324.864    31.48   25.28
  70448.985   339.648    40.15   24.20
  70817.117   356.594    46.03   21.80
  71185.191   371.364    40.13   15.92
  71553.208   378.499    19.39    9.47
  71921.167   375.156    -9.09   14.56
  72289.069   360.161   -40.75   23.96
  72656.914   338.036   -60.15   31.01
  73024.701   313.351   -67.11   28.20
  73392.431   298.979   -39.08   22.51
  73764.743   293.080   -15.84   21.46
  74144.264   301.542    22.29   29.49
  74523.722   319.743    47.96   31.68
  74903.120   336.841    45.06   27.19
  75282.455   345.302    22.31   18.39
  75661.730   341.244   -10.70   18.60
  76040.943   324.156   -45.06   28.49
  76420.094   297.673   -69.84   30.01
  76799.185   275.283   -59.06   26.74
  77178.213   263.195   -31.89   17.73
  77557.181   267.952    12.55   24.91
  77936.087   279.094    29.40   27.17
  78314.933   286.540    19.65   20.42
  78693.716   278.979   -19.96   24.51
  79072.439   262.594   -43.26   25.45
  79451.101   247.597   -39.60   18.16
  79829.701   244.938    -7.02   16.20
  80208.241   251.175    16.48   18.45
  80586.719   268.188    44.95   23.14
  80965.137   282.913    38.91   23.68
  81343.493   288.853    15.70   24.54
  81721.788   285.966    -7.63   27.58
  82100.023   277.040   -23.60   27.06
  82478.196   271.080   -15.76   22.67
  82856.309   273.062     5.24   18.51
  83234.361   273.148     0.23   14.17
  83612.352   274.396     3.30   10.09
  83990.282   272.504    -5.00    9.97
  84368.152   272.610     0.28   13.16
  84745.961   276.554    10.44   16.35
  85123.709   284.513    21.07   18.18
  85501.396   290.118    14.84   13.67
  85879.023   287.551    -6.80   14.81
  86256.589   279.400   -21.59   18.42
  86634.095   268.310   -29.38   16.20
  87011.540   260.822   -19.84    9.36
  87388.924   258.222    -6.89    8.52
  87766.249   253.400   -12.78   12.04
  88143.512   244.410   -23.83   16.12
  88520.715   234.607   -25.99   12.96
  88897.858   227.237   -19.54    8.36
  89274.941   224.676    -6.79    7.85
  89651.963   220.583   -10.85    9.21
  90028.925   217.982    -6.90    9.40
  90405.826   216.279    -4.52   14.11
  90782.668   213.742    -6.73   19.15
  91159.449   210.459    -8.71   22.02
  91536.170   206.236   -11.21   20.50
  91912.830   196.606   -25.56   11.69
  92289.431   192.364   -11.26    5.31
  92665.971   193.622     3.34    5.78
  93042.452   195.297     4.45    6.52
  93418.872   196.676     3.66    5.92
  93795.233   196.853     0.47    5.20
  94171.533   198.188     3.55    5.68
  94547.774   199.716     4.06    6.23
  94923.954   202.476     7.34    4.67
  95300.075   203.166     1.84    4.03
  95676.136   200.703    -6.55    5.29
  96052.137   198.017    -7.14    5.91
  96428.078   196.044    -5.25    6.87
  96803.959   194.579    -3.90    8.33
  97179.781   189.356   -13.90   11.87
  97555.543   182.418   -18.46   12.40
  97931.245   175.810   -17.59    9.39
  98306.887   170.729   -13.53    3.35
  98682.470   172.031     3.47    5.90
  99057.993   176.188    11.07    8.24
  99433.457   177.452     3.36    8.10
  99808.861   179.797     6.25    7.43
 100184.206   180.947     3.07    8.45
 100559.491   184.969    10.71   10.45
 100934.717   191.516    17.45    8.37
 101309.883   194.262     7.32    7.11
 101684.990   193.870    -1.04    7.34
 102060.038   193.894     0.06    6.11
 102435.026   194.983     2.91    5.41
 102809.955   198.017     8.09    6.31
 103184.824   202.222    11.22    6.46
 103559.634   204.999     7.41    5.86
 103934.386   208.202     8.55    4.07
 104309.077   210.540     6.24    4.26
 104683.710   211.405     2.31    4.12
 105058.284   209.894    -4.03    5.58
 105432.798   206.880    -8.05    6.70
 105807.253   205.293    -4.24    5.72
 106181.650   208.409     8.32    8.38
 106555.987   214.330    15.82   10.11
 106930.265   220.142    15.53    9.19
 107304.485   224.073    10.50    7.97
 107678.645   226.036     5.25    7.88
 108052.746   229.673     9.72    9.42
 108426.789   237.356    20.54   11.73
 108800.773   243.044    15.21    8.14
 109174.698   242.887    -0.42    8.28
 109548.564   238.168   -12.62   10.03
 109922.371   232.650   -14.76    8.62
 110296.119   227.986   -12.48    6.72
 110669.809   224.067   -10.49    7.57
 111043.440   219.459   -12.33    9.01
 111417.013   215.648   -10.20    7.96
 111790.527   214.716    -2.50    6.23
 112163.982   218.148     9.19    8.13
 112537.379   222.123    10.65    7.68
 112910.717   223.891     4.73    5.68
 113283.996   225.582     4.53    4.66
 113657.217   227.236     4.43    4.99
 114030.380   231.129    10.43    6.39
 114403.484   235.743    12.37    5.98
 114776.530   239.289     9.50    4.11
 115149.518   240.487     3.21    4.07
 115522.447   239.582    -2.43    4.75
 115895.317   236.157    -9.19    5.65
 116268.130   234.009    -5.76    5.69
 116640.884   233.274    -1.97    5.70
 117013.580   233.243    -0.09    6.08
 117386.218   236.716     9.32    7.86
 117758.797   238.905     5.88    9.04
 118131.319   238.771    -0.36    9.69
 118503.782   237.154    -4.34   11.10
 118876.187   237.085    -0.18   13.72
 119248.534   239.825     7.36   17.10
 119620.823   244.894    13.61   17.65
 119993.054   255.134    27.51   15.96
 120365.227   264.154    24.23   15.39
 120737.342   265.526     3.69   14.78
 121109.400   264.053    -3.96   17.05
 121481.399   252.956   -29.83   23.05
 121853.340   245.688   -19.54   19.16
 122225.224   247.952     6.08   19.04
 122597.049   260.633    34.10   23.20
 122968.817   275.462    39.88   19.05
 123340.527   283.976    22.90   12.84
 123712.180   285.842     5.02   10.89
 124083.775   283.907    -5.21   10.48
 124455.312   280.659    -8.74    8.79
 124826.791   277.688    -8.00    7.88
 125198.213   270.885   -18.32   13.02
 125569.577   252.702   -48.96   30.12
 125940.883   231.158   -58.01   37.66
 126312.132   214.142   -45.83   38.19
 126683.324   198.230   -42.86   37.70
 127054.458   197.476    -2.03   36.29
 127425.534   200.333     7.70   38.49
 127796.553   223.876    63.45   40.00
 128167.515   252.421    76.94   29.10
 128538.419   274.716    60.10   22.63
 128909.266   286.848    32.71   17.58
 129280.056   277.986   -23.90   32.82
 129650.788   257.010   -56.57   47.93
 130021.463   215.567  -111.79   60.74
 130392.081   191.440   -65.09   54.29
 130762.641   184.297   -19.28   55.21
 131133.145   176.110   -22.09   55.27
 131503.591   189.999    37.49   54.43
 131873.980   204.842    40.07   47.81
 132244.312   213.337    22.94   45.39
 132614.587   237.132    64.26   43.20
 132984.804   257.169    54.12   31.48
 133354.965   251.341   -15.74   37.89
 133725.069   232.302   -51.43   54.91
 134095.116   213.842   -49.88   58.70
 134465.105   212.729    -3.01   68.23
 134835.038   245.921    89.71   75.21
 135204.914   283.580   101.80   45.17
 135574.733   277.031   -17.71   52.91
 135944.496   245.067   -86.43   66.48
 136314.201   209.373   -96.54   58.36
 136683.850   181.756   -74.70   48.97
 137053.442   183.359     4.34   51.32
 137422.977   211.648    76.54   68.67
 137792.456   257.551   124.22   65.09
 138161.877   288.499    83.76   44.47
 138531.242   291.743     8.78   37.60
 138900.551   279.853   -32.19   44.22
 139269.803   269.633   -27.67   45.24
 139638.998   272.058     6.57   47.45
 140008.137   274.469     6.53   49.90
 140377.219   267.524   -18.82   56.34
 140746.245   250.263   -46.77   66.68
 141115.214   226.989   -63.07   72.81
 141484.127   200.400   -72.07   68.51
 141852.984   185.195   -41.22   59.23
 142221.784   178.798   -17.34   55.07
 142590.527   176.263    -6.87   56.57
 142959.215   177.921     4.50   49.42
 143327.846   186.567    23.45   41.98
 143696.421   196.932    28.12   41.11
 144064.939   214.729    48.29   45.38
 144433.401   231.621    45.84   42.58
 144801.807   237.540    16.06   41.50
 145170.157   223.553   -37.97   52.87
 145538.451   206.594   -46.04   49.50
 145906.689   197.378   -25.02   45.42
 146274.870   206.107    23.71   52.28
 146642.996   230.067    65.08   52.53
 147011.065   252.040    59.69   54.24
 147379.078   261.567    25.88   54.23
 147747.036   268.891    19.90   54.07
 148114.937   281.540    34.38   52.09
 148485.002   295.945    38.92   48.09
 148864.396   311.663    41.42   35.30
 149243.729   321.882    26.94   29.49
 149623.003   329.743    20.72   29.30
 150002.216   339.410    25.49   33.18
 150381.370   358.930    51.48   32.63
 150760.464   373.701    38.96   28.35
 151139.499   373.905     0.54   24.42
 151518.473   371.878    -5.35   23.56
 151897.388   367.107   -12.59   25.39
 152276.243   367.175     0.18   28.45
 152655.039   367.621     1.18   29.07
 153033.775   360.986   -17.52   27.67
 153412.451   348.813   -32.14   28.13
 153791.068   330.813   -47.54   29.13
 154169.625   308.924   -57.81   31.25
 154548.123   292.016   -44.67   29.22
 154926.561   280.132   -31.40   17.55
 155304.940   282.932     7.40   24.59
 155683.259   293.148    27.00   28.09
 156061.519   308.364    40.22   26.59
 156439.720   328.053    52.05   26.14
 156817.861   346.378    48.45   30.23
 157195.943   361.472    39.92   26.48
 157573.966   366.396    13.02   21.55
 157951.929   358.962   -19.67   23.91
 158329.834   345.549   -35.49   16.58
 158707.679   334.631   -28.89   17.76
 159085.464   327.216   -19.63   20.09
 159463.191   325.756    -3.86   20.07
 159840.859   325.756     0.00   20.00
 160218.467   332.580    18.07   20.16
 160596.017   340.209    20.20   17.89
 160973.508   344.058    10.20   17.18
 161350.939   345.689     4.32   16.92
 161728.312   348.674     7.91   16.67
 162105.625   352.222     9.40   15.60
 162482.880   357.758    14.67   15.41
 162860.076   365.096    19.45   15.89
 163237.213   370.575    14.53   11.23
 163614.291   369.332    -3.30   14.86
 163991.310   367.969    -3.61   18.20
 164368.271   368.102     0.35   19.14
 164745.173   368.620     1.37   18.63
 165122.016   365.469    -8.36   18.48
 165498.800   362.853    -6.94   19.01
 165875.526   360.935    -5.09   17.07
 166252.194   359.289    -4.37   11.97
 166628.802   362.476     8.46   10.87
 167005.352   364.770     6.09    8.55
 167381.844   361.773    -7.96   13.12
 167758.277   342.878   -50.19   32.80
 168134.651   318.121   -65.77   37.54
 168510.967   294.496   -62.77   29.64
 168887.225   279.476   -39.91   14.45
 169263.424   275.688   -10.07   11.54
 169639.565   278.341     7.05   18.15
 170015.647   278.674     0.89   21.38
 170391.671   274.216   -11.86   22.99
 170767.637   265.632   -22.83   19.29
 171143.545   258.660   -18.54   12.66
 171519.394   258.772     0.30   15.50
 171895.186   269.283    27.97   21.76
 172270.919   285.889    44.19   24.16
 172646.593   307.310    57.01   27.92
 173022.210   332.921    68.17   31.94
 173397.769   346.648    36.54   25.25
 173773.269   351.846    13.84   17.87
 174148.712   350.337    -4.02   17.97
 174524.096   346.882    -9.20   19.50
 174899.423   353.368    17.28   28.16
 175274.691   359.307    15.82   28.82
 175649.902   358.524    -2.09   27.57
 176025.055   347.168   -30.27   23.59
 176400.149   333.007   -37.75   21.98
 176775.186   320.853   -32.40   16.30
 177150.166   315.258   -14.92   17.01
 177525.087   312.579    -7.15   22.87
 177899.951   308.745   -10.23   24.25
 178274.757   304.864   -10.35   20.49
 178649.505   301.818    -8.13   13.33
 179024.195   307.809    15.99   14.46
 179398.828   320.568    34.05   17.39
 179773.403   338.945    49.05   22.35
 180147.921   365.258    70.25   34.28
 180522.381   392.346    72.33   40.76
 180896.783   408.434    42.96   34.88
 181271.128   397.510   -29.18   45.81
 181645.416   370.307   -72.67   51.39
 182019.646   348.716   -57.69   38.61
 182393.818   354.291    14.90   48.23
 182767.933   372.077    47.53   50.87
 183141.991   382.839    28.77   39.38
 183515.991   375.138   -20.59   37.82
 183889.935   364.209   -29.22   30.37
 184263.820   364.005    -0.54   30.83
 184637.649   376.959    34.64   34.86
 185011.420   397.098    53.87   35.39
 185385.134   416.356    51.52   38.76
 185758.791   439.524    62.00   40.37
 186132.390   472.202    87.45   35.28
 186505.933   496.877    66.05   25.66
 186879.418   518.297    57.34   23.92
 187252.847   534.301    42.85   21.93
 187626.218   541.827    20.15   26.91
 187999.532   546.462    12.41   31.98
 188372.789   542.493   -10.63   31.23
 188745.990   528.299   -38.03   32.74
 189119.133   509.896   -49.31   30.25
 189492.219   489.091   -55.76   30.27
 189865.249   469.646   -52.12   31.99
 190238.221   447.072   -60.52   31.10
 190611.137   429.591   -46.87   29.69
 190983.996   422.499   -19.02   26.29
 191356.798   427.082    12.29   27.24
 191729.543   439.784    34.07   27.48
 192102.232   449.223    25.32   24.06
 192474.864   448.257    -2.59   31.05
 192847.439   439.730   -22.88   34.68
 193219.957   440.101     1.00   29.75
 193592.419   440.979     2.36   28.16
 193964.825   430.430   -28.32   29.69
 194337.173   423.701   -18.07   29.68
 194709.465   429.392    15.28   36.67
 195081.701   455.358    69.75   43.93
 195453.880   483.604    75.88   40.46
 195826.003   502.801    51.58   24.87
 196198.069   497.853   -13.30   28.28
 196570.079   477.194   -55.52   38.45
 196942.032   461.229   -42.91   33.22
 197313.929   456.743   -12.06   30.30
 197685.770   472.313    41.86   40.86
 198057.554   497.799    68.54   43.89
 198429.282   520.493    61.04   41.13
 198800.954   544.856    65.54   36.40
 199172.570   551.054    16.67   32.14
 199544.129   540.966   -27.15   35.58
 199915.632   524.208   -45.10   39.29
 200287.079   494.341   -80.40   33.46
 200658.470   469.208   -67.66   26.43
 201029.805   445.592   -63.59   23.41
 201401.083   428.401   -46.29   21.56
 201772.306   413.633   -39.77   19.93
 202143.473   405.716   -21.33   17.43
 202514.583   411.099    14.50   27.27
 202885.638   430.136    51.30   40.17
 203256.637   457.607    74.03   35.78
 203627.579   471.835    38.35   19.68
 203998.466   467.129   -12.69   27.10
 204369.297   459.392   -20.86   34.08
 204740.072   447.129   -33.07   40.40
 205110.792   438.024   -24.55   47.76
 205481.455   423.902   -38.09   44.06
 205852.063   411.598   -33.19   37.92
 206222.615   413.729     5.75   40.97
 206593.111   425.583    31.99   44.62
 206963.552   431.256    15.31   43.77
 207333.937   435.933    12.62   41.25
 207704.266   437.632     4.59   38.56
 208074.540   439.349     4.64   38.76
 208444.758   437.882    -3.96   33.40
 208814.920   437.187    -1.88   28.91
 209185.027   437.021    -0.45   26.96
 209555.079   442.969    16.07   26.00
 209925.075   444.378     3.81   22.83
 210295.015   448.332    10.69   17.36
 210664.900   452.459    11.15   12.54
 211034.730   457.646    14.02   11.87
 211404.504   464.880    19.56   13.28
 211774.223   472.770    21.34   12.84
 212143.887   477.126    11.78   11.61
 212513.495   480.452     8.99    8.98
 212883.048   479.188    -3.42    8.32
 213252.546   479.341     0.41   12.95
 213621.989   479.561     0.60   18.55
 213991.376   477.476    -5.64   24.48
 214360.708   470.547   -18.76   29.37
 214729.985   453.800   -45.34   34.49
 215099.207   433.194   -55.80   33.12
 215468.374   418.868   -38.80   25.17
 215837.486   411.279   -20.56   17.40
 216206.542   413.181     5.15   20.87
 216575.544   414.049     2.35   18.59
 216944.491   413.174    -2.37   11.34
 217313.382   415.589     6.55    9.78
 217682.219   423.428    21.25   13.79
 218051.001   433.504    27.32   16.49
 218419.728   447.085    36.83   14.60
 218788.400   456.673    26.00   13.85
 219157.017   463.424    18.31   14.29
 219525.579   469.116    15.44   15.99
 219894.087   477.438    22.58   17.43
 220262.540   482.501    13.74   15.45
 220630.938   483.899     3.79   16.31
 220999.281   480.237    -9.94   22.98
 221367.570   473.604   -18.00   26.14
 221735.804   467.208   -17.37   22.38
 222103.983   461.410   -15.75   10.54
 222472.107   463.363     5.31    6.74
 222840.178   470.729    20.01   10.62
 223208.218   480.438    26.37   15.20
 223587.486   495.414    39.48   20.03
 223966.696   513.440    47.53   24.09
 224345.847   536.416    60.58   30.20
 224724.940   562.245    68.12   36.41
 225103.975   585.054    60.16   36.47
 225482.951   609.673    64.95   37.78
 225861.870   628.618    49.99   40.03
 226240.730   650.462    57.64   42.65
 226619.532   675.341    65.66   45.28
 226998.276   705.631    79.96   52.69
 227376.962   734.844    77.13   54.17
 227755.589   773.513   102.11   64.28
 228134.159   815.907   111.96   71.68
 228512.671   868.216   138.17   91.27
 228891.125   916.933   128.70   99.02
 229269.521   960.537   115.21   95.38
 229647.858  1018.955   154.37   94.63
 230026.139  1087.054   179.98  119.79
 230404.361  1158.140   187.91  102.16
 230782.525  1165.873    20.44   94.85
 231160.632  1134.318   -83.44  121.99
 231538.680  1073.274  -161.44  120.95
 231916.671  1053.769   -51.59  106.42
 232294.605  1046.745   -18.58   95.50
 232672.480  1014.256   -85.96   85.08
 233050.298   978.110   -95.65   95.16
 233428.059   926.549  -136.46   94.77
 233805.761   872.382  -143.38   73.41
 234183.406   856.952   -40.85   70.12
 234560.994   828.899   -74.28   73.06
 234938.524   799.856   -76.91   75.83
 235315.996   765.085   -92.10   75.13
 235693.411   742.775   -59.10   70.46
 236070.769   730.916   -31.42   64.37
 236448.069   719.510   -30.22   57.28
 236825.312   703.025   -43.69   52.71
 237202.497   691.501   -30.55   52.35
 237579.625   688.271    -8.56   50.18
 237956.696   691.434     8.39   60.07
 238333.709   709.068    46.76   68.40
 238710.665   737.729    76.02   54.16
 239087.564   753.382    41.52   39.03
 239464.406   761.688    22.04   35.72
 239841.190   769.469    20.65   32.71
 240217.917   780.864    30.24   25.62
 240594.588   767.125   -36.47   52.42
 240971.201   698.982  -180.90  107.69
 241347.757   625.921  -193.98  105.41
 241724.256   567.894  -154.09   68.74
 242100.698   534.787   -87.93   13.70
 242477.083   536.744     5.20   17.39
 242853.411   557.180    54.29   38.16
 243229.682   579.589    59.54   47.66
 243605.896   603.438    63.38   48.40
 243982.053   622.039    49.44   40.50
 244358.153   638.927    44.89   40.58
 244734.197   656.387    46.42   48.74
 245110.183   669.368    34.52   51.16
 245486.113   687.609    48.51   48.39
 245861.987   708.201    54.77   55.14
 246237.803   735.887    73.65   57.84
 246613.563   768.237    86.07   62.62
 246989.266   811.842   116.04   42.14
 247364.912   830.146    48.72   33.12
 247740.502   836.490    16.89   20.04
 248116.035   834.997    -3.97   15.60
 248491.512   826.341   -23.05   21.61
 248866.932   798.730   -73.53   50.38
 249242.295   777.017   -57.83   57.76
 249617.602   768.672   -22.23   54.04
 249992.853   771.378     7.21   45.44
 250368.047   774.716     8.89   35.58
 250743.185   770.009   -12.54   35.23
 251118.266   765.074   -13.15   32.70
 251493.291   772.702    20.34   28.44
 251868.259   785.387    33.82   11.44
 252243.172   774.997   -27.71   24.61
 252618.028   737.830   -99.13   55.57
 252992.827   701.993   -95.59   59.13
 253367.571   687.096   -39.74   46.93
 253742.258   694.701    20.29   47.99
 254116.889   711.335    44.39   44.82
 254491.464   727.279    42.55   35.41
 254865.983   742.243    39.95   30.41
 255240.446   757.947    41.93   25.80
 255614.853   775.955    48.09   19.16
 255989.203   785.774    26.22   13.26
 256363.498   789.856    10.90    9.16
 256737.736   788.127    -4.62   10.46
 257111.919   781.044   -18.92   12.32
 257486.046   773.324   -20.63   11.51
 257860.116   769.154   -11.15   11.87
 258234.131   764.444   -12.59   12.30
 258608.090   761.811    -7.04   13.87
 258981.993   758.504    -8.84   13.94
 259355.841   757.049    -3.89   15.61
 259729.632   757.363     0.84   20.84
 260103.368   762.532    13.83   25.56
 260477.048   769.772    19.37   25.53
 260850.672   772.281     6.71   21.75
 261224.241   768.591    -9.88   18.77
 261597.754   761.469   -19.06   16.63
 261971.211   753.983   -20.04   11.65
 262344.613   747.910   -16.26    5.71
 262717.959   748.455     1.46    4.89
 263091.249   748.412    -0.11    6.23
 263464.484   745.295    -8.35   11.38
 263837.664   732.034   -35.53   26.18
 264210.788   712.969   -51.08   32.82
 264583.857   689.501   -62.89   28.74
 264956.870   672.631   -45.22   20.89
 265329.827   665.273   -19.73   21.83
 265702.730   665.828     1.49   33.45
 266075.577   666.344     1.38   43.47
 266448.368   662.313   -10.81   46.01
 266821.105   648.152   -37.98   40.02
 267193.786   637.587   -28.34   33.91
 267566.412   637.299    -0.77   40.68
 267938.982   639.816     6.75   51.39
 268311.498   644.772    13.30   59.61
 268683.958   640.266   -12.09   62.74
 269056.363   640.716     1.21   61.67
 269428.713   634.773   -15.95   58.37
 269801.007   629.179   -15.02   57.18
 270173.247   609.863   -51.88   65.05
 270545.432   579.049   -82.77   62.71
 270917.562   546.162   -88.35   44.72
 271289.636   539.643   -17.52   37.38
 271661.656   553.626    37.58   49.71
 272033.621   596.532   115.32   61.46
 272405.530   652.368   150.09   56.70
 272777.385   698.082   122.91   58.39
 273149.185   732.005    91.22   49.62
 273520.930   755.504    63.20   44.37
 273892.621   775.882    54.81   45.60
 274264.256   782.401    17.54   43.45
