# NaN NaN NaN ;Mean Elev.(m), Avg Gradient(m/km), RMS Gradient(m/km) - SRTM1     
#   -6.997   2.298  22.856 ;Mean Elev.(m), Avg Gradient(m/km), RMS Gradient(m/km) - ASTER GDEM
#   10.650   2.484  21.940 ;Mean Elev.(m), Avg Gradient(m/km), RMS Gradient(m/km) - GMTED2010 
  7 127.230919  70.647540     7.696     7.579  8 52446.49330681 13.172
  8 127.237537  70.652043     7.983     8.019  6 52481.49329819 42.328
 10 127.225798  70.645219     4.610     4.589  8 52551.49329796 25.251
 11 127.243368  70.655269     6.416     6.177  7 52586.49327303 13.250
 12 127.244877  70.656330     7.712     7.356  6 52621.49324799 10.121
 15 127.240973  70.649942    18.432    14.256  6 52726.49327794  4.190
 16 127.241277  70.653810     9.319     9.040  7 52761.49329446  5.265
 18 127.232525  70.648551    10.025    10.058  7 52831.49332178 23.419
 19 127.238591  70.653251     5.101     5.183  6 52866.49336586 30.426
 21 127.247852  70.657235     6.307     6.310  6 52936.49333296 27.767
 22 127.232397  70.649183     3.081     2.862  8 52971.49335756 19.157
 23 127.235431  70.650868     5.682     5.712  7 53006.49337076 13.762
 24 127.227044  70.644276     4.304     4.377  9 53041.49332258 11.332
 25 127.238547  70.652990     6.272     6.284  6 53076.49335651 10.627
 26 127.225208  70.644410     5.167     5.349  8 53111.49332566  7.483
 27 127.234299  70.649109     9.712     9.668  7 53146.49336932 16.649
 28 127.240582  70.652984    17.345    17.203  6 53181.49337604  9.138
 29 127.237777  70.651608     7.168     6.318  7 53216.49339889 19.529
 30 127.244316  70.656636     6.957     6.951  7 53251.49337804 48.205
 31 127.225690  70.644974     6.651     6.659  8 53286.49337083 47.369
 32 127.241509  70.653341     5.339     5.262  7 53321.49334805 22.248
 33 127.249813  70.657716     5.991     6.498  6 53356.49331709 18.300
 34 127.227639  70.646765     7.975     7.765  8 53391.49332906 11.191
 35 127.243338  70.656684     6.668     6.611  6 53426.49332647  8.438
 36 127.232149  70.648401     8.132     8.093  7 53461.49333744  6.957
 37 127.231237  70.648668     9.972     9.975  7 53496.49341559 16.101
 38 127.242265  70.655182    16.308    16.293  7 53531.49339486 10.016
 40 127.247573  70.656040     7.364     7.300  6 53601.49336320 40.117
 41 127.230569  70.644982     8.353     8.353  8 53636.49335911 39.659
 42 127.234743  70.648639     5.856     5.831  7 53671.49338055 25.922
 43 127.249122  70.657145     6.222     6.322  6 53706.49331375 16.080
 44 127.257973  70.660570     7.523     7.564  6 53741.49322686 15.749
 45 127.238081  70.652361     6.371     6.123  7 53776.49324942  8.280
 46 127.252721  70.658984     8.501     7.959  6 53811.49322924  6.734
 47 127.230196  70.647114     4.994     4.828  7 53846.49327717  6.576
 48 127.234748  70.652675     5.187     5.211  7 53881.49330128 35.319
 49 127.232086  70.650864    13.668    13.698  7 53916.49336104 48.614
 50 127.233497  70.651536     9.421     9.930  7 53951.49336748 23.241
 52 127.230153  70.649222     7.270     7.286  7 54021.49334413 42.934
 53 127.241447  70.653029     5.930     5.926  7 54056.49333614 17.542
 54 127.245144  70.657305     6.496     6.444  6 54091.49332145 13.936
 55 127.230994  70.645190     8.466     8.637  8 54126.49325153  9.128
 56 127.238169  70.653277     8.073     9.137  7 54161.49328907  7.458
 57 127.231149  70.647907     7.931     7.966  8 54196.49325397  6.423
 58 127.234567  70.652117     9.207     9.667  7 54231.49330206 13.173
 60 127.239022  70.652834    10.222    10.199  7 54301.49332424 18.470
 61 127.242285  70.654925     7.137     7.132  7 54336.49331207 50.219
 62 127.234010  70.648436     7.735     7.474  7 54371.49325598 28.990
 63 127.238951  70.654014     6.601     6.491  7 54406.49325678 23.697
 64 127.228362  70.644849     6.600     5.462  8 54441.49321423  8.800
 65 127.238780  70.651786     5.263     5.226  7 54476.49324437 13.486
 67 127.241764  70.653558     7.077     7.179  6 54546.49325879  6.369
 68 127.237624  70.651555     6.439     6.371  7 54581.49322666  9.267
 69 127.243294  70.649811   128.958   128.310  4 54616.49324746  5.870
 70 127.235212  70.652076    11.087    11.308  7 54651.49326087 17.211
 71 127.242469  70.654886     7.259     7.120  7 54686.49325318 28.012
 72 127.228171  70.647332     9.653     9.624  8 54721.49320586 14.774
 73 127.238921  70.652161     5.962     5.955  6 54756.49322759 43.304
 74 127.228123  70.645787     4.840     4.591  8 54791.49319896 16.898
 75 127.235945  70.650579     6.246     5.807  7 54826.49322454 10.712
 76 127.231529  70.647210     5.630     5.574  8 54861.49319280  8.429
 78 127.232102  70.647690     6.963     6.548  8 54931.49318990  4.901
 79 127.237440  70.652334     8.921     9.154  7 54966.49322613 22.347
 80 127.235182  70.652040    14.493    14.487  7 55001.49324604 11.527
 81 127.237610  70.652624     7.835     7.846  7 55036.49323211 17.991
 82 127.243644  70.655545     6.725     6.788  7 55071.49322053 35.282
 83 127.230831  70.646246     4.989     5.046  8 55106.49316320 26.114
 84 127.239911  70.652840     6.168     6.141  7 55141.49317004 22.567
 85 127.227806  70.646693     4.606     4.307  8 55176.49313279 13.504
 86 127.235909  70.652806     5.423     5.445  7 55211.49316480  9.829
 87 127.233960  70.647680     5.915     5.641  7 55246.49313664  7.823
 88 127.242506  70.652961     5.929     5.915  7 55281.49315844  8.256
 90 127.242523  70.653302    19.091    19.138  7 55351.49313041 30.623
 91 127.231284  70.646630     8.772     8.827  7 55386.49312467 20.251
 92 127.237830  70.653163     6.201     6.200  7 55421.49314873 38.850
 93 127.244624  70.656021     7.771     7.539  7 55456.49312384 18.876
