# NaN NaN NaN ;Mean Elev.(m), Avg Gradient(m/km), RMS Gradient(m/km) - SRTM1     
#   40.060  -0.805   5.508 ;Mean Elev.(m), Avg Gradient(m/km), RMS Gradient(m/km) - ASTER GDEM
#   32.977  -0.609   6.156 ;Mean Elev.(m), Avg Gradient(m/km), RMS Gradient(m/km) - GMTED2010 
  8 126.113621  64.405362    53.939    53.939  2 52499.51590875 51.515
 10 126.104860  64.402036    52.894    52.894  2 52569.51592538 46.907
 11 126.112351  64.404705    56.671    56.054  3 52604.51590776 18.942
 12 126.098006  64.400182    57.873    58.078  3 52639.51588921 18.929
 13 126.112148  64.404878    56.478    56.478  2 52674.51588505 15.600
 14 126.101234  64.401132    57.976    58.018  3 52709.51590072 14.003
 16 126.095882  64.399391    52.913    52.912  3 52779.51586523 38.494
 17 126.095885  64.398658    59.375    58.729  3 52814.51594883 31.251
 18 126.100034  64.400943    56.225    55.191  3 52849.51600183 22.259
 19 126.105995  64.401919    54.604    54.604  2 52884.51603724 51.362
 20 126.114774  64.405220    57.414    57.414  2 52919.51599384 18.920
 21 126.102825  64.401059    55.275    53.109  3 52954.51595674 23.844
 22 126.112361  64.405307    57.198    57.324  3 52989.51596692 15.354
 23 126.105249  64.421753    55.958    56.386  6 53024.51595134 13.334
 24 126.112146  64.404237    56.821    56.821  2 53059.51594552 12.165
 25 126.109497  64.405240    56.723    56.723  2 53094.51598361 11.175
 26 126.107031  64.401654    53.592    53.592  2 53129.51595501 18.639
 28 126.106637  64.402903    56.351    56.328  3 53199.51602522 51.132
 29 126.103669  64.423193    56.150    56.198  4 53234.51599891 29.961
 30 126.094070  64.399550    59.897    60.230  3 53269.51596030 29.054
 31 126.095928  64.399379    54.073    54.073  2 53304.51602158 43.608
 32 126.111868  64.403620    55.400    55.400  2 53339.51599061 15.634
 33 126.094644  64.436162    56.559    56.560  6 53374.51592851  9.608
 34 126.107027  64.403123    57.839    57.841  3 53409.51596462  9.692
 35 126.104600  64.424120    56.484    56.501  4 53444.51595183  8.217
 36 126.098008  64.399862    58.298    58.298  2 53479.51602664 10.300
 37 126.108581  64.402671    58.586    58.586  2 53514.51603435 29.299
 38 126.106120  64.403558    56.374    56.374  2 53549.51605342 53.923
 39 126.112749  64.405519    57.120    57.120  2 53584.51601602 49.160
 40 126.094327  64.432974    56.611    56.618  5 53619.51597833 26.302
 41 126.102572  64.401551    53.792    53.887  3 53654.51599840 40.035
 42 126.106821  64.404181    55.562    55.562  2 53689.51599388 19.416
 43 126.098156  64.433289    54.971    54.453  7 53724.51592388 15.566
 44 126.105560  64.402251    59.414    59.376  3 53759.51586051 13.725
 45 126.115651  64.406127    55.954    55.954  2 53794.51587994 13.712
 46 126.099285  64.401649    59.269    59.269  2 53829.51585546 11.387
 47 126.100667  64.400450    54.502    52.684  3 53864.51593464 29.797
 48 126.106031  64.402443    59.492    59.536  3 53899.51596046 24.649
 49 126.100051  64.401377    59.431    59.431  2 53934.51600404 17.464
 50 126.108095  64.403630    56.892    56.075  3 53969.51597423 21.780
 51 126.098030  64.400491    56.872    56.881  3 54004.51594802 50.698
 52 126.106184  64.402454    53.311    53.323  3 54039.51598029 38.307
 53 126.110604  64.405434    56.019    56.019  2 54074.51597512 17.540
 54 126.105322  64.423397    56.376    56.491  4 54109.51592364 13.400
 55 126.102024  64.402112    58.491    58.491  2 54144.51591288 11.051
 56 126.115124  64.407734    56.354    56.354  2 54179.51590530 11.565
 57 126.104011  64.400438    57.893    57.893  2 54214.51592033 11.576
 58 126.105874  64.401773    60.003    60.003  2 54249.51594829 51.581
 59 126.109483  64.404843    57.168    57.168  2 54284.51595622 24.131
 60 126.110907  64.403911    56.044    56.044  2 54319.51595337 46.230
 61 126.116724  64.406751    57.857    58.186  3 54354.51591690 21.403
 62 126.107368  64.403999    53.862    53.862  2 54389.51589374 41.071
 63 126.112179  64.405433    54.801    54.801  2 54424.51586658 20.181
 64 126.102369  64.401551    58.996    59.856  3 54459.51586898 14.139
 65 126.113064  64.406038    55.971    55.971  2 54494.51587155 14.531
 66 126.105806  64.402631    57.878    57.658  3 54529.51588189 10.805
 67 126.116829  64.406639    56.772    56.501  3 54564.51587845  8.644
 68 126.107248  64.402863    53.286    53.286  2 54599.51587759 40.690
 69 126.106959  64.403182    58.896    58.949  3 54634.51589006 26.175
 70 126.110136  64.402708    57.139    57.139  2 54669.51589460 27.248
 71 126.115228  64.406483    54.964    56.388  3 54704.51585860 25.572
 72 126.103744  64.401635    55.863    55.863  2 54739.51585717 51.939
 73 126.113241  64.405770    53.373    53.373  2 54774.51583947 42.626
 74 126.100494  64.400395    57.756    57.756  2 54809.51585051 14.913
 75 126.111380  64.405963    55.048    55.048  2 54844.51583814 15.693
 76 126.103746  64.402916    57.412    57.412  2 54879.51585407 11.689
 77 126.115256  64.405185    56.420    56.420  2 54914.51584171  9.735
 78 126.105439  64.401312    52.565    52.565  2 54949.51584644 46.117
 79 126.105413  64.402874    59.240    59.530  3 54984.51587168 25.735
 80 126.110061  64.403980    57.372    56.545  3 55019.51586732 29.517
 81 126.112090  64.404237    57.202    57.202  2 55054.51586371 19.001
 82 126.115236  64.406508    57.467    57.617  3 55089.51582422 21.659
 83 126.107001  64.401669    54.630    54.630  2 55124.51580053 51.284
 84 126.111730  64.405505    56.014    56.061  3 55159.51578505 20.581
 85 126.101075  64.400755    58.056    58.056  2 55194.51579082 17.561
 86 126.113146  64.407008    55.327    55.327  2 55229.51578756 16.542
 87 126.106177  64.404379    56.449    56.449  2 55264.51578644 13.542
 88 126.114953  64.407617    55.386    55.386  2 55299.51577057 12.735
 89 126.109875  64.403695    54.297    54.297  2 55334.51576373 48.434
 90 126.110085  64.405313    58.239    58.239  2 55369.51575491 20.367
 91 126.104549  64.401871    57.743    58.004  3 55404.51577165 16.411
 92 126.112249  64.405615    54.374    54.374  2 55439.51577341 22.074
 93 126.104561  64.421454    56.596    57.017  6 55474.51572228 19.800
