# NaN NaN NaN ;Mean Elev.(m), Avg Gradient(m/km), RMS Gradient(m/km) - SRTM1     
#   32.009  -1.276   9.000 ;Mean Elev.(m), Avg Gradient(m/km), RMS Gradient(m/km) - ASTER GDEM
#   25.302  -0.055  15.270 ;Mean Elev.(m), Avg Gradient(m/km), RMS Gradient(m/km) - GMTED2010 
  8 125.356943  64.832123    49.950    49.874  7 52492.12004423 47.785
 10 125.359062  64.832034    49.596    49.639  7 52562.12007355 47.411
 12 125.358713  64.831168    49.036    49.041  7 52632.12003150 25.999
 13 125.351539  64.835340    48.944    48.960  7 52667.12005074 22.733
 15 125.351606  64.836420    52.880    52.929  7 52737.12006329 10.914
 16 125.347600  64.839751    49.493    49.447  6 52772.12003124 39.269
 17 125.360179  64.831926    61.327    63.277  7 52807.12008712 16.696
 18 125.359003  64.830807    51.477    51.296  6 52842.12014620 26.549
 19 125.356136  64.834343    50.396    50.357  6 52877.12018425 21.303
 20 125.353066  64.836893    78.565    78.798  6 52912.12014233 12.379
 23 125.348903  64.839226    54.896    50.576  6 53017.12013164 12.636
 24 125.362453  64.830216    51.206    51.350  6 53052.12011203 11.792
 25 125.346503  64.845469    66.985    66.648  6 53087.12014656 10.392
 26 125.356247  64.830523    50.672    50.800  5 53122.12011896 24.965
 27 125.352299  64.835615    54.177    54.182  6 53157.12017401 28.134
 28 125.355388  64.832696    57.138    53.895  7 53192.12016709 15.655
 29 125.352688  64.834520    52.178    52.173  7 53227.12016811 39.130
 30 125.346319  64.844246    50.220    50.236  5 53262.12013991 35.721
 31 125.351282  64.835534    50.022    49.937  7 53297.12017722 45.757
 32 125.353405  64.834957    66.365    66.275  6 53332.12014926 11.442
 33 125.348583  64.840017    66.751    67.944  7 53367.12009391  8.755
 35 125.349543  64.838988    70.994    70.707  7 53437.12011119  7.114
 36 125.354982  64.832963    65.469    66.431  7 53472.12016464  6.715
 37 125.351628  64.836140    52.971    52.947  7 53507.12019433 42.179
 38 125.350398  64.836576    52.539    52.502  6 53542.12020112 29.862
 39 125.349261  64.840813    52.177    52.124  6 53577.12018787 25.655
 40 125.346521  64.844163    73.422    73.086  5 53612.12013952 16.675
 41 125.361102  64.831715    53.039    52.928  6 53647.12014607 16.794
 42 125.348914  64.839982    49.221    49.249  6 53682.12016075 23.464
 43 125.349704  64.838056    50.702    50.289  6 53717.12008851 14.142
 45 125.354399  64.835615    56.707    52.147  7 53787.12003826 11.058
 46 125.347105  64.844798    67.156    67.441  6 53822.11999142  8.925
 47 125.354017  64.833936    50.064    49.989  6 53857.12008421 19.995
 48 125.358909  64.832304    62.452    63.672  6 53892.12009744 18.188
 49 125.348903  64.839470    51.388    51.402  6 53927.12015688 48.846
 50 125.346697  64.842669    49.689    49.746  6 53962.12014087 44.500
 52 125.359413  64.830848    49.563    49.546  7 54032.12013808 43.615
 53 125.352552  64.835082    51.227    51.840  7 54067.12013152 17.481
 54 125.347686  64.841272    54.717    50.064  5 54102.12009111 15.432
 55 125.358198  64.831950    50.687    51.007  7 54137.12005970 12.134
 56 125.350012  64.840764    58.517    60.516  6 54172.12006814 11.195
 57 125.357945  64.831670    51.126    51.119  6 54207.12006520 12.033
 58 125.354089  64.834804    60.676    57.466  6 54242.12009713 25.938
 59 125.353494  64.834169    52.854    52.913  7 54277.12011151 50.044
 60 125.354059  64.834862    61.095    61.522  6 54312.12011219 14.091
 61 125.347200  64.839561    54.791    51.363  6 54347.12008422 20.284
 62 125.357949  64.831962    62.154    62.632  6 54382.12004968 34.204
 63 125.349017  64.837345    49.730    49.700  6 54417.12003382 26.587
 64 125.359126  64.829181    50.052    50.052  6 54452.12001943 16.295
 65 125.353552  64.834482    50.187    50.158  6 54487.12003131 14.371
 66 125.358832  64.833165    53.660    50.027  6 54522.12003200 11.383
 67 125.350340  64.839996    56.144    52.680  6 54557.12004061  8.346
 68 125.353503  64.832972    55.026    50.947  5 54592.12002805  9.941
 69 125.352921  64.837043    68.969    68.258  7 54627.12004302 14.581
 70 125.353641  64.836043    51.173    51.166  7 54662.12005085 49.339
 71 125.349983  64.838751    55.077    52.115  7 54697.12002598 17.227
 72 125.358521  64.832279    59.010    62.755  7 54732.12000777 20.429
 73 125.353045  64.835348    49.684    49.741  7 54767.12000585 43.792
 74 125.358010  64.831816    50.424    50.289  7 54802.12000186 18.491
 75 125.353553  64.835872    50.361    50.318  6 54837.11999808 13.322
 76 125.358573  64.832348    53.048    51.970  7 54872.12000039 11.915
 77 125.347731  64.842145    65.791    66.125  6 54907.12000494  9.378
 78 125.357350  64.832758    50.862    50.807  7 54942.11999308  6.844
 79 125.352957  64.834917    53.263    53.239  6 54977.12002056 37.378
 80 125.350837  64.835362    52.570    52.586  7 55012.12002888 50.243
 81 125.355019  64.834901    52.041    52.472  7 55047.12002079 17.463
 82 125.347377  64.840631    50.880    50.831  6 55082.11999188 51.309
 83 125.352778  64.826362    60.067    54.695  3 55117.11995445 21.451
 84 125.351299  64.836879    49.401    49.424  6 55152.11995050 29.510
 85 125.358559  64.832493    49.487    49.520  6 55187.11993987 25.476
 86 125.350382  64.835756    49.213    49.246  7 55222.11994930 21.818
 87 125.356058  64.832501    49.060    49.046  7 55257.11993610 20.776
 88 125.349159  64.841875    48.838    48.846  6 55292.11993627 17.939
 89 125.353156  64.835922    49.595    49.583  6 55327.11991954 35.124
 90 125.350560  64.837373    62.452    62.683  6 55362.11991567 13.869
 91 125.357006  64.831671    52.477    52.704  6 55397.11992390 17.206
 92 125.354737  64.834475    51.742    52.266  7 55432.11993113 17.500
 93 125.346796  64.841323    50.357    50.331  6 55467.11988965 25.266
