# NaN NaN NaN ;Mean Elev.(m), Avg Gradient(m/km), RMS Gradient(m/km) - SRTM1     
#   72.867     NaN     NaN ;Mean Elev.(m), Avg Gradient(m/km), RMS Gradient(m/km) - ASTER GDEM
#  124.699  -7.691  54.482 ;Mean Elev.(m), Avg Gradient(m/km), RMS Gradient(m/km) - GMTED2010 
  7 122.015144  60.565748   121.719   121.783  3 52444.53511118 30.788
  8 122.022391  60.566372   127.483   128.263  4 52479.53510417  8.959
  9 122.041968  60.566116   118.882   117.148  4 52514.53505028 28.653
 10 122.013170  60.565501   132.966   133.072  3 52549.53509588  8.234
 11 122.033524  60.565658   121.394   121.819  3 52584.53508096 35.681
 12 122.033075  60.566123   125.075   125.227  4 52619.53505939 13.445
 13 122.029695  60.566152   129.046   128.823  4 52654.53504483  8.355
 14 122.038571  60.564721   127.769   127.782  4 52689.53503943  6.633
 15 122.026966  60.565270   124.134   124.029  4 52724.53508414  6.320
 18 122.022587  60.566391   125.353   126.514  3 52829.53512606 26.677
 19 122.029688  60.565753   125.210   125.182  3 52864.53517018 16.783
 20 122.029685  60.565533   123.750   124.059  4 52899.53519927 19.291
 21 122.035011  60.566179   122.709   123.908  4 52934.53514278 37.376
 22 122.021096  60.565527   125.184   125.293  4 52969.53515844 15.153
 25 122.027600  60.564870   128.587   128.868  3 53074.53515685  3.436
 27 122.020964  60.565680   404.989   404.738  3 53144.53516835  2.328
 30 122.036036  60.565479   125.381   125.913  3 53249.53517406 41.341
 31 122.012593  60.565635   129.191   129.913  4 53284.53517044 14.947
 32 122.029964  60.566049   123.750   123.887  4 53319.53515844 28.799
 39 122.025389  60.565952   130.940   131.661  3 53564.53522472 11.380
 40 122.037157  60.565860   126.059   125.813  3 53599.53516614 26.410
 41 122.013269  60.566200   119.615   120.870  4 53634.53516331 31.408
 42 122.020410  60.565887   119.612   119.007  4 53669.53518456 40.755
 45 122.029655  60.565556   131.836   131.876  4 53774.53505135  4.411
 46 122.042172  60.565607   132.652   132.240  3 53809.53503469  1.849
 48 122.026958  60.564962   405.749   406.471  3 53879.53510581  1.413
 49 122.018504  60.566758   132.698   132.668  4 53914.53516235 36.379
 50 122.022350  60.563949   120.256   120.256  2 53949.53517230 41.661
 51 122.033506  60.568213   134.686   134.686  2 53984.53511112  9.476
 52 122.021002  60.565308   123.279   122.836  4 54019.53514600 27.067
 53 122.034401  60.566276   128.313   128.327  4 54054.53513646 11.899
 54 122.035991  60.565148   131.028   131.104  4 54089.53512622  6.684
 55 122.017461  60.565981   129.901   129.446  3 54124.53505188  3.116
 57 122.018427  60.565846   132.766   132.495  4 54194.53505405  2.304
 60 122.029502  60.564939   120.492   120.479  4 54299.53512667 46.676
 61 122.033807  60.565521   126.244   127.132  4 54334.53511673 35.836
 63 122.030644  60.565492   123.010   124.835  3 54404.53506070 35.867
 64 122.013284  60.566715   125.751   125.657  3 54439.53501877 12.301
 70 122.024390  60.565219   128.482   128.528  4 54649.53506195 40.476
 71 122.032530  60.565806   126.132   126.431  3 54684.53505810 23.544
 73 122.026555  60.565060   118.142   118.288  3 54754.53503171 30.219
 74 122.016734  60.565280   124.658   124.316  3 54789.53499987 21.751
 76 122.018828  60.565360   129.045   128.948  4 54859.53499297  6.449
 77 122.030359  60.564916   130.894   131.143  3 54894.53502875  5.197
 80 122.025516  60.565801   133.401   134.127  4 54999.53504958 12.795
 81 122.026098  60.565202   126.903   126.691  3 55034.53503597 24.011
 82 122.034864  60.565372   128.489   127.821  4 55069.53502543 22.861
 84 122.028807  60.565176   121.402   119.629  3 55139.53497242 33.276
 85 122.016944  60.566618   127.685   127.820  4 55174.53493400 10.952
 86 122.025930  60.565152   130.264   130.077  3 55209.53496830  7.459
 87 122.018781  60.566447   128.912   130.078  3 55244.53494006  4.385
 88 122.030749  60.566204   131.567   131.760  4 55279.53496213  1.604
 91 122.018413  60.566015   125.323   126.590  3 55384.53492619 37.558
 92 122.026260  60.566462   122.831   121.017  3 55419.53495215 40.015
 93 122.035447  60.566186   130.202   130.484  3 55454.53492989 12.249
 94 122.043149  60.565942   118.690   117.742  4 55489.53484893 42.314
