-261889.848   838.683     0.00   11.40
-261520.404   833.300   -14.57   12.31
-261150.907   824.114   -24.85   13.19
-260781.355   813.899   -27.64   12.12
-260411.749   804.408   -25.67   12.39
-260042.088   794.929   -25.64   10.59
-259672.374   785.767   -24.77   10.56
-259302.605   777.881   -21.32    9.10
-258932.783   771.294   -17.81    7.64
-258562.906   766.651   -12.55    4.98
-258192.974   764.822    -4.94    5.21
-257822.989   765.151     0.89    7.91
-257452.949   765.611     1.24    9.45
-257082.855   765.518    -0.25   11.19
-256712.706   765.033    -1.31   12.15
-256342.503   763.188    -4.98   12.44
-255972.246   760.174    -8.14   12.01
-255601.934   758.197    -5.34   12.63
-255231.567   756.224    -5.32    8.74
-254861.147   756.582     0.97    8.18
-254490.671   760.724    11.18   15.61
-254120.141   773.259    33.82   21.27
-253749.557   785.639    33.40   21.89
-253378.918   796.752    29.98   19.20
-253008.224   802.695    16.03   15.22
-252637.476   804.863     5.85   14.52
-252266.673   801.694    -8.55   16.59
-251895.816   791.544   -27.36   18.22
-251524.903   779.011   -33.78   17.49
-251153.936   766.470   -33.80   18.22
-250782.914   754.083   -33.38   21.94
-250411.838   740.906   -35.50   25.64
-250040.706   725.694   -40.98   29.32
-249669.520   705.065   -55.56   26.46
-249298.279   687.539   -47.20   24.60
-248926.983   668.208   -52.05   21.93
-248555.632   652.942   -41.10   21.71
-248184.226   640.750   -32.82   21.93
-247812.765   634.028   -18.09   28.06
-247441.250   628.498   -14.88   32.12
-247069.679   622.431   -16.32   35.34
-246698.053   610.808   -31.27   29.87
-246326.372   597.228   -36.53   28.05
-245954.636   578.890   -49.32   28.79
-245582.845   562.451   -44.21   27.97
-245210.999   556.520   -15.95   30.15
-244839.097   548.498   -21.57   32.56
-244467.141   544.947    -9.55   32.81
-244095.129   546.822     5.04   38.78
-243723.062   554.933    21.79   46.99
-243350.939   553.363    -4.22   47.32
-242978.762   541.047   -33.08   43.73
-242606.529   521.586   -52.27   39.85
-242234.240   506.627   -40.17   28.22
-241861.897   504.653    -5.30   31.67
-241489.498   509.422    12.80   45.80
-241117.043   509.428     0.01   47.59
-240744.533   504.996   -11.89   48.64
-240371.968   490.608   -38.61   42.93
-239999.347   480.970   -25.86   41.19
-239626.671   459.518   -57.55   31.29
-239253.939   445.528   -37.52   23.33
-238881.151   430.033   -41.56   15.10
-238508.308   423.646   -17.13   12.26
-238135.409   421.252    -6.42   15.09
-237762.455   422.866     4.33   19.97
-237389.445   427.419    12.20   24.21
-237016.379   440.508    35.08   34.35
-236643.257   464.766    65.00   49.31
-236270.080   502.723   101.69   60.44
-235896.847   539.709    99.08   58.24
-235523.558   570.974    83.74   47.53
-235150.214   595.422    65.47   36.66
-234776.813   618.488    61.76   28.18
-234403.357   626.417    21.22   23.99
-234029.844   626.822     1.09   25.47
-233656.276   621.665   -13.80   25.88
-233282.652   621.308    -0.96   21.09
-232908.972   623.249     5.19   15.70
-232535.235   624.330     2.89    9.83
-232161.443   621.558    -7.41    9.19
-231787.595   616.665   -13.09    8.18
-231413.690   613.151    -9.40    8.01
-231039.730   610.512    -7.06    8.93
-230665.713   604.236   -16.78   13.66
-230291.640   592.474   -31.44   23.66
-229917.511   570.502   -58.72   30.09
-229543.326   554.502   -42.75   27.71
-229169.085   543.963   -28.16   22.09
-228794.787   543.442    -1.39   26.19
-228420.433   551.877    22.53   27.13
-228046.022   559.996    21.68   24.13
-227671.556   569.054    24.18   26.02
-227297.032   576.736    20.51   27.44
-226922.453   581.956    13.93   24.75
-226547.817   583.278     3.53   23.12
-226173.125   574.741   -22.78   30.96
-225798.376   563.565   -29.82   31.99
-225423.570   553.254   -27.51   32.98
-225048.708   543.532   -25.93   32.95
-224673.790   513.890   -79.05   53.07
-224298.815   470.165  -116.58   69.50
-223923.783   439.849   -80.82   61.56
-223548.695   424.244   -41.60   48.29
-223173.550   438.385    37.69   55.25
-222798.348   463.544    67.04   44.79
-222423.090   467.169     9.66   34.17
-222047.774   444.447   -60.53   41.83
-221672.403   425.408   -50.71   34.98
-221296.974   426.708     3.46   36.91
-220921.488   443.234    44.00   41.24
-220545.946   466.865    62.91   28.37
-220170.347   473.440    17.50   20.13
-219794.690   455.216   -48.50   31.74
-219418.977   428.622   -70.77   37.68
-219043.207   406.949   -57.67   32.50
-218667.380   392.099   -39.50   22.40
-218291.496   384.669   -19.76   28.05
-217915.555   380.502   -11.08   28.99
-217539.557   381.442     2.50   31.17
-217163.501   391.224    26.01   31.97
-216787.389   408.379    45.60   25.20
-216411.219   424.876    43.85   24.80
-216034.993   440.763    42.22   37.87
-215658.709   458.928    48.26   38.75
-215282.368   476.687    47.18   26.12
-214905.969   475.348    -3.55   21.52
-214529.514   460.765   -38.73   24.45
-214153.001   442.219   -49.25   24.54
-213776.430   423.808   -48.88   20.42
-213399.803   409.655   -37.57   26.33
-213023.118   388.447   -56.29   36.35
-212646.375   367.174   -56.45   39.85
-212269.575   342.230   -66.19   27.88
-211892.718   335.894   -16.81   20.55
-211515.803   342.118    16.51   23.11
-211138.831   358.543    43.56   24.73
-210761.801   373.301    39.13   23.05
-210384.713   388.896    41.35   21.30
-210007.568   391.534     6.99   17.62
-209630.365   387.151   -11.62   19.39
-209253.105   376.808   -27.41   20.79
-208875.787   363.655   -34.85   19.41
-208498.411   352.766   -28.85   20.60
-208120.977   338.447   -37.93   26.20
-207743.486   324.709   -36.38   28.11
-207365.937   304.308   -54.03   28.20
-206988.330   285.749   -49.14   24.88
-206610.665   273.465   -32.52   22.85
-206232.942   267.528   -15.71   22.41
-205855.162   267.375    -0.40   26.95
-205477.323   269.379     5.30   28.22
-205099.427   273.919    12.01   28.31
-204721.472   285.709    31.19   33.15
-204343.460   295.141    24.95   39.19
-203965.390   297.274     5.64   40.41
-203587.261   293.151   -10.90   40.77
-203209.074   276.986   -42.74   37.17
-202830.829   264.399   -33.27   22.54
-202452.527   271.914    19.86   24.89
-202074.165   282.102    26.92   24.07
-201695.746   288.041    15.69   20.51
-201317.269   281.036   -18.50   30.92
-200938.733   259.558   -56.73   36.65
-200560.139   231.211   -74.86   30.81
-200181.486   215.118   -42.49   21.89
-199802.775   203.613   -30.37   13.52
-199424.006   198.494   -13.51    8.04
-199045.179   199.754     3.33   13.06
-198666.293   207.793    21.21   25.44
-198287.348   219.322    30.42   39.48
-197908.346   230.165    28.60   47.22
-197529.284   234.479    11.38   45.35
-197150.164   232.947    -4.04   43.34
-196770.986   228.712   -11.17   38.37
-196391.749   220.534   -21.56   33.68
-196022.901   217.808    -7.39   32.40
-195654.917   212.904   -13.32   30.71
-195286.878   208.113   -13.01   26.61
-194918.785   205.465    -7.19   21.19
-194550.637   212.849    20.05   29.62
-194182.433   228.348    42.09   38.22
-193814.175   246.697    49.82   40.21
-193445.862   259.113    33.71   38.37
-193077.494   260.961     5.01   37.94
-192709.071   252.363   -23.33   35.13
-192340.593   241.905   -28.38   33.54
-191972.060   221.863   -54.37   33.58
-191603.472   205.780   -43.63   29.29
-191234.828   193.329   -33.77   22.88
-190866.130   189.737    -9.74   22.34
-190497.376   186.849    -7.83   24.79
-190128.568   188.033     3.21   27.55
-189759.704   185.082    -8.00   25.85
-189390.784   182.222    -7.75   22.65
-189021.810   180.438    -4.83   18.32
-188652.780   187.894    20.20   23.07
-188283.695   208.054    54.61   37.33
-187914.555   236.808    77.88   43.96
-187545.359   266.232    79.69   41.98
-187176.108   286.723    55.48   39.80
-186806.801   298.917    33.01   36.37
-186437.439   305.222    17.07   29.73
-186068.022   305.438     0.58   21.78
-185698.549   296.690   -23.67   22.66
-185329.020   274.159   -60.96   35.64
-184959.436   246.445   -74.97   38.33
-184589.797   223.794   -61.27   31.25
-184220.102   216.102   -20.80   27.91
-183850.351   231.740    42.29   39.57
-183480.545   260.337    77.32   44.75
-183110.682   283.767    63.34   31.99
-182740.765   290.043    16.96   21.39
-182370.791   280.011   -27.11   24.18
-182000.762   269.411   -28.64   16.68
-181630.677   274.958    14.99   20.24
-181260.536   284.352    25.37   23.38
-180890.340   288.164    10.30   24.48
-180520.087   288.749     1.58   26.92
-180149.779   289.655     2.45   22.65
-179779.414   292.308     7.16   18.65
-179408.994   300.655    22.53   17.92
-179038.518   306.780    16.53   17.95
-178667.986   302.411   -11.79   21.09
-178297.398   285.244   -46.31   33.78
-177926.754   255.051   -81.45   47.55
-177556.054   219.974   -94.61   41.52
-177185.297   205.659   -38.61   27.70
-176814.485   204.958    -1.89   28.25
-176443.616   217.173    32.93   33.37
-176072.692   238.274    56.88   36.90
-175701.711   257.213    51.04   40.61
-175330.674   272.013    39.88   38.36
-174959.580   280.506    22.88   36.72
-174588.431   275.452   -13.62   40.34
-174217.225   264.947   -28.30   36.78
-173845.962   255.516   -25.40   28.52
-173474.644   254.030    -4.00   22.72
-173103.269   259.155    13.80   20.81
-172731.837   265.086    15.96   21.73
-172360.350   277.377    33.08   24.26
-171988.805   291.033    36.75   27.35
-171617.205   310.419    52.16   26.11
-171245.547   325.849    41.51   19.98
-170873.834   336.646    29.04   10.33
-170502.063   338.579     5.20    8.51
-170130.236   333.051   -14.87   13.55
-169758.353   326.837   -16.71   14.96
-169386.413   323.375    -9.31   15.71
-169014.416   323.205    -0.46   14.82
-168642.362   325.061     4.99   12.04
-168270.252   327.470     6.47    9.62
-167898.085   331.565    11.00    8.69
-167525.862   336.982    14.55    9.62
-167153.581   341.848    13.07    8.76
-166781.244   343.561     4.60    7.78
-166408.849   339.191   -11.73   10.90
-166036.398   330.512   -23.30   13.89
-165663.890   322.095   -22.59   14.18
-165291.325   314.991   -19.07   14.23
-164918.703   311.041   -10.60   16.37
-164546.025   308.191    -7.64   18.59
-164173.289   304.794    -9.11   18.97
-163800.496   300.698   -10.99   18.50
-163427.646   296.137   -12.23   18.06
-163054.739   292.328   -10.21   18.68
-162681.774   289.723    -6.98   18.81
-162308.753   289.808     0.23   18.58
-161935.675   291.470     4.45   18.39
-161562.539   296.342    13.06   17.69
-161189.346   299.083     7.34   15.29
-160816.096   293.808   -14.13   16.80
-160442.788   283.867   -26.63   20.47
-160069.423   272.888   -29.40   18.96
-159696.001   266.087   -18.21   18.94
-159322.522   264.034    -5.50   21.51
-158948.985   265.359     3.54   23.54
-158575.391   262.592    -7.41   25.49
-158201.739   261.428    -3.11   27.30
-157828.030   258.095    -8.91   27.83
-157454.263   255.822    -6.08   27.66
-157080.439   244.169   -31.17   29.90
-156706.557   232.766   -30.49   31.47
-156332.617   223.958   -23.55   31.04
-155958.620   217.411   -17.51   32.62
-155584.566   211.711   -15.24   33.63
-155210.453   204.164   -20.17   33.18
-154836.284   195.516   -23.11   32.63
-154462.056   185.173   -27.64   28.17
-154087.770   178.908   -16.74   26.19
-153713.427   172.619   -16.80   22.83
-153339.026   169.455    -8.45   21.32
-152964.567   165.781    -9.81   23.14
-152590.051   165.793     0.03   25.63
-152215.476   170.416    12.34   31.66
-151840.844   180.417    26.69   38.77
-151466.153   202.146    57.98   42.82
-151091.405   225.530    62.39   43.69
-150716.598   244.479    50.55   37.94
-150341.734   240.405   -10.87   35.35
-149966.812   222.586   -47.52   43.26
-149591.831   188.113   -91.92   47.63
-149216.792   154.016   -90.90   40.98
-148841.696   128.280   -68.60   26.30
-148466.541   114.653   -36.32   14.59
-148091.328   108.068   -17.55    9.20
-147716.056   105.202    -7.64    6.56
-147340.727   106.483     3.41    9.58
-146965.339   115.175    23.15   18.69
-146589.893   142.997    74.09   44.99
-146214.388   178.411    94.30   56.79
-145838.826   223.200   119.24   58.74
-145463.204   262.259   103.97   50.18
-145087.525   293.205    82.36   43.50
-144711.787   316.044    60.78   30.04
-144335.990   327.054    29.30   19.05
-143960.135   333.197    16.34   18.69
-143584.222   340.627    19.76   21.00
-143208.250   350.578    26.46   21.27
-142832.219   360.428    26.19   15.05
-142456.130   365.011    12.18   13.73
-142079.982   366.146     3.02   13.81
-141703.776   364.541    -4.26   15.04
-141327.510   364.102    -1.17   16.86
-140951.187   363.448    -1.74   18.33
-140574.804   359.951    -9.29   16.58
-140198.362   349.605   -27.48   21.06
-139821.862   326.991   -60.06   32.49
-139445.303   295.240   -84.31   42.77
-139068.685   258.246   -98.22   43.80
-138692.008   239.876   -48.76   30.89
-138315.273   240.159     0.75   31.17
-137938.478   252.516    32.79   40.91
-137561.624   274.605    58.61   43.46
-137184.712   279.132    12.01   45.22
-136807.740   271.781   -19.50   42.53
-136430.709   266.499   -14.01   33.14
-136053.620   266.074    -1.13   28.22
-135676.471   276.065    26.49   32.25
-135299.263   293.051    45.03   38.00
-134921.995   305.920    34.11   39.05
-134544.669   314.754    23.41   39.16
-134167.283   320.068    14.08   39.18
-133789.839   330.211    26.87   42.42
-133412.334   337.889    20.34   46.03
-133034.771   353.033    40.11   50.13
-132657.148   369.821    44.45   52.81
-132279.466   378.605    23.25   56.94
-131901.724   390.368    31.14   54.06
-131523.923   396.970    17.47   54.51
-131146.063   408.554    30.66   47.59
-130768.143   422.456    36.78   37.11
-130390.163   437.493    39.78   28.78
-130012.124   447.863    27.43   23.34
-129634.026   455.322    19.72   17.43
-129255.867   458.929     9.54   13.73
-128877.650   458.920    -0.02   14.46
-128499.372   455.794    -8.26   22.12
-128121.035   448.065   -20.43   31.17
-127742.638   438.754   -24.60   37.21
-127364.182   429.852   -23.52   40.28
-126985.665   420.294   -25.25   37.51
-126607.089   411.611   -22.94   35.96
-126228.453   396.402   -40.16   34.09
-125849.757   390.113   -16.61   39.84
-125471.001   395.712    14.78   48.75
-125092.186   415.137    51.27   42.80
-124713.310   426.280    29.41   32.52
-124334.374   430.619    11.45   25.80
-123955.379   430.499    -0.32   21.68
-123576.323   418.088   -32.74   23.56
-123197.208   404.675   -35.37   26.37
-122818.032   385.078   -51.68   21.70
-122438.796   371.232   -36.51   14.21
-122059.500   365.281   -15.69   14.96
-121680.143   365.155    -0.33   22.51
-121308.617   371.493    17.06   30.71
-120940.805   377.027    15.04   37.05
-120572.937   380.931    10.61   43.29
-120205.012   374.986   -16.16   50.76
-119837.032   367.191   -21.18   51.31
-119468.995   349.123   -49.09   50.38
-119100.902   332.929   -43.99   49.95
-118732.752   312.848   -54.54   42.60
-118364.546   304.713   -22.09   37.37
-117996.284   300.168   -12.34   42.40
-117627.965   305.646    14.87   48.61
-117259.590   308.021     6.45   51.56
-116891.159   304.848    -8.61   51.39
-116522.671   302.728    -5.75   46.64
-116154.126   308.335    15.21   48.16
-115785.525   322.514    38.46   47.45
-115416.867   336.021    36.63   41.69
-115048.153   340.101    11.06   38.70
-114679.382   334.578   -14.98   35.93
-114310.555   322.208   -33.54   33.92
-113941.670   318.997    -8.70   30.56
-113572.729   315.554    -9.33   31.95
-113203.732   321.686    16.62   32.18
-112834.677   336.281    39.54   26.20
-112465.566   344.740    22.92   21.34
-112096.398   350.456    15.48   18.98
-111727.173   351.411     2.58   24.04
-111357.891   354.767     9.09   35.46
-110988.553   356.561     4.86   43.78
-110619.157   352.986    -9.68   40.71
-110249.705   339.506   -36.48   44.68
-109880.195   299.972  -106.98   76.19
-109510.629   237.164  -169.93   95.27
-109141.005   170.164  -181.25   81.37
-108771.325   153.958   -43.83   68.35
-108401.587   171.137    46.46   75.44
-108031.792   184.711    36.70   74.12
-107661.940   161.981   -61.45   87.86
-107292.031   103.224  -158.83   71.93
-106922.065    63.701  -106.82   31.68
-106552.042    84.356    55.81   71.14
-106181.961   162.354   210.74  121.66
-105811.823   248.544   232.84  112.34
-105441.628   314.795   178.95   56.81
-105071.375   337.336    60.87   19.18
-104701.065   338.514     3.18   18.16
-104330.698   335.016    -9.44   17.01
-103960.273   330.954   -10.96   22.13
-103589.791   328.002    -7.97   26.14
-103219.251   329.554     4.19   23.93
-102848.654   334.891    14.40   14.30
-102477.999   335.981     2.94    8.43
-102107.287   331.988   -10.77   10.59
-101736.517   326.208   -15.59   16.54
-101365.690   318.197   -21.60   19.53
-100994.805   309.551   -23.31   19.62
-100623.862   300.599   -24.13   20.20
-100252.862   289.483   -29.96   23.16
 -99881.804   289.849     0.99   21.12
 -99510.688   288.443    -3.79   17.87
 -99139.515   271.709   -45.08   31.73
 -98768.283   253.341   -49.47   38.11
 -98396.994   236.766   -44.64   31.68
 -98025.647   226.941   -26.45   30.86
 -97654.242   225.568    -3.70   31.73
 -97282.779   230.581    13.49   39.47
 -96911.259   240.315    26.20   51.97
 -96539.680   238.754    -4.20   55.27
 -96168.043   241.336     6.94   60.72
 -95796.349   245.429    11.01   66.02
 -95424.596   265.232    53.26   70.83
 -95052.785   281.246    43.07   68.63
 -94680.916   294.712    36.21   52.55
 -94308.989   283.416   -30.37   47.35
 -93937.004   254.328   -78.19   52.82
 -93564.961   218.065   -97.46   57.39
 -93192.859   177.448  -109.15   53.80
 -92820.699   153.594   -64.09   44.03
 -92448.481   127.674   -69.63   29.81
 -92076.205   115.301   -33.23   16.88
 -91703.870   125.767    28.11   37.05
 -91331.477   142.558    45.09   44.36
 -90959.026   165.123    60.58   38.84
 -90586.516   185.068    53.54   25.88
 -90213.948   196.424    30.48   14.58
 -89841.321   201.232    12.90   12.87
 -89468.636   206.794    14.92   10.04
 -89095.892   207.965     3.14   10.23
 -88723.090   204.429    -9.48   11.89
 -88350.229   200.514   -10.50   11.45
 -87977.310   202.571     5.52   12.12
 -87604.332   207.028    11.95   12.38
 -87231.295   214.434    19.85   10.61
 -86858.200   220.047    15.04    8.07
 -86485.045   223.901    10.33    7.99
 -86111.833   226.986     8.26    6.86
 -85738.561   227.124     0.37    6.59
 -85365.231   224.465    -7.12    8.88
 -84991.841   215.400   -24.28   13.67
 -84618.393   201.686   -36.72   17.42
 -84244.886   192.005   -25.92   15.59
 -83871.320   188.646    -8.99   12.36
 -83497.695   193.429    12.80   14.71
 -83124.012   201.470    21.52   13.64
 -82750.269   204.375     7.77   13.31
 -82376.467   202.248    -5.69   14.23
 -82002.606   197.835   -11.80   16.44
 -81628.686   187.045   -28.85   22.15
 -81254.707   175.822   -30.01   23.14
 -80880.669   164.781   -29.51   18.20
 -80506.571   159.919   -13.00   12.54
 -80132.414   157.381    -6.78    7.42
 -79758.199   159.602     5.93    7.77
 -79383.923   163.794    11.20    9.98
 -79009.589   168.808    13.39   10.29
 -78635.195   174.248    14.53    8.85
 -78260.742   177.951     9.89    7.63
 -77886.230   181.038     8.24    7.65
 -77511.658   185.099    10.84    7.44
 -77137.027   187.205     5.62    6.48
 -76762.336   186.383    -2.19    6.28
 -76387.586   183.602    -7.42    7.64
 -76012.776   179.061   -12.12    6.49
 -75637.907   176.874    -5.83    4.73
 -75262.978   176.186    -1.84    3.01
 -74887.990   180.240    10.81    8.84
 -74512.941   190.983    28.64   17.57
 -74137.834   203.123    32.36   19.26
 -73762.666   212.128    24.00   13.40
 -73387.439   218.252    16.32    9.70
 -73012.152   221.061     7.48    9.19
 -72636.806   220.104    -2.55   11.37
 -72261.399   215.594   -12.01   17.86
 -71885.933   211.329   -11.36   21.34
 -71510.407   202.171   -24.38   20.43
 -71134.821   196.863   -14.13   16.18
 -70759.175   195.005    -4.94   11.40
 -70383.469   195.375     0.99    9.22
 -70007.703   199.354    10.59   11.20
 -69631.877   203.767    11.74   12.20
 -69255.991   206.875     8.27   13.62
 -68880.045   208.861     5.28   14.14
 -68504.038   209.997     3.02   12.28
 -68127.972   210.107     0.29   10.38
 -67751.846   211.113     2.68    9.03
 -67375.659   215.621    11.98   11.80
 -66999.412   224.117    22.58   16.48
 -66623.105   234.541    27.70   20.23
 -66246.738   245.750    29.78   23.07
 -65870.310   252.448    17.79   23.28
 -65493.822   256.188     9.93   22.85
 -65117.274   258.315     5.65   19.39
 -64740.665   261.356     8.07   19.32
 -64363.996   268.781    19.71   23.03
 -63987.266   285.648    44.77   30.85
 -63610.476   300.688    39.91   33.76
 -63233.625   320.794    53.35   33.76
 -62856.714   333.424    33.51   29.91
 -62479.742   347.208    36.56   25.30
 -62102.710   356.447    24.50   23.47
 -61725.617   372.248    41.90   22.26
 -61348.463   388.301    42.56   18.83
 -60971.249   402.301    37.11   16.66
 -60593.974   412.836    27.92    9.96
 -60216.638   414.275     3.82    8.37
 -59839.242   409.917   -11.55   12.22
 -59461.784   399.439   -27.76   21.33
 -59084.266   380.727   -49.57   29.52
 -58706.687   360.511   -53.54   31.59
 -58329.047   340.888   -51.96   30.38
 -57951.346   326.916   -36.99   32.06
 -57573.584   323.912    -7.95   34.64
 -57195.761   327.219     8.75   34.46
 -56817.877   333.341    16.20   28.20
 -56439.932   331.308    -5.38   23.07
 -56061.926   314.808   -43.65   33.02
 -55683.859   294.627   -53.38   34.78
 -55305.731   283.041   -30.64   31.85
 -54927.541   279.315    -9.85   32.48
 -54549.291   291.511    32.24   34.17
 -54170.979   301.208    25.63   27.13
 -53792.605   291.794   -24.88   35.57
 -53414.171   261.917   -78.94   46.37
 -53035.675   238.767   -61.16   38.45
 -52657.118   227.834   -28.88   25.70
 -52278.500   235.881    21.25   30.01
 -51899.820   243.755    20.79   32.42
 -51521.078   249.385    14.86   33.43
 -51142.275   247.626    -4.64   28.09
 -50763.411   252.254    12.21   25.15
 -50384.485   266.268    36.98   29.43
 -50005.498   290.227    63.21   33.93
 -49626.449   316.686    69.80   30.68
 -49247.338   340.545    62.93   27.75
 -48868.166   359.974    51.24   26.38
 -48488.932   376.444    43.43   21.02
 -48109.636   385.202    23.09   15.20
 -47730.278   390.031    12.73    8.08
 -47350.859   387.849    -5.75    9.00
 -46971.378   378.288   -25.20   18.58
 -46596.938   362.931   -41.01   26.28
 -46229.307   345.321   -47.90   31.98
 -45861.618   321.246   -65.47   36.41
 -45493.871   294.698   -72.19   40.40
 -45126.066   265.479   -79.44   39.44
 -44758.204   243.929   -58.58   33.49
 -44390.284   226.919   -46.23   29.60
 -44022.307   215.375   -31.37   29.65
 -43654.271   202.947   -33.77   30.90
 -43286.178   191.048   -32.32   30.80
 -42918.027   177.578   -36.59   28.08
 -42549.818   168.061   -25.85   25.72
 -42181.552   156.544   -31.27   22.74
 -41813.227   145.663   -29.54   19.22
 -41444.844   139.411   -16.97   18.64
 -41076.404   133.218   -16.81   18.94
 -40707.905   129.488   -10.12   20.01
 -40339.349   124.628   -13.19   23.15
 -39970.734   119.252   -14.58   22.95
 -39602.062   119.834     1.58   27.81
 -39233.331   128.709    24.07   40.84
 -38864.542   127.501    -3.28   41.07
 -38495.695   128.216     1.94   42.68
 -38126.789   113.189   -40.73   36.67
 -37757.826    92.165   -56.98   20.49
 -37388.804    72.968   -52.02   23.76
 -37019.724    56.608   -44.33   27.81
 -36650.586    40.914   -42.51   23.40
 -36281.389    28.651   -33.22    9.83
 -35912.134    27.088    -4.23    3.32
 -35542.821    27.315     0.62    3.43
 -35173.449    27.354     0.11    7.74
 -34804.019    35.512    22.08   17.89
 -34434.530    62.648    73.44   50.22
 -34064.983    93.104    82.41   55.56
 -33695.377   128.405    95.51   60.41
 -33325.713   151.211    61.69   54.33
 -32955.990   164.083    34.81   58.85
 -32586.208   181.849    48.05   58.89
 -32216.368   191.000    24.74   57.37
 -31846.469   199.947    24.19   49.92
 -31476.512   199.953     0.02   39.04
 -31106.495   203.452     9.46   35.34
 -30736.420   216.954    36.49   39.58
 -30366.287   236.447    52.66   43.39
 -29996.094   249.146    34.30   47.38
 -29625.842   254.794    15.25   50.45
 -29255.532   256.848     5.55   49.44
 -28885.163   255.917    -2.51   48.51
 -28514.735   260.794    13.17   43.31
 -28144.248   270.137    25.22   38.13
 -27773.702   286.114    43.12   39.05
 -27403.096   308.434    60.22   42.83
 -27032.432   331.652    62.64   41.73
 -26661.709   356.794    67.82   25.19
 -26290.927   365.275    22.87   15.84
 -25920.085   366.673     3.77   16.34
 -25549.185   363.939    -7.37   20.20
 -25178.225   357.646   -16.97   27.32
 -24807.206   358.068     1.14   31.13
 -24436.128   353.954   -11.08   31.12
 -24064.990   341.203   -34.36   36.71
 -23693.793   323.541   -47.58   37.57
 -23322.537   310.874   -34.12   29.71
 -22951.221   310.901     0.07   23.71
 -22579.847   321.688    29.04   24.23
 -22208.412   345.128    63.11   26.16
 -21836.918   364.608    52.44   26.57
 -21465.365   382.939    49.34   23.99
 -21093.752   395.158    32.88   16.81
 -20722.080   399.703    12.23    8.19
 -20350.348   397.045    -7.15    7.48
 -19978.557   396.548    -1.34    9.58
 -19606.706   396.034    -1.38    9.79
 -19234.795   393.431    -7.00   14.01
 -18862.825   392.578    -2.29   15.39
 -18490.794   392.782     0.55   13.53
 -18118.705   397.794    13.47   13.21
 -17746.555   406.782    24.15   12.95
 -17374.346   413.443    17.89   10.47
 -17002.076   417.795    11.69    7.67
 -16629.747   419.657     5.00    6.95
 -16257.358   423.400    10.05    8.88
 -15884.909   427.536    11.11    7.45
 -15512.400   429.194     4.45    6.11
 -15139.832   427.551    -4.41    7.82
 -14767.203   424.045    -9.41    7.98
 -14394.514   422.022    -5.43    7.84
 -14021.765   420.887    -3.05    7.38
 -13648.956   419.216    -4.48    7.85
 -13276.087   417.071    -5.75    7.26
 -12903.158   414.891    -5.85    5.96
 -12530.168   414.885    -0.02    4.57
 -12157.118   414.213    -1.80    4.94
 -11784.009   411.539    -7.17    8.70
 -11410.838   406.173   -14.38   13.67
 -11037.608   398.513   -20.52   17.56
 -10664.317   384.742   -36.89   31.14
 -10290.966   372.005   -34.11   36.78
  -9917.554   364.808   -19.27   41.09
  -9544.082   368.637    10.25   52.27
  -9170.550   392.968    65.14   54.33
  -8796.957   403.571    28.38   43.65
  -8423.304   380.781   -60.99   62.60
  -8049.590   348.314   -86.88   61.17
  -7675.815   323.558   -66.23   38.41
  -7301.980   325.648     5.59   36.15
  -6928.084   345.474    53.03   37.71
  -6554.128   365.602    53.82   32.68
  -6180.111   358.795   -18.20   44.89
  -5806.033   320.335  -102.81   78.62
  -5431.894   251.051  -185.18  107.78
  -5057.695   168.016  -221.90   86.02
  -4683.435   108.176  -159.89   48.65
  -4309.114    77.308   -82.46   17.83
  -3934.732    65.097   -32.62   12.15
  -3560.289    55.118   -26.65    9.27
  -3185.786    47.368   -20.69    8.37
  -2811.221    40.119   -19.35    7.50
  -2436.595    34.281   -15.58    7.65
  -2061.909    28.389   -15.72   10.17
  -1687.161    21.045   -19.60   13.48
  -1312.352    11.834   -24.57   13.85
   -937.482     4.926   -18.43   11.12
   -562.551    -0.246   -13.79    4.20
   -187.559    -0.557    -0.83    2.61
    187.494    10.509    29.51   23.20
    562.609    41.348    82.21   60.05
    937.785   109.731   182.27   96.69
   1313.022   172.208   166.50   87.30
   1688.320   230.474   155.25   47.24
   2063.680   255.397    66.40   30.46
   2439.102   266.137    28.61   31.86
   2814.584   276.751    28.27   31.38
   3190.128   288.661    31.72   26.19
   3565.734   295.963    19.44   20.91
   3941.401   301.421    14.53   13.30
   4317.130   303.821     6.39    8.41
   4692.920   305.923     5.59    8.33
   5068.772   306.966     2.77   11.95
   5444.685   304.691    -6.05   20.25
   5820.660   297.835   -18.24   35.24
   6196.697   283.341   -38.54   48.59
   6572.795   273.689   -25.66   50.23
   6948.956   269.255   -11.79   47.41
   7325.178   267.781    -3.92   45.95
   7701.462   268.673     2.37   42.72
   8077.807   277.954    24.66   36.64
   8454.215   288.808    28.83   25.23
   8830.684   300.097    29.99   19.79
   9207.216   310.544    27.74   13.44
   9583.809   315.334    12.72   18.65
   9960.464   311.548   -10.05   26.15
  10337.182   295.692   -42.09   34.61
  10713.961   274.424   -56.45   36.25
  11090.803   256.846   -46.65   30.40
  11467.707   247.767   -24.09   20.60
  11844.672   250.268     6.63   18.26
  12221.701   264.110    36.71   20.14
  12598.791   277.321    35.03   15.48
  12975.943   285.281    21.11    8.21
  13353.158   286.248     2.56    8.45
  13730.435   291.274    13.32   14.24
  14107.775   303.484    32.36   24.25
  14485.176   327.860    64.59   34.65
  14862.641   353.502    67.93   28.37
  15240.167   358.101    12.18   26.59
  15617.756   356.213    -5.00   31.38
  15995.408   343.200   -34.46   38.06
  16373.122   327.862   -40.61   42.94
  16750.899   320.587   -19.26   46.28
  17128.738   303.728   -44.62   41.19
  17506.640   297.501   -16.48   31.99
  17884.605   304.216    17.77   29.63
  18262.632   319.105    39.39   32.23
  18640.722   340.794    57.37   30.22
  19018.875   355.949    40.07   23.01
  19397.091   366.558    28.05   18.43
  19775.369   369.655     8.19   20.87
  20153.710   370.768     2.94   18.96
  20532.114   365.132   -14.89   20.24
  20910.581   358.449   -17.66   23.77
  21289.111   350.227   -21.72   25.69
  21667.704   344.513   -15.09   27.13
  22046.360   339.914   -12.14   26.06
  22425.079   337.981    -5.11   21.35
  22803.861   336.743    -3.27   15.07
  23182.706   335.381    -3.59    9.79
  23561.615   337.994     6.90    8.64
  23940.586   342.479    11.83   10.50
  24319.621   351.610    24.09   13.38
  24698.719   361.724    26.68   11.56
  25077.880   363.301     4.16   11.78
  25457.104   347.181   -42.51   31.18
  25836.392   326.257   -55.17   38.76
  26215.743   302.421   -62.83   37.64
  26595.158   286.901   -40.91   36.36
  26974.635   269.400   -46.12   38.22
  27354.177   252.492   -44.55   37.84
  27733.782   236.223   -42.86   30.01
  28111.409   226.105   -26.79   20.59
  28478.857   231.421    14.47   23.24
  28846.365   243.105    31.79   28.69
  29213.931   262.154    51.83   34.03
  29581.556   285.045    62.27   35.82
  29949.240   306.938    59.54   30.02
  30316.984   316.981    27.31   21.50
  30684.787   322.051    13.79   15.67
  31052.649   318.605    -9.37   19.72
  31420.570   304.257   -39.00   25.97
  31788.550   286.137   -49.24   31.42
  32156.590   261.145   -67.91   37.33
  32524.689   236.992   -65.62   37.65
  32892.848   215.953   -57.15   34.91
  33261.066   201.158   -40.18   36.85
  33629.343   179.795   -58.01   33.91
  33997.680   160.966   -51.12   32.55
  34366.076   131.743   -79.33   30.02
  34734.532   109.968   -59.10   26.34
  35103.047    92.295   -47.96   20.82
  35471.622    80.288   -32.58   10.19
  35840.257    75.216   -13.76    4.45
  36208.951    73.434    -4.83    4.28
  36577.704    72.101    -3.62    4.22
  36946.518    73.483     3.75    6.83
  37315.391    79.548    16.44   15.04
  37684.324    90.626    30.03   28.95
  38053.317   101.962    30.72   35.44
  38422.369   108.535    17.81   34.98
  38791.481   118.899    28.08   37.19
  39160.654   125.756    18.57   37.83
  39529.886   137.714    32.39   43.17
  39899.178   151.150    36.38   51.28
  40268.530   161.981    29.33   56.89
  40637.941   165.953    10.75   60.75
  41007.413   173.189    19.59   59.48
  41376.945   169.236   -10.70   53.98
  41746.537   168.360    -2.37   48.63
  42116.190   169.626     3.42   47.10
  42485.902   167.003    -7.10   42.94
  42855.674   167.176     0.47   38.89
  43225.507   168.769     4.31   36.73
  43595.400   171.639     7.76   35.30
  43965.353   177.901    16.93   37.40
  44335.366   180.077     5.88   37.90
  44705.440   190.168    27.27   39.75
  45075.574   192.132     5.31   37.50
  45445.768   188.137   -10.79   35.13
  45816.023   181.301   -18.46   31.48
  46186.338   178.518    -7.52   24.21
  46556.714   184.457    16.04   24.66
  46927.150   201.577    46.22   26.75
  47297.647   216.639    40.65   23.97
  47668.204   225.587    24.15   16.46
  48038.822   221.665   -10.58   20.74
  48409.500   215.328   -17.10   22.34
  48780.239   215.374     0.12   22.29
  49151.039   223.048    20.70   22.42
  49521.900   233.899    29.26   15.78
  49892.821   242.590    23.43    8.90
  50263.803   246.003     9.20   13.41
  50634.846   250.372    11.78   15.70
  51005.949   254.103    10.05   14.84
  51377.113   255.564     3.94   14.05
  51748.339   251.366   -11.31   17.80
  52119.625   243.094   -22.28   22.25
  52490.972   237.634   -14.70   21.27
  52862.380   236.667    -2.61   17.97
  53233.849   235.648    -2.74   15.05
  53605.379   236.107     1.23   19.45
  53976.971   234.992    -3.00   25.70
  54348.623   225.347   -25.95   26.62
  54720.336   217.189   -21.95   21.47
  55092.111   214.163    -8.14   17.44
  55463.947   220.703    17.59   28.73
  55835.844   234.487    37.07   32.05
  56207.802   254.128    52.81   32.00
  56579.822   280.251    70.22   35.08
  56951.902   306.335    70.11   39.19
  57324.045   326.162    53.28   36.25
  57696.248   331.956    15.57   36.22
  58068.513   327.558   -11.82   38.28
  58440.839   320.740   -18.31   32.45
  58813.227   318.223    -6.76   15.34
  59185.677   315.685    -6.82   15.39
  59558.188   307.847   -21.04   20.28
  59930.760   291.551   -43.74   24.26
  60303.394   272.120   -52.15   33.36
  60676.090   251.280   -55.92   36.86
  61048.847   234.583   -44.80   34.08
  61421.666   221.863   -34.12   25.02
  61794.546   220.269    -4.27   19.90
  62167.489   230.397    27.16   23.86
  62540.493   250.584    54.12   28.47
  62913.559   273.685    61.92   26.84
  63286.687   285.492    31.65   19.23
  63659.877   290.368    13.07   14.68
  64033.128   290.529     0.43   14.43
  64406.442   292.101     4.21   13.65
  64779.817   300.339    22.07   14.28
  65153.255   311.703    30.43   12.45
  65526.754   318.705    18.75    8.08
  65900.316   321.626     7.82    5.64
  66273.939   322.405     2.09    5.31
  66647.625   320.694    -4.58    6.15
  67021.373   319.600    -2.93    8.00
  67395.183   314.718   -13.06   11.49
  67769.055   307.176   -20.17   15.72
  68142.990   298.051   -24.40   18.75
  68516.987   287.071   -29.36   18.79
  68891.046   275.580   -30.72   16.88
  69265.167   269.501   -16.25   16.13
  69639.351   267.833    -4.46   12.94
  70013.597   270.678     7.60   16.60
  70387.906   275.938    14.05   16.68
  70762.277   284.173    22.00   13.72
  71136.711   290.013    15.60   10.63
  71511.207   291.389     3.67    5.96
  71885.765   295.150    10.04    4.68
  72260.387   297.613     6.58    3.20
  72635.071   296.732    -2.35    4.20
  73009.817   295.146    -4.23    4.29
  73384.626   293.145    -5.34    4.10
  73759.498   289.728    -9.12    5.30
  74134.433   285.055   -12.46    9.44
  74509.431   276.990   -21.51   13.93
  74884.491   266.987   -26.67   15.09
  75259.614   259.597   -19.70    9.72
  75634.800   257.137    -6.56    7.87
  76010.049   256.255    -2.35    7.90
  76385.361   254.461    -4.78    8.38
  76760.736   248.912   -14.78    8.72
  77136.173   242.665   -16.64   10.80
  77511.674   231.949   -28.54   15.16
  77887.238   220.558   -30.33   15.93
  78262.865   210.462   -26.88   12.32
  78638.556   207.554    -7.74    9.16
  79014.309   210.545     7.96    9.99
  79390.125   216.502    15.85    8.76
  79766.005   221.483    13.25    6.69
  80141.948   225.646    11.07    4.26
  80517.955   227.218     4.18    4.34
  80894.024   224.178    -8.09    8.03
  81270.157   216.574   -20.22   11.85
  81646.354   208.097   -22.53    9.74
  82022.614   204.603    -9.29    4.91
  82398.937   206.874     6.03    7.59
  82775.324   214.365    19.90   12.48
  83151.774   223.216    23.51   12.51
  83528.288   224.650     3.81   12.08
  83904.865   219.678   -13.20   14.69
  84281.506   212.333   -19.50   13.21
  84658.211   207.081   -13.95    8.00
  85034.979   204.444    -7.00    6.58
  85411.811   201.192    -8.63    6.43
  85788.707   196.408   -12.70    6.96
  86165.667   189.095   -19.40    9.68
  86542.690   182.474   -17.56   10.08
  86919.778   177.733   -12.58    8.81
  87296.929   177.119    -1.63    8.34
  87674.144   180.587     9.20   11.15
  88051.423   182.107     4.03   12.21
  88428.766   185.756     9.67   11.82
  88806.173   184.064    -4.48    9.77
  89183.644   182.496    -4.15    8.24
  89561.179   182.581     0.23    6.80
  89938.779   179.110    -9.19    5.95
  90316.442   176.314    -7.40    4.62
  90694.170   174.848    -3.88    3.81
  91071.961   173.795    -2.79    4.29
  91449.817   171.234    -6.78    5.38
  91827.738   165.042   -16.39    8.29
  92205.722   159.411   -14.90    8.23
  92583.771   157.433    -5.23    7.39
  92961.885   157.356    -0.20    7.72
  93340.062   159.745     6.32    8.04
  93718.305   162.650     7.68    6.57
  94096.611   163.616     2.55    4.95
  94474.982   165.667     5.42    4.63
  94853.418   168.377     7.16    4.42
  95231.918   174.276    15.59    8.58
  95610.483   180.474    16.37   10.10
  95989.113   185.757    13.95    8.87
  96367.807   190.221    11.79    6.70
  96746.566   192.533     6.10    6.92
  97125.390   193.616     2.86    8.09
  97504.278   196.758     8.29    9.38
  97883.231   201.219    11.77    9.68
  98262.249   206.236    13.24    7.73
  98641.332   209.639     8.98    3.94
  99020.480   208.090    -4.09    5.22
  99399.693   204.874    -8.48    6.63
  99778.971   199.834   -13.29    7.56
 100158.314   193.431   -16.88    9.17
 100537.721   186.216   -19.02   10.19
 100917.194   178.846   -19.42    8.21
 101296.732   174.474   -11.52    7.18
 101676.335   175.522     2.76    8.41
 102056.004   177.835     6.09   10.32
 102435.737   185.010    18.90   12.03
 102815.536   195.394    27.34   10.71
 103184.087   201.670    17.03   10.20
 103551.405   208.109    17.53    8.19
 103918.783   212.458    11.84    5.18
 104286.222   214.321     5.07    3.69
 104653.722   215.379     2.88    4.39
 105021.282   214.780    -1.63    4.37
 105388.903   212.500    -6.20    6.18
 105756.584   209.146    -9.12    9.12
 106124.327   201.383   -21.11   12.31
 106492.130   192.054   -25.36   10.10
 106859.994   184.945   -19.33    9.38
 107227.918   177.767   -19.51    6.93
 107595.904   173.923   -10.45    6.29
 107963.950   173.795    -0.35    6.99
 108332.058   177.539    10.17    9.61
 108700.226   183.676    16.67    9.25
 109068.455   193.669    27.14   11.81
 109436.745   199.705    16.39   11.84
 109805.097   203.061     9.11   10.51
 110173.509   202.274    -2.14   10.60
 110541.983   197.613   -12.65   11.80
 110910.517   192.539   -13.77   11.20
 111279.113   191.972    -1.54   10.86
 111647.770   190.613    -3.69   11.67
 112016.488   185.436   -14.04   13.98
 112385.267   180.400   -13.66   14.00
 112754.108   177.398    -8.14   10.69
 113123.010   179.990     7.03   13.24
 113491.973   190.346    28.07   17.95
 113860.998   199.133    23.81   15.34
 114230.084   203.545    11.96   11.43
 114599.232   202.167    -3.73   11.22
 114968.441   198.860    -8.96    9.07
 115337.711   199.663     2.17    9.21
 115707.043   202.703     8.23    8.74
 116076.437   203.184     1.30    6.58
 116445.892   202.213    -2.63    6.36
 116815.409   200.258    -5.29    7.35
 117184.987   197.595    -7.20    7.01
 117554.628   197.042    -1.50    7.30
 117924.329   199.308     6.13   10.13
 118294.093   203.555    11.49   11.57
 118663.918   207.068     9.50    9.12
 119033.806   207.346     0.75    6.31
 119403.755   205.385    -5.30    5.28
 119773.765   203.010    -6.42    4.56
 120143.838   201.846    -3.15    3.69
 120513.973   202.314     1.27    3.82
 120884.170   202.926     1.65    3.15
 121254.428   203.683     2.04    2.83
 121624.749   202.717    -2.61    3.77
 121995.132   200.226    -6.73    5.32
 122365.577   195.410   -13.00    5.57
 122736.084   191.719    -9.96    4.65
 123106.653   188.910    -7.58    4.01
 123477.284   185.654    -8.79    5.08
 123847.978   181.505   -11.19    6.09
 124218.734   177.345   -11.22    6.30
 124589.552   174.268    -8.30    6.76
 124960.432   175.141     2.35   10.35
 125331.375   179.555    11.90   14.52
 125702.380   186.352    18.32   16.03
 126073.448   194.398    21.68   13.40
 126444.578   200.205    15.65    7.52
 126815.770   199.704    -1.35    7.26
 127187.025   195.095   -12.41   10.71
 127558.343   188.295   -18.32   11.42
 127929.723   182.977   -14.32    7.73
 128301.166   179.643    -8.98    2.56
 128672.671   179.433    -0.57    2.18
 129044.239   179.372    -0.16    2.44
 129415.870   178.616    -2.04    2.74
 129787.563   176.953    -4.47    2.90
 130159.319   174.782    -5.84    3.00
 130531.138   172.626    -5.80    4.15
 130903.020   170.783    -4.96    4.82
 131274.964   167.708    -8.27    5.87
 131646.972   164.733    -8.00    6.02
 132019.042   161.744    -8.03    5.32
 132391.176   159.899    -4.96    3.80
 132763.372   159.571    -0.88    3.20
 133135.632   160.282     1.91    3.29
 133507.954   161.564     3.44    3.72
 133880.340   162.595     2.77    4.11
 134252.788   163.170     1.54    3.66
 134625.300   162.090    -2.90    3.99
 134997.875   160.491    -4.29    4.00
 135370.513   159.925    -1.52    3.79
 135743.215   159.074    -2.28    3.39
 136115.979   158.090    -2.64    3.67
 136488.807   157.681    -1.10    4.75
 136861.699   156.618    -2.85    5.69
 137234.653   155.023    -4.28    6.96
 137607.672   150.295   -12.68    9.76
 137980.753   142.783   -20.14   10.88
 138353.898   138.847   -10.55    9.14
 138727.107   136.845    -5.36    9.20
 139100.379   136.594    -0.67   10.62
 139473.715   135.821    -2.07   11.09
 139847.114   132.981    -7.61   10.02
 140220.577   130.695    -6.12    8.08
 140594.103   127.051    -9.76    7.50
 140967.694   121.520   -14.81   10.93
 141341.348   117.321   -11.24   11.34
 141715.065   117.983     1.77   11.52
 142088.847   122.674    12.55   12.88
 142462.693   134.496    31.63   13.91
 142836.602   146.835    33.00   12.31
 143210.575   155.120    22.16   10.55
 143584.612   160.255    13.73    5.43
 143958.713   158.658    -4.27    6.55
 144332.878   153.954   -12.57    6.78
 144707.107   147.200   -18.05   11.18
 145081.401   137.593   -25.67   15.06
 145455.758   126.188   -30.47   17.07
 145830.179   112.678   -36.09   14.08
 146204.665   105.583   -18.95   10.04
 146579.215   102.327    -8.69    5.78
 146953.829   105.910     9.57    8.96
 147328.507   114.608    23.22   10.82
 147703.250   123.363    23.37   11.54
 148078.056   133.145    26.10   11.57
 148452.928   142.535    25.05   13.07
 148827.863   155.070    33.44   14.74
 149202.864   165.249    27.15   13.59
 149577.928   172.213    18.57    9.28
 149953.057   174.141     5.14    8.52
 150328.251   168.934   -13.88   12.91
 150703.509   159.808   -24.32   14.74
 151078.832   150.708   -24.25   12.59
 151454.219   146.632   -10.86    9.13
 151829.671   151.030    11.72   11.14
 152205.188   154.632     9.59   10.32
 152580.769   152.608    -5.39   12.31
 152956.416   144.110   -22.62   13.71
 153332.127   135.845   -22.00   12.19
 153707.903   127.031   -23.46   16.27
 154083.743   110.358   -44.37   24.38
 154459.649    94.314   -42.69   22.98
 154835.620    84.909   -25.02   17.56
 155211.655    80.205   -12.51   11.98
 155587.756    86.108    15.70   16.18
 155963.922    96.258    26.99   17.00
 156340.152   105.074    23.43   12.82
 156716.448   110.385    14.12    7.88
 157092.809   110.090    -0.78    6.65
 157469.235   108.192    -5.04    6.47
 157845.726   104.226   -10.54    5.37
 158222.283   100.033   -11.14    6.31
 158598.905    92.954   -18.80   11.23
 158975.592    86.533   -17.05   11.18
 159352.345    84.889    -4.36   10.46
 159729.162    92.020    18.93   14.49
 160106.046   103.997    31.78   11.65
 160482.995   114.457    27.75   11.27
 160860.009   125.541    29.40   11.38
 161237.089   136.933    30.21   13.90
 161614.234   143.479    17.36    9.97
 161991.445   142.095    -3.67   10.89
 162368.721   137.282   -12.76   12.07
 162746.063   129.633   -20.27   11.23
 163123.471   122.215   -19.66   11.27
 163500.945   115.858   -16.84   10.56
 163878.484   107.064   -23.30   11.23
 164256.089   102.379   -12.41    9.20
 164633.760   103.070     1.83   10.04
 165011.497   107.210    10.96   13.23
 165389.300   114.985    20.58   16.53
 165767.168   120.003    13.28   13.43
 166145.103   118.968    -2.74   11.51
 166523.104   110.551   -22.27   14.80
 166901.170    99.570   -29.05   12.70
 167279.303    92.928   -17.57    9.51
 167657.502    92.945     0.05    9.78
 168035.767    97.858    12.99   13.44
 168414.098   106.453    22.72   14.48
 168792.495   116.339    26.13   11.13
 169170.959   124.154    20.65    7.72
 169549.489   126.898     7.25    5.86
 169928.085   122.282   -12.19   11.86
 170306.747   111.283   -29.05   18.67
 170685.476    98.896   -32.71   16.04
 171064.272    92.520   -16.83    8.63
 171443.133    96.375    10.18   12.51
 171822.062   104.758    22.13   13.29
 172201.057   110.119    14.15   10.63
 172580.118   108.620    -3.95   11.64
 172959.246    99.561   -23.90   14.43
 173338.440    91.258   -21.90   16.22
 173717.702    84.616   -17.52   14.17
 174097.030    85.108     1.30   13.61
 174476.424    85.705     1.57   13.96
 174855.886    88.783     8.11   12.04
 175235.414    85.083    -9.75   12.24
 175615.009    79.238   -15.40   10.42
 175994.671    77.533    -4.49    7.30
 176374.400    79.626     5.51    7.52
 176754.196    83.647    10.59    7.56
 177134.059    88.659    13.20    4.52
 177513.989    93.570    12.93    6.42
 177885.966    98.716    13.83   10.05
 178253.091   105.783    19.25   11.30
 178620.277   111.929    16.74    8.05
 178987.526   112.283     0.96    8.52
 179354.837   110.916    -3.72   10.76
 179722.210   108.425    -6.78   12.93
 180089.645   108.610     0.50   14.70
 180457.142   104.420   -11.40   18.79
 180824.702    97.663   -18.39   23.38
 181192.324    83.870   -37.52   28.61
 181560.008    69.398   -39.37   26.45
 181927.754    56.245   -35.77   20.08
 182295.563    46.504   -26.49   10.21
 182663.434    41.833   -12.70    4.79
 183031.368    39.795    -5.54    3.07
 183399.364    40.533     2.00    6.45
 183767.423    42.116     4.30    8.49
 184135.544    47.289    14.06   12.50
 184503.728    52.931    15.33   13.22
 184871.974    58.721    15.73   11.48
 185240.283    64.233    14.97    9.98
 185608.655    69.846    15.24    5.97
 185977.089    72.395     6.92    5.10
 186345.586    76.377    10.81    5.30
 186714.146    79.783     9.24    5.62
 187082.769    82.694     7.90    4.89
 187451.454    85.833     8.52    4.86
 187820.202    90.128    11.65    6.75
 188189.014    94.545    11.98    9.06
 188557.888   100.107    15.08    9.17
 188926.825   104.919    13.05    6.98
 189295.825   110.327    14.66    4.64
 189664.888   114.487    11.27    5.58
 190034.014   118.925    12.02    8.33
 190403.203   121.958     8.22    7.73
 190772.455   122.408     1.22    7.07
 191141.771   122.095    -0.85    5.76
 191511.149   121.321    -2.10    4.16
 191880.591   122.252     2.52    4.47
 192250.096   124.686     6.59    5.80
 192619.665   128.746    10.99    6.42
 192989.296   132.132     9.16    6.16
 193358.991   132.882     2.03    5.98
 193728.750   130.874    -5.43    8.50
 194098.571   122.944   -21.45   12.50
 194468.457   112.808   -27.41   12.94
 194838.405   108.956   -10.41   12.70
 195208.417   107.024    -5.22   13.28
 195578.493   111.345    11.68   13.76
 195948.633   120.081    23.60    9.75
 196318.835   129.079    24.31   11.24
 196689.102   137.074    21.60   12.78
 197059.432   142.070    13.49   10.68
 197429.826   143.483     3.82    9.49
 197800.284   143.483    -0.00    9.52
 198170.805   145.223     4.70   10.57
 198541.390   149.857    12.50   11.94
 198912.040   152.886     8.17   10.79
 199282.753   144.195   -23.45   20.12
 199653.529   127.717   -44.45   22.48
 200024.370   115.383   -33.27   18.54
 200395.275   108.859   -17.59   13.16
 200766.244   102.487   -17.18   11.93
 201137.277    99.210    -8.83   11.82
 201508.373    96.058    -8.50    9.60
 201879.534    95.593    -1.25   10.16
 202250.759   100.586    13.45   10.72
 202622.049   105.103    12.17   11.09
 202993.402   112.220    19.17   13.11
 203364.820   118.150    15.97   12.59
 203736.302   118.908     2.04   11.06
 204107.848   115.705    -8.62   10.52
 204479.459   113.116    -6.97   10.08
 204851.134   113.150     0.09   10.84
 205222.873   116.245     8.33    9.72
 205594.677   115.743    -1.35   11.05
 205966.546   108.289   -20.05   13.05
 206338.478   102.210   -16.35    8.63
 206710.476   103.623     3.80    8.29
 207082.538   109.626    16.14    9.53
 207454.664   114.570    13.29    7.68
 207826.856   115.613     2.80    6.20
 208199.112   113.747    -5.01    7.32
 208571.432   109.665   -10.97    6.12
 208943.817   106.623    -8.17    4.09
 209316.268   105.761    -2.31    3.84
 209688.783   105.162    -1.61    3.81
