# NaN NaN NaN ;Mean Elev.(m), Avg Gradient(m/km), RMS Gradient(m/km) - SRTM1     
#  182.054 -50.796  56.242 ;Mean Elev.(m), Avg Gradient(m/km), RMS Gradient(m/km) - ASTER GDEM
#  153.622  -3.680  55.432 ;Mean Elev.(m), Avg Gradient(m/km), RMS Gradient(m/km) - GMTED2010 
 10 113.781680  60.029596   164.046   164.046  2 52567.55893174 46.314
 12 113.773287  60.028065   164.467   164.467  2 52637.55890326  5.218
 13 113.783865  60.031952   163.921   163.869  3 52672.55890558  5.149
 14 113.778244  60.028694   163.253   163.253  2 52707.55890947  7.354
 17 113.773295  60.025354   166.603   166.603  2 52812.55896062 49.721
 20 113.787817  60.035443   167.113   164.471  3 52917.55900957  7.978
 22 113.786866  60.034132   164.274   164.245  3 52987.55898427 11.386
 23 113.789342  60.035518   163.487   163.487  2 53022.55897288  8.193
 24 113.784177  60.032333   163.870   163.573  3 53057.55896503  7.815
 25 113.782996  60.031815   163.372   163.372  2 53092.55900281  6.446
 26 113.779697  60.029612   170.538   170.538  2 53127.55897360  9.817
 28 113.782697  60.031280   174.313   174.269  3 53197.55903779 21.218
 29 113.789519  60.035875   168.870   168.870  2 53232.55901566 40.897
 30 113.790133  60.038659   170.595   172.889  3 53267.55898472  9.461
 31 113.771315  60.024623   165.043   165.043  2 53302.55903785 42.613
 33 113.791919  60.037959   165.832   165.865  3 53372.55894429  3.609
 35 113.790395  60.037094   165.321   165.321  2 53442.55896755  0.606
 38 113.782166  60.029486   168.823   168.823  2 53547.55906753 50.174
 39 113.786128  60.032658   165.925   166.723  3 53582.55903679 46.400
 40 113.788957  60.034749   165.046   165.130  3 53617.55899288 47.103
 43 113.792252  60.037464   163.454   163.487  3 53722.55893949  7.827
 44 113.782226  60.030016   162.844   162.844  2 53757.55887266  4.795
 46 113.778454  60.026671   163.282   163.282  2 53827.55886283  4.052
 47 113.775726  60.028351   163.467   163.467  2 53862.55894932 26.933
 48 113.780761  60.029944   174.794   174.794  2 53897.55897168 19.638
 50 113.780740  60.030897   167.266   167.266  2 53967.55899360 50.803
 53 113.784966  60.031650   165.277   165.277  2 54072.55899139 10.989
 54 113.790520  60.037025   164.355   164.355  2 54107.55894146  6.118
 55 113.778623  60.028372   163.573   163.573  2 54142.55892619  4.910
 56 113.787763  60.033661   163.448   163.439  3 54177.55892348  4.299
 57 113.779204  60.028000   163.372   163.372  2 54212.55893337 22.023
 60 113.785737  60.032317   164.854   164.938  3 54317.55897040 46.870
 62 113.782424  60.030195   165.135   165.049  3 54387.55890971 48.291
 64 113.776168  60.029384   163.775   163.775  2 54457.55888362 12.975
 65 113.787170  60.033101   163.350   163.370  3 54492.55888869  7.268
 68 113.782548  60.030613   167.068   167.124  3 54597.55889231 24.559
 69 113.781913  60.030019   174.836   174.836  2 54632.55890534 16.304
 72 113.778477  60.027705   169.183   169.183  2 54737.55887153 47.514
 73 113.786116  60.034249   163.882   164.081  3 54772.55885878 47.040
 74 113.777061  60.026803   165.100   165.100  2 54807.55886495  9.765
 75 113.784822  60.032158   166.980   166.980  2 54842.55885547  4.178
 76 113.779765  60.029500   163.857   163.868  3 54877.55886749  3.321
 78 113.778789  60.028755   164.542   164.542  2 54947.55886016 25.874
 81 113.785064  60.032170   165.852   165.901  3 55052.55888044 25.107
 82 113.788647  60.035153   167.947   167.947  2 55087.55884395 50.778
 83 113.780564  60.029164   164.861   164.865  3 55122.55881517 20.442
 84 113.785976  60.032434   164.791   164.791  2 55157.55880394 14.385
 85 113.776024  60.028954   164.604   164.604  2 55192.55880509  7.366
 86 113.786100  60.033271   163.264   163.264  2 55227.55880535  2.375
 87 113.783057  60.029916   163.991   163.991  2 55262.55880041  0.873
 89 113.781587  60.032752   302.260   302.260  2 55332.55878054  3.173
 91 113.778718  60.028465   174.105   174.105  2 55402.55878660 15.362
 93 113.789551  60.036899   165.012   165.012  2 55472.55874015 23.295
