# NaN NaN NaN ;Mean Elev.(m), Avg Gradient(m/km), RMS Gradient(m/km) - SRTM1     
#  136.112  -3.480  78.595 ;Mean Elev.(m), Avg Gradient(m/km), RMS Gradient(m/km) - ASTER GDEM
#  148.473  -6.590  75.307 ;Mean Elev.(m), Avg Gradient(m/km), RMS Gradient(m/km) - GMTED2010 
  9   156.272 52545.55307403 16.65 115.428429  60.740737  6.358
  9   164.313 52545.55307468 14.11 115.426139  60.743897  6.358
  9   156.905 52545.55307532 20.88 115.423852  60.747055 15.130
 11   158.838 52615.55307073  7.86 115.438525  60.742737  7.897
 11   161.602 52615.55307138  7.02 115.436235  60.745897  7.897
 12   163.110 52650.55304901  3.35 115.433767  60.743386  4.902
 12   163.881 52650.55304965  3.06 115.431477  60.746546  4.902
 13   159.516 52685.55303577  4.52 115.445002  60.742069  5.209
 13   161.204 52685.55303641  4.03 115.442722  60.745229  5.209
 14   163.976 52720.55308724  3.13 115.430710  60.743211  6.943
 14   152.706 52720.55308788  5.88 115.428420  60.746371  6.943
 15   162.616 52755.55311073 12.07 115.429798  60.741359 19.867
 15   162.599 52755.55311138 10.45 115.427518  60.744529 19.867
 18   177.762 52860.55317505 32.69 115.431216  60.741663 10.456
 18   159.020 52860.55317569 24.91 115.428926  60.744833 10.456
 21   154.853 52965.55314749 18.61 115.427255  60.742137 10.454
 21   154.547 52965.55314813 18.00 115.424975  60.745297 10.454
 23   159.820 53035.55312946  4.30 115.440825  60.742961  5.370
 23   162.696 53035.55313010  3.84 115.438545  60.746131  5.370
 24   161.152 53070.55314931  3.60 115.433551  60.741697  4.988
 24   161.657 53070.55314996  3.44 115.431271  60.744867  4.988
 25   162.406 53105.55313045  4.74 115.444817  60.741643  4.426
 25   163.662 53105.55313110  4.80 115.442527  60.744803  4.426
 28   155.097 53210.55320710 16.47 115.433194  60.743060 10.599
 28   158.468 53210.55320774 18.81 115.430904  60.746220 10.599
 29   154.201 53245.55317496 47.70 115.439989  60.743385 13.839
 29   154.245 53245.55317561 49.87 115.437699  60.746545 13.839
 31   154.704 53315.55317373 35.53 115.431816  60.742101 19.922
 31   154.645 53315.55317437 37.27 115.429536  60.745261 19.922
 32   158.793 53350.55313944  7.62 115.441231  60.743663 10.549
 32   157.642 53350.55314009 10.28 115.438951  60.746833 10.549
 33   160.993 53385.55312081  8.22 115.425007  60.740539  5.290
 33   161.738 53385.55312145  8.54 115.422727  60.743699  5.290
 33   161.944 53385.55312210  9.90 115.420437  60.746859  5.290
 34   156.687 53420.55312483  6.81 115.443245  60.741463  5.809
 34   157.222 53420.55312547  7.12 115.440965  60.744633  5.809
 34   159.879 53420.55312612  6.60 115.438675  60.747793  5.809
 35   161.122 53455.55313082  4.27 115.425877  60.740727  4.568
 35   162.743 53455.55313147  3.72 115.423587  60.743887  4.568
 35   163.107 53455.55313211  4.78 115.421307  60.747047  4.568
 36   155.989 53490.55321628 14.20 115.425126  60.741434 14.086
 36   156.085 53490.55321692 14.66 115.422846  60.744594 14.086
 37   160.946 53525.55319977 45.08 115.438743  60.740647 15.356
 37   162.855 53525.55320042 43.01 115.436463  60.743817 15.356
 37   161.125 53525.55320106 43.52 115.434173  60.746977 15.356
 39   158.039 53595.55316568 37.74 115.448550  60.741444 15.782
 39   154.132 53595.55316633 40.15 115.446270  60.744614 15.782
 42   152.329 53700.55313600 23.94 115.442186  60.741476  9.219
 42   152.341 53700.55313665 23.62 115.439906  60.744636  9.219
 43   157.628 53735.55305801  6.82 115.452678  60.742924  5.751
 43   158.947 53735.55305865  6.40 115.450398  60.746084  5.751
 44   161.184 53770.55304797  5.12 115.436972  60.741821  4.950
 44   161.980 53770.55304862  4.85 115.434682  60.744981  4.950
 45   159.836 53805.55304033  4.46 115.447915  60.741018  5.334
 45   161.834 53805.55304098  3.60 115.445625  60.744178  5.334
 45   162.514 53805.55304162  4.26 115.443345  60.747348  5.334
 50   155.208 53980.55312116 13.31 115.441810  60.741177 11.672
 50   155.114 53980.55312181 19.04 115.439530  60.744347 11.672
 50   155.110 53980.55312245 23.81 115.437240  60.747507 11.672
 52   155.132 54050.55314203 24.71 115.441193  60.741852 15.761
 52   153.999 54050.55314267 40.48 115.438903  60.745012 15.761
 53   157.502 54085.55313464 11.50 115.438689  60.743709  9.499
 53   156.733 54085.55313528 12.13 115.436409  60.746869  9.499
 54   159.242 54120.55306081  5.67 115.451221  60.742514  5.511
 54   158.367 54120.55306146  8.55 115.448931  60.745674  5.511
 54   159.595 54120.55306210  8.08 115.446651  60.748844  5.511
 55   162.447 54155.55309258  3.27 115.434306  60.741656  5.277
 55   163.722 54155.55309323  3.05 115.432016  60.744816  5.277
 56   159.872 54190.55305756  3.39 115.447870  60.740874  6.663
 56   160.588 54190.55305820  3.66 115.445590  60.744044  6.663
 56   160.692 54190.55305885  5.45 115.443310  60.747204  6.663
 58   162.319 54260.55312385 15.97 115.435327  60.740665  9.131
 58   161.934 54260.55312449 18.06 115.433047  60.743825  9.131
 58   162.442 54260.55312514 19.08 115.430757  60.746985  9.131
 59   159.668 54295.55312781 11.78 115.436251  60.741702  4.495
 59   158.535 54295.55312845 16.70 115.433961  60.744862  4.495
 63   153.669 54435.55301948 23.07 115.442594  60.743950  8.194
 63   153.857 54435.55302012 25.15 115.440314  60.747110  8.194
 64   156.537 54470.55304607 10.37 115.431069  60.742660  7.381
 64   159.998 54470.55304671  8.94 115.428779  60.745820  7.381
 65   159.118 54505.55303292  6.35 115.443499  60.743865  6.809
 65   160.417 54505.55303357  6.37 115.441219  60.747035  6.809
 66   159.294 54540.55306041  6.63 115.438514  60.740623  4.864
 66   160.913 54540.55306106  6.75 115.436224  60.743783  4.864
 66   161.232 54540.55306170  6.87 115.433944  60.746953  4.864
 67   165.055 54575.55303384  2.68 115.446328  60.741767  3.949
 67   170.095 54575.55303448  2.32 115.444038  60.744927  3.949
 70   158.147 54680.55306177 15.90 115.435990  60.742706  8.354
 70   158.616 54680.55306242 17.41 115.433710  60.745866  8.354
 74   154.523 54820.55302573 10.19 115.431139  60.742136  5.646
 74   154.461 54820.55302637 11.28 115.428859  60.745306  5.646
 75   160.820 54855.55299725  3.79 115.441220  60.743449  4.927
 75   161.443 54855.55299789  3.18 115.438930  60.746609  4.927
 76   156.873 54890.55302958  9.68 115.434999  60.742752  4.605
 76   156.661 54890.55303022 11.49 115.432709  60.745912  4.605
 77   161.099 54925.55299576  4.68 115.446236  60.741953  7.018
 77   161.792 54925.55299641  7.28 115.443956  60.745123  7.018
 78   242.612 54960.55302768  4.99 115.432009  60.740112  6.768
 78   242.371 54960.55302833  7.22 115.429719  60.743272  6.768
 80   161.998 55030.55303917 14.03 115.436226  60.742403  8.477
 80   158.897 55030.55303982 16.12 115.433936  60.745563  8.477
 81   157.533 55065.55303000 22.37 115.438400  60.744476  5.611
 81   158.870 55065.55303064 23.83 115.436120  60.747636  5.611
 82   161.141 55100.55297199 45.46 115.446497  60.743228 13.586
 82   160.074 55100.55297263 45.89 115.444207  60.746388 13.586
 84   157.767 55170.55293756  8.95 115.444626  60.741348  8.323
 84   158.548 55170.55293821  8.61 115.442336  60.744508  8.323
 84   157.539 55170.55293885 11.49 115.440056  60.747668  8.323
 85   157.407 55205.55296819  8.35 115.431674  60.741623  7.991
 85   159.687 55205.55296883  7.42 115.429384  60.744783  7.991
 86   157.890 55240.55294368  6.83 115.444284  60.741860  6.738
 86   159.055 55240.55294432  6.57 115.442004  60.745030  6.738
 87   159.324 55275.55296186  6.73 115.438597  60.741453  6.793
 87   160.623 55275.55296251  5.95 115.436307  60.744613  6.793
 88   152.912 55310.55292820 32.02 115.445206  60.742950 11.844
 88   153.248 55310.55292885 37.46 115.442916  60.746110 11.844
