# NaN NaN NaN ;Mean Elev.(m), Avg Gradient(m/km), RMS Gradient(m/km) - SRTM1     
#   42.985 -16.189  18.035 ;Mean Elev.(m), Avg Gradient(m/km), RMS Gradient(m/km) - ASTER GDEM
#   32.000  -3.354  17.523 ;Mean Elev.(m), Avg Gradient(m/km), RMS Gradient(m/km) - GMTED2010 
  9    60.601 52521.11223811 39.09 127.411917  63.955728 19.215
  9    60.894 52521.11223875 47.18 127.409147  63.952608 19.215
  9    61.123 52521.11223940 51.78 127.406367  63.949488 19.215
  9    61.321 52521.11224004 48.13 127.403597  63.946368 19.215
  9    61.362 52521.11224068 45.52 127.400827  63.943238 19.215
  9    61.320 52521.11224133 41.43 127.398057  63.940118 19.215
  9    61.200 52521.11224197 41.76 127.395277  63.936998 19.215
  9    60.987 52521.11224262 40.43 127.392507  63.933878 19.215
  9    61.328 52521.11224326 39.52 127.389737  63.930748 19.215
  9    61.285 52521.11224391 47.09 127.386967  63.927628 19.215
  9    61.346 52521.11224455 51.73 127.384197  63.924508 19.215
 10    60.246 52556.11228958 24.82 127.419786  63.952314 17.641
 10    60.556 52556.11229022 26.29 127.417006  63.949194 17.641
 10    60.819 52556.11229087 27.10 127.414236  63.946074 17.641
 10    60.903 52556.11229151 32.00 127.411456  63.942944 17.641
 10    61.065 52556.11229216 28.59 127.408686  63.939824 17.641
 10    60.623 52556.11229280 21.16 127.405906  63.936704 17.641
 10    60.000 52556.11229345 23.93 127.403136  63.933584 17.641
 10    60.543 52556.11229409 23.27 127.400366  63.930454 17.641
 10    60.572 52556.11229474 28.37 127.397596  63.927334 17.641
 11    60.308 52591.11228051 24.20 127.414884  63.955210 12.478
 11    60.235 52591.11228115 25.05 127.412114  63.952090 12.478
 11    58.746 52591.11228180 25.99 127.409334  63.948960 12.478
 11    58.922 52591.11228244 28.04 127.406564  63.945840 12.478
 11    59.439 52591.11228309 27.83 127.403784  63.942720 12.478
 11    59.603 52591.11228373 30.81 127.401014  63.939600 12.478
 11    59.579 52591.11228438 36.50 127.398244  63.936470 12.478
 11    59.642 52591.11228502 37.93 127.395474  63.933350 12.478
 11    59.570 52591.11228566 38.26 127.392704  63.930230 12.478
 11    59.390 52591.11228631 31.96 127.389934  63.927100 12.478
 12    59.788 52626.11220240 21.98 127.416533  63.954573  6.259
 12    60.218 52626.11220305 23.00 127.413760  63.951451  4.601
 12    59.428 52626.11220369 24.58 127.410990  63.948321  4.601
 12    59.711 52626.11220434 24.92 127.408220  63.945201  4.601
 12    59.938 52626.11220498 24.08 127.405440  63.942081  4.601
 12    60.026 52626.11220562 24.90 127.402670  63.938961  4.601
 12    60.051 52626.11220627 25.54 127.399900  63.935831  4.601
 12    60.074 52626.11220691 25.30 127.397130  63.932711  4.601
 12    59.978 52626.11220756 24.22 127.394360  63.929591  4.601
 12    59.836 52626.11220820 24.28 127.391590  63.926461  4.601
 13    60.156 52661.11224559 21.37 127.416479  63.951815  4.350
 13    60.201 52661.11224623 22.45 127.413709  63.948695  4.350
 13    60.139 52661.11224688 23.03 127.410929  63.945575  4.350
 13    60.230 52661.11224752 22.29 127.408159  63.942455  4.350
 13    60.121 52661.11224817 22.08 127.405389  63.939325  4.350
 13    60.005 52661.11224881 21.93 127.402619  63.936205  4.350
 13    59.867 52661.11224946 22.69 127.399839  63.933085  4.350
 13    59.861 52661.11225010 22.07 127.397069  63.929965  4.350
 13    59.862 52661.11225075 21.23 127.394299  63.926835  4.350
 14    59.057 52696.11222339 19.48 127.436100  63.952582  4.468
 14    59.508 52696.11222403 19.68 127.433325  63.949459  4.290
 14    59.629 52696.11222468 20.70 127.430555  63.946339  4.290
 14    59.322 52696.11222532 20.44 127.427775  63.943219  4.290
 14    59.584 52696.11222597 20.46 127.424995  63.940099  4.290
 14    59.789 52696.11222661 20.66 127.422225  63.936969  4.290
 14    59.899 52696.11222726 19.64 127.419455  63.933849  4.290
 14    59.890 52696.11222790 19.78 127.416675  63.930729  4.290
 14    59.970 52696.11222854 19.67 127.413905  63.927609  4.290
 14    60.008 52696.11222919 18.91 127.411135  63.924479  4.290
 14    59.896 52696.11222983 18.82 127.408365  63.921359  4.290
 14    59.802 52696.11223048 17.97 127.405595  63.918239  4.290
 15    59.259 52731.11225173 16.72 127.422646  63.951797  3.016
 15    59.325 52731.11225237 17.20 127.419866  63.948677  3.016
 15    59.406 52731.11225302 17.20 127.417096  63.945557  3.016
 15    59.728 52731.11225366 17.46 127.414316  63.942437  3.016
 15    59.765 52731.11225431 17.41 127.411546  63.939307  3.016
 15    59.971 52731.11225495 16.62 127.408776  63.936187  3.016
 15    59.829 52731.11225560 16.69 127.406006  63.933067  3.016
 15    59.809 52731.11225624 16.17 127.403236  63.929943  2.491
 15    59.951 52731.11225689 15.01 127.400466  63.926823  2.491
 15    59.843 52731.11225753 14.77 127.397696  63.923693  2.491
 16    60.527 52766.11226256 26.87 127.395991  63.949306 17.874
 16    60.579 52766.11226320 24.52 127.393221  63.946186 17.874
 16    60.049 52766.11226384 27.12 127.390451  63.943066 17.874
 16    60.045 52766.11226449 28.08 127.387681  63.939936 17.874
 16    60.223 52766.11226513 35.36 127.384911  63.936816 17.874
 16    60.162 52766.11226578 38.73 127.382141  63.933696 17.874
 16    60.407 52766.11226642 36.93 127.379371  63.930576 17.874
 17    84.994 52801.11225971 15.78 127.433355  63.951041  6.820
 17    84.068 52801.11226035 14.63 127.430585  63.947921  6.820
 17    66.175 52801.11226100 13.83 127.427805  63.944801  6.820
 17    64.112 52801.11226164 13.83 127.425035  63.941681  6.820
 17    64.048 52801.11226229 14.32 127.422255  63.938561  6.820
 17    64.097 52801.11226293 14.60 127.419485  63.935431  6.820
 17    64.100 52801.11226358 14.76 127.416715  63.932311  6.820
 17    63.952 52801.11226422 17.14 127.413935  63.929191  6.820
 17    64.464 52801.11226487 18.44 127.411165  63.926071  6.820
 17    65.047 52801.11226551 21.24 127.408395  63.922941  6.820
 17    65.116 52801.11226615 26.15 127.405625  63.919821  6.820
 18    67.147 52836.11232645 30.10 127.430513  63.951816 18.221
 18    67.208 52836.11232709 29.88 127.427733  63.948686 18.221
 18    64.551 52836.11232774 32.09 127.424963  63.945566 18.221
 18    64.162 52836.11232838 33.19 127.422183  63.942446 18.221
 18    64.436 52836.11232903 34.03 127.419413  63.939326 18.221
 18    64.172 52836.11232967 33.31 127.416643  63.936196 18.221
 18    64.320 52836.11233032 35.01 127.413863  63.933076 18.221
 18    64.316 52836.11233096 35.03 127.411093  63.929956 18.221
 18    64.681 52836.11233161 34.75 127.408323  63.926836 18.221
 18    64.611 52836.11233225 35.38 127.405553  63.923706 18.221
 18    64.496 52836.11233290 36.00 127.402783  63.920586 18.221
 19    61.188 52871.11236792 16.40 127.423071  63.949956 12.516
 19    61.173 52871.11236856 24.04 127.420291  63.946826 12.516
 19    61.264 52871.11236921 31.06 127.417521  63.943706 12.516
 19    61.371 52871.11236985 25.95 127.414741  63.940586 12.516
 19    61.140 52871.11237050 19.67 127.411971  63.937466 12.516
 19    60.794 52871.11237114 15.70 127.409201  63.934336 12.516
 19    63.582 52871.11237178 14.31 127.406431  63.931216 12.516
 19    64.069 52871.11237243 14.77 127.403661  63.928096 12.516
 19    64.387 52871.11237307 16.39 127.400881  63.924976 12.516
 20    61.893 52906.11236459 34.81 127.415985  63.952152 20.124
 20    61.910 52906.11236524 43.64 127.413215  63.949022 20.124
 20    61.767 52906.11236588 44.93 127.410435  63.945902 20.124
 20    61.718 52906.11236653 47.17 127.407665  63.942782 20.124
 20    61.697 52906.11236717 44.38 127.404895  63.939662 20.124
 20    61.679 52906.11236782 41.24 127.402125  63.936532 20.124
 20    61.966 52906.11236846 41.98 127.399345  63.933412 20.124
 20    61.831 52906.11236911 41.68 127.396585  63.930292 20.124
 20    61.702 52906.11236975 44.28 127.393805  63.927172 20.124
 21    59.676 52941.11229516 45.94 127.435635  63.952284 26.218
 21    59.945 52941.11229581 49.47 127.432865  63.949164 26.218
 21    59.642 52941.11229645 46.70 127.430085  63.946044 26.218
 21    59.631 52941.11229709 43.38 127.427305  63.942914 26.218
 21    59.440 52941.11229774 39.03 127.424535  63.939794 26.218
 21    59.945 52941.11229838 36.90 127.421765  63.936674 26.218
 21    60.022 52941.11229903 47.26 127.418985  63.933554 26.218
 21    60.096 52941.11229967 48.49 127.416215  63.930424 26.218
 21    60.146 52941.11230032 46.88 127.413445  63.927304 26.218
 21    60.125 52941.11230096 43.09 127.410665  63.924184 26.218
 21    59.965 52941.11230161 43.31 127.407895  63.921064 26.218
 21    60.071 52941.11230225 36.19 127.405125  63.917934 26.218
 23    59.879 53011.11234738 13.42 127.413589  63.954641  2.522
 23    59.833 53011.11234802 13.65 127.410809  63.951521  2.522
 23    59.423 53011.11234867 14.29 127.408039  63.948391  2.522
 23    59.529 53011.11234931 14.43 127.405259  63.945271  2.522
 23    60.107 53011.11234996 14.14 127.402489  63.942151  2.522
 23    60.217 53011.11235060 13.97 127.399719  63.939031  2.522
 23    59.877 53011.11235125 13.96 127.396949  63.935901  2.522
 23    62.363 53011.11235189 13.82 127.394179  63.932781  2.522
 23    64.154 53011.11235254 13.62 127.391409  63.929661  2.522
 23    64.514 53011.11235318 13.41 127.388639  63.926541  2.522
 24    61.190 53046.11231171 12.37 127.425783  63.951527  2.564
 24    60.549 53046.11231235 12.88 127.423003  63.948407  2.564
 24    59.881 53046.11231300 13.20 127.420223  63.945287  2.564
 24    59.945 53046.11231364 13.05 127.417453  63.942157  2.564
 24    59.633 53046.11231429 13.61 127.414683  63.939037  2.564
 24    59.907 53046.11231493 13.53 127.411903  63.935917  2.564
 24    59.795 53046.11231558 13.28 127.409133  63.932797  2.564
 24    59.748 53046.11231622 13.07 127.406363  63.929667  2.564
 24    63.347 53046.11231687 12.63 127.403593  63.926547  2.564
 24    62.805 53046.11231751 12.76 127.400813  63.923427  2.564
 25    59.858 53081.11234549 10.52 127.413073  63.957164  2.208
 25    59.904 53081.11234614 10.57 127.410303  63.954044  2.208
 25    59.486 53081.11234678 11.35 127.407523  63.950924  2.208
 25    59.915 53081.11234742 11.59 127.404753  63.947794  2.208
 25    60.558 53081.11234807 10.72 127.401983  63.944674  2.208
 25    60.754 53081.11234871 10.85 127.399203  63.941554  2.208
 25    60.927 53081.11234936 11.02 127.396433  63.938434  2.208
 25    61.903 53081.11235000 10.96 127.393663  63.935304  2.208
 25    60.082 53081.11235065 11.23 127.390893  63.932184  2.208
 25    64.188 53081.11235129 10.76 127.388123  63.929064  2.208
 25    64.514 53081.11235194 10.76 127.385353  63.925944  2.208
 26    60.267 53116.11231692 11.39 127.421226  63.950021  2.833
 26    60.417 53116.11231756 11.76 127.418456  63.946901  2.833
 26    60.306 53116.11231821 12.72 127.415676  63.943771  2.833
 26    60.229 53116.11231885 12.87 127.412906  63.940651  2.833
 26    60.181 53116.11231950 12.39 127.410126  63.937531  2.833
 26    59.863 53116.11232014 13.02 127.407356  63.934411  2.833
 26    62.764 53116.11232079 12.67 127.404586  63.931281  2.833
 26    59.719 53116.11232143 12.19 127.401816  63.928161  2.833
 26    64.159 53116.11232208 11.55 127.399036  63.925041  2.833
 27    65.741 53151.11236435 37.55 127.415807  63.952443 17.655
 27    65.948 53151.11236500 41.18 127.413037  63.949323 17.655
 27    66.013 53151.11236564 40.30 127.410257  63.946193 17.655
 27    66.085 53151.11236629 37.87 127.407487  63.943073 17.655
 27    66.103 53151.11236693 36.25 127.404707  63.939953 17.655
 27    66.337 53151.11236758 35.69 127.401937  63.936833 17.655
 27    66.208 53151.11236822 34.70 127.399167  63.933703 17.655
 27    66.354 53151.11236887 34.93 127.396397  63.930583 17.655
 27    66.249 53151.11236951 36.90 127.393627  63.927463 17.655
 28    65.175 53186.11235142 30.90 127.428499  63.951344 13.704
 28    65.308 53186.11235206 31.47 127.425719  63.948214 13.704
 28    65.760 53186.11235271 32.04 127.422949  63.945094 13.704
 28    65.411 53186.11235335 32.98 127.420169  63.941974 13.704
 28    65.664 53186.11235400 33.44 127.417399  63.938854 13.704
 28    65.317 53186.11235464 34.24 127.414629  63.935724 13.704
 28    65.333 53186.11235529 34.34 127.411859  63.932604 13.704
 28    65.092 53186.11235593 35.10 127.409079  63.929484 13.704
 28    65.155 53186.11235658 35.01 127.406309  63.926364 13.704
 28    65.259 53186.11235722 33.37 127.403539  63.923234 13.704
 29    62.498 53221.11237784 37.92 127.415547  63.952630 21.537
 29    62.470 53221.11237849 38.83 127.412777  63.949500 21.537
 29    62.497 53221.11237913 48.31 127.409997  63.946380 21.537
 29    62.567 53221.11237977 46.38 127.407227  63.943260 21.537
 29    62.635 53221.11238042 44.76 127.404457  63.940130 21.537
 29    62.669 53221.11238106 41.63 127.401687  63.937010 21.537
 29    62.651 53221.11238171 45.22 127.398917  63.933890 21.537
 29    62.694 53221.11238235 45.68 127.396137  63.930770 21.537
 29    62.735 53221.11238300 48.09 127.393367  63.927640 21.537
 30    60.339 53256.11235336 29.91 127.408382  63.959256 18.968
 30    60.463 53256.11235401 32.66 127.405612  63.956136 18.968
 30    60.625 53256.11235465 32.01 127.402832  63.953016 18.968
 30    60.759 53256.11235530 29.20 127.400062  63.949886 18.968
 30    60.745 53256.11235594 24.03 127.397292  63.946766 18.968
 30    60.692 53256.11235659 21.76 127.394522  63.943646 18.968
 30    60.358 53256.11235723 20.59 127.391752  63.940516 18.968
 30    60.781 53256.11235788 19.13 127.388972  63.937396 18.968
 30    64.002 53256.11235852 20.48 127.386202  63.934276 18.968
 30    65.546 53256.11235917 21.59 127.383442  63.931156 18.968
 31    61.589 53291.11236759 19.27 127.420384  63.950108 10.386
 31    61.743 53291.11236824 18.52 127.417604  63.946978 10.386
 31    61.506 53291.11236888 18.29 127.414834  63.943858 10.386
 31    61.070 53291.11236953 18.89 127.412054  63.940738 10.386
 31    61.022 53291.11237017 19.62 127.409284  63.937618 10.386
 31    60.758 53291.11237082 21.17 127.406514  63.934488 10.386
 31    60.889 53291.11237146 24.12 127.403734  63.931368 10.386
 31    61.285 53291.11237211 26.35 127.400964  63.928248 10.386
 31    61.351 53291.11237275 31.00 127.398194  63.925128 10.386
 32    61.029 53326.11234224 14.98 127.418546  63.950738  3.907
 32    61.216 53326.11234288 15.23 127.415776  63.947608  3.907
 32    61.365 53326.11234353 15.81 127.412996  63.944488  3.907
 32    61.260 53326.11234417 16.22 127.410226  63.941368  3.907
 32    61.347 53326.11234482 15.10 127.407456  63.938248  3.907
 32    61.100 53326.11234546 16.36 127.404686  63.935118  3.907
 32    61.263 53326.11234611 15.42 127.401916  63.931998  3.907
 32    61.005 53326.11234675 14.71 127.399136  63.928878  3.907
 32    61.326 53326.11234740 14.02 127.396366  63.925748  3.907
 33    61.048 53361.11229954  9.28 127.416412  63.954668  2.127
 33    61.178 53361.11230019  8.96 127.413632  63.951538  2.127
 33    61.344 53361.11230083  8.69 127.410862  63.948418  2.127
 33    61.308 53361.11230148  9.44 127.408092  63.945298  2.127
 33    61.299 53361.11230212  9.28 127.405322  63.942168  2.127
 33    61.729 53361.11230277  9.34 127.402542  63.939048  2.127
 33    62.109 53361.11230341  9.41 127.399772  63.935928  2.127
 33    63.026 53361.11230406  9.71 127.397002  63.932808  2.127
 33    63.808 53361.11230470  9.60 127.394232  63.929678  2.127
 33    64.557 53361.11230534  9.53 127.391462  63.926558  2.127
 34    61.908 53396.11231983  8.15 127.423558  63.949692  2.109
 34    61.456 53396.11232047  8.16 127.420788  63.946572  2.109
 34    61.311 53396.11232112  8.42 127.418008  63.943442  2.109
 34    61.278 53396.11232176  8.56 127.415238  63.940322  2.109
 34    61.131 53396.11232241  8.51 127.412458  63.937202  2.109
 34    61.224 53396.11232305  8.59 127.409688  63.934082  2.109
 34    62.050 53396.11232370  8.57 127.406918  63.930952  2.109
 34    63.249 53396.11232434  8.52 127.404148  63.927832  2.109
 34    63.612 53396.11232499  8.57 127.401368  63.924712  2.109
 35    61.248 53431.11231169  7.16 127.413638  63.953581  1.969
 35    61.519 53431.11231233  7.48 127.410858  63.950461  1.969
 35    61.320 53431.11231297  7.59 127.408088  63.947341  1.969
 35    61.285 53431.11231362  7.55 127.405318  63.944211  1.969
 35    61.237 53431.11231426  7.62 127.402548  63.941091  1.969
 35    61.883 53431.11231491  7.85 127.399768  63.937971  1.969
 35    62.433 53431.11231555  7.86 127.396998  63.934851  1.969
 35    63.019 53431.11231620  7.85 127.394228  63.931721  1.969
 35    64.229 53431.11231684  7.96 127.391458  63.928601  1.969
 36    62.725 53466.11234263  5.75 127.428249  63.949966  2.142
 36    62.114 53466.11234328  5.97 127.425479  63.946846  2.142
 36    61.739 53466.11234392  6.50 127.422699  63.943726  2.142
 36    61.552 53466.11234457  7.25 127.419929  63.940606  2.142
 36    61.541 53466.11234521  6.82 127.417149  63.937476  2.142
 36    61.840 53466.11234586  6.89 127.414379  63.934356  2.142
 36    61.785 53466.11234650  7.02 127.411609  63.931236  2.142
 36    63.185 53466.11234715  6.65 127.408839  63.928116  2.142
 36    61.029 53466.11234779  7.25 127.406059  63.924986  2.142
 36    63.690 53466.11234844  7.24 127.403289  63.921866  2.142
 37    60.658 53501.11240018 34.70 127.412456  63.952785 25.106
 37    60.664 53501.11240083 43.26 127.409686  63.949655 25.106
 37    60.966 53501.11240147 38.33 127.406916  63.946535 25.106
 37    61.130 53501.11240212 44.86 127.404136  63.943415 25.106
 37    60.963 53501.11240276 31.06 127.401366  63.940285 25.106
 37    60.789 53501.11240341 24.08 127.398596  63.937165 25.106
 37    61.382 53501.11240405 24.27 127.395816  63.934045 25.106
 37    61.767 53501.11240470 25.39 127.393046  63.930925 25.106
 37    61.429 53501.11240534 40.08 127.390276  63.927795 25.106
 38    80.589 53536.11238952 11.54 127.417686  63.953901 11.383
 38    64.964 53536.11239016 11.26 127.414916  63.950781 11.383
 38    64.671 53536.11239081 12.37 127.412136  63.947661 11.383
 38    64.422 53536.11239145 12.97 127.409366  63.944531 11.383
 38    64.830 53536.11239209 13.33 127.406596  63.941411 11.383
 38    64.443 53536.11239274 14.27 127.403816  63.938291 11.383
 38    65.462 53536.11239338 14.33 127.401046  63.935171 11.383
 38    65.765 53536.11239403 15.47 127.398276  63.932041 11.383
 38    66.021 53536.11239467 17.88 127.395506  63.928921 11.383
 38    69.222 53536.11239532 20.47 127.392736  63.925801 11.383
 40    80.715 53606.11234571 12.62 127.408077  63.955780 14.080
 40    79.781 53606.11234635 13.26 127.405297  63.952650 14.080
 40    63.700 53606.11234700 14.07 127.402527  63.949530 14.080
 40    63.703 53606.11234764 13.98 127.399757  63.946410 14.080
 40    63.675 53606.11234828 14.37 127.396987  63.943280 14.080
 40    63.653 53606.11234893 15.43 127.394207  63.940160 14.080
 40    63.919 53606.11234957 15.51 127.391437  63.937040 14.080
 40    65.246 53606.11235022 16.30 127.388667  63.933920 14.080
 40    65.155 53606.11235086 19.55 127.385897  63.930790 14.080
 40    65.009 53606.11235151 26.95 127.383137  63.927670 14.080
 41    61.857 53641.11234599 36.19 127.425897  63.950842 13.710
 41    61.880 53641.11234663 40.06 127.423117  63.947722 13.710
 41    62.032 53641.11234728 43.88 127.420347  63.944602 13.710
 41    61.997 53641.11234792 46.00 127.417567  63.941472 13.710
 41    62.028 53641.11234857 44.43 127.414797  63.938352 13.710
 41    61.967 53641.11234921 41.77 127.412017  63.935232 13.710
 41    62.094 53641.11234985 40.95 127.409247  63.932112 13.710
 41    61.968 53641.11235050 39.59 127.406477  63.928982 13.710
 41    62.144 53641.11235114 39.52 127.403707  63.925862 13.710
 41    62.175 53641.11235179 38.19 127.400937  63.922742 13.710
 42    60.815 53676.11236493 32.43 127.416667  63.955650 22.803
 42    60.737 53676.11236557 36.06 127.413887  63.952530 22.803
 42    60.842 53676.11236622 36.63 127.411117  63.949410 22.803
 42    60.820 53676.11236686 36.86 127.408337  63.946290 22.803
 42    60.782 53676.11236751 35.37 127.405567  63.943160 22.803
 42    60.860 53676.11236815 34.68 127.402797  63.940040 22.803
 42    60.752 53676.11236879 36.22 127.400017  63.936920 22.803
 42    60.835 53676.11236944 35.61 127.397247  63.933800 22.803
 42    60.859 53676.11237008 38.40 127.394477  63.930670 22.803
 42    61.013 53676.11237073 43.05 127.391707  63.927550 22.803
 43    61.384 53711.11229483 21.52 127.413374  63.954715  9.165
 43    62.232 53711.11229548 20.52 127.410594  63.951595  9.165
 43    60.860 53711.11229612 24.49 127.407824  63.948475  9.165
 43    61.051 53711.11229676 23.09 127.405054  63.945355  9.165
 43    60.881 53711.11229741 23.24 127.402284  63.942225  9.165
 43    60.677 53711.11229805 23.68 127.399514  63.939105  9.165
 43    60.362 53711.11229870 24.38 127.396744  63.935985  9.165
 43    60.421 53711.11229934 21.03 127.393974  63.932865  9.165
 43    60.391 53711.11229999 19.59 127.391204  63.929735  9.165
 43    60.560 53711.11230063 18.63 127.388434  63.926615  9.165
 44    59.710 53746.11220490 16.78 127.438437  63.952498  4.551
 44    60.206 53746.11220554 17.16 127.435657  63.949368  4.551
 44    60.615 53746.11220619 18.23 127.432877  63.946248  4.551
 44    60.813 53746.11220683 17.96 127.430107  63.943128  4.551
 44    60.943 53746.11220748 17.84 127.427327  63.940008  4.551
 44    60.893 53746.11220812 17.94 127.424557  63.936888  4.551
 44    60.688 53746.11220877 18.46 127.421777  63.933758  4.551
 44    60.428 53746.11220941 17.86 127.419007  63.930638  4.551
 44    60.355 53746.11221006 17.52 127.416237  63.927518  4.551
 44    60.184 53746.11221070 17.09 127.413467  63.924398  4.551
 44    60.374 53746.11221135 16.27 127.410687  63.921268  4.551
 44    60.431 53746.11221199 14.98 127.407917  63.918148  4.551
 45    60.621 53781.11223660 15.73 127.422386  63.952659  3.588
 45    60.894 53781.11223724 14.71 127.419616  63.949539  3.588
 45    61.163 53781.11223789 15.20 127.416836  63.946419  3.588
 45    61.127 53781.11223853 14.65 127.414066  63.943289  3.588
 45    61.133 53781.11223918 14.70 127.411296  63.940169  3.588
 45    61.112 53781.11223982 14.20 127.408516  63.937049  3.588
 45    60.671 53781.11224047 14.87 127.405746  63.933929  3.588
 45    60.181 53781.11224111 14.43 127.402976  63.930799  3.588
 45    60.548 53781.11224176 13.63 127.400206  63.927679  3.588
 45    60.856 53781.11224240 13.17 127.397436  63.924559  3.588
 46    60.699 53816.11220393 15.70 127.410150  63.959309  3.340
 46    60.878 53816.11220458 16.10 127.407380  63.956189  3.340
 46    61.017 53816.11220522 15.84 127.404600  63.953069  3.340
 46    61.262 53816.11220587 14.66 127.401831  63.949942  3.128
 46    61.059 53816.11220651 15.13 127.399061  63.946822  3.128
 46    61.151 53816.11220716 14.13 127.396291  63.943692  3.128
 46    60.634 53816.11220780 13.91 127.393521  63.940572  3.128
 46    62.496 53816.11220845 12.16 127.390751  63.937452  3.128
 46    60.615 53816.11220909 12.72 127.387981  63.934322  3.128
 46    60.817 53816.11220974 12.20 127.385211  63.931202  3.128
 46    60.906 53816.11221038 12.04 127.382441  63.928082  3.128
 47    58.697 53851.11227319 34.62 127.422026  63.950246 11.987
 47    59.625 53851.11227383 27.60 127.419256  63.947126 11.987
 47    59.221 53851.11227448 23.51 127.416476  63.943996 11.987
 47    59.553 53851.11227512 22.91 127.413706  63.940876 11.987
 47    59.901 53851.11227577 22.27 127.410926  63.937756 11.987
 47    59.740 53851.11227641 22.88 127.408156  63.934636 11.987
 47    59.846 53851.11227706 22.75 127.405386  63.931506 11.987
 47    59.772 53851.11227770 21.49 127.402616  63.928386 11.987
 47    59.499 53851.11227835 18.92 127.399846  63.925266 11.987
 48    65.861 53886.11228154 37.54 127.426913  63.950429 28.415
 48    65.682 53886.11228219 39.44 127.424143  63.947309 28.415
 48    65.859 53886.11228283 41.16 127.421373  63.944189 28.415
 48    65.818 53886.11228348 44.01 127.418593  63.941069 28.415
 48    65.968 53886.11228412 49.65 127.415823  63.937939 28.415
 48    65.904 53886.11228477 48.57 127.413053  63.934819 28.415
 48    65.786 53886.11228541 50.31 127.410273  63.931699 28.415
 48    65.907 53886.11228606 49.75 127.407503  63.928579 28.415
 48    65.787 53886.11228670 52.51 127.404733  63.925449 28.415
 48    65.901 53886.11228734 50.10 127.401963  63.922329 28.415
 49    80.056 53921.11235095 12.39 127.412651  63.954943 13.690
 49    63.277 53921.11235159 12.30 127.409881  63.951823 13.690
 49    63.326 53921.11235224 12.75 127.407101  63.948703 13.690
 49    63.399 53921.11235288 12.68 127.404331  63.945583 13.690
 49    63.456 53921.11235353 13.50 127.401551  63.942453 13.690
 49    63.568 53921.11235417 13.35 127.398781  63.939333 13.690
 49    63.941 53921.11235482 13.57 127.396011  63.936213 13.690
 49    64.742 53921.11235546 14.09 127.393241  63.933093 13.690
 49    65.211 53921.11235611 15.46 127.390471  63.929963 13.690
 50    61.543 53956.11234780 24.29 127.411573  63.957107 19.403
 50    61.278 53956.11234844 27.57 127.408793  63.953987 19.403
 50    62.111 53956.11234909 29.25 127.406021  63.950867 19.347
 50    61.828 53956.11234973 29.27 127.403251  63.947737 19.347
 50    61.837 53956.11235037 24.89 127.400471  63.944617 19.347
 50    61.677 53956.11235102 20.38 127.397701  63.941497 19.347
 50    61.398 53956.11235166 20.51 127.394931  63.938377 19.347
 50    61.506 53956.11235231 19.32 127.392161  63.935247 19.347
 50    61.958 53956.11235295 18.95 127.389381  63.932127 19.347
 50    66.668 53956.11235360 19.18 127.386611  63.929007 19.347
 50    64.990 53956.11235424 27.04 127.383841  63.925877 19.347
 52    60.832 54026.11233320 50.53 127.429347  63.951448 26.901
 52    60.627 54026.11233385 48.19 127.426567  63.948328 26.901
 52    60.750 54026.11233449 44.50 127.423797  63.945208 26.901
 52    60.759 54026.11233514 38.75 127.421017  63.942088 26.901
 52    61.180 54026.11233578 35.66 127.418247  63.938958 26.901
 52    61.120 54026.11233643 41.15 127.415467  63.935838 26.901
 52    61.278 54026.11233707 40.67 127.412697  63.932718 26.901
 52    61.208 54026.11233772 39.18 127.409927  63.929598 26.901
 52    61.176 54026.11233836 41.76 127.407157  63.926468 26.901
 52    61.242 54026.11233901 41.12 127.404387  63.923348 26.901
 53    60.127 54061.11232680 20.22 127.423273  63.951924  7.860
 53    59.896 54061.11232744 21.32 127.420493  63.948804  7.860
 53    59.861 54061.11232808 22.93 127.417723  63.945684  7.860
 53    60.057 54061.11232873 23.98 127.414943  63.942564  7.860
 53    60.428 54061.11232937 24.73 127.412173  63.939434  7.860
 53    60.565 54061.11233002 27.67 127.409403  63.936314  7.860
 53    60.487 54061.11233066 28.20 127.406633  63.933194  7.860
 53    60.491 54061.11233131 28.56 127.403863  63.930064  7.860
 53    60.513 54061.11233195 25.26 127.401083  63.926944  7.860
 53    60.503 54061.11233260 22.45 127.398323  63.923824  7.860
 54    59.932 54096.11229977 15.21 127.409754  63.955919  2.667
 54    59.697 54096.11230042 16.64 127.406978  63.952796  3.340
 54    59.939 54096.11230106 16.64 127.404208  63.949666  3.340
 54    60.124 54096.11230171 16.96 127.401438  63.946546  3.340
 54    60.644 54096.11230235 16.08 127.398668  63.943426  3.340
 54    60.666 54096.11230300 16.79 127.395888  63.940306  3.340
 54    60.565 54096.11230364 17.23 127.393118  63.937176  3.340
 54    60.695 54096.11230429 17.06 127.390348  63.934056  3.340
 54    60.450 54096.11230493 15.86 127.387578  63.930936  3.340
 54    60.379 54096.11230558 15.29 127.384808  63.927816  3.340
 55    61.857 54131.11224735 14.38 127.431718  63.951361  3.388
 55    60.770 54131.11224799 14.64 127.428938  63.948241  3.388
 55    59.661 54131.11224864 16.26 127.426168  63.945121  3.388
 55    60.289 54131.11224928 16.29 127.423388  63.941991  3.388
 55    59.903 54131.11224993 16.04 127.420618  63.938871  3.388
 55    59.943 54131.11225057 15.95 127.417838  63.935751  3.388
 55    59.968 54131.11225122 15.73 127.415068  63.932631  3.388
 55    59.865 54131.11225186 14.97 127.412298  63.929501  3.388
 55    59.927 54131.11225251 14.60 127.409528  63.926381  3.388
 55    59.882 54131.11225315 13.85 127.406748  63.923261  3.388
 55    59.989 54131.11225380 13.22 127.403978  63.920141  3.388
 56    59.806 54166.11227164 10.95 127.414724  63.956643  3.385
 56    59.856 54166.11227228 11.01 127.411952  63.953524  2.456
 56    59.644 54166.11227293 11.87 127.409182  63.950394  2.456
 56    59.942 54166.11227357 12.03 127.406402  63.947274  2.456
 56    60.088 54166.11227422 12.55 127.403632  63.944154  2.456
 56    60.451 54166.11227486 11.83 127.400862  63.941034  2.456
 56    60.509 54166.11227551 11.26 127.398092  63.937904  2.456
 56    60.660 54166.11227615 11.28 127.395312  63.934784  2.456
 56    60.231 54166.11227680 11.31 127.392542  63.931664  2.456
 56    60.852 54166.11227744 10.83 127.389772  63.928534  2.456
 57    60.548 54201.11225106 14.35 127.425093  63.949714  4.217
 57    59.283 54201.11225171 14.85 127.422323  63.946594  4.217
 57    58.301 54201.11225235 16.46 127.419543  63.943464  4.217
 57    58.438 54201.11225300 16.40 127.416773  63.940344  4.217
 57    59.213 54201.11225364 16.08 127.413993  63.937224  4.217
 57    59.402 54201.11225428 15.84 127.411223  63.934104  4.217
 57    59.539 54201.11225493 15.18 127.408453  63.930974  4.217
 57    59.586 54201.11225557 14.15 127.405673  63.927854  4.217
 57    59.430 54201.11225622 13.82 127.402903  63.924734  4.217
 58    62.831 54236.11228717 22.41 127.421663  63.950288 14.560
 58    62.713 54236.11228781 19.79 127.418883  63.947168 14.560
 58    62.690 54236.11228846 19.29 127.416113  63.944048 14.560
 58    62.746 54236.11228910 19.37 127.413343  63.940928 14.560
 58    62.901 54236.11228975 19.46 127.410563  63.937798 14.560
 58    63.267 54236.11229039 19.18 127.407793  63.934678 14.560
 58    63.907 54236.11229103 20.16 127.405023  63.931558 14.560
 58    63.914 54236.11229168 22.29 127.402253  63.928428 14.560
 58    64.887 54236.11229232 22.58 127.399473  63.925308 14.560
 59    64.751 54271.11230789 33.85 127.417308  63.951614 21.694
 59    64.880 54271.11230853 34.22 127.414538  63.948494 21.694
 59    64.862 54271.11230918 35.74 127.411768  63.945374 21.694
 59    64.838 54271.11230982 37.86 127.408988  63.942254 21.694
 59    64.709 54271.11231047 39.11 127.406218  63.939124 21.694
 59    64.754 54271.11231111 40.42 127.403448  63.936004 21.694
 59    64.940 54271.11231176 43.14 127.400678  63.932884 21.694
 59    64.888 54271.11231240 45.73 127.397908  63.929754 21.694
 59    64.938 54271.11231304 46.18 127.395138  63.926634 21.694
 60    62.936 54306.11231023 16.07 127.421002  63.953108  9.277
 60    62.874 54306.11231087 15.79 127.418222  63.949988  9.277
 60    62.913 54306.11231152 15.03 127.415452  63.946868  9.277
 60    62.885 54306.11231216 16.75 127.412682  63.943748  9.277
 60    62.906 54306.11231281 15.94 127.409902  63.940618  9.277
 60    63.095 54306.11231345 16.40 127.407132  63.937498  9.277
 60    63.102 54306.11231410 18.65 127.404362  63.934378  9.277
 60    63.761 54306.11231474 17.41 127.401592  63.931258  9.277
 60    64.491 54306.11231539 17.06 127.398812  63.928128  9.277
 60    63.561 54306.11231603 23.92 127.396042  63.925008  9.277
 61    80.442 54341.11229165 15.31 127.415080  63.955295 10.871
 61    61.584 54341.11229229 15.98 127.412306  63.952173 20.519
 61    61.700 54341.11229293 15.50 127.409526  63.949043 20.519
 61    61.728 54341.11229358 16.16 127.406756  63.945923 20.519
 61    61.824 54341.11229422 16.87 127.403986  63.942803 20.519
 61    61.723 54341.11229487 19.11 127.401206  63.939683 20.519
 61    61.408 54341.11229551 20.58 127.398436  63.936553 20.519
 61    61.906 54341.11229616 20.12 127.395666  63.933433 20.519
 61    62.591 54341.11229680 20.60 127.392896  63.930313 20.519
 61    62.360 54341.11229745 23.35 127.390126  63.927183 20.519
 62    90.875 54376.11224485 12.04 127.424250  63.952439 11.424
 62    90.269 54376.11224550  8.85 127.421480  63.949319 11.424
 62    90.466 54376.11224614  7.30 127.418700  63.946189 11.424
 62    60.445 54376.11224872 23.98 127.407610  63.933699 11.424
 62    61.712 54376.11224937 21.98 127.404840  63.930579 11.424
 62    63.415 54376.11225001 19.16 127.402070  63.927459 11.424
 62    64.456 54376.11225065 21.86 127.399290  63.924339 11.424
 63    59.084 54411.11223898 46.09 127.416026  63.951960  8.537
 63    59.162 54411.11223963 35.83 127.413256  63.948840  8.537
 63    58.384 54411.11224027 33.73 127.410481  63.945720 17.757
 63    59.252 54411.11224092 30.69 127.407711  63.942590 17.757
 63    59.424 54411.11224156 41.50 127.404941  63.939470 17.757
 63    59.342 54411.11224220 39.92 127.402161  63.936350 17.757
 63    59.209 54411.11224285 44.52 127.399391  63.933230 17.757
 63    59.225 54411.11224349 45.33 127.396621  63.930100 17.757
 63    59.333 54411.11224414 39.92 127.393851  63.926980 17.757
 64    59.501 54446.11220909 24.79 127.429554  63.950854  3.491
 64    59.901 54446.11220974 24.02 127.426775  63.947729  5.877
 64    59.522 54446.11221038 24.20 127.424005  63.944609  5.877
 64    59.425 54446.11221103 25.42 127.421225  63.941489  5.877
 64    59.364 54446.11221167 25.91 127.418455  63.938369  5.877
 64    59.829 54446.11221232 25.08 127.415685  63.935239  5.877
 64    59.999 54446.11221296 25.61 127.412905  63.932119  5.877
 64    60.040 54446.11221361 25.48 127.410135  63.928999  5.877
 64    59.999 54446.11221425 25.77 127.407365  63.925879  5.877
 64    60.103 54446.11221490 24.80 127.404595  63.922749  5.877
 65    59.713 54481.11223021 17.91 127.420661  63.952988  4.418
 65    59.608 54481.11223085 18.50 127.417881  63.949868  4.418
 65    59.469 54481.11223150 19.31 127.415111  63.946748  4.418
 65    59.452 54481.11223214 20.47 127.412341  63.943628  4.418
 65    59.727 54481.11223279 20.62 127.409561  63.940498  4.418
 65    60.159 54481.11223343 20.55 127.406791  63.937378  4.418
 65    60.246 54481.11223408 19.36 127.404021  63.934258  4.418
 65    60.238 54481.11223472 20.94 127.401251  63.931138  4.418
 65    60.427 54481.11223537 20.45 127.398481  63.928008  4.418
 65    60.150 54481.11223601 21.99 127.395701  63.924888  4.418
 66    59.537 54516.11222322 14.90 127.429994  63.951451  3.592
 66    59.931 54516.11222386 14.66 127.427224  63.948331  3.592
 66    60.043 54516.11222451 14.96 127.424444  63.945211  3.592
 66    59.753 54516.11222515 15.32 127.421674  63.942091  3.592
 66    59.876 54516.11222580 16.17 127.418894  63.938961  3.592
 66    60.172 54516.11222644 15.98 127.416124  63.935841  3.592
 66    60.036 54516.11222709 15.76 127.413354  63.932721  3.592
 66    60.016 54516.11222773 15.76 127.410574  63.929601  3.592
 66    60.222 54516.11222838 15.03 127.407804  63.926471  3.592
 66    60.173 54516.11222902 15.37 127.405034  63.923351  3.592
 67    60.095 54551.11224266 10.08 127.414693  63.956371  2.334
 67    60.331 54551.11224331 10.53 127.411913  63.953251  2.334
 67    59.919 54551.11224395 10.39 127.409143  63.950121  2.334
 67    60.528 54551.11224460 10.90 127.406373  63.947001  2.334
 67    60.550 54551.11224524 11.13 127.403593  63.943881  2.334
 67    60.461 54551.11224589 10.70 127.400823  63.940761  2.334
 67    60.756 54551.11224653 10.47 127.398053  63.937631  2.334
 67    60.410 54551.11224717 10.85 127.395283  63.934511  2.334
 67    60.243 54551.11224782 10.62 127.392513  63.931391  2.334
 67    60.612 54551.11224846 10.67 127.389743  63.928261  2.334
 68    58.045 54586.11222012 14.23 127.416431  63.945617  8.460
 68    58.020 54586.11222076 14.81 127.413651  63.942497  8.460
 68    58.157 54586.11222140 15.97 127.410881  63.939377  8.460
 68    60.037 54586.11222205 16.01 127.408111  63.936247  8.460
 68    60.348 54586.11222269 15.70 127.405341  63.933127  8.460
 68    60.612 54586.11222334 18.92 127.402561  63.930007  8.460
 68    60.498 54586.11222398 27.01 127.399791  63.926887  8.460
 68    60.227 54586.11222463 22.31 127.397021  63.923757  8.460
 69    64.621 54621.11223760 23.80 127.420095  63.954094  7.812
 69    64.580 54621.11223824 23.77 127.417315  63.950974  7.812
 69    64.690 54621.11223889 24.48 127.414545  63.947844  7.812
 69    64.650 54621.11223953 24.38 127.411775  63.944724  7.812
 69    64.424 54621.11224018 25.48 127.408995  63.941604  7.812
 69    64.432 54621.11224082 25.62 127.406225  63.938484  7.812
 69    64.288 54621.11224147 25.91 127.403455  63.935354  7.812
 69    64.346 54621.11224211 26.45 127.400685  63.932234  7.812
 69    64.712 54621.11224276 26.48 127.397915  63.929114  7.812
 69    65.031 54621.11224340 28.84 127.395145  63.925984  7.812
 70    62.497 54656.11224794 14.53 127.417441  63.953586  9.539
 70    62.327 54656.11224858 14.23 127.414661  63.950456  9.539
 70    62.315 54656.11224923 14.84 127.411891  63.947336  9.539
 70    62.822 54656.11224987 14.08 127.409111  63.944216  9.539
 70    62.782 54656.11225052 15.13 127.406341  63.941096  9.539
 70    63.115 54656.11225116 14.87 127.403571  63.937966  9.539
 70    63.479 54656.11225181 15.45 127.400801  63.934846  9.539
 70    63.766 54656.11225245 15.61 127.398021  63.931726  9.539
 70    65.172 54656.11225310 15.89 127.395251  63.928606  9.539
 70    65.826 54656.11225374 18.35 127.392481  63.925476  9.539
 71    63.657 54691.11223298 14.06 127.414317  63.952879  6.458
 71    63.494 54691.11223362 14.26 127.411537  63.949759  6.458
 71    63.602 54691.11223427 14.09 127.408767  63.946629  6.458
 71    63.586 54691.11223491 15.01 127.405997  63.943509  6.458
 71    63.608 54691.11223555 15.02 127.403217  63.940389  6.458
 71    63.525 54691.11223620 15.66 127.400447  63.937269  6.458
 71    63.772 54691.11223684 15.56 127.397677  63.934139  6.458
 71    64.571 54691.11223749 15.78 127.394907  63.931019  6.458
 71    64.930 54691.11223813 16.01 127.392137  63.927899  6.458
 72    66.569 54726.11219893 11.17 127.429372  63.952518 13.291
 72    66.684 54726.11219957 11.70 127.426592  63.949388 13.291
 72    65.678 54726.11220022 12.97 127.423822  63.946268 13.291
 72    66.082 54726.11220086 12.95 127.421042  63.943148 13.291
 72    65.805 54726.11220151 13.17 127.418272  63.940028 13.291
 72    65.068 54726.11220215 13.59 127.415492  63.936898 13.291
 72    65.263 54726.11220280 14.28 127.412722  63.933778 13.291
 72    65.574 54726.11220344 14.76 127.409952  63.930658 13.291
 72    65.384 54726.11220409 15.70 127.407182  63.927538 13.291
 72    66.098 54726.11220473 17.12 127.404402  63.924408 13.291
 72    66.003 54726.11220538 23.63 127.401632  63.921288 13.291
 73    61.194 54761.11220994 43.39 127.416609  63.952938 25.327
 73    60.735 54761.11221058 45.52 127.413839  63.949808 25.327
 73    60.599 54761.11221123 38.35 127.411069  63.946688 25.327
 73    60.734 54761.11221187 39.90 127.408289  63.943568 25.327
 73    60.887 54761.11221252 45.08 127.405519  63.940448 25.327
 73    60.954 54761.11221316 43.01 127.402749  63.937318 25.327
 73    60.922 54761.11221381 46.47 127.399979  63.934198 25.327
 73    60.815 54761.11221445 43.79 127.397209  63.931078 25.327
 73    60.929 54761.11221510 45.15 127.394429  63.927958 25.327
 74    60.226 54796.11219237 20.81 127.431001  63.952402  6.194
 74    60.784 54796.11219301 21.95 127.428221  63.949282  6.194
 74    60.583 54796.11219365 23.24 127.425441  63.946162  6.194
 74    60.804 54796.11219430 23.99 127.422671  63.943042  6.194
 74    60.207 54796.11219494 25.32 127.419891  63.939912  6.194
 74    60.336 54796.11219559 25.58 127.417121  63.936792  6.194
 74    60.498 54796.11219623 26.41 127.414351  63.933672  6.194
 74    60.556 54796.11219688 26.29 127.411571  63.930552  6.194
 74    60.589 54796.11219752 25.53 127.408801  63.927422  6.194
 74    60.673 54796.11219817 26.30 127.406031  63.924302  6.194
 74    60.404 54796.11219881 23.07 127.403261  63.921182  6.194
 75    60.508 54831.11221032 18.45 127.417518  63.951965  3.559
 75    60.436 54831.11221096 19.30 127.414748  63.948835  3.559
 75    60.591 54831.11221161 19.81 127.411978  63.945715  3.559
 75    60.690 54831.11221225 19.68 127.409198  63.942595  3.559
 75    60.673 54831.11221290 19.83 127.406428  63.939475  3.559
 75    60.594 54831.11221354 19.71 127.403658  63.936345  3.559
 75    60.689 54831.11221419 19.42 127.400888  63.933225  3.559
 75    60.633 54831.11221483 19.07 127.398118  63.930105  3.559
 75    60.576 54831.11221547 19.19 127.395348  63.926985  3.559
 76    59.845 54866.11218759 17.12 127.429534  63.952005  3.372
 76    60.117 54866.11218824 17.60 127.426764  63.948885  3.372
 76    60.608 54866.11218888 17.35 127.423984  63.945765  3.372
 76    60.422 54866.11218953 18.22 127.421214  63.942645  3.372
 76    60.095 54866.11219017 18.86 127.418434  63.939515  3.372
 76    60.512 54866.11219082 18.35 127.415664  63.936395  3.372
 76    60.404 54866.11219146 18.27 127.412894  63.933275  3.372
 76    60.295 54866.11219211 18.29 127.410114  63.930155  3.372
 76    60.357 54866.11219275 17.32 127.407344  63.927025  3.372
 76    60.259 54866.11219340 17.25 127.404574  63.923905  3.372
 77    60.465 54901.11220898 15.58 127.413277  63.955096  3.396
 77    60.380 54901.11220962 16.45 127.410507  63.951966  3.396
 77    60.662 54901.11221027 16.72 127.407737  63.948846  3.396
 77    60.492 54901.11221091 17.73 127.404957  63.945726  3.396
 77    60.721 54901.11221156 16.65 127.402187  63.942606  3.396
 77    60.645 54901.11221220 16.48 127.399417  63.939476  3.396
 77    60.341 54901.11221285 17.24 127.396647  63.936356  3.396
 77    60.196 54901.11221349 16.77 127.393877  63.933236  3.396
 77    60.228 54901.11221414 16.25 127.391107  63.930106  3.396
 77    60.608 54901.11221478 15.78 127.388337  63.926986  3.396
 78    60.313 54936.11217834 11.95 127.424686  63.952038  2.827
 78    60.814 54936.11217898 12.40 127.421906  63.948908  2.827
 78    60.582 54936.11217963 12.56 127.419136  63.945788  2.827
 78    60.682 54936.11218027 12.92 127.416356  63.942668  2.827
 78    60.624 54936.11218092 12.78 127.413586  63.939548  2.827
 78    60.666 54936.11218156 12.43 127.410816  63.936418  2.827
 78    60.331 54936.11218221 13.02 127.408036  63.933298  2.827
 78    60.309 54936.11218285 12.49 127.405266  63.930178  2.827
 78    60.278 54936.11218349 12.39 127.402496  63.927058  2.827
 78    60.430 54936.11218414 12.65 127.399726  63.923928  2.827
 80    62.878 55006.11223046 30.96 127.416077  63.953247 13.991
 80    63.370 55006.11223110 32.11 127.413297  63.950127 13.991
 80    63.782 55006.11223175 33.15 127.410527  63.946997 13.991
 80    64.018 55006.11223239 34.56 127.407757  63.943877 13.991
 80    64.282 55006.11223304 34.64 127.404977  63.940757 13.991
 80    64.397 55006.11223368 36.57 127.402207  63.937637 13.991
 80    64.441 55006.11223433 38.41 127.399437  63.934507 13.991
 80    64.440 55006.11223497 39.30 127.396667  63.931387 13.991
 80    64.603 55006.11223561 40.38 127.393897  63.928267 13.991
 81    64.957 55041.11221849 14.27 127.419466  63.952521 18.179
 81    68.228 55041.11221914 15.29 127.416686  63.949391 18.179
 81    63.629 55041.11221978 16.34 127.413916  63.946271 18.179
 81    62.972 55041.11222043 16.48 127.411136  63.943151 18.179
 81    61.351 55041.11222107 17.49 127.408366  63.940031 18.179
 81    61.739 55041.11222172 18.10 127.405596  63.936901 18.179
 81    62.116 55041.11222236 20.82 127.402826  63.933781 18.179
 81    62.998 55041.11222301 18.95 127.400046  63.930661 18.179
 81    63.366 55041.11222365 19.74 127.397276  63.927531 18.179
 82    61.812 55076.11219942 34.18 127.414433  63.955226 14.250
 82    62.203 55076.11220007 34.04 127.411653  63.952106 14.250
 82    62.013 55076.11220071 35.73 127.408883  63.948986 14.250
 82    62.262 55076.11220135 36.82 127.406113  63.945856 14.250
 82    62.244 55076.11220200 39.60 127.403343  63.942736 14.250
 82    62.321 55076.11220264 44.24 127.400563  63.939616 14.250
 82    62.442 55076.11220329 45.86 127.397793  63.936496 14.250
 82    62.319 55076.11220393 44.85 127.395023  63.933366 14.250
 82    62.351 55076.11220458 40.33 127.392253  63.930246 14.250
 82    62.440 55076.11220522 40.98 127.389483  63.927126 14.250
 83    63.762 55111.11215172 15.00 127.422647  63.948994  5.895
 83    62.893 55111.11215236 15.26 127.419877  63.945874  5.895
 83    61.788 55111.11215301 14.60 127.417097  63.942754  5.895
 83    61.725 55111.11215365 14.52 127.414327  63.939634  5.895
 83    62.104 55111.11215430 14.38 127.411557  63.936504  5.895
 83    62.884 55111.11215494 15.36 127.408777  63.933384  5.895
 83    63.705 55111.11215558 14.79 127.406007  63.930264  5.895
 83    63.902 55111.11215623 15.43 127.403237  63.927144  5.895
 83    64.246 55111.11215687 18.30 127.400467  63.924014  5.895
 84    59.755 55146.11215335 25.47 127.416465  63.953871 11.572
 84    59.087 55146.11215400 25.58 127.413695  63.950741 11.572
 84    59.079 55146.11215464 27.77 127.410925  63.947621 11.572
 84    59.385 55146.11215529 29.21 127.408145  63.944501 11.572
 84    59.512 55146.11215593 31.67 127.405375  63.941381 11.572
 84    59.789 55146.11215658 34.85 127.402605  63.938251 11.572
 84    59.785 55146.11215722 38.24 127.399835  63.935131 11.572
 84    59.839 55146.11215787 39.03 127.397065  63.932011 11.572
 84    59.750 55146.11215851 35.04 127.394285  63.928881 11.572
 84    59.644 55146.11215916 31.50 127.391515  63.925761 11.572
 85    59.714 55181.11212861 22.39 127.431050  63.951767  5.094
 85    59.801 55181.11212926 22.92 127.428280  63.948647  5.094
 85    59.647 55181.11212990 24.16 127.425500  63.945527  5.094
 85    59.710 55181.11213055 25.35 127.422730  63.942407  5.094
 85    59.815 55181.11213119 25.82 127.419950  63.939277  5.094
 85    60.257 55181.11213184 25.07 127.417180  63.936157  5.094
 85    60.226 55181.11213248 25.76 127.414400  63.933037  5.094
 85    60.342 55181.11213313 26.17 127.411630  63.929917  5.094
 85    60.319 55181.11213377 25.83 127.408860  63.926787  5.094
 85    60.299 55181.11213442 24.56 127.406090  63.923667  5.094
 85    60.227 55181.11213506 23.87 127.403320  63.920547  5.094
 86    59.223 55216.11214813 20.91 127.415231  63.952411  4.674
 86    59.478 55216.11214877 21.31 127.412461  63.949281  4.674
 86    59.708 55216.11214941 22.18 127.409691  63.946161  4.674
 86    59.897 55216.11215006 22.18 127.406911  63.943041  4.674
 86    60.122 55216.11215070 21.98 127.404141  63.939921  4.674
 86    60.145 55216.11215135 23.02 127.401371  63.936791  4.674
 86    60.162 55216.11215199 23.18 127.398601  63.933671  4.674
 86    60.160 55216.11215264 22.89 127.395831  63.930551  4.674
 86    60.068 55216.11215328 21.58 127.393061  63.927421  4.674
 87    59.236 55251.11212601 19.00 127.426464  63.950034  4.591
 87    59.218 55251.11212665 19.21 127.423684  63.946914  4.591
 87    59.265 55251.11212730 20.12 127.420914  63.943794  4.591
 87    59.799 55251.11212794 19.92 127.418134  63.940664  4.591
 87    59.968 55251.11212859 19.64 127.415364  63.937544  4.591
 87    59.996 55251.11212923 20.22 127.412594  63.934424  4.591
 87    60.033 55251.11212988 20.67 127.409824  63.931304  4.591
 87    60.065 55251.11213052 19.97 127.407044  63.928184  4.591
 87    59.957 55251.11213117 19.11 127.404274  63.925054  4.591
 87    59.928 55251.11213181 19.29 127.401504  63.921934  4.591
 88    59.972 55286.11214139 15.34 127.412293  63.954805  4.825
 88    60.026 55286.11214203 17.14 127.409513  63.951685  4.825
 88    60.177 55286.11214268 16.81 127.406743  63.948555  4.825
 88    60.270 55286.11214332 17.46 127.403973  63.945435  4.825
 88    60.391 55286.11214397 16.58 127.401193  63.942315  4.825
 88    60.289 55286.11214461 16.67 127.398423  63.939195  4.825
 88    60.062 55286.11214525 16.94 127.395653  63.936065  4.825
 88    60.089 55286.11214590 17.01 127.392883  63.932945  4.825
 88    60.006 55286.11214654 16.60 127.390113  63.929825  4.825
 89    59.457 55321.11211513 32.57 127.417775  63.954219 17.986
 89    59.562 55321.11211578 36.08 127.414995  63.951099 17.986
 89    60.805 55321.11211642 34.49 127.412225  63.947969 17.986
 89    61.037 55321.11211707 32.28 127.409455  63.944849 17.986
 89    60.369 55321.11211771 35.93 127.406675  63.941729 17.986
 89    60.358 55321.11211836 35.74 127.403905  63.938609 17.986
 89    60.167 55321.11211900 37.59 127.401135  63.935479 17.986
 89    60.208 55321.11211965 37.28 127.398365  63.932359 17.986
 89    60.176 55321.11212029 37.13 127.395595  63.929239 17.986
 89    60.312 55321.11212094 38.27 127.392825  63.926109 17.986
 90    63.340 55356.11211597 32.14 127.416039  63.952465  7.478
 90    63.504 55356.11211662 32.56 127.413269  63.949335  7.478
 90    63.656 55356.11211726 33.53 127.410499  63.946215  7.478
 90    63.824 55356.11211791 34.28 127.407719  63.943095  7.478
 90    63.590 55356.11211855 34.52 127.404949  63.939975  7.478
 90    63.611 55356.11211920 35.36 127.402179  63.936845  7.478
 90    63.564 55356.11211984 35.56 127.399409  63.933725  7.478
 90    63.687 55356.11212048 35.37 127.396639  63.930605  7.478
 90    63.562 55356.11212113 35.99 127.393859  63.927485  7.478
 91    64.467 55391.11211685 32.23 127.423339  63.950745  8.500
 91    64.134 55391.11211750 33.19 127.420569  63.947625  8.500
 91    64.298 55391.11211814 34.08 127.417789  63.944505  8.500
 91    64.207 55391.11211879 34.94 127.415019  63.941385  8.500
 91    64.441 55391.11211943 34.88 127.412249  63.938255  8.500
 91    64.125 55391.11212008 35.98 127.409469  63.935135  8.500
 91    64.024 55391.11212072 35.90 127.406699  63.932015  8.500
 91    64.003 55391.11212137 35.77 127.403929  63.928895  8.500
 91    64.121 55391.11212201 35.07 127.401159  63.925765  8.500
 92    61.693 55426.11213230 33.40 127.420206  63.953294 17.221
 92    61.726 55426.11213294 33.81 127.417426  63.950174 17.221
 92    61.972 55426.11213359 35.92 127.414656  63.947044 17.221
 92    61.852 55426.11213423 35.93 127.411886  63.943924 17.221
 92    61.822 55426.11213488 37.95 127.409106  63.940804 17.221
 92    61.497 55426.11213552 41.08 127.406336  63.937674 17.221
 92    61.714 55426.11213617 41.38 127.403566  63.934554 17.221
 92    61.964 55426.11213681 42.19 127.400796  63.931434 17.221
 92    62.026 55426.11213745 46.44 127.398026  63.928314 17.221
 92    61.969 55426.11213810 49.95 127.395256  63.925184 17.221
 93    61.266 55461.11209976 15.64 127.413554  63.954623  9.309
 93    61.528 55461.11210041 18.11 127.410774  63.951503  9.309
 93    61.500 55461.11210105 18.93 127.408004  63.948383  9.309
 93    61.476 55461.11210170 16.44 127.405234  63.945253  9.309
 93    61.402 55461.11210234 14.69 127.402464  63.942133  9.309
 93    62.140 55461.11210298 14.58 127.399684  63.939013  9.309
 93    61.685 55461.11210363 14.88 127.396914  63.935893  9.309
 93    64.330 55461.11210427 15.17 127.394144  63.932763  9.309
 93    64.879 55461.11210492 15.29 127.391374  63.929643  9.309
