# NaN NaN NaN ;Mean Elev.(m), Avg Gradient(m/km), RMS Gradient(m/km) - SRTM1     
#  120.033  -2.662  13.293 ;Mean Elev.(m), Avg Gradient(m/km), RMS Gradient(m/km) - ASTER GDEM
#  124.284  -2.526  13.937 ;Mean Elev.(m), Avg Gradient(m/km), RMS Gradient(m/km) - GMTED2010 
  7   129.931 52460.12497298 35.42 120.262711  60.353845 11.802
  7   128.999 52460.12497362 33.34 120.260471  60.350675 11.802
  7   128.848 52460.12497427 32.67 120.258241  60.347505 11.802
  7   128.978 52460.12497491 33.05 120.256001  60.344345 11.802
  7   128.826 52460.12497555 32.95 120.253771  60.341175 11.802
  7   128.772 52460.12497620 32.06 120.251531  60.338005 11.802
  7   128.840 52460.12497684 32.35 120.249301  60.334845 11.802
  7   129.107 52460.12497749 31.91 120.247061  60.331675 11.802
  7   129.159 52460.12497813 31.10 120.244831  60.328505 11.802
  7   129.400 52460.12497878 31.18 120.242591  60.325345 11.802
  9   126.674 52530.12495279 16.22 120.261609  60.340938  5.906
  9   126.929 52530.12495344 12.27 120.259379  60.337768  5.906
  9   127.325 52530.12495408 10.73 120.257139  60.334598  5.906
  9   127.129 52530.12495472  9.77 120.254899  60.331438  5.906
 10   146.204 52565.12496788 17.73 120.274608  60.355392 13.253
 10   146.154 52565.12496852 19.88 120.272368  60.352222 13.253
 10   146.315 52565.12496917 18.79 120.270138  60.349062 13.253
 10   146.691 52565.12496981 18.76 120.267898  60.345892 13.253
 10   126.280 52565.12497110 40.13 120.263428  60.339562 13.253
 10   126.332 52565.12497174 45.19 120.261188  60.336392 13.253
 10   119.359 52565.12497239 48.29 120.258948  60.333232 13.253
 11   157.016 52600.12499689  0.34 120.242486  60.345641  9.441
 11   125.895 52600.12499818 23.53 120.238016  60.339311  9.441
 11   126.437 52600.12499883 25.48 120.235776  60.336141  9.441
 11   126.132 52600.12499947 31.39 120.233546  60.332971  9.441
 11   126.759 52600.12500012 28.97 120.231306  60.329811  9.441
 11   126.611 52600.12500076 28.28 120.229077  60.326639  6.600
 11   126.596 52600.12500140 28.72 120.226837  60.323479  6.600
 11   126.732 52600.12500205 28.78 120.224607  60.320309  6.600
 11   126.761 52600.12500269 29.22 120.222377  60.317139  6.600
 11   126.279 52600.12500334 27.21 120.220147  60.313979  6.600
 13   125.831 52670.12496223 16.91 120.253611  60.350426  5.101
 13   125.856 52670.12496287 17.76 120.251371  60.347256  5.101
 13   125.806 52670.12496352 18.07 120.249131  60.344096  5.101
 13   125.881 52670.12496416 19.05 120.246901  60.340926  5.101
 13   125.829 52670.12496480 19.22 120.244661  60.337766  5.101
 13   125.953 52670.12496545 19.00 120.242431  60.334596  5.101
 13   125.885 52670.12496609 19.76 120.240191  60.331426  5.101
 13   125.952 52670.12496674 19.17 120.237961  60.328256  5.101
 13   125.699 52670.12496738 19.92 120.235721  60.325096  5.101
 13   125.618 52670.12496803 19.09 120.233495  60.321925  3.713
 13   125.589 52670.12496867 18.27 120.231255  60.318765  3.713
 15   128.821 52740.12499008  8.23 120.240572  60.335877  3.131
 15   127.686 52740.12499073 10.11 120.238342  60.332707  3.131
 15   126.013 52740.12499137 13.31 120.236104  60.329536  3.565
 15   127.233 52740.12499202  9.89 120.233874  60.326376  3.565
 15   127.199 52740.12499266  7.27 120.231644  60.323206  3.565
 15   127.386 52740.12499331  4.37 120.229404  60.320036  3.565
 15   126.779 52740.12499395  4.14 120.227174  60.316876  3.565
 16   126.688 52775.12493455 35.13 120.249645  60.350381 24.333
 16   126.463 52775.12493842 27.90 120.236245  60.331381 24.333
 16   126.455 52775.12493906 28.32 120.234005  60.328211 24.333
 16   126.485 52775.12493970 30.02 120.231775  60.325041 24.333
 16   126.385 52775.12494035 29.04 120.229545  60.321881 24.333
 16   126.456 52775.12494099 29.63 120.227310  60.318713  9.947
 17   128.297 52810.12500744 24.73 120.266093  60.355040 20.393
 17   128.091 52810.12500808 25.67 120.263853  60.351880 20.393
 17   128.104 52810.12500873 18.55 120.261623  60.348710 20.393
 17   128.219 52810.12500937 14.43 120.259383  60.345540 20.393
 17   128.218 52810.12501002 14.74 120.257143  60.342380 20.393
 17   128.470 52810.12501066 12.82 120.254903  60.339210 20.393
 17   128.659 52810.12501131 14.48 120.252673  60.336040 20.393
 17   128.587 52810.12501195 12.88 120.250433  60.332880 20.393
 17   128.892 52810.12501259 10.55 120.248203  60.329710 20.393
 17   128.950 52810.12501324 27.44 120.245969  60.326543  4.922
 18   126.004 52845.12506309 36.35 120.269327  60.357319 10.441
 18   125.915 52845.12506374 29.19 120.267087  60.354149 10.441
 18   125.850 52845.12506438 27.17 120.264847  60.350989 10.441
 18   125.793 52845.12506503 27.64 120.262617  60.347819 10.441
 18   125.762 52845.12506567 26.72 120.260377  60.344649 10.441
 18   125.627 52845.12506632 25.51 120.258137  60.341489 10.441
 18   125.635 52845.12506696 24.51 120.255907  60.338319 10.441
 18   125.687 52845.12506761 23.80 120.253667  60.335149 10.441
 18   125.856 52845.12506825 22.77 120.251427  60.331989 10.441
 18   126.038 52845.12506890 30.03 120.249197  60.328819 10.441
 18   126.148 52845.12506954 31.68 120.246957  60.325651  4.106
 19   127.887 52880.12510228 18.89 120.256226  60.350894 22.056
 19   127.896 52880.12510292 16.65 120.253986  60.347734 22.056
 19   127.828 52880.12510357 16.53 120.251746  60.344564 22.056
 19   127.739 52880.12510421 15.23 120.249516  60.341404 22.056
 19   127.833 52880.12510485 13.59 120.247276  60.338234 22.056
 19   127.828 52880.12510550 12.40 120.245046  60.335064 22.056
 19   127.850 52880.12510614 12.69 120.242806  60.331904 22.056
 19   128.099 52880.12510679 17.38 120.240576  60.328734 22.056
 19   128.348 52880.12510743 14.41 120.238343  60.325563  4.822
 19   127.380 52880.12510808 14.82 120.236103  60.322403  4.822
 20   128.255 52915.12506004 19.20 120.252724  60.350813 21.062
 20   128.258 52915.12506068 17.25 120.250484  60.347653 21.062
 20   128.114 52915.12506132 19.74 120.248254  60.344483 21.062
 20   127.700 52915.12506197 16.78 120.246014  60.341323 21.062
 20   127.908 52915.12506261 13.09 120.243784  60.338153 21.062
 20   126.184 52915.12506519 16.99 120.234846  60.325480  3.666
 20   126.326 52915.12506584 12.63 120.232616  60.322320  3.666
 20   126.320 52915.12506648 13.26 120.230386  60.319150  3.666
 21   125.657 52950.12501665 36.65 120.282779  60.362327 15.745
 21   125.529 52950.12501729 39.77 120.280539  60.359157 15.745
 21   125.647 52950.12501794 42.25 120.278299  60.355997 15.745
 21   125.737 52950.12501858 41.48 120.276059  60.352827 15.745
 21   125.490 52950.12501923 38.79 120.273819  60.349657 15.745
 21   125.438 52950.12501987 38.52 120.271579  60.346497 15.745
 21   125.493 52950.12502052 35.63 120.269339  60.343327 15.745
 21   125.509 52950.12502116 34.33 120.267109  60.340167 15.745
 21   125.541 52950.12502181 32.72 120.264869  60.336997 15.745
 21   125.363 52950.12502245 30.35 120.262629  60.333827 15.745
 22   125.605 52985.12504215 25.09 120.270219  60.358189  8.769
 22   125.630 52985.12504279 26.37 120.267989  60.355029  8.769
 22   125.702 52985.12504344 26.86 120.265749  60.351859  8.769
 22   125.707 52985.12504408 26.90 120.263509  60.348699  8.769
 22   125.655 52985.12504472 27.75 120.261279  60.345529  8.769
 22   125.580 52985.12504537 27.90 120.259039  60.342359  8.769
 22   125.676 52985.12504601 28.10 120.256799  60.339199  8.769
 22   125.678 52985.12504666 28.30 120.254569  60.336029  8.769
 22   125.581 52985.12504730 27.89 120.252329  60.332869  8.769
 22   125.503 52985.12504795 26.80 120.250099  60.329699  8.769
 22   125.356 52985.12504859 26.50 120.247859  60.326529  8.769
 23   125.658 53020.12503480 19.80 120.253220  60.350847  5.082
 23   125.773 53020.12503544 18.94 120.250980  60.347687  5.082
 23   125.767 53020.12503609 19.89 120.248750  60.344517  5.082
 23   125.720 53020.12503673 20.45 120.246510  60.341347  5.082
 23   125.778 53020.12503738 20.91 120.244280  60.338187  5.082
 23   125.828 53020.12503802 20.70 120.242040  60.335017  5.082
 23   125.740 53020.12503867 20.77 120.239810  60.331847  5.082
 23   125.643 53020.12503931 20.51 120.237570  60.328687  5.082
 23   125.618 53020.12503996 20.58 120.235340  60.325517  5.082
 23   125.496 53020.12504060 19.76 120.233110  60.322347  5.082
 23   125.477 53020.12504124 19.33 120.230880  60.319187  5.082
 26   129.181 53125.12502741 10.26 120.270417  60.357532  4.725
 26   128.088 53125.12502805  9.81 120.268177  60.354362  4.725
 26   127.863 53125.12502869  9.33 120.265937  60.351202  4.725
 26   126.365 53125.12502934  9.62 120.263697  60.348032  4.725
 26   125.784 53125.12502998 10.74 120.261467  60.344862  4.725
 26   125.958 53125.12503063 10.87 120.259227  60.341702  4.725
 26   125.843 53125.12503127 11.45 120.256987  60.338532  4.725
 26   125.760 53125.12503192 12.46 120.254757  60.335372  4.725
 26   125.770 53125.12503256 12.08 120.252517  60.332202  4.725
 26   125.581 53125.12503321 12.24 120.250287  60.329032  4.725
 27   130.320 53160.12508991 26.39 120.251868  60.349326 23.492
 27   130.439 53160.12509056 22.10 120.249628  60.346166 23.492
 27   130.370 53160.12509120 21.03 120.247388  60.342996 23.492
 27   130.073 53160.12509185 19.98 120.245158  60.339836 23.492
 27   129.802 53160.12509249 19.09 120.242918  60.336666 23.492
 27   129.712 53160.12509314 17.76 120.240688  60.333496 23.492
 27   130.540 53160.12509378 16.78 120.238448  60.330336 23.492
 27   130.780 53160.12509442 16.27 120.236218  60.327166 23.492
 27   130.686 53160.12509507 16.28 120.233977  60.323995  6.955
 27   130.617 53160.12509571 13.61 120.231747  60.320835  6.955
 28   128.279 53195.12508507 25.36 120.261995  60.354472 19.258
 28   128.200 53195.12508571 23.03 120.259765  60.351312 19.258
 28   128.076 53195.12508636 18.40 120.257525  60.348142 19.258
 28   127.780 53195.12508700 19.53 120.255285  60.344972 19.258
 28   127.792 53195.12508765 16.70 120.253055  60.341812 19.258
 28   127.991 53195.12508829 15.58 120.250815  60.338642 19.258
 28   128.290 53195.12508894 14.06 120.248585  60.335472 19.258
 28   128.761 53195.12508958 14.24 120.246345  60.332312 19.258
 28   129.245 53195.12509023 14.39 120.244115  60.329142 19.258
 28   129.291 53195.12509087 22.89 120.241877  60.325972  3.845
 28   130.250 53195.12509152 14.78 120.239647  60.322812  3.845
 29   128.119 53230.12507379 23.93 120.260392  60.352066 20.278
 29   127.909 53230.12507444 17.56 120.258152  60.348906 20.278
 29   127.256 53230.12507508 17.85 120.255922  60.345736 20.278
 29   127.152 53230.12507573 16.94 120.253682  60.342566 20.278
 29   127.126 53230.12507637 17.04 120.251452  60.339406 20.278
 29   127.357 53230.12507702 15.39 120.249212  60.336236 20.278
 29   127.469 53230.12507766 13.60 120.246982  60.333066 20.278
 29   128.754 53230.12507831 12.26 120.244742  60.329906 20.278
 29   128.962 53230.12507895 23.87 120.242512  60.326736 20.278
 29   129.954 53230.12507960 11.66 120.240272  60.323566 20.278
 30   127.573 53265.12504772 17.53 120.234284  60.339744 18.612
 30   127.544 53265.12504837 16.63 120.232054  60.336574 18.612
 30   127.362 53265.12504901 16.21 120.229814  60.333404 18.612
 30   126.967 53265.12504966 17.99 120.227584  60.330244 18.612
 30   126.823 53265.12505030 17.82 120.225354  60.327074 18.612
 30   126.939 53265.12505095 18.26 120.223114  60.323904 18.612
 30   126.998 53265.12505159 20.22 120.220884  60.320744 18.612
 30   127.150 53265.12505223 20.75 120.218657  60.317576  6.852
 30   127.534 53265.12505288 22.15 120.216427  60.314406  6.852
 31   147.649 53300.12509292 19.65 120.252446  60.349928 11.262
 31   148.124 53300.12509357 21.43 120.250206  60.346758 11.262
 31   148.125 53300.12509421 21.72 120.247966  60.343588 11.262
 31   127.445 53300.12509550 41.59 120.243496  60.337258 11.262
 31   127.705 53300.12509614 48.19 120.241256  60.334088 11.262
 31   127.028 53300.12509679 49.87 120.239026  60.330928 11.262
 31   128.143 53300.12509743 47.86 120.236786  60.327758 11.262
 31   128.170 53300.12509808 48.53 120.234555  60.324590 10.430
 31   128.281 53300.12509872 44.01 120.232325  60.321430 10.430
 31   127.656 53300.12509937 45.70 120.230085  60.318260 10.430
 32   126.533 53335.12506263 24.97 120.255750  60.351416 10.515
 32   126.539 53335.12506328 25.53 120.253510  60.348246 10.515
 32   126.591 53335.12506392 26.53 120.251270  60.345086 10.515
 32   126.548 53335.12506457 27.33 120.249040  60.341916 10.515
 32   126.559 53335.12506521 27.03 120.246800  60.338756 10.515
 32   126.671 53335.12506586 30.96 120.244570  60.335586 10.515
 32   126.701 53335.12506650 30.90 120.242330  60.332416 10.515
 32   126.770 53335.12506715 34.26 120.240100  60.329256 10.515
 32   126.466 53335.12506779 25.36 120.237860  60.326086 10.515
 32   126.323 53335.12506843 25.57 120.235632  60.322915  4.816
 32   126.362 53335.12506908 23.80 120.233402  60.319755  4.816
 35   126.559 53440.12502269 12.95 120.247478  60.350945  3.896
 35   127.949 53440.12502334 13.29 120.245238  60.347775  3.896
 35   127.266 53440.12502398 13.50 120.243008  60.344615  3.896
 35   126.514 53440.12502463 13.78 120.240768  60.341445  3.896
 35   126.344 53440.12502527 14.51 120.238538  60.338285  3.896
 35   126.488 53440.12502591 14.43 120.236298  60.335115  3.896
 35   126.344 53440.12502656 14.63 120.234068  60.331945  3.896
 35   126.230 53440.12502720 15.15 120.231838  60.328775  3.896
 35   126.391 53440.12502785 14.57 120.229598  60.325615  3.896
 35   126.237 53440.12502849 14.98 120.227373  60.322441  2.991
 35   126.192 53440.12502914 14.94 120.225143  60.319281  2.991
 35   126.170 53440.12502978 14.67 120.222903  60.316111  2.991
 36   129.903 53475.12508561  6.72 120.256736  60.350428  3.190
 36   129.063 53475.12508626  7.19 120.254496  60.347258  3.190
 36   128.620 53475.12508690  7.40 120.252256  60.344098  3.190
 36   128.614 53475.12508755  7.72 120.250026  60.340928  3.190
 36   128.456 53475.12508819  7.75 120.247786  60.337758  3.190
 36   128.016 53475.12508884  7.23 120.245556  60.334598  3.190
 36   127.500 53475.12508948  7.27 120.243316  60.331428  3.190
 36   126.354 53475.12509013  8.32 120.241079  60.328260  2.574
 36   126.325 53475.12509077  7.39 120.238849  60.325100  2.574
 36   126.047 53475.12509142  7.58 120.236609  60.321930  2.574
 37   131.589 53510.12510122 48.76 120.258581  60.352542 29.495
 37   131.345 53510.12510186 47.13 120.256341  60.349382 29.495
 37   131.560 53510.12510509 48.55 120.245161  60.333542 29.495
 37   131.401 53510.12510573 51.13 120.242931  60.330382 29.495
 37   131.892 53510.12510638 47.06 120.240691  60.327212 29.495
 37   131.205 53510.12510702 45.82 120.238461  60.324052 29.495
 37   131.287 53510.12510767 48.06 120.236231  60.320882 29.495
 38   129.304 53545.12511831 43.58 120.249896  60.351126 15.216
 38   129.241 53545.12511895 38.61 120.247656  60.347956 15.216
 38   129.123 53545.12511960 38.51 120.245416  60.344796 15.216
 38   129.116 53545.12512024 41.29 120.243186  60.341626 15.216
 38   129.219 53545.12512089 40.41 120.240946  60.338466 15.216
 38   129.251 53545.12512153 40.14 120.238716  60.335296 15.216
 38   129.221 53545.12512218 40.01 120.236476  60.332126 15.216
 38   129.191 53545.12512282 41.09 120.234246  60.328966 15.216
 38   129.332 53545.12512346 39.39 120.232016  60.325796 15.216
 38   129.369 53545.12512411 38.54 120.229782  60.322623  6.550
 38   129.309 53545.12512475 39.92 120.227542  60.319463  6.550
 38   129.483 53545.12512540 38.68 120.225312  60.316293  6.550
 40   126.291 53615.12505033 40.36 120.241478  60.348689 35.349
 40   126.435 53615.12505097 45.80 120.239238  60.345519 35.349
 40   126.625 53615.12505162 43.21 120.237008  60.342359 35.349
 40   126.389 53615.12505226 35.08 120.234768  60.339189 35.349
 40   126.360 53615.12505291 35.62 120.232538  60.336019 35.349
 40   126.345 53615.12505355 45.25 120.230308  60.332859 35.349
 40   126.511 53615.12505420 49.86 120.228068  60.329689 35.349
 40   126.560 53615.12505484 48.60 120.225838  60.326519 35.349
 40   126.429 53615.12505549 44.10 120.223608  60.323359 35.349
 40   126.563 53615.12505613 41.48 120.221370  60.320193  8.043
 40   126.388 53615.12505678 30.59 120.219140  60.317023  8.043
 40   126.394 53615.12505742 29.32 120.216910  60.313853  8.043
 41   125.736 53650.12505808 23.69 120.268145  60.356976 12.102
 41   125.538 53650.12505873 22.19 120.265905  60.353806 12.102
 41   125.278 53650.12505937 22.97 120.263675  60.350636 12.102
 41   125.470 53650.12506001 23.51 120.261435  60.347476 12.102
 41   125.478 53650.12506066 24.18 120.259195  60.344306 12.102
 41   125.463 53650.12506130 25.11 120.256965  60.341146 12.102
 41   125.483 53650.12506195 23.91 120.254725  60.337976 12.102
 41   125.424 53650.12506259 23.34 120.252485  60.334806 12.102
 41   125.658 53650.12506324 24.01 120.250255  60.331646 12.102
 41   125.793 53650.12506388 33.79 120.248015  60.328476 12.102
 41   125.822 53650.12506453 32.78 120.245785  60.325308  6.292
 42   127.463 53685.12507054 39.21 120.249735  60.350250 21.398
 42   127.034 53685.12507119 42.83 120.247505  60.347080 21.398
 42   127.114 53685.12507183 37.32 120.245265  60.343920 21.398
 42   125.494 53685.12507505 44.16 120.234095  60.328090 21.398
 42   125.622 53685.12507570 34.27 120.231865  60.324920 21.398
 42   125.540 53685.12507634 32.87 120.229630  60.321749  7.445
 42   125.361 53685.12507699 31.36 120.227390  60.318589  7.445
 43   126.595 53720.12499724 22.83 120.248614  60.348754  8.281
 43   126.781 53720.12499788 23.77 120.246374  60.345584  8.281
 43   126.654 53720.12499853 23.19 120.244144  60.342424  8.281
 43   126.505 53720.12499917 22.98 120.241904  60.339254  8.281
 43   126.598 53720.12499982 22.89 120.239674  60.336084  8.281
 43   126.489 53720.12500046 22.17 120.237434  60.332924  8.281
 43   126.462 53720.12500111 22.59 120.235204  60.329754  8.281
 43   126.543 53720.12500175 22.13 120.232974  60.326584  8.281
 43   126.517 53720.12500240 21.82 120.230744  60.323424  8.281
 43   126.451 53720.12500304 22.09 120.228504  60.320259  4.084
 43   126.573 53720.12500369 20.53 120.226274  60.317089  4.084
 44   125.817 53755.12491850 17.76 120.279893  60.360340  5.096
 44   125.685 53755.12491915 19.05 120.277653  60.357180  5.096
 44   125.645 53755.12491979 20.21 120.275413  60.354010  5.096
 44   125.632 53755.12492044 20.33 120.273173  60.350850  5.096
 44   125.592 53755.12492108 19.65 120.270933  60.347680  5.096
 44   125.636 53755.12492173 18.63 120.268703  60.344510  5.096
 44   125.597 53755.12492237 18.33 120.266463  60.341350  5.096
 44   125.644 53755.12492302 17.20 120.264223  60.338180  5.096
 44   125.529 53755.12492366 17.17 120.261993  60.335020  5.096
 44   125.476 53755.12492431 17.05 120.259753  60.331850  5.096
 45   125.585 53790.12495050 16.34 120.258663  60.351081  4.124
 45   125.628 53790.12495114 16.54 120.256423  60.347921  4.124
 45   125.511 53790.12495179 16.19 120.254183  60.344751  4.124
 45   125.672 53790.12495243 15.65 120.251953  60.341581  4.124
 45   125.590 53790.12495308 15.97 120.249713  60.338421  4.124
 45   125.598 53790.12495372 15.86 120.247483  60.335251  4.124
 45   125.469 53790.12495437 16.25 120.245243  60.332081  4.124
 45   125.516 53790.12495501 15.62 120.243013  60.328921  4.124
 45   125.439 53790.12495566 15.34 120.240773  60.325751  4.124
 45   125.521 53790.12495630 15.80 120.238549  60.322580  3.213
 48   134.855 53895.12501728 28.92 120.265627  60.355192 13.288
 48   134.535 53895.12501792 30.28 120.263397  60.352032 13.288
 48   134.502 53895.12501857 30.95 120.261157  60.348862 13.288
 48   133.996 53895.12501921 31.12 120.258917  60.345692 13.288
 48   133.800 53895.12501986 28.54 120.256687  60.342532 13.288
 48   133.318 53895.12502050 28.20 120.254447  60.339362 13.288
 48   133.167 53895.12502114 26.00 120.252207  60.336192 13.288
 48   134.063 53895.12502179 23.91 120.249977  60.333032 13.288
 48   131.653 53895.12502243 24.54 120.247737  60.329862 13.288
 48   134.924 53895.12502308 22.32 120.245507  60.326692  5.664
 49   127.263 53930.12507244 42.04 120.245248  60.349651 28.425
 49   127.418 53930.12507308 42.37 120.243008  60.346481 28.425
 49   127.401 53930.12507373 44.29 120.240778  60.343311 28.425
 49   127.392 53930.12507437 44.91 120.238538  60.340151 28.425
 49   127.342 53930.12507502 45.32 120.236308  60.336981 28.425
 49   127.384 53930.12507566 45.81 120.234068  60.333811 28.425
 49   127.453 53930.12507631 44.07 120.231838  60.330651 28.425
 49   127.517 53930.12507695 41.61 120.229598  60.327481 28.425
 49   127.500 53930.12507760 45.24 120.227368  60.324311 28.425
 49   127.563 53930.12507824 48.17 120.225138  60.321151 28.425
 49   127.619 53930.12507888 47.54 120.222898  60.317981 28.425
 49   127.634 53930.12507953 49.18 120.220668  60.314811 28.425
 50   129.009 53965.12505413 23.72 120.233574  60.334074 11.700
 50   129.072 53965.12505477 24.74 120.231344  60.330904 11.700
 50   128.924 53965.12505542 24.81 120.229104  60.327744 11.700
 50   128.982 53965.12505606 25.43 120.226874  60.324574 11.700
 50   129.022 53965.12505670 25.23 120.224644  60.321404 11.700
 50   128.761 53965.12505735 25.63 120.222404  60.318244 11.700
 50   128.744 53965.12505799 26.13 120.220174  60.315074 11.700
 51   130.922 54000.12500417 14.64 120.281971  60.360217 10.875
 51   130.027 54000.12500481 14.98 120.279731  60.357057 10.875
 51   129.634 54000.12500546 12.91 120.277501  60.353887 10.875
 51   129.525 54000.12500610 12.73 120.275261  60.350727 10.875
 51   129.745 54000.12500675 11.86 120.273021  60.347557 10.875
 51   129.681 54000.12500739 13.29 120.270781  60.344387 10.875
 51   129.455 54000.12500804 15.44 120.268541  60.341227 10.875
 51   129.763 54000.12500868 14.39 120.266301  60.338057 10.875
 51   133.876 54000.12500933 14.87 120.264071  60.334887 10.875
 52   147.036 54035.12504900 14.34 120.268127  60.357247 11.733
 52   146.816 54035.12504965 17.00 120.265897  60.354087 11.733
 52   146.737 54035.12505029 17.63 120.263657  60.350917 11.733
 52   147.226 54035.12505093 17.41 120.261417  60.347757 11.733
 52   126.433 54035.12505222 42.94 120.256947  60.341417 11.733
 52   126.426 54035.12505287 43.05 120.254707  60.338257 11.733
 52   126.507 54035.12505351 44.92 120.252477  60.335087 11.733
 52   126.986 54035.12505416 36.43 120.250237  60.331917 11.733
 52   127.064 54035.12505480 32.46 120.248007  60.328757 11.733
 52   126.596 54035.12505545 28.43 120.245767  60.325587 11.733
 56   125.569 54175.12497929 14.54 120.249523  60.350593  3.671
 56   125.576 54175.12497993 14.39 120.247283  60.347423  3.671
 56   125.574 54175.12498058 14.98 120.245053  60.344263  3.671
 56   125.320 54175.12498122 15.31 120.242813  60.341093  3.671
 56   125.573 54175.12498187 14.98 120.240583  60.337933  3.671
 56   125.423 54175.12498251 14.99 120.238343  60.334763  3.671
 56   125.432 54175.12498316 14.87 120.236113  60.331593  3.671
 56   125.391 54175.12498380 14.98 120.233873  60.328423  3.671
 56   125.454 54175.12498445 15.05 120.231643  60.325263  3.671
 56   125.496 54175.12498509 14.62 120.229411  60.322090  3.436
 56   125.228 54175.12498573 14.84 120.227181  60.318930  3.436
 56   125.414 54175.12498638 14.48 120.224951  60.315760  3.436
 57   175.288 54210.12498205  0.11 120.263066  60.354692  4.696
 57   126.100 54210.12498721 14.33 120.245176  60.329362  4.696
 57   125.211 54210.12498786 19.84 120.242944  60.326192  3.110
 57   125.265 54210.12498850 14.31 120.240704  60.323032  3.110
 58   130.907 54245.12501846 45.62 120.239973  60.325342 16.105
 58   130.925 54245.12501911 50.13 120.237740  60.322169 11.983
 59   131.580 54280.12502437 33.36 120.259225  60.353133 18.459
 59   131.384 54280.12502502 30.20 120.256985  60.349963 18.459
 59   131.256 54280.12502566 31.11 120.254755  60.346793 18.459
 59   131.075 54280.12502630 28.91 120.252515  60.343633 18.459
 59   131.035 54280.12502695 28.09 120.250285  60.340463 18.459
 59   131.151 54280.12502759 26.44 120.248045  60.337303 18.459
 59   131.065 54280.12502824 24.92 120.245815  60.334133 18.459
 59   131.001 54280.12502888 24.05 120.243575  60.330963 18.459
 59   131.258 54280.12502953 22.80 120.241345  60.327793 18.459
 59   131.316 54280.12503017 21.60 120.239105  60.324633 18.459
 59   131.204 54280.12503082 21.31 120.236876  60.321461  4.504
 60   127.078 54315.12502444 31.23 120.255559  60.350001 10.474
 60   127.082 54315.12502509 31.71 120.253319  60.346831 10.474
 60   126.954 54315.12502573 34.65 120.251079  60.343671 10.474
 60   127.007 54315.12502638 32.74 120.248849  60.340501 10.474
 60   126.970 54315.12502702 32.76 120.246609  60.337341 10.474
 60   127.091 54315.12502767 33.24 120.244379  60.334171 10.474
 60   127.147 54315.12502831 34.70 120.242139  60.331001 10.474
 60   127.241 54315.12502896 36.93 120.239909  60.327831 10.474
 60   127.252 54315.12502960 40.95 120.237679  60.324671 10.474
 60   127.219 54315.12503025 40.95 120.235437  60.321499  6.447
 61   126.283 54350.12499312 46.28 120.249222  60.350879 25.121
 61   126.175 54350.12499376 49.40 120.246992  60.347709 25.121
 61   126.344 54350.12499441 43.62 120.244752  60.344539 25.121
 61   126.260 54350.12499505 42.89 120.242522  60.341379 25.121
 61   126.339 54350.12499570 42.34 120.240282  60.338209 25.121
 61   126.493 54350.12499634 43.28 120.238052  60.335039 25.121
 61   126.537 54350.12499699 42.37 120.235812  60.331879 25.121
 61   126.560 54350.12499763 41.95 120.233582  60.328709 25.121
 61   126.573 54350.12499828 45.48 120.231352  60.325539 25.121
 61   126.577 54350.12499892 48.33 120.229112  60.322379 25.121
 61   126.538 54350.12499957 50.47 120.226889  60.319213 10.797
 61   126.441 54350.12500021 51.46 120.224649  60.316043 10.797
 62   147.165 54385.12496202  6.19 120.263891  60.354076  8.183
 62   157.994 54385.12496266  6.33 120.261661  60.350906  8.183
 62   147.390 54385.12496330  5.63 120.259421  60.347746  8.183
 62   147.500 54385.12496395  6.02 120.257181  60.344576  8.183
 62   126.136 54385.12496588 31.11 120.250481  60.335076  8.183
 62   126.559 54385.12496653 32.51 120.248241  60.331906  8.183
 62   127.151 54385.12496717 32.85 120.246011  60.328746  8.183
 62   127.900 54385.12496782 33.84 120.243771  60.325576  8.183
 63   146.727 54420.12494253  7.80 120.251313  60.352688 10.498
 63   146.748 54420.12494317 14.00 120.249073  60.349518 10.498
 63   146.533 54420.12494382 17.16 120.246843  60.346358 10.498
 63   146.619 54420.12494446 11.77 120.244603  60.343188 10.498
 63   126.351 54420.12494575 33.14 120.240133  60.336858 10.498
 63   126.343 54420.12494640 39.14 120.237903  60.333688 10.498
 63   126.586 54420.12494704 38.60 120.235663  60.330518 10.498
 63   124.763 54420.12494769 38.99 120.233433  60.327358 10.498
 63   126.238 54420.12494833 29.04 120.231203  60.324188 10.498
 63   125.889 54420.12494898 25.76 120.228973  60.321018 10.498
 63   125.754 54420.12494962 24.77 120.226733  60.317858 10.498
 64   173.994 54455.12493274  0.47 120.272879  60.358328  2.926
 64   172.578 54455.12493339  2.76 120.270639  60.355168  2.926
 64   176.439 54455.12493403  1.21 120.268399  60.351998  2.926
 64   178.373 54455.12493468  0.81 120.266159  60.348838  2.926
 64   181.727 54455.12493596  0.38 120.261689  60.342498  2.926
 64   182.913 54455.12493661  0.62 120.259449  60.339338  2.926
 64   183.954 54455.12493725  1.04 120.257219  60.336168  2.926
 64   185.021 54455.12493790  0.89 120.254979  60.332998  2.926
 65   125.898 54490.12494681 18.19 120.241095  60.332078  5.231
 65   127.014 54490.12494746 19.58 120.238865  60.328918  5.231
 65   125.628 54490.12494810 19.29 120.236635  60.325748  5.231
 65   125.640 54490.12494875 18.27 120.234404  60.322577  3.852
 65   125.698 54490.12494939 17.58 120.232164  60.319417  3.852
 67   126.385 54560.12495216 11.40 120.249419  60.349804  4.224
 67   126.277 54560.12495281 11.72 120.247189  60.346634  4.224
 67   126.423 54560.12495345 11.47 120.244949  60.343474  4.224
 67   126.440 54560.12495410 11.35 120.242719  60.340304  4.224
 67   126.336 54560.12495474 12.03 120.240479  60.337134  4.224
 67   126.197 54560.12495539 12.56 120.238249  60.333964  4.224
 67   126.054 54560.12495603 12.79 120.236009  60.330804  4.224
 67   126.057 54560.12495667 12.02 120.233782  60.327631  3.405
 67   125.935 54560.12495732 12.76 120.231542  60.324471  3.405
 67   126.256 54560.12495796 11.88 120.229312  60.321301  3.405
 67   126.071 54560.12495861 11.63 120.227082  60.318131  3.405
 68   133.244 54595.12494323 27.97 120.256873  60.350999 15.373
 68   127.827 54595.12494387 33.01 120.254633  60.347829 15.373
 68   133.118 54595.12494452 29.99 120.252403  60.344669 15.373
 68   127.569 54595.12494516 26.42 120.250163  60.341499 15.373
 68   127.871 54595.12494581 25.78 120.247923  60.338329 15.373
 68   127.514 54595.12494645 24.25 120.245693  60.335169 15.373
 68   127.935 54595.12494710 24.89 120.243453  60.331999 15.373
 68   128.238 54595.12494774 24.04 120.241225  60.328828 13.595
 68   127.587 54595.12494839 24.70 120.238985  60.325668 13.595
 68   127.904 54595.12494903 24.95 120.236755  60.322498 13.595
 69   131.981 54630.12495736 38.11 120.256424  60.352079 22.148
 69   131.905 54630.12495800 34.25 120.254184  60.348909 22.148
 69   131.841 54630.12495865 33.91 120.251954  60.345749 22.148
 69   131.974 54630.12495929 33.43 120.249714  60.342579 22.148
 69   131.874 54630.12495994 32.07 120.247474  60.339409 22.148
 69   131.810 54630.12496058 30.93 120.245244  60.336249 22.148
 69   131.936 54630.12496123 30.93 120.243014  60.333079 22.148
 69   132.009 54630.12496187 30.10 120.240777  60.329909  6.718
 69   131.999 54630.12496252 35.99 120.238537  60.326749  6.718
 69   132.046 54630.12496316 35.60 120.236307  60.323579  6.718
 69   132.167 54630.12496381 35.07 120.234077  60.320409  6.718
 70   128.909 54665.12496414 20.50 120.255643  60.351288 15.435
 70   127.910 54665.12496479 16.93 120.253403  60.348118 15.435
 70   127.737 54665.12496543 15.83 120.251173  60.344958 15.435
 70   127.615 54665.12496608 14.84 120.248933  60.341788 15.435
 70   127.742 54665.12496672 14.83 120.246693  60.338618 15.435
 70   127.791 54665.12496737 14.15 120.244463  60.335458 15.435
 70   127.873 54665.12496801 13.79 120.242223  60.332288 15.435
 70   128.886 54665.12496866 16.00 120.239995  60.329118  4.375
 70   129.499 54665.12496930 14.08 120.237755  60.325958  4.375
 70   128.064 54665.12496995 14.81 120.235525  60.322788  4.375
 70   127.928 54665.12497059 15.85 120.233295  60.319618  4.375
 71   129.471 54700.12493485 39.59 120.249706  60.350459 23.425
 71   128.209 54700.12493743 47.69 120.240766  60.337799 23.425
 71   128.085 54700.12493807 48.27 120.238526  60.334629 23.425
 71   128.536 54700.12493872 47.54 120.236296  60.331459 23.425
 71   128.682 54700.12493936 45.28 120.234066  60.328299 23.425
 71   128.029 54700.12494000 47.17 120.231829  60.325133 12.433
 71   128.094 54700.12494065 44.60 120.229599  60.321963 12.433
 71   128.182 54700.12494129 41.14 120.227369  60.318793 12.433
 72   129.009 54735.12492147 24.85 120.268557  60.357277 20.338
 72   128.275 54735.12492211 21.87 120.266317  60.354117 20.338
 72   128.411 54735.12492276 20.04 120.264087  60.350947 20.338
 72   127.873 54735.12492340 19.90 120.261847  60.347777 20.338
 72   127.607 54735.12492405 20.48 120.259607  60.344617 20.338
 72   127.542 54735.12492469 20.81 120.257377  60.341447 20.338
 72   127.824 54735.12492534 20.29 120.255137  60.338277 20.338
 72   127.849 54735.12492598 20.52 120.252897  60.335117 20.338
 72   127.750 54735.12492662 21.61 120.250667  60.331947 20.338
 72   127.464 54735.12492727 19.43 120.248434  60.328781  4.401
 72   129.356 54735.12492791 26.05 120.246194  60.325621  4.401
 73   147.313 54770.12491525 21.57 120.254493  60.350620 10.298
 73   146.530 54770.12491589 23.00 120.252253  60.347450 10.298
 73   147.208 54770.12491654 18.98 120.250023  60.344290 10.298
 73   147.305 54770.12491718 21.34 120.247783  60.341120 10.298
 73   126.664 54770.12491847 45.26 120.243313  60.334790 10.298
 73   126.708 54770.12491912 47.14 120.241083  60.331620 10.298
 73   127.032 54770.12491976 47.27 120.238847  60.328450 12.202
 73   127.368 54770.12492041 47.52 120.236617  60.325290 12.202
 73   121.723 54770.12492105 47.01 120.234377  60.322120 12.202
 73   126.546 54770.12492170 41.62 120.232147  60.318950 12.202
 74   170.820 54805.12491561  3.50 120.266121  60.356285  6.109
 74   147.128 54805.12491626  8.44 120.263881  60.353125  6.109
 74   164.438 54805.12491690  6.15 120.261651  60.349955  6.109
 74   160.875 54805.12491754  3.17 120.259411  60.346795  6.109
 74   158.667 54805.12491819  1.59 120.257171  60.343625  6.109
 74   154.116 54805.12491883  2.02 120.254941  60.340455  6.109
 74   150.202 54805.12491948  2.10 120.252701  60.337295  6.109
 74   147.917 54805.12492012  1.97 120.250461  60.334125  6.109
 74   147.702 54805.12492077  1.50 120.248233  60.330958  1.871
 75   165.186 54840.12490969  2.38 120.256933  60.350992  6.792
 75   154.427 54840.12491163  1.72 120.250223  60.341502  6.792
 75   125.939 54840.12491292 21.10 120.245753  60.335162  6.792
 75   125.829 54840.12491356 21.48 120.243513  60.332002  6.792
 75   125.908 54840.12491421 21.59 120.241283  60.328832  6.792
 75   126.209 54840.12491485 19.68 120.239046  60.325661  3.473
 75   126.165 54840.12491550 20.10 120.236816  60.322501  3.473
 77   126.179 54910.12491592 17.48 120.247338  60.351673  5.063
 77   125.887 54910.12491656 18.33 120.245108  60.348503  5.063
 77   125.895 54910.12491721 18.63 120.242868  60.345343  5.063
 77   125.768 54910.12491785 18.53 120.240638  60.342173  5.063
 77   126.009 54910.12491850 18.38 120.238398  60.339003  5.063
 77   126.006 54910.12491914 17.68 120.236168  60.335833  5.063
 77   125.954 54910.12491979 18.07 120.233928  60.332673  5.063
 77   125.902 54910.12492043 17.91 120.231702  60.329500  4.017
 77   125.844 54910.12492107 18.83 120.229462  60.326340  4.017
 77   125.781 54910.12492172 19.09 120.227232  60.323170  4.017
 77   126.008 54910.12492236 18.87 120.225002  60.320000  4.017
 77   125.880 54910.12492301 18.31 120.222772  60.316840  4.017
 78   131.888 54945.12490890 19.96 120.263826  60.355382 18.092
 78   130.644 54945.12490955 20.60 120.261596  60.352222 18.092
 78   130.208 54945.12491019 20.10 120.259356  60.349052 18.092
 78   128.769 54945.12491084 20.65 120.257116  60.345892 18.092
 78   126.871 54945.12491148 21.38 120.254876  60.342722 18.092
 78   126.622 54945.12491213 20.87 120.252646  60.339552 18.092
 78   126.426 54945.12491277 20.95 120.250406  60.336392 18.092
 78   126.641 54945.12491342 20.69 120.248176  60.333222 18.092
 78   125.886 54945.12491406 26.99 120.245932  60.330052  4.623
 78   126.501 54945.12491471 18.89 120.243702  60.326892  4.623
 78   126.384 54945.12491535 15.80 120.241472  60.323722  4.623
 79   133.163 54980.12493703 23.36 120.253574  60.348848  8.698
 79   133.657 54980.12493768 22.13 120.251344  60.345678  8.698
 79   133.535 54980.12493832 21.37 120.249104  60.342518  8.698
 79   132.705 54980.12493897 20.36 120.246864  60.339348  8.698
 79   132.772 54980.12493961 19.44 120.244634  60.336188  8.698
 79   132.772 54980.12494026 19.08 120.242394  60.333018  8.698
 79   133.278 54980.12494090 18.80 120.240167  60.329847  4.817
 79   132.949 54980.12494155 19.51 120.237927  60.326687  4.817
 79   133.283 54980.12494219 19.09 120.235697  60.323517  4.817
 79   132.405 54980.12494284 18.39 120.233467  60.320347  4.817
 80   129.216 55015.12493999 30.11 120.255051  60.349579 14.107
 80   129.048 55015.12494064 32.12 120.252811  60.346409 14.107
 80   129.002 55015.12494128 32.55 120.250581  60.343249 14.107
 80   128.894 55015.12494193 35.84 120.248341  60.340079 14.107
 80   129.002 55015.12494257 37.16 120.246111  60.336909 14.107
 80   129.263 55015.12494321 35.49 120.243871  60.333749 14.107
 80   129.305 55015.12494386 39.06 120.241641  60.330579 14.107
 80   129.552 55015.12494450 42.62 120.239400  60.327409 12.344
 80   129.711 55015.12494515 50.19 120.237170  60.324249 12.344
 80   129.540 55015.12494579 50.85 120.234940  60.321079 12.344
 81   127.776 55050.12493314 35.65 120.258564  60.352872 18.205
 81   127.396 55050.12493379 35.24 120.256324  60.349712 18.205
 81   127.557 55050.12493443 43.24 120.254084  60.346542 18.205
 81   127.738 55050.12493508 44.28 120.251854  60.343382 18.205
 81   127.673 55050.12493572 40.76 120.249614  60.340212 18.205
 81   127.760 55050.12493636 39.85 120.247384  60.337042 18.205
 81   127.737 55050.12493701 37.70 120.245144  60.333872 18.205
 81   127.767 55050.12493765 40.52 120.242914  60.330712 18.205
 81   127.926 55050.12493830 39.14 120.240672  60.327540  8.777
 81   127.819 55050.12493894 40.87 120.238442  60.324380  8.777
 81   127.894 55050.12493959 43.87 120.236212  60.321210  8.777
 82   157.641 55085.12490079  2.81 120.246232  60.351008  6.089
 82   161.214 55085.12490143  1.40 120.243992  60.347838  6.089
 82   152.688 55085.12490208  1.72 120.241762  60.344678  6.089
 82   127.809 55085.12490465 26.69 120.232822  60.332008  6.089
 82   127.758 55085.12490530 28.24 120.230592  60.328838  6.089
 82   128.229 55085.12490594 28.15 120.228352  60.325678  6.089
 82   128.158 55085.12490659 26.74 120.226128  60.322512  4.363
 82   128.249 55085.12490723 25.53 120.223888  60.319342  4.363
 82   129.200 55085.12490788 24.11 120.221658  60.316172  4.363
 83   126.333 55120.12486540 33.06 120.267634  60.355536 11.413
 83   126.458 55120.12486605 32.88 120.265404  60.352366 11.413
 83   126.494 55120.12486669 33.77 120.263164  60.349196 11.413
 83   126.478 55120.12486734 34.98 120.260924  60.346036 11.413
 83   126.458 55120.12486798 33.43 120.258684  60.342866 11.413
 83   126.542 55120.12486863 32.22 120.256454  60.339706 11.413
 83   126.628 55120.12486927 31.44 120.254214  60.336536 11.413
 83   126.567 55120.12486992 31.85 120.251984  60.333366 11.413
 83   126.796 55120.12487056 31.37 120.249741  60.330200  4.754
 83   126.961 55120.12487121 32.30 120.247511  60.327040  4.754
 84   163.021 55155.12486058  3.75 120.250645  60.350224  8.216
 84   160.864 55155.12486123  0.29 120.248415  60.347054  8.216
 84   157.495 55155.12486187  0.95 120.246175  60.343894  8.216
 84   126.445 55155.12486316 26.38 120.241705  60.337554  8.216
 84   126.207 55155.12486381 29.43 120.239475  60.334384  8.216
 84   126.465 55155.12486445 26.39 120.237235  60.331224  8.216
 84   126.428 55155.12486510 25.47 120.235003  60.328052  5.009
 84   126.539 55155.12486574 24.97 120.232773  60.324892  5.009
 84   126.414 55155.12486639 24.78 120.230533  60.321722  5.009
 84   126.263 55155.12486703 24.20 120.228303  60.318552  5.009
 85   168.766 55190.12485477  3.34 120.265785  60.354833  7.830
 85   166.157 55190.12485541  1.70 120.263545  60.351673  7.830
 85   126.232 55190.12485928 20.43 120.250135  60.332673  7.830
 85   125.758 55190.12485993 22.50 120.247900  60.329505  4.273
 85   125.913 55190.12486057 21.31 120.245660  60.326345  4.273
 86   165.871 55225.12486013  0.98 120.253684  60.352149  6.686
 86   165.309 55225.12486077  0.26 120.251444  60.348989  6.686
 86   125.874 55225.12486399 17.58 120.240274  60.333159  6.686
 86   127.295 55225.12486464 18.35 120.238034  60.329989  6.686
 86   125.817 55225.12486528 17.51 120.235803  60.326819  3.896
 86   126.030 55225.12486593 17.21 120.233573  60.323659  3.896
 86   125.794 55225.12486657 17.13 120.231333  60.320489  3.896
 87   171.559 55260.12485095  0.63 120.261260  60.354277  4.757
 87   125.840 55260.12485740 17.01 120.238904  60.322609  7.337
 88   126.499 55295.12484623 13.25 120.249227  60.351039  3.485
 88   126.510 55295.12484688 13.27 120.246987  60.347879  3.485
 88   126.550 55295.12484752 13.80 120.244757  60.344709  3.485
 88   126.576 55295.12484817 13.48 120.242517  60.341539  3.485
 88   126.591 55295.12484881 13.48 120.240287  60.338379  3.485
 88   126.306 55295.12484946 14.17 120.238057  60.335209  3.485
 88   126.108 55295.12485010 14.14 120.235817  60.332039  3.485
 88   126.236 55295.12485075 15.10 120.233587  60.328879  3.485
 88   126.085 55295.12485139 13.88 120.231347  60.325713  3.479
 88   126.157 55295.12485203 14.02 120.229117  60.322543  3.479
 88   126.127 55295.12485268 13.90 120.226887  60.319373  3.479
 88   125.865 55295.12485332 14.16 120.224657  60.316213  3.479
 89   130.590 55330.12483340 35.60 120.253532  60.349154 27.948
 89   130.570 55330.12483404 31.78 120.251292  60.345984 27.948
 89   130.073 55330.12483469 32.01 120.249062  60.342824 27.948
 89   129.753 55330.12483533 29.87 120.246822  60.339654 27.948
 89   129.714 55330.12483598 28.52 120.244592  60.336484 27.948
 89   129.546 55330.12483662 26.30 120.242352  60.333324 27.948
 89   129.126 55330.12483727 26.34 120.240122  60.330154 27.948
 89   129.811 55330.12483791 23.82 120.237881  60.326983  4.420
 89   128.797 55330.12483856 24.08 120.235651  60.323823  4.420
 89   129.042 55330.12483920 22.61 120.233421  60.320653  4.420
 90   128.756 55365.12482730 20.52 120.252321  60.350315 19.861
 90   128.495 55365.12482794 19.13 120.250091  60.347145 19.861
 90   128.610 55365.12482859 18.66 120.247851  60.343985 19.861
 90   128.336 55365.12482923 19.47 120.245611  60.340815 19.861
 90   128.074 55365.12482988 19.90 120.243381  60.337645 19.861
 90   127.966 55365.12483052 19.99 120.241151  60.334485 19.861
 90   128.019 55365.12483116 20.82 120.238911  60.331315 19.861
 90   128.122 55365.12483181 21.80 120.236678  60.328144  4.723
 90   128.034 55365.12483245 21.63 120.234448  60.324984  4.723
 90   127.989 55365.12483310 21.96 120.232208  60.321814  4.723
 90   127.711 55365.12483374 22.12 120.229978  60.318644  4.723
 91   147.203 55400.12483757 18.55 120.265533  60.354086  9.867
 91   147.066 55400.12483821 19.45 120.263303  60.350916  9.867
 91   147.721 55400.12483886 15.35 120.261063  60.347746  9.867
 91   127.168 55400.12484015 35.84 120.256583  60.341416  9.867
 91   127.287 55400.12484079 35.90 120.254353  60.338246  9.867
 91   127.487 55400.12484144 37.66 120.252113  60.335086  9.867
 91   127.869 55400.12484208 37.22 120.249883  60.331916  9.867
 91   128.303 55400.12484272 39.06 120.247640  60.328748  5.981
 91   128.024 55400.12484337 41.82 120.245410  60.325588  5.981
 92   128.225 55435.12484472 17.13 120.252709  60.345360 17.506
 92   128.622 55435.12484536 15.09 120.250479  60.342200 17.506
 92   128.670 55435.12484601 13.30 120.248239  60.339030 17.506
 92   128.998 55435.12484665 12.99 120.246009  60.335860 17.506
 92   128.782 55435.12484730 12.60 120.243769  60.332690 17.506
 92   128.828 55435.12484794 13.07 120.241539  60.329530 17.506
 92   129.888 55435.12484859 14.84 120.239304  60.326357  2.619
 92   128.591 55435.12484923 12.74 120.237074  60.323197  2.619
 93   126.560 55470.12479784 48.45 120.246131  60.350909 26.593
 93   126.917 55470.12479849 50.62 120.243901  60.347749 26.593
 93   126.651 55470.12479913 51.37 120.241661  60.344579 26.593
 93   126.650 55470.12479978 46.60 120.239431  60.341409 26.593
 93   126.705 55470.12480042 48.33 120.237191  60.338249 26.593
 93   126.753 55470.12480107 47.13 120.234961  60.335079 26.593
 93   126.793 55470.12480171 46.90 120.232731  60.331909 26.593
 93   126.764 55470.12480236 46.41 120.230491  60.328749 26.593
 93   126.691 55470.12480300 47.78 120.228263  60.325575 15.259
 93   126.816 55470.12480365 44.80 120.226033  60.322415 15.259
 93   126.659 55470.12480429 51.38 120.223793  60.319245 15.259
 93   126.792 55470.12480493 53.41 120.221563  60.316085 15.259
