# NaN NaN NaN ;Mean Elev.(m), Avg Gradient(m/km), RMS Gradient(m/km) - SRTM1     
#  106.880  -7.269  20.926 ;Mean Elev.(m), Avg Gradient(m/km), RMS Gradient(m/km) - ASTER GDEM
#   98.461  -8.095  23.262 ;Mean Elev.(m), Avg Gradient(m/km), RMS Gradient(m/km) - GMTED2010 
  8 124.791849  60.669617   123.212   123.212  2 52486.11294447  8.205
  9 124.791631  60.674956   110.299   110.300  6 52521.11291083 29.988
 10 124.801440  60.676579   109.738   109.528  7 52556.11296133 16.492
 11 124.793889  60.674627   104.269   104.265  6 52591.11295323 20.781
 12 124.794368  60.670615   123.313   115.463  4 52626.11287577  7.821
 13 124.799230  60.675942   113.537   113.354  7 52661.11291734  5.226
 14 124.820106  60.681719   108.507   108.531  6 52696.11289417  4.300
 15 124.805450  60.675949   106.107   106.260  7 52731.11292348  9.322
 17 124.813169  60.673823   113.681   113.681  2 52801.11293178 11.428
 18 124.814195  60.679251   110.912   110.023  7 52836.11299756 42.591
 19 124.805551  60.674095   110.218   110.134  5 52871.11303967 14.718
 20 124.797887  60.674576   111.591   111.496  6 52906.11303667 14.183
 21 124.819764  60.681399   104.518   104.528  6 52941.11296595 28.385
 29 124.797411  60.675079   114.727   115.726  6 53221.11304992 40.607
 30 124.784459  60.673728   113.373   113.100  5 53256.11302705 40.271
 31 124.804105  60.677585   108.354   106.758  7 53291.11303870 16.490
 32 124.795943  60.666905   117.024   117.024  2 53326.11301560  7.773
 40 124.787214  60.673322   108.464   108.380  5 53606.11301875 37.391
 42 124.795210  60.675119   108.888   109.007  6 53676.11303765 20.130
 52 124.810689  60.675753   107.670   109.398  5 54026.11300496 31.049
 60 124.803295  60.677264   112.330   112.261  7 54306.11298198 30.776
 61 124.794639  60.674528   107.212   107.181  6 54341.11296436 32.457
 63 124.796604  60.672891   107.537   107.299  5 54411.11291138 24.727
 64 124.810833  60.675184   107.009   107.317  3 54446.11288085 23.538
 70 124.798740  60.676109   114.098   113.455  6 54656.11292001 11.064
 71 124.796181  60.675269   109.366   109.348  6 54691.11290505 48.665
 72 124.814112  60.681542   167.212   169.814  6 54726.11286971 14.534
 73 124.798193  60.675548   109.994   108.426  6 54761.11288201 43.100
 74 124.811897  60.676811   118.964   124.211  5 54796.11286412 13.092
 75 124.800186  60.676046   117.573   115.744  7 54831.11288207  5.825
 81 124.801964  60.676571   111.342   111.196  7 55041.11289025 15.399
 83 124.807204  60.676431   108.335   108.319  7 55111.11282282 45.280
 84 124.796765  60.674861   111.226   111.079  7 55146.11282575 16.104
 85 124.814382  60.679268   108.020   107.924  7 55181.11279972 17.827
 86 124.797077  60.674947   108.900   107.884  6 55216.11282020 10.804
 87 124.811816  60.679108   108.402   108.478  6 55251.11279679  8.601
 88 124.791893  60.674002   110.632   109.950  6 55286.11281411  5.877
 91 124.802979  60.671799   112.060   111.837  3 55391.11278925  9.979
 92 124.801414  60.675770   111.674   111.246  6 55426.11280437 16.759
 93 124.793401  60.673875   111.524   111.080  6 55461.11277248 40.083
