# NaN NaN NaN ;Mean Elev.(m), Avg Gradient(m/km), RMS Gradient(m/km) - SRTM1     
#    3.000  -2.813  21.407 ;Mean Elev.(m), Avg Gradient(m/km), RMS Gradient(m/km) - ASTER GDEM
#    3.257  -3.939  19.247 ;Mean Elev.(m), Avg Gradient(m/km), RMS Gradient(m/km) - GMTED2010 
  7 127.019895  72.414986     5.293     5.358  5 52475.48570522 22.395
  8 127.039079  72.416489     5.295     5.240  5 52510.48566141 24.416
  9 127.009708  72.415234     4.361     4.330  4 52545.48567478 23.080
 10 127.016513  72.415964     1.919     1.915  5 52580.48570313 32.206
 11 127.037728  72.415254     2.343     2.147  5 52615.48567116 24.296
 12 127.018518  72.416674     4.092     4.185  5 52650.48565007 23.609
 13 127.041363  72.415499     2.566     2.631  5 52685.48563619 22.699
 14 127.021460  72.415017     3.368     3.321  5 52720.48568766 20.245
 15 127.026444  72.415466     3.155     3.177  6 52755.48571148 16.131
 17 127.012954  72.414300     6.623     6.573  5 52825.48573010 23.239
 18 127.013743  72.415732     6.255     6.045  5 52860.48577611 25.134
 20 127.044116  72.415605     3.310     3.320  6 52930.48575448 45.586
 21 127.008078  72.415525     1.648     1.640  4 52965.48574824 18.226
 23 127.040054  72.416107     2.266     2.453  5 53035.48572988 20.341
 24 127.022034  72.415759     2.454     2.463  4 53070.48575006 19.295
 25 127.045608  72.416486     2.493     2.508  6 53105.48573120 12.513
 26 127.015911  72.414932     3.058     2.954  5 53140.48575672  9.669
 27 127.026075  72.412902     7.766     7.698  3 53175.48578889 17.742
 28 127.026197  72.415376     5.414     5.530  5 53210.48580752 23.567
 29 127.035113  72.416089     5.987     5.985  5 53245.48577539 27.723
 30 127.000760  72.416142     4.880     4.647  5 53280.48575955 20.509
 31 127.018838  72.415884     3.653     3.592  5 53315.48577480 27.439
 32 127.037178  72.415214     3.618     3.584  5 53350.48573987 21.810
 33 127.005190  72.415309     4.244     4.132  5 53385.48572188 22.052
 34 127.033799  72.415459     4.163     4.084  6 53420.48572558 20.515
 36 127.013735  72.415220     3.816     3.793  4 53490.48581702 16.245
 37 127.027246  72.415780    13.161    13.247  5 53525.48580084 39.701
 38 127.030113  72.412627    29.962    30.332  3 53560.48582790  5.522
 39 127.044949  72.416128     5.771     5.657  6 53595.48576643 24.710
 40 126.992733  72.415479     5.915     6.026  5 53630.48576142 26.307
 42 127.035580  72.415971     4.417     4.448  5 53700.48573707 18.851
 43 127.056503  72.415458     4.205     4.145  5 53735.48565843 14.072
 44 127.028511  72.413092     3.684     3.684  2 53770.48564824 15.569
 45 127.043278  72.416702     4.534     4.563  5 53805.48564140 13.815
 47 127.019758  72.415745     4.419     4.412  4 53875.48570893 12.179
 48 127.013347  72.415022     7.773     7.598  4 53910.48575631 13.677
 49 127.017728  72.416658     5.653     5.563  5 53945.48577622 26.400
 51 127.004559  72.415100     4.845     4.752  4 54015.48574205 21.916
 52 127.030470  72.415423     3.979     3.852  6 54050.48574293 25.280
 53 127.035632  72.414864     4.696     4.731  6 54085.48573494 21.715
 54 127.055795  72.416324     4.216     4.068  5 54120.48566140 19.397
 55 127.034643  72.410295     4.818     4.818  2 54155.48569220 14.591
 56 127.046491  72.416597     4.260     4.329  5 54190.48565862 13.525
 57 127.018979  72.415391     4.369     4.278  4 54225.48570463 12.629
 58 127.023025  72.416124     6.848     6.971  5 54260.48572492 13.820
 59 127.026629  72.415563     7.213     7.071  6 54295.48572855 29.089
 60 127.037063  72.415375     5.938     6.035  6 54330.48572076 25.120
 61 127.043217  72.418179   121.138   121.168  3 54365.48566545 14.995
 62 127.027155  72.415369     3.890     3.859  5 54400.48566263 31.285
 63 127.041746  72.415946     3.058     3.050  6 54435.48561972 16.905
 64 127.017691  72.414852     3.360     3.338  5 54470.48564664 16.252
 65 127.042126  72.416395     4.083     4.071  5 54505.48563335 12.349
 66 127.028052  72.415906     4.673     4.670  5 54540.48566148 11.604
 67 127.044384  72.416520     4.548     4.567  6 54575.48563458 10.850
 68 127.025019  72.416697     9.221     4.607  4 54610.48565382 32.990
 69 127.025765  72.416205     8.536     8.176  5 54645.48566119 33.931
 70 127.029852  72.414948     5.100     5.056  5 54680.48566220 27.411
 71 127.047483  72.416553     4.760     4.612  5 54715.48561224 24.706
 72 127.015933  72.416168     4.182     4.122  5 54750.48563348 23.513
 73 127.039511  72.415153     3.722     3.735  6 54785.48560104 22.535
 74 127.017789  72.415414     3.966     3.904  4 54820.48562647 19.442
 75 127.039566  72.414852     4.937     4.938  3 54855.48559746 19.407
 76 127.029075  72.414788     4.385     4.263  5 54890.48563000 19.822
 77 127.043930  72.417825     4.684     4.549  5 54925.48559683 15.518
 78 127.018153  72.415494     4.792     4.848  5 54960.48562875  8.388
 80 127.030395  72.414740     5.920     5.946  5 55030.48563960 24.306
 81 127.034639  72.415504     5.842     5.831  6 55065.48563010 24.384
 82 127.040774  72.420600     3.653     3.653  2 55100.48557338 15.149
 83 127.017569  72.416598     4.634     4.825  5 55135.48557588 32.707
 84 127.042109  72.415563     3.698     3.705  6 55170.48553831 17.147
 85 127.022393  72.413540     4.357     4.288  3 55205.48556861 14.476
 86 127.042927  72.415840     3.770     3.795  6 55240.48554442 14.584
 88 127.044658  72.416217     3.751     3.686  5 55310.48552863 12.013
 89 127.030075  72.415291     5.933     5.817  5 55345.48553157 25.861
 90 127.047516  72.409641     6.031     6.031  2 55380.48552335 25.730
 91 127.018425  72.414770     5.359     5.268  5 55415.48555139 23.286
 92 127.040310  72.414857     4.843     4.976  4 55450.48553614 26.387
 93 127.053065  72.416148     2.762     2.803  5 55485.48546059 42.253
