# NaN NaN NaN ;Mean Elev.(m), Avg Gradient(m/km), RMS Gradient(m/km) - SRTM1     
#    8.859   0.049   1.480 ;Mean Elev.(m), Avg Gradient(m/km), RMS Gradient(m/km) - ASTER GDEM
#    1.000  -0.064   1.197 ;Mean Elev.(m), Avg Gradient(m/km), RMS Gradient(m/km) - GMTED2010 
  7 128.244452  72.152423     1.762     1.687  6 52456.48363794  8.243
 10 128.236784  72.151004     1.202     1.199  5 52561.48363919 43.661
 12 128.236170  72.149316     0.921     0.891  5 52631.48359075 26.883
 15 128.252020  72.154495     0.722     0.747  7 52736.48362377 25.983
 16 128.259173  72.156015     0.816     0.814  7 52771.48359849 28.125
 17 128.232754  72.147477     3.124     3.217  5 52806.48364686 19.807
 18 128.238259  72.148478     1.085     1.077  5 52841.48370643 12.714
 19 128.240515  72.149925     0.754     0.769  5 52876.48374536 34.187
 20 128.258217  72.156823     0.736     0.662  8 52911.48370829 34.137
 23 128.251790  72.154321     0.824     0.850  7 53016.48369717 24.263
 24 128.235933  72.149401     0.813     0.748  5 53051.48367436 22.436
 25 128.247848  72.153278     0.782     0.765  6 53086.48371124 21.209
 26 128.234748  72.150330     0.705     0.752  5 53121.48368128 17.352
 28 128.248566  72.153427     9.490     9.742  6 53191.48372820 11.491
 29 128.251223  72.154116     0.339     0.479  7 53226.48373215 36.654
 30 128.254638  72.155450     0.592     0.584  8 53261.48370607 42.292
 31 128.233683  72.147983     1.577     1.605  5 53296.48373887 37.789
 32 128.243146  72.153688     0.876     0.826  6 53331.48371186 29.839
 34 128.238373  72.151222     0.905     0.816  5 53401.48368530 25.757
 35 128.257848  72.153743     0.843     0.773  8 53436.48367463 27.888
 36 128.235807  72.149225     0.997     0.964  5 53471.48372483 26.522
 37 128.244069  72.151587     1.097     1.062  6 53506.48375844 42.710
 38 128.244474  72.151896     4.452     1.714  5 53541.48376320 12.016
 39 128.250483  72.154449    -1.176    -1.070  8 53576.48375300 23.323
 40 128.260205  72.153977    11.990    12.506  8 53611.48370439 16.883
 41 128.235546  72.149346    -2.057    -2.058  4 53646.48370852 20.872
 42 128.244245  72.152849     0.482     0.451  6 53681.48372503 20.747
 43 128.256599  72.156089     0.679     0.694  8 53716.48365286 19.803
 44 128.238059  72.148473     0.682     0.555  5 53751.48357046 19.263
 45 128.251443  72.154129     0.724     0.766  7 53786.48360126 19.206
 46 128.264910  72.158548     0.768     0.762  5 53821.48355772 18.350
 47 128.233823  72.151174     0.694     0.636  5 53856.48364608 14.648
 48 128.245589  72.152253     0.762     2.245  6 53891.48365805 24.765
 49 128.235270  72.150170     1.179     1.118  5 53926.48371997 18.576
 50 128.246753  72.153730     0.429     0.536  7 53961.48370595 36.129
 52 128.238706  72.150320     1.441     1.505  5 54031.48369993 32.434
 53 128.248133  72.154867     0.745     0.737  7 54066.48369420 23.816
 54 128.257427  72.154813     0.911     0.910  8 54101.48365588 25.223
 55 128.234961  72.150728     0.578     0.549  5 54136.48362113 23.653
 56 128.253683  72.154165     0.746     0.688  8 54171.48363230 18.972
 57 128.236979  72.148158     0.784     0.700  5 54206.48362572 20.298
 58 128.246023  72.151816     0.936     0.943  6 54241.48365916 37.571
 59 128.242945  72.153358     2.093     2.084  6 54276.48367426 10.345
 61 128.259044  72.154843    -0.668    -0.568  8 54346.48364867 31.482
 62 128.238488  72.150221     0.520     0.502  5 54381.48361156 34.094
 63 128.251673  72.153651     0.608     0.661  7 54416.48359756 23.187
 64 128.234671  72.148858     0.567     0.600  4 54451.48358022 20.037
 65 128.248365  72.151946     0.640     0.590  6 54486.48359384 21.719
 66 128.240883  72.150398     0.666     0.558  5 54521.48359361 21.251
 67 128.253306  72.154662     0.763     0.789  7 54556.48360480 18.385
 68 128.240810  72.152011     0.551     0.469  5 54591.48359002 17.426
 69 128.245620  72.154039     4.046     4.039  6 54626.48360604 16.903
 70 128.241561  72.151996    -1.038    -1.741  5 54661.48361371 22.369
 71 128.255517  72.153699     0.226     0.353  8 54696.48359026 25.615
 72 128.236919  72.150453    11.611    13.702  4 54731.48356954 10.066
 73 128.247659  72.151662     1.161     1.173  6 54766.48356888 34.558
 74 128.236460  72.148619     0.637     0.540  5 54801.48356305 24.959
 75 128.246077  72.152738     0.796     0.815  7 54836.48356132 26.068
 76 128.236392  72.149881     0.637     0.637  4 54871.48356147 22.205
 77 128.257368  72.153713     0.770     0.740  8 54906.48356912 23.121
 78 128.237218  72.150381     0.655     0.647  4 54941.48355416 19.315
 79 128.242487  72.152357     1.921     1.925  6 54976.48358274 36.078
 80 128.246779  72.153416     1.706     1.659  7 55011.48359207 10.838
 81 128.244155  72.151941    -0.886    -1.196  6 55046.48358357 29.514
 82 128.256987  72.155446     0.211     0.379  8 55081.48355675 33.837
 83 128.240911  72.149553     0.563     0.411  5 55116.48351513 31.146
 84 128.248458  72.151882     0.732     0.769  6 55151.48351376 22.357
 85 128.235169  72.150033     0.646     0.552  5 55186.48350145 21.066
 86 128.248503  72.152896     0.807     0.805  7 55221.48351232 22.169
 87 128.241051  72.150847     0.704     0.601  5 55256.48349738 19.554
 88 128.255659  72.155112     0.874     0.821  8 55291.48350117 22.244
 89 128.243800  72.151377     0.852     0.801  6 55326.48348236 31.041
 90 128.250206  72.153161     5.637     5.136  7 55361.48347897 11.242
 91 128.235220  72.151814    -0.621    -0.852  5 55396.48348586 22.406
 92 128.246716  72.152033     0.293     0.343  6 55431.48349411 31.312
 93 128.261182  72.155952     0.673     0.685  7 55466.48345458 37.862
