# NaN NaN NaN ;Mean Elev.(m), Avg Gradient(m/km), RMS Gradient(m/km) - SRTM1     
#  136.445  -2.898  20.387 ;Mean Elev.(m), Avg Gradient(m/km), RMS Gradient(m/km) - ASTER GDEM
#  140.000  -0.932  22.465 ;Mean Elev.(m), Avg Gradient(m/km), RMS Gradient(m/km) - GMTED2010 
  9 117.205763  60.082547   245.948   245.948  2 52536.13300436 18.620
 10 117.197581  60.086575   238.905   238.905  2 52571.13303814 20.302
 15 117.184227  60.088452   146.138   146.138  2 52746.13303985 18.255
 16 117.204656  60.084142   245.241   245.241  2 52781.13297783 15.612
 17 117.204043  60.085719   239.693   239.693  2 52816.13305850  8.227
 19 117.193548  60.088123   146.885   146.885  2 52886.13314442 50.514
 28 117.197954  60.087502   239.116   239.116  2 53201.13313418  5.534
 29 117.198103  60.086079   146.498   146.498  2 53236.13310395 21.911
 32 117.191908  60.087790   189.010   189.010  2 53341.13309502 11.782
 34 117.200736  60.085510   232.685   232.811  3 53411.13307006  8.293
 35 117.185582  60.088487   233.554   233.554  2 53446.13305201  2.890
 36 117.194736  60.085391   155.820   155.820  2 53481.13313712  3.858
 37 117.196444  60.087766   238.499   238.499  2 53516.13314051  8.496
 39 117.195388  60.087630   253.201   253.201  2 53586.13311794  5.185
 40 117.202222  60.085043   246.874   246.429  3 53621.13307938 15.623
 41 117.200068  60.085546   246.702   245.722  3 53656.13310789 12.299
 42 117.191693  60.087382   189.063   189.063  2 53691.13309709 18.810
 43 117.186321  60.086287   233.330   233.330  2 53726.13302128 12.099
 47 117.198737  60.085093   247.484   247.484  2 53866.13304256 11.406
 55 117.201143  60.085534   231.899   231.899  2 54146.13302138 10.697
 57 117.200381  60.086315   248.422   248.422  2 54216.13302941 14.319
 58 117.196970  60.085449   248.778   248.778  2 54251.13305612 10.916
 60 117.196612  60.085596   147.902   147.902  2 54321.13305933 36.363
 61 117.187483  60.086256   244.986   244.986  2 54356.13302028  9.018
 63 117.193542  60.087249   144.046   144.046  2 54426.13297009 21.085
 64 117.202390  60.085026   148.939   147.654  3 54461.13297677 11.749
 65 117.192598  60.085769   144.531   144.531  2 54496.13297709  8.919
 67 117.187047  60.087021   233.272   233.272  2 54566.13298264  2.009
 68 117.197486  60.085452   245.449   245.449  2 54601.13298511 11.382
 69 117.195067  60.086890   245.975   245.975  2 54636.13299697  6.350
 71 117.192433  60.087636   244.427   244.427  2 54706.13296178  6.653
 72 117.200409  60.086028   244.903   244.903  2 54741.13296486  6.307
 74 117.202682  60.083691   233.850   233.850  2 54811.13295869 11.166
 77 117.185191  60.086481   152.718   152.718  2 54916.13294656  9.547
 78 117.197931  60.086748   241.027   241.027  2 54951.13295460 12.703
 79 117.196004  60.086460   253.556   253.556  2 54986.13297946  9.499
 80 117.197031  60.087595   248.630   248.630  2 55021.13297223  6.583
 81 117.194637  60.086822   245.149   245.149  2 55056.13296939 12.098
 82 117.187758  60.087197   244.516   244.516  2 55091.13292755  9.632
 83 117.198286  60.085230   245.521   245.521  2 55126.13290870 22.285
 85 117.202137  60.085099   233.021   232.927  3 55196.13289909  9.709
 89 117.194393  60.086911   239.190   239.190  2 55336.13286947 10.357
 92 117.194177  60.086748   244.640   244.640  2 55441.13287865  7.016
