-115112.659    -1.000     0.00    0.00
-114741.663    -1.000     0.00    0.00
-114370.574    -1.000     0.00    0.00
-113999.392    -1.000     0.00    0.00
-113628.117    -1.000     0.00    0.00
-113256.749    -1.000     0.00    0.00
-112885.287    -1.000     0.00    0.00
-112513.732    -1.000     0.00    0.00
-112142.083    -1.000     0.00    0.00
-111770.341    -1.000     0.00    0.00
-111398.506    -1.000     0.00    0.00
-111026.577    -1.000     0.00    0.00
-110654.554    -1.000     0.00    0.00
-110282.437    -1.000     0.00    0.00
-109910.226    -1.000     0.00    0.00
-109537.922    -1.000     0.00    0.00
-109165.523    -1.000     0.00    0.00
-108793.031    -1.000     0.00    0.00
-108420.444    -1.000     0.00    0.00
-108047.763    -1.000     0.00    0.00
-107674.988    -1.000     0.00    0.00
-107302.118    -1.000     0.00    0.00
-106929.154    -1.000     0.00    0.00
-106556.095    -1.000     0.00    0.00
-106182.942    -1.000     0.00    0.00
-105809.694    -1.000     0.00    0.00
-105436.352    -1.000     0.00    0.00
-105062.914    -1.000     0.00    0.00
-104689.382    -1.000     0.00    0.00
-104315.755    -1.000     0.00    0.00
-103942.033    -1.000     0.00    0.00
-103568.215    -1.000     0.00    0.00
-103194.303    -1.000     0.00    0.00
-102820.295    -1.000     0.00    0.00
-102446.193    -1.000     0.00    0.00
-102071.994    -1.000     0.00    0.00
-101697.701    -1.000     0.00    0.00
-101323.311    -1.000     0.00    0.00
-100948.826    -1.000     0.00    0.00
-100574.246    -1.000     0.00    0.00
-100199.570    -1.000     0.00    0.00
 -99824.798    -1.000     0.00    0.00
 -99449.930    -1.000     0.00    0.00
 -99074.966    -1.000     0.00    0.00
 -98699.906    -1.000     0.00    0.00
 -98324.750    -1.000     0.00    0.00
 -97949.498    -1.000     0.00    0.00
 -97574.149    -1.000     0.00    0.00
 -97198.705    -1.000     0.00    0.00
 -96823.164    -1.000     0.00    0.00
 -96447.526    -1.000     0.00    0.00
 -96071.792    -1.000     0.00    0.00
 -95695.961    -1.000     0.00    0.00
 -95320.034    -1.000     0.00    0.00
 -94944.009    -1.000     0.00    0.00
 -94567.888    -1.000     0.00    0.00
 -94191.670    -1.000     0.00    0.00
 -93815.355    -1.000     0.00    0.00
 -93438.943    -1.000     0.00    0.00
 -93062.434    -1.000     0.00    0.00
 -92685.828    -1.000     0.00    0.00
 -92309.124    -1.000     0.00    0.00
 -91932.323    -1.000     0.00    0.00
 -91555.425    -1.000     0.00    0.00
 -91178.429    -1.000     0.00    0.00
 -90801.335    -1.000     0.00    0.00
 -90424.144    -1.000     0.00    0.00
 -90046.855    -1.000     0.00    0.00
 -89669.468    -1.000     0.00    0.00
 -89291.984    -1.000     0.00    0.00
 -88914.401    -1.000     0.00    0.00
 -88536.720    -1.000     0.00    0.00
 -88158.942    -1.000     0.00    0.00
 -87781.065    -1.000     0.00    0.00
 -87403.089    -1.000     0.00    0.00
 -87025.016    -1.000     0.00    0.00
 -86646.844    -1.000     0.00    0.00
 -86268.573    -1.000     0.00    0.00
 -85890.204    -1.000     0.00    0.00
 -85511.736    -1.000     0.00    0.00
 -85133.170    -1.000     0.00    0.00
 -84754.505    -1.000     0.00    0.00
 -84375.741    -1.000     0.00    0.00
 -83996.877    -1.000     0.00    0.00
 -83617.915    -1.000     0.00    0.00
 -83238.854    -1.000     0.00    0.00
 -82859.694    -1.000     0.00    0.00
 -82480.434    -1.000     0.00    0.00
 -82101.075    -1.000     0.00    0.00
 -81721.617    -1.000     0.00    0.00
 -81342.059    -1.000     0.00    0.00
 -80962.401    -1.000     0.00    0.00
 -80582.644    -1.000     0.00    0.00
 -80202.787    -1.000     0.00    0.00
 -79822.830    -1.000     0.00    0.00
 -79442.774    -1.000     0.00    0.00
 -79062.617    -1.000     0.00    0.00
 -78682.360    -1.000     0.00    0.00
 -78302.004    -1.000     0.00    0.00
 -77921.547    -1.000     0.00    0.00
 -77540.990    -1.000     0.00    0.00
 -77160.332    -1.000     0.00    0.00
 -76779.574    -1.000     0.00    0.00
 -76398.715    -1.000     0.00    0.00
 -76017.756    -1.000     0.00    0.00
 -75636.697    -1.000     0.00    0.00
 -75255.536    -1.000     0.00    0.00
 -74874.275    -1.000     0.00    0.00
 -74492.912    -1.000     0.00    0.00
 -74111.449    -1.000     0.00    0.00
 -73729.885    -1.000     0.00    0.00
 -73348.219    -1.000     0.00    0.00
 -72966.453    -1.000     0.00    0.00
 -72584.585    -1.000     0.00    0.00
 -72202.615    -1.000     0.00    0.00
 -71820.544    -1.000     0.00    0.00
 -71438.372    -1.000     0.00    0.00
 -71056.098    -1.000     0.00    0.00
 -70673.722    -1.000     0.00    0.00
 -70291.244    -1.000     0.00    0.00
 -69923.133    -1.000     0.00    0.00
 -69559.601    -1.000     0.00    0.00
 -69195.979    -1.000     0.00    0.00
 -68832.268    -1.000     0.00    0.00
 -68468.467    -1.000     0.00    0.00
 -68104.576    -1.000     0.00    0.00
 -67740.597    -1.000     0.00    0.00
 -67376.527    -1.000     0.00    0.00
 -67012.368    -1.000     0.00    0.00
 -66648.118    -1.000     0.00    0.00
 -66283.779    -1.000     0.00    0.00
 -65919.350    -1.000     0.00    0.00
 -65554.831    -1.000     0.00    0.00
 -65190.222    -1.000     0.00    0.00
 -64825.523    -1.000     0.00    0.00
 -64460.733    -1.000     0.00    0.00
 -64095.854    -1.000     0.00    0.00
 -63730.883    -1.000     0.00    0.00
 -63365.823    -1.000     0.00    0.00
 -63000.672    -1.000     0.00    0.00
 -62635.430    -1.000     0.00    0.00
 -62270.098    -1.000     0.00    0.00
 -61904.675    -1.000     0.00    0.00
 -61539.162    -1.000     0.00    0.00
 -61173.557    -1.000     0.00    0.00
 -60807.862    -1.000     0.00    0.00
 -60442.075    -1.000     0.00    0.00
 -60076.198    -1.000     0.00    0.00
 -59710.230    -1.000     0.00    0.00
 -59344.170    -1.000     0.00    0.00
 -58978.019    -1.000     0.00    0.00
 -58611.777    -1.000     0.00    0.00
 -58245.443    -1.000     0.00    0.00
 -57879.018    -1.000     0.00    0.00
 -57512.502    -1.000     0.00    0.00
 -57145.894    -1.000     0.00    0.00
 -56779.194    -1.000     0.00    0.00
 -56412.403    -1.000     0.00    0.00
 -56045.520    -1.000     0.00    0.00
 -55678.545    -1.000     0.00    0.00
 -55311.478    -1.000     0.00    0.00
 -54944.319    -1.000     0.00    0.00
 -54577.068    -1.000     0.00    0.00
 -54209.725    -1.000     0.00    0.00
 -53842.289    -1.000     0.00    0.00
 -53474.762    -1.000     0.00    0.00
 -53107.142    -1.000     0.00    0.00
 -52739.429    -1.000     0.00    0.00
 -52371.624    -1.000     0.00    0.00
 -52003.727    -1.000     0.00    0.00
 -51635.737    -1.000     0.00    0.00
 -51267.654    -1.000     0.00    0.00
 -50899.479    -1.000     0.00    0.00
 -50531.211    -1.000     0.00    0.00
 -50162.849    -1.000     0.00    0.00
 -49794.395    -1.000     0.00    0.00
 -49425.848    -1.000     0.00    0.00
 -49057.208    -0.590     1.11    1.44
 -48688.474     2.319     7.89    8.05
 -48319.648     8.924    17.91   13.77
 -47950.728    16.492    20.51   15.63
 -47581.714    23.568    19.18   14.12
 -47212.607    30.783    19.55   10.34
 -46843.407    35.328    12.31    7.60
 -46474.113    39.073    10.14    5.91
 -46104.725    41.463     6.47    5.32
 -45735.244    41.842     1.03    5.11
 -45365.668    41.571    -0.73    5.01
 -44995.999    40.217    -3.66    4.45
 -44626.236    37.544    -7.23    6.89
 -44256.379    25.492   -32.58   17.28
 -43886.427    14.521   -29.65   17.65
 -43516.382     4.357   -27.47   11.86
 -43146.242    -0.570   -13.31    2.90
 -42776.008    -1.000    -1.16    0.00
 -42405.680    -1.000     0.00    0.00
 -42035.257    -1.000     0.00    0.00
 -41664.739    -1.000     0.00    0.00
 -41294.127    -1.000     0.00    0.00
 -40923.421    -1.000     0.00    0.00
 -40552.619    -1.000     0.00    0.00
 -40181.723    -1.000     0.00    0.00
 -39810.732    -1.000     0.00    0.00
 -39439.645    -1.000     0.00    0.00
 -39068.464    -1.000     0.00    0.00
 -38697.188    -1.000     0.00    0.00
 -38325.816    -1.000     0.00    0.00
 -37954.349    -1.000     0.00    0.00
 -37582.787    -1.000     0.00    0.00
 -37211.130    -1.000     0.00    0.00
 -36839.376    -1.000     0.00    0.00
 -36467.528    -1.000     0.00    0.00
 -36095.584    -1.000     0.00    0.00
 -35723.544    -1.000     0.00    0.00
 -35351.408    -1.000     0.00    0.00
 -34979.176    -1.000     0.00    0.00
 -34606.849    -1.000     0.00    0.00
 -34234.425    -1.000     0.00    0.00
 -33861.905    -1.000     0.00    0.00
 -33489.290    -1.000     0.00    0.00
 -33116.578    -1.000     0.00    0.00
 -32743.769    -1.000     0.00    0.00
 -32370.864    -1.000     0.00    0.00
 -31997.863    -1.000     0.00    0.00
 -31624.766    -1.000     0.00    0.00
 -31251.571    -1.000     0.00    0.00
 -30878.280    -1.000     0.00    0.00
 -30504.893    -1.000     0.00    0.00
 -30131.408    -1.000     0.00    0.00
 -29757.827    -1.000     0.00    0.00
 -29384.148    -1.000     0.00    0.00
 -29010.373    -1.000     0.00    0.00
 -28636.500    -1.000     0.00    0.00
 -28262.530    -1.000     0.00    0.00
 -27888.463    -1.000     0.00    0.00
 -27514.299    -1.000     0.00    0.00
 -27140.037    -1.000     0.00    0.00
 -26765.677    -1.000     0.00    0.00
 -26391.221    -1.000     0.00    0.00
 -26016.666    -1.000     0.00    0.00
 -25642.014    -1.000     0.00    0.00
 -25267.263    -1.000     0.00    0.00
 -24892.415    -1.000     0.00    0.00
 -24517.469    -1.000     0.00    0.00
 -24142.425    -1.000     0.00    0.00
 -23767.283    -1.000     0.00    0.00
 -23392.043    -1.000     0.00    0.00
 -23016.704    -1.000     0.00    0.00
 -22641.267     1.154     5.74    5.59
 -22265.731     4.165     8.02    8.44
 -21890.098     7.924    10.01    9.80
 -21514.365    11.179     8.66    9.69
 -21138.534    14.360     8.46    8.24
 -20762.604    16.484     5.65    6.57
 -20386.575    17.867     3.68    4.48
 -20010.448    18.430     1.50    2.24
 -19634.221    18.301    -0.34    1.34
 -19257.895    18.175    -0.33    1.41
 -18881.471    18.347     0.46    1.45
 -18504.947    18.124    -0.59    1.39
 -18128.323    18.198     0.20    1.33
 -17751.601    18.164    -0.09    1.24
 -17374.779    17.667    -1.32    1.36
 -16997.857    17.115    -1.46    1.30
 -16620.836    16.650    -1.23    1.10
 -16243.715    16.885     0.62    1.43
 -15866.494    17.033     0.39    1.59
 -15489.174    17.850     2.16    1.77
 -15111.754    18.686     2.21    2.23
 -14734.233    19.457     2.04    3.27
 -14356.613    18.951    -1.34    6.09
 -13978.892    17.286    -4.41    8.29
 -13601.072    14.669    -6.92    9.91
 -13223.151    11.870    -7.41   10.59
 -12845.129     9.492    -6.29   10.36
 -12467.007     7.065    -6.42    9.84
 -12088.785     5.202    -4.93    8.98
 -11710.462     2.870    -6.16    7.07
 -11332.038     1.392    -3.91    5.45
 -10953.513     0.172    -3.22    3.50
 -10574.888    -0.398    -1.51    1.84
 -10196.161    -0.487    -0.23    0.52
  -9817.334    -0.238     0.66    0.43
  -9438.405    -0.034     0.54    0.18
  -9059.375     0.000     0.09    0.00
  -8680.244     0.065     0.17    0.38
  -8301.012     0.458     1.04    1.12
  -7921.678     1.041     1.54    1.91
  -7542.243     2.360     3.48    3.33
  -7162.706     3.910     4.08    5.08
  -6783.067     5.127     3.21    5.48
  -6403.327     5.398     0.71    5.28
  -6023.485     5.049    -0.92    4.81
  -5643.541     3.383    -4.38    1.11
  -5263.495     3.122    -0.69    0.85
  -4883.347     3.026    -0.25    1.00
  -4503.096     2.894    -0.35    1.29
  -4122.744     2.703    -0.50    1.42
  -3742.289     2.260    -1.16    1.48
  -3361.731     1.911    -0.92    1.60
  -2981.072     1.286    -1.64    1.47
  -2600.309     0.782    -1.32    1.27
  -2219.444     0.226    -1.46    0.69
  -1838.476     0.000    -0.59    0.00
  -1457.406     0.000     0.00    0.00
  -1076.232     0.000     0.00    0.00
   -694.956     0.000     0.00    0.00
   -313.576     0.000     0.00    0.00
     67.907     0.000     0.00    0.00
    449.493     0.000     0.00    0.00
    831.182     0.000     0.00    0.00
   1212.975     0.000     0.00    0.00
   1594.871     0.000     0.00    0.00
   1976.871     0.000     0.00    0.00
   2358.974     0.000     0.00    0.00
   2741.181     0.000     0.00    0.00
   3123.493     0.000     0.00    0.00
   3505.907     0.000     0.00    0.00
   3888.426     0.035     0.09    0.26
   4271.049     0.347     0.81    1.31
   4647.512     0.656     0.82    1.90
   5010.810     0.875     0.60    2.00
   5374.198     0.959     0.23    1.91
   5737.677     0.900    -0.16    1.70
   6101.247     0.636    -0.73    1.30
   6464.908     0.363    -0.75    0.96
   6828.661     0.085    -0.76    0.40
   7192.504     0.000    -0.23    0.00
   7556.439     0.000     0.00    0.00
   7920.466     0.000     0.00    0.00
   8284.584     0.000     0.00    0.00
   8648.793     0.000     0.00    0.00
   9013.094     0.000     0.00    0.00
   9377.487     0.000     0.00    0.00
   9741.972     0.000     0.00    0.00
  10106.548     0.000     0.00    0.00
  10471.216     0.000     0.00    0.00
  10835.976     0.000     0.00    0.00
  11200.829     0.000     0.00    0.00
  11565.773     0.000     0.00    0.00
  11930.809     0.000     0.00    0.00
  12295.938     0.000     0.00    0.00
  12661.159     0.000     0.00    0.00
  13026.473     0.000     0.00    0.00
  13391.879     0.000     0.00    0.00
  13757.377     0.000     0.00    0.00
  14122.968     0.000     0.00    0.00
  14488.652     0.000     0.00    0.00
  14854.428     0.000     0.00    0.00
  15220.298     0.000     0.00    0.00
  15586.260     0.000     0.00    0.00
  15952.315     0.000     0.00    0.00
  16318.463     0.000     0.00    0.00
  16684.704     0.000     0.00    0.00
  17051.039     0.000     0.00    0.00
  17417.466     0.000     0.00    0.00
  17783.987     0.000     0.00    0.00
  18150.602     0.000     0.00    0.00
  18517.309     0.000     0.00    0.00
  18884.111     0.000     0.00    0.00
  19251.006     0.000     0.00    0.00
  19617.994     0.000     0.00    0.00
  19985.076     0.000     0.00    0.00
  20352.253     0.000     0.00    0.00
  20719.523     0.000     0.00    0.00
  21086.887     0.000     0.00    0.00
  21454.345     0.000     0.00    0.00
  21821.897     0.000     0.00    0.00
  22189.543     0.000     0.00    0.00
  22557.284     0.000     0.00    0.00
  22925.118     0.000     0.00    0.00
  23293.048     0.000     0.00    0.00
  23661.071     0.000     0.00    0.00
  24029.190     0.000     0.00    0.00
  24397.403     0.000     0.00    0.00
  24765.710     0.000     0.00    0.00
  25134.113     0.000     0.00    0.00
  25502.610     0.000     0.00    0.00
  25871.202     0.000     0.00    0.00
  26239.889     0.000     0.00    0.00
  26608.671     0.000     0.00    0.00
  26977.548     0.000     0.00    0.00
  27346.521     0.000     0.00    0.00
  27715.589     0.000     0.00    0.00
  28084.752     0.000     0.00    0.00
  28454.010     0.000     0.00    0.00
  28823.364     0.000     0.00    0.00
  29192.814     0.000     0.00    0.00
  29562.359     0.000     0.00    0.00
  29932.000     0.000     0.00    0.00
  30301.737     0.000     0.00    0.00
  30671.570     0.000     0.00    0.00
  31041.498     0.000     0.00    0.00
  31411.523     0.000     0.00    0.00
  31781.644     0.000     0.00    0.00
  32151.861     0.000     0.00    0.00
  32522.174     0.000     0.00    0.00
  32892.583     0.000     0.00    0.00
  33263.089     0.000     0.00    0.00
  33633.692     0.000     0.00    0.00
  34004.391     0.000     0.00    0.00
  34375.186     0.000     0.00    0.00
  34746.079     0.000     0.00    0.00
  35117.068     0.000     0.00    0.00
  35488.154     0.000     0.00    0.00
  35859.337     0.000     0.00    0.00
  36230.616     0.113     0.30    0.54
  36601.993     0.463     0.94    1.06
  36973.468     0.645     0.49    1.20
  37345.039     0.748     0.28    1.26
  37716.708     0.669    -0.21    1.21
  38088.474     0.690     0.06    1.21
  38460.337     0.875     0.50    1.31
  38832.298     1.224     0.94    1.43
  39204.357     1.817     1.59    1.41
  39576.514     2.274     1.23    1.22
  39948.768     2.600     0.88    0.93
  40321.120     2.741     0.38    0.81
  40693.570     2.632    -0.29    0.95
  41066.118     2.557    -0.20    1.04
  41438.764     2.390    -0.45    1.18
  41811.508     2.206    -0.49    1.29
  42184.351     2.041    -0.44    1.36
  42557.292     1.746    -0.79    1.44
  42930.331     1.480    -0.71    1.46
  43303.469     1.168    -0.84    1.42
  43676.705     0.913    -0.68    1.34
  44050.040     0.618    -0.79    1.19
  44423.473     0.376    -0.65    0.97
  44797.006     0.190    -0.50    0.69
  45170.637     0.026    -0.44    0.21
  45544.367     0.153     0.34    0.72
  45918.197     0.669     1.38    1.60
  46292.125     1.375     1.89    2.11
  46666.153     1.960     1.56    2.22
  47040.279     2.558     1.60    2.08
  47414.506     3.143     1.56    1.80
  47788.831     3.553     1.10    1.35
  48163.256     3.893     0.91    0.53
  48537.781     3.936     0.11    0.35
  48912.405     4.106     0.45    0.42
  49287.130     4.411     0.82    0.97
  49661.953     6.189     4.74    4.28
  50036.877     8.530     6.24    6.60
  50411.901     7.832    -1.86    7.22
  50787.025     6.623    -3.22    7.25
  51162.249     4.087    -6.76    5.62
  51537.573     2.104    -5.28    1.33
  51912.998     2.639     1.42    0.94
  52288.523     3.000     0.96    0.00
  52664.148     3.000     0.00    0.00
  53039.874     2.664    -0.89    0.90
  53415.701     1.897    -2.04    1.41
  53791.628     1.059    -2.23    1.38
  54167.656     0.550    -1.35    1.09
  54543.785     0.407    -0.38    1.00
  54920.015     0.754     0.92    1.25
  55296.346     1.190     1.16    1.42
  55672.778     1.650     1.22    1.45
  56049.311     2.079     1.14    1.34
  56425.946     2.163     0.22    1.31
  56802.681     2.222     0.16    1.29
  57179.519     2.254     0.08    1.26
  57556.458     2.466     0.56    1.12
  57933.498     2.567     0.27    1.00
  58310.640     2.710     0.38    0.81
  58687.884     2.806     0.26    0.71
  59065.230     2.701    -0.28    0.77
  59442.678     2.101    -1.59    1.30
  59820.227     1.429    -1.78    1.44
  60197.879     1.122    -0.81    1.35
  60575.633     1.306     0.49    1.41
  60953.489     2.032     1.92    1.36
  61331.448     2.681     1.72    0.84
  61709.509     2.205    -1.26    1.29
  62087.673     1.776    -1.13    1.42
  62465.939     1.748    -0.07    1.41
  62844.308     1.929     0.48    1.38
  63222.779     2.593     1.76    0.97
  63601.354     2.701     0.28    0.88
  63980.031     2.150    -1.45    1.33
  64358.812     2.047    -0.27    1.36
  64737.695     2.064     0.04    1.35
  65116.682     2.274     0.55    1.24
  65495.772     2.760     1.28    0.82
  65874.965     3.000     0.63    0.00
  66254.262     2.976    -0.06    0.15
  66633.663     2.568    -1.08    0.97
  67013.166     1.718    -2.24    1.43
  67392.774     0.921    -2.10    1.33
  67772.486     0.143    -2.05    0.51
  68152.301     0.000    -0.38    0.00
  68532.220     0.000     0.00    0.00
  68912.243     0.000     0.00    0.00
  69292.371     0.000     0.00    0.00
  69672.602     0.000     0.00    0.00
  70052.938     0.236     0.62    0.62
  70433.378     0.610     0.98    0.90
  70813.923     0.873     0.69    0.97
  71194.573     1.063     0.50    0.94
  71575.326     1.216     0.40    0.91
  71956.185     1.310     0.25    0.89
  72337.149     1.083    -0.60    0.95
  72718.217     0.835    -0.65    0.97
  73099.390     0.573    -0.69    0.89
  73480.669     0.528    -0.12    0.85
  73862.052     0.748     0.58    0.95
  74243.541     1.221     1.24    0.96
  74625.135     1.648     1.12    0.74
  75006.835     1.858     0.55    0.47
  75388.640     1.921     0.16    0.37
  75770.550     1.944     0.06    0.32
  76152.567     2.000     0.15    0.00
  76534.689     2.000     0.00    0.00
  76916.917     2.000     0.00    0.00
  77299.251     2.000     0.00    0.00
  77681.691     2.000     0.00    0.00
  78064.237     2.000     0.00    0.00
  78446.889     2.000     0.00    0.00
  78829.647     2.000     0.00    0.00
  79212.512     2.000     0.00    0.00
  79578.067     2.000     0.00    0.00
  79941.227     2.000     0.00    0.00
  80304.479     2.000     0.00    0.00
  80667.824     2.000     0.00    0.00
  81031.262     1.742    -0.71    0.66
  81394.792     1.500    -0.67    0.85
  81758.415     1.370    -0.36    0.92
  82122.131     1.417     0.13    0.89
  82485.940     1.597     0.49    0.79
  82849.842     2.000     1.11    0.00
  83213.837     2.000     0.00    0.00
  83577.924     2.000     0.00    0.00
  83942.106     2.000     0.00    0.00
  84306.380     1.992    -0.02    0.09
  84670.748     1.659    -0.91    0.74
  85035.209     1.182    -1.31    0.97
  85399.763     0.656    -1.44    0.93
  85764.411     0.209    -1.23    0.60
  86129.153     0.000    -0.57    0.00
  86493.988     0.000     0.00    0.00
  86858.918     0.000     0.00    0.00
  87223.941     0.000     0.00    0.00
  87589.057     0.000     0.00    0.00
  87954.268     0.000     0.00    0.00
  88319.573     0.034     0.09    0.26
  88684.972     0.031    -0.01    0.22
  89050.466     0.398     1.00    0.79
  89416.053     0.966     1.55    0.99
  89781.735     1.520     1.51    0.84
  90147.512     1.938     1.14    0.32
  90513.383     1.867    -0.19    0.34
  90879.348     1.624    -0.66    0.49
  91245.408     1.383    -0.66    0.49
  91611.563     1.133    -0.68    0.34
  91977.813     1.000    -0.36    0.00
  92344.157     0.891    -0.30    0.31
  92710.596     0.633    -0.70    0.48
  93077.131     0.367    -0.73    0.48
  93443.761     0.148    -0.60    0.36
  93810.485     0.017    -0.36    0.13
  94177.305     0.000    -0.05    0.00
  94544.221     0.080     0.22    0.63
  94911.231     1.618     4.19    3.65
  95278.337     3.602     5.40    4.75
  95645.539     4.244     1.75    4.70
  96012.837     4.360     0.32    4.53
  96380.230     4.496     0.37    4.12
  96747.718     3.496    -2.72    3.27
  97115.303     4.008     1.39    3.01
  97482.984     5.398     3.78    2.70
  97850.760     6.120     1.96    2.21
  98218.633     6.780     1.79    2.02
  98586.602     7.438     1.79    1.55
  98954.667     7.774     0.91    1.59
  99322.828     8.000     0.61    1.92
  99691.086     6.620    -3.75    3.56
 100059.440     4.350    -6.16    4.11
 100427.891     2.411    -5.26    3.77
 100796.439     0.585    -4.96    1.83
 101165.083     0.200    -1.04    0.93
 101533.823     1.835     4.43    2.96
 101902.661     3.456     4.40    3.33
 102271.596     5.405     5.28    2.77
 102640.627     6.844     3.90    1.56
 103009.756     7.211     0.99    1.21
 103378.982     6.637    -1.55    2.26
 103748.305     5.380    -3.40    3.24
 104117.725     4.008    -3.71    3.58
 104487.243     3.152    -2.32    3.48
 104856.858     3.000    -0.41    3.45
 105226.571     3.208     0.56    3.26
 105596.382     4.531     3.58    2.98
 105966.290     5.762     3.33    2.20
 106336.296     5.792     0.08    1.76
 106706.399     5.783    -0.02    1.91
 107076.601     5.898     0.31    1.76
 107446.901     5.867    -0.09    1.85
 107817.298     6.504     1.72    1.87
 108187.794     6.953     1.21    1.57
 108558.389     6.500    -1.22    2.77
 108929.081     5.473    -2.77    3.71
 109299.872     4.079    -3.76    3.99
 109670.761     2.354    -4.65    3.72
 110041.749     0.840    -4.08    2.29
 110412.836     0.074    -2.06    0.47
 110784.021     0.000    -0.20    0.00
 111155.306     0.000     0.00    0.00
 111526.689     0.000     0.00    0.00
 111898.171     0.277     0.75    1.32
 112269.752     2.405     5.73    4.24
 112641.432     4.073     4.49    4.91
 113013.211     6.516     6.57    4.98
 113385.090     8.000     3.99    4.71
 113757.068     6.504    -4.02    4.92
 114129.145     4.837    -4.48    5.20
 114501.322     1.992    -7.65    3.84
 114873.599     1.234    -2.03    2.42
 115245.975     0.992    -0.65    2.27
 115618.451     1.246     0.68    2.52
 115991.027     0.969    -0.74    2.29
 116363.703     0.227    -1.99    1.16
 116736.479     0.000    -0.61    0.00
 117109.354     0.000     0.00    0.00
 117482.330     0.000     0.00    0.00
 117855.407     0.008     0.02    0.09
 118228.583     1.605     4.28    3.72
 118601.861     3.689     5.58    5.10
 118975.238     4.415     1.95    4.81
 119348.716     4.597     0.49    4.52
 119722.295     3.032    -4.19    3.97
 120095.975     1.946    -2.91    2.69
 120469.755     1.890    -0.15    2.37
 120843.636     1.791    -0.26    2.23
 121217.619     1.633    -0.42    2.11
 121591.702     1.275    -0.96    1.66
 121965.886     1.577     0.81    1.82
 122340.172     1.555    -0.06    1.62
 122714.559     2.185     1.68    1.72
 123089.048     2.488     0.81    1.61
 123463.638     2.558     0.19    1.36
 123838.329     2.481    -0.21    1.29
 124213.122     2.214    -0.71    1.57
 124588.017     1.958    -0.68    1.73
 124963.014     1.798    -0.43    1.80
 125338.113     1.500    -0.80    1.66
 125713.313     1.460    -0.11    1.52
 126088.616     1.298    -0.43    1.40
 126464.021     1.206    -0.24    1.30
 126839.528     0.953    -0.67    1.04
 127215.137     0.705    -0.66    0.85
 127590.849     0.579    -0.34    0.78
 127966.664     0.855     0.74    1.04
 128342.580     0.891     0.09    1.07
 128718.600     0.853    -0.10    1.03
 129094.722     0.783    -0.19    1.05
 129470.947     0.782    -0.00    1.01
 129847.275     0.777    -0.01    0.98
 130223.706     0.899     0.32    1.09
 130600.241     0.960     0.16    1.16
 130976.878     1.047     0.23    1.31
 131353.618     1.432     1.02    1.51
 131730.462     1.612     0.48    1.80
 132107.410     1.785     0.46    1.78
 132484.461     1.774    -0.03    1.70
 132861.615     1.558    -0.57    1.58
 133238.873     1.062    -1.32    1.24
 133616.235     0.836    -0.60    1.06
 133993.701     0.786    -0.13    0.86
 134371.270     0.918     0.35    0.93
 134748.944     1.191     0.72    1.01
 135126.722     1.295     0.27    1.04
 135504.604     1.434     0.37    1.12
 135882.590     1.450     0.04    1.16
 136260.681     1.242    -0.55    1.02
 136638.876     1.215    -0.07    1.13
 137017.176     1.318     0.27    1.12
 137395.580     1.306    -0.03    1.09
 137774.089     1.674     0.97    1.31
 138152.703     2.179     1.33    1.48
 138531.422     2.123    -0.15    1.49
 138910.246     1.785    -0.89    1.47
 139289.175     1.157    -1.66    1.31
 139668.209     0.644    -1.35    0.91
 140047.348     0.438    -0.54    0.75
 140426.592     0.372    -0.17    0.76
 140805.943     0.372     0.00    0.77
 141185.398     0.488     0.30    0.87
 141564.959     0.369    -0.31    0.80
 141944.626     0.232    -0.36    0.64
 142324.399     0.115    -0.31    0.48
 142704.277     0.147     0.08    0.47
 143084.262     0.317     0.45    0.77
 143464.352     0.379     0.16    0.87
 143844.549     0.664     0.75    1.12
 144224.852     1.101     1.15    1.64
 144605.261     1.100    -0.00    1.72
 144985.776     1.488     1.02    2.03
 145366.398     2.069     1.53    2.40
 145747.127     1.648    -1.11    2.21
 146127.962     1.098    -1.44    1.61
 146508.905     0.763    -0.88    1.36
 146889.954     0.536    -0.60    1.12
 147271.109     0.508    -0.07    0.95
 147652.372     0.594     0.23    0.98
 148033.742     0.785     0.50    1.09
 148415.220     0.769    -0.04    0.98
 148796.804     0.721    -0.13    1.02
 149178.496     0.556    -0.43    0.95
 149560.296     0.484    -0.19    0.95
 149942.203     0.267    -0.57    0.83
 150324.218     0.046    -0.58    0.24
 150706.340     0.310     0.69    0.70
 151088.571     0.710     1.05    1.22
 151470.909     1.303     1.55    1.97
 151853.355     1.962     1.72    2.42
 152235.910     1.823    -0.36    2.45
 152618.572     1.423    -1.05    1.92
 153001.343     1.344    -0.21    1.78
 153384.223     1.540     0.51    1.57
 153767.211     1.515    -0.07    1.46
 154141.795     1.531     0.04    1.32
 154504.738     1.744     0.59    1.32
 154867.774     1.573    -0.47    1.18
 155230.905     1.491    -0.22    1.15
 155594.130     1.191    -0.83    0.92
 155957.448     1.341     0.41    0.95
