-169123.736    42.442     0.00    4.34
-168746.040    40.672    -4.69    4.63
-168368.412    37.642    -8.03    3.87
-167990.854    36.595    -2.77    3.55
-167613.364    36.504    -0.24    3.73
-167235.944    35.964    -1.43    6.11
-166858.592    35.950    -0.04    8.10
-166481.310    38.681     7.24   10.53
-166104.096    43.163    11.88   10.50
-165726.951    46.595     9.10    7.50
-165349.875    48.430     4.87    3.40
-164972.868    48.117    -0.83    2.69
-164595.929    50.732     6.94    5.04
-164219.059    54.393     9.72    5.86
-163842.258    57.089     7.16    3.88
-163465.526    57.534     1.18    3.28
-163088.862    56.047    -3.95    3.34
-162712.266    53.465    -6.86    2.69
-162335.739    51.747    -4.56    2.13
-161959.280    50.654    -2.90    1.90
-161582.890    51.002     0.92    2.04
-161206.569    51.854     2.26    2.64
-160830.315    52.592     1.96    2.41
-160454.130    53.329     1.96    1.52
-160078.013    53.537     0.55    1.45
-159701.965    53.830     0.78    1.96
-159325.984    53.232    -1.59    2.91
-158950.072    52.595    -1.70    3.06
-158574.228    50.196    -6.38    5.51
-158198.452    41.435   -23.32   15.36
-157822.744    29.293   -32.32   21.57
-157447.104    15.940   -35.55   20.33
-157071.532     4.237   -31.16   12.88
-156696.028    -1.719   -15.86    3.25
-156320.592    -1.751    -0.08    2.56
-155945.224    -0.527     3.26    3.52
-155569.923     0.576     2.94    3.09
-155194.691     0.818     0.64    3.17
-154819.526     0.701    -0.31    4.29
-154444.429    -1.615    -6.17    6.08
-154069.399    -4.261    -7.06    6.98
-153694.437    -7.218    -7.89    6.61
-153319.543   -10.030    -7.50    3.46
-152944.717    -9.756     0.73    3.80
-152569.957    -8.885     2.32    4.86
-152195.266    -9.075    -0.51    4.70
-151820.642   -10.145    -2.86    3.59
-151446.085   -11.158    -2.70    0.00
-151071.596   -11.158     0.00    0.00
-150697.174   -11.158     0.00    0.00
-150322.819   -11.158     0.00    0.00
-149948.532   -11.158     0.00    0.00
-149574.311   -11.030     0.34    1.13
-149200.159    -9.944     2.90    4.85
-148826.073    -9.833     0.30    5.06
-148452.054    -8.024     4.84    7.21
-148078.103    -5.979     5.47    9.54
-147704.218    -5.341     1.71    9.69
-147330.401    -4.017     3.54    9.90
-146956.650    -4.932    -2.45    9.43
-146582.967    -7.474    -6.81    7.06
-146209.350   -10.183    -7.25    3.30
-145835.801   -11.158    -2.61    0.00
-145462.318   -10.393     2.05    3.98
-145088.902    -5.368    13.46   11.81
-144715.553     2.142    20.12   15.25
-144342.270    10.694    22.91   14.62
-143969.054    17.143    17.28   10.01
-143595.905    21.467    11.59    1.58
-143222.823    22.422     2.56    1.75
-142849.807    23.249     2.22    1.84
-142476.858    24.324     2.88    2.10
-142103.975    26.007     4.51    2.37
-141731.158    27.324     3.53    2.33
-141358.409    27.967     1.73    1.51
-140985.725    27.336    -1.69    1.92
-140613.108    26.459    -2.35    2.23
-140240.557    25.722    -1.98    1.82
-139868.073    26.074     0.95    2.13
-139495.655    26.704     1.69    1.72
-139123.303    27.311     1.63    1.29
-138751.017    27.074    -0.64    1.50
-138378.798    26.743    -0.89    1.37
-138006.644    26.249    -1.33    1.42
-137634.557    25.361    -2.39    1.40
-137262.536    24.818    -1.46    1.72
-136890.581    24.057    -2.05    1.55
-136518.692    23.652    -1.09    1.62
-136146.868    22.779    -2.35    2.15
-135775.111    22.101    -1.82    2.89
-135403.420    23.171     2.88    5.56
-135031.794    34.601    30.76   27.59
-134660.234    60.488    69.68   44.72
-134288.740    90.304    80.27   44.76
-133917.312   121.257    83.34   25.07
-133545.950   133.312    32.47    6.08
-133174.653   135.917     7.02    2.94
-132803.422   136.225     0.83    2.23
-132432.256   136.717     1.33    1.91
-132061.156   136.732     0.04    1.94
-131690.121   136.146    -1.58    1.64
-131319.152   136.098    -0.13    1.95
-130948.249   137.534     3.87    3.36
-130577.411   139.447     5.16    3.45
-130206.638   140.729     3.46    2.59
-129835.931   140.449    -0.76    2.45
-129465.289   139.042    -3.80    2.16
-129094.712   138.554    -1.32    1.86
-128724.201   138.526    -0.08    1.77
-128353.755   139.032     1.37    1.69
-127983.374   139.111     0.21    1.86
-127613.058   137.122    -5.37    3.40
-127242.807   135.131    -5.38    4.26
-126872.621   132.513    -7.07    3.72
-126502.501   131.037    -3.99    1.98
-126132.445   133.098     5.57    4.06
-125762.455   136.650     9.60    5.75
-125392.529   142.183    14.96    7.43
-125022.668   149.066    18.61    7.00
-124652.872   153.711    12.56    5.93
-124283.141   157.158     9.32    3.54
-123913.475   156.830    -0.89    3.10
-123543.874   155.474    -3.67    2.71
-123174.337   155.183    -0.79    2.46
-122804.865   153.855    -3.60    2.49
-122435.458   153.635    -0.60    2.31
-122066.115   152.803    -2.25    2.19
-121696.837   152.472    -0.90    2.75
-121327.624   151.717    -2.04    3.71
-120958.475   150.489    -3.33    3.88
-120589.390   149.379    -3.01    3.56
-120220.370   150.336     2.59    4.22
-119851.415   151.373     2.81    3.95
-119482.524   151.673     0.81    2.99
-119113.697   151.509    -0.45    2.26
-118744.935   151.064    -1.21    1.69
-118376.237   152.150     2.94    1.45
-118007.603   151.135    -2.75    3.41
-117639.033   149.610    -4.14    4.38
-117270.528   148.830    -2.12    4.60
-116902.087   149.114     0.77    4.94
-116533.710   152.067     8.02    4.88
-116165.397   154.459     6.50    2.85
-115797.148   156.292     4.98    2.44
-115428.963   156.565     0.74    2.79
-115060.842   157.052     1.32    2.56
-114692.785   158.442     3.78    2.72
-114324.792   159.342     2.45    3.43
-113956.863   158.976    -0.99    4.54
-113588.998   155.491    -9.47    7.98
-113221.196   149.915   -15.16    8.27
-112853.458   144.895   -13.65    4.24
-112485.785   142.866    -5.52    3.01
-112118.175   142.329    -1.46    2.91
-111750.628   141.485    -2.30    2.98
-111383.145   140.105    -3.75    2.54
-111015.726   137.779    -6.33    5.42
-110648.371   132.206   -15.17   10.97
-110281.079   120.903   -30.78   17.28
-109913.850   109.450   -31.19   16.36
-109546.685   104.595   -13.22   12.16
-109179.584   109.229    12.63   16.32
-108812.546   121.361    33.05   18.33
-108445.571   133.196    32.25   14.69
-108068.972   142.299    24.17    6.21
-107688.908   145.422     8.22    3.67
-107308.913   145.679     0.68    3.74
-106928.987   143.387    -6.03    4.45
-106549.129   141.647    -4.58    4.37
-106169.339   143.163     3.99    7.07
-105789.618   148.398    13.79    9.23
-105409.965   153.802    14.24    6.69
-105030.381   157.329     9.29    2.83
-104650.865   158.114     2.07    2.46
-104271.417   157.756    -0.94    2.93
-103892.038   157.467    -0.76    3.40
-103512.727   155.767    -4.48    3.77
-103133.484   150.285   -14.46    8.21
-102754.309   144.392   -15.54   10.97
-102375.203   143.488    -2.38   13.39
-101996.164   149.526    15.93   17.95
-101617.194   157.546    21.16   15.07
-101238.292   160.265     7.18   11.88
-100859.457   153.415   -18.08   14.62
-100480.691   146.789   -17.49    9.37
-100101.992   146.952     0.43    7.39
 -99723.362   150.595     9.62    5.77
 -99344.799   153.567     7.85    3.39
 -98966.304   151.650    -5.07    6.43
 -98587.876   144.595   -18.64   12.40
 -98209.517   131.942   -33.44   16.75
 -97831.225   118.916   -34.44   15.32
 -97453.001   106.158   -33.73   12.67
 -97074.844    96.791   -24.77   10.38
 -96696.755    88.114   -22.95   10.89
 -96318.734    85.639    -6.55   12.89
 -95940.780   100.373    38.99   31.20
 -95562.894   119.933    51.77   34.54
 -95185.075   138.204    48.36   22.78
 -94807.323   145.395    19.04   10.96
 -94429.639   134.990   -27.55   14.33
 -94052.022   126.500   -22.49   13.40
 -93674.472   126.354    -0.39   11.83
 -93296.990   127.737     3.66   11.15
 -92919.575   130.780     8.06    9.29
 -92542.227   135.247    11.84    8.75
 -92164.946   138.420     8.41   10.22
 -91787.733   144.167    15.24   10.31
 -91410.586   148.517    11.53    9.69
 -91033.507   153.752    13.88    9.12
 -90656.494   158.817    13.44    9.77
 -90279.548   163.089    11.33    7.82
 -89902.670   165.336     5.96    6.73
 -89525.858   167.729     6.35    7.47
 -89149.113   169.163     3.80    8.31
 -88772.435   171.694     6.72    8.20
 -88395.824   173.500     4.80    6.13
 -88019.280   170.782    -7.22    7.93
 -87642.802   164.374   -17.02   11.22
 -87266.391   154.454   -26.36   14.84
 -86890.046   145.389   -24.09   12.85
 -86513.768   142.583    -7.46    9.57
 -86137.557   143.611     2.73    9.54
 -85761.413   149.422    15.45    9.77
 -85385.334   157.082    20.37    9.81
 -85009.323   162.579    14.62    9.19
 -84633.377   167.426    12.89    8.90
 -84257.499   171.914    11.94   10.82
 -83881.686   179.272    19.58   11.55
 -83505.940   186.607    19.52    9.34
 -83130.260   188.470     4.96    7.36
 -82754.646   186.592    -5.00    8.04
 -82379.099   184.404    -5.83    7.43
 -82003.618   184.978     1.53    6.67
 -81628.203   187.509     6.74    6.47
 -81252.854   190.778     8.71    5.13
 -80877.571   193.754     7.93    3.64
 -80502.354   195.467     4.56    2.67
 -80127.204   196.916     3.86    2.21
 -79752.119   197.285     0.98    2.09
 -79377.100   197.729     1.19    2.06
 -79002.147   198.133     1.08    1.63
 -78627.260   197.054    -2.88    2.76
 -78252.439   194.120    -7.83    5.72
 -77877.684   187.681   -17.18    9.88
 -77502.994   180.752   -18.49   11.42
 -77128.370   173.719   -18.78   13.55
 -76753.812   170.474    -8.66   13.37
 -76379.319   169.915    -1.49   13.51
 -76004.892   169.408    -1.36   16.37
 -75630.531   166.492    -7.79   20.76
 -75256.235   160.066   -17.17   24.12
 -74882.005   158.496    -4.19   23.40
 -74507.841   156.602    -5.06   20.57
 -74133.741   154.151    -6.55   19.45
 -73759.708   152.776    -3.67   17.22
 -73385.739   149.692    -8.25   14.85
 -73011.836   145.710   -10.65   10.69
 -72637.998   142.217    -9.35    5.75
 -72264.226   138.517    -9.90    2.61
 -71890.519   137.079    -3.85    3.47
 -71516.877   138.488     3.77    5.22
 -71143.300   140.317     4.90    5.88
 -70769.788   142.918     6.96    5.71
 -70396.342   145.679     7.40    4.97
 -70022.960   149.450    10.10    7.19
 -69649.644   152.598     8.43    8.93
 -69276.392   157.424    12.93   10.37
 -68903.206   163.249    15.61    9.68
 -68530.085   172.070    23.64   10.82
 -68157.028   181.504    25.29   13.92
 -67784.036   193.601    32.43   14.45
 -67411.110   201.546    21.30   11.90
 -67038.247   206.459    13.18    8.83
 -66665.450   208.286     4.90    8.08
 -66292.718   211.727     9.23    5.66
 -65920.050   214.624     7.78    2.58
 -65547.447   216.706     5.59    2.18
 -65174.908   218.286     4.24    2.78
 -64802.434   219.015     1.96    2.92
 -64430.025   218.904    -0.30    2.63
 -64057.680   218.201    -1.89    1.92
 -63685.400   217.957    -0.65    2.17
 -63313.184   218.274     0.85    2.80
 -62941.033   218.484     0.56    3.11
 -62568.946   218.657     0.46    3.21
 -62196.923   218.492    -0.44    3.12
 -61824.965   216.142    -6.32    4.26
 -61453.071   213.021    -8.39    6.84
 -61081.241   207.743   -14.20    9.18
 -60709.476   203.743   -10.76    9.77
 -60337.775   205.129     3.73   10.37
 -59966.138   210.032    13.19    8.54
 -59594.565   215.429    14.53    5.15
 -59223.056   217.945     6.77    3.62
 -58851.611   219.175     3.31    2.85
 -58480.230   219.953     2.09    2.64
 -58108.914   219.192    -2.05    2.99
 -57737.661   217.412    -4.80    3.65
 -57366.472   216.179    -3.32    4.49
 -56995.347   215.765    -1.12    4.43
 -56624.286   215.829     0.17    4.02
 -56253.289   216.990     3.13    3.24
 -55882.355   217.679     1.86    2.54
 -55511.486   218.209     1.43    2.74
 -55140.680   219.842     4.40    3.15
 -54769.937   220.957     3.01    3.02
 -54399.259   221.089     0.35    3.40
 -54028.644   219.101    -5.36    4.96
 -53658.093   214.442   -12.57    6.87
 -53287.605   205.804   -23.32   11.40
 -52917.181   195.650   -27.41   13.99
 -52546.820   188.752   -18.62   12.19
 -52176.523   182.583   -16.66    8.52
 -51806.289   179.842    -7.40    7.53
 -51436.118   176.249    -9.71    9.30
 -51066.011   170.249   -16.21   10.85
 -50695.968   158.907   -30.65   13.87
 -50325.987   147.239   -31.54   16.29
 -49956.070   135.029   -33.01   14.84
 -49586.216   131.829    -8.65   17.43
 -49216.426   137.657    15.76   27.04
 -48846.698   144.311    18.00   30.48
 -48477.034   145.701     3.76   28.48
 -48107.433   138.579   -19.27   25.33
 -47737.895   128.032   -28.54   20.13
 -47368.420   118.567   -25.62   12.50
 -46999.007   113.639   -13.34    8.62
 -46629.658   110.467    -8.59    8.86
 -46260.372   108.475    -5.39    9.36
 -45891.149   106.917    -4.22    8.57
 -45521.989   107.310     1.06    9.18
 -45152.891   109.054     4.73    9.84
 -44783.856   112.513     9.37    8.64
 -44414.885   112.154    -0.97    7.87
 -44045.975   104.118   -21.78   14.99
 -43677.129    91.117   -35.25   18.49
 -43308.345    77.608   -36.63   14.54
 -42939.624    74.854    -7.47   15.34
 -42570.966    88.413    36.78   33.96
 -42202.370   108.867    55.49   39.86
 -41833.837   131.991    62.75   33.17
 -41465.366   145.077    35.52   20.97
 -41096.958   147.369     6.22   13.70
 -40728.612   148.742     3.73   14.57
 -40360.329   154.434    15.46   21.24
 -39992.108   171.881    47.38   28.01
 -39623.949   190.095    49.48   21.61
 -39255.853   198.348    22.42   11.62
 -38887.819   201.442     8.41   11.11
 -38519.847   201.267    -0.48   12.50
 -38151.938   203.987     7.39   13.02
 -37784.090   206.054     5.62   12.70
 -37416.305   203.450    -7.08   14.01
 -37048.583   201.513    -5.27   13.24
 -36680.922   200.534    -2.66   11.82
 -36313.323   201.479     2.57   11.32
 -35945.786   205.470    10.86   11.16
 -35578.312   207.167     4.62   10.57
 -35210.899   205.533    -4.45   10.48
 -34843.548   198.804   -18.32   13.78
 -34476.260   188.538   -27.95   14.78
 -34109.033   176.355   -33.18   14.50
 -33741.868   169.932   -17.50   14.01
 -33368.282   163.117   -18.24   10.54
 -32988.357   152.867   -26.98   17.29
 -32608.500   137.117   -41.46   27.93
 -32228.709   119.556   -46.24   28.75
 -31848.985   114.892   -12.28   24.44
 -31469.328   122.842    20.94   27.47
 -31089.737   137.479    38.56   24.68
 -30710.213   151.631    37.29    9.89
 -30330.756   158.128    17.12   11.02
 -29951.365   166.184    21.24   16.37
 -29572.040   175.167    23.68   14.60
 -29192.783   178.868     9.76   10.33
 -28813.591   176.867    -5.28    9.60
 -28434.466   170.057   -17.96    9.72
 -28055.407   164.954   -13.46    8.82
 -27676.415   159.979   -13.13    7.08
 -27297.489   156.115   -10.20    5.17
 -26918.629   152.804    -8.74    6.02
 -26539.836   146.395   -16.92   11.13
 -26161.108   133.595   -33.80   22.10
 -25782.447   115.085   -48.88   29.86
 -25403.852    90.907   -63.86   32.16
 -25025.323    73.442   -46.14   21.35
 -24646.860    66.567   -18.17   13.18
 -24268.463    71.316    12.55   17.28
 -23890.132    82.642    29.94   22.39
 -23511.867    94.582    31.57   24.30
 -23133.668   102.654    21.34   22.24
 -22755.535   106.632    10.52   17.30
 -22377.468   105.690    -2.49   11.13
 -21999.466   100.639   -13.36   10.60
 -21621.530    93.880   -17.88   11.84
 -21243.661    89.017   -12.87    9.75
 -20865.856    88.592    -1.12    8.94
 -20488.118    91.154     6.78    8.26
 -20110.445    91.509     0.94    8.46
 -19732.837    85.854   -14.97    9.94
 -19355.296    81.396   -11.81    6.76
 -18977.819    82.917     4.03    7.23
 -18600.409    88.105    13.75    8.34
 -18223.063    94.222    16.21    8.27
 -17845.784   101.739    19.93    8.68
 -17468.569   109.717    21.15    9.77
 -17091.420   115.554    15.48    7.28
 -16714.336   116.234     1.80    5.20
 -16337.318   112.611    -9.61    7.44
 -15960.365   106.699   -15.68    8.80
 -15583.477    99.437   -19.27    9.28
 -15206.654    91.521   -21.01   10.63
 -14829.897    82.614   -23.64   10.41
 -14453.204    77.389   -13.87    7.01
 -14076.577    77.967     1.54    6.65
 -13700.014    83.166    13.81    8.06
 -13323.517    89.779    17.57    7.08
 -12947.085    94.193    11.73    4.86
 -12570.718    96.956     7.34    3.20
 -12194.415    98.452     3.98    3.20
 -11818.178   101.604     8.38    6.29
 -11442.005   109.079    19.87   11.28
 -11065.897   118.779    25.79   14.16
 -10689.854   130.310    30.66   12.21
 -10313.876   137.576    19.33    8.48
  -9937.962   142.538    13.20    5.94
  -9562.114   144.521     5.28    5.68
  -9186.329   144.667     0.39    6.30
  -8810.610   141.634    -8.07    8.07
  -8434.955   134.298   -19.53   13.01
  -8059.364   127.387   -18.40   13.71
  -7683.838   120.931   -17.19    8.86
  -7308.377   118.102    -7.53    6.33
  -6932.980   121.868    10.03    7.97
  -6557.647   126.725    12.94    7.18
  -6182.379   130.354     9.67    5.71
  -5807.175   132.612     6.02    5.31
  -5432.036   133.092     1.28    5.72
  -5056.961   128.720   -11.66   12.66
  -4681.950   114.317   -38.41   23.77
  -4307.003    98.895   -41.13   24.75
  -3932.120    81.855   -45.46   24.77
  -3557.302    64.572   -46.11   23.77
  -3182.548    51.917   -33.77   29.26
  -2807.858    39.342   -33.56   30.37
  -2433.231    28.917   -27.83   29.25
  -2058.669    19.303   -25.67   25.00
  -1684.171    12.265   -18.79   19.94
  -1309.737     6.158   -16.31   13.77
   -935.367     1.867   -11.46    6.78
   -561.060     0.193    -4.47    1.87
   -186.818    -0.158    -0.94    0.00
    187.361    -0.158     0.00    0.00
    561.476    -0.158     0.00    0.00
    935.527    -0.158     0.00    0.00
   1309.514    -0.158     0.00    0.00
   1683.438    -0.158     0.00    0.00
   2057.298    -0.158     0.00    0.00
   2431.095    -0.158     0.00    0.00
   2804.827     0.316     1.27    2.97
   3178.497     3.704     9.07    9.53
   3552.102     6.131     6.50   11.42
   3925.645     9.753     9.70   12.39
   4299.123    12.703     7.90   12.47
   4672.539    23.057    27.73   20.96
   5045.891    32.987    26.60   21.50
   5419.179    43.779    28.91   18.94
   5792.405    53.856    27.00    9.11
   6165.567    56.175     6.22    6.59
   6538.665    58.464     6.13    3.31
   6911.701    60.102     4.39    3.71
   7284.673    60.937     2.24    4.25
   7657.582    46.379   -39.04   25.75
   8030.428    30.856   -41.64   29.98
   8403.211    17.029   -37.09   23.19
   8775.931    11.157   -15.76   17.85
   9148.588    33.392    59.67   48.59
   9521.181    64.664    83.93   66.35
   9893.712   102.777   102.31   80.86
  10266.180   134.615    85.48   77.54
  10638.585   163.627    77.90   67.08
  11010.927   190.671    72.63   35.53
  11383.206   191.267     1.60   22.21
  11755.423   181.735   -25.61   27.55
  12127.576   167.045   -39.47   25.59
  12499.667   158.556   -22.81   20.02
  12871.695   157.634    -2.48   19.89
  13243.661   157.791     0.42   18.69
  13615.563   151.009   -18.24   19.01
  13987.403   146.362   -12.50   20.05
  14359.181   147.417     2.84   26.61
  14730.896   151.487    10.95   31.83
  15102.549   149.462    -5.45   38.64
  15474.139   136.400   -35.15   46.96
  15845.666   116.007   -54.89   48.38
  16217.131   104.521   -30.92   42.37
  16588.534   101.573    -7.94   37.49
  16959.874   109.276    20.74   39.46
  17331.152   116.879    20.48   39.12
  17702.368   125.460    23.12   35.44
  18073.521   132.959    20.20   30.98
  18444.612   146.547    36.62   26.68
  18815.641   151.665    13.79   22.18
  19186.608   142.146   -25.66   33.46
  19557.513   117.751   -65.77   44.36
  19928.355    84.171   -90.55   37.02
  20299.136    59.905   -65.44   21.01
  20669.854    48.530   -30.68   10.44
  21040.511    54.595    16.36   18.75
  21411.105    73.201    50.20   33.87
  21781.637    96.969    64.14   39.69
  22152.108   118.905    59.21   35.21
  22522.517   133.024    38.12   29.92
  22892.863   141.066    21.71   28.16
  23263.148   147.817    18.23   26.39
  23633.371   154.556    18.20   23.33
  24003.533   158.534    10.75   24.52
  24373.632   162.714    11.29   25.53
  24743.670   166.979    11.53   25.80
  25113.646   170.412     9.28   24.75
  25483.561   173.816     9.20   23.16
  25853.414   181.000    19.42   23.04
  26223.205   186.007    13.54   21.96
  26592.935   192.985    18.87   16.98
  26962.604   196.133     8.52   11.78
  27332.210   199.063     7.93   12.09
  27701.756   195.598    -9.37   20.03
  28071.240   189.714   -15.93   29.09
  28440.662   184.673   -13.64   32.51
  28810.023   175.184   -25.69   36.10
  29179.323   162.095   -35.44   41.63
  29548.562   139.650   -60.79   46.56
  29917.739   122.424   -46.66   44.07
  30286.855   108.855   -36.76   37.01
  30655.910   107.855    -2.71   39.69
  31024.904   111.650    10.28   41.13
  31393.836   113.764     5.73   37.68
  31762.707   109.684   -11.06   34.61
  32131.518   108.741    -2.56   33.66
  32500.267   102.535   -16.83   33.95
  32868.955    91.079   -31.07   32.98
  33237.582    76.375   -39.89   32.76
  33606.149    62.201   -38.46   30.96
  33974.654    49.234   -35.19   17.03
  34343.098    44.855   -11.88    9.19
  34711.482    42.815    -5.54    5.23
  35079.805    46.576    10.21    9.30
  35448.067    53.666    19.25   14.27
  35816.268    78.492    67.42   40.78
  36184.408   109.925    85.38   57.29
  36552.488   140.692    83.58   56.22
  36920.507   169.747    78.95   44.98
  37288.465   192.361    61.46   44.82
  37656.362   219.746    74.43   46.19
  38024.200   250.381    83.28   43.54
  38391.976   278.869    77.46   25.32
  38759.692   286.854    21.72   12.67
  39127.347   285.095    -4.78   14.06
  39494.942   278.917   -16.81   19.23
  39862.477   272.626   -17.12   20.08
  40229.951   266.380   -16.99   18.72
  40597.365   251.569   -40.31   32.37
  40964.718   230.517   -57.31   37.60
  41335.549   218.881   -31.38   31.69
  41715.337   221.316     6.41   31.95
  42095.059   243.376    58.09   29.54
  42474.716   263.667    53.44   24.46
  42854.309   277.965    37.67   19.93
  43233.836   287.323    24.66   17.73
  43613.299   294.131    17.94   15.28
  43992.697   298.206    10.74   13.18
  44372.029   301.329     8.23    9.45
  44751.297   300.457    -2.30    8.28
  45130.501   297.141    -8.75   10.68
  45509.639   289.184   -20.99   15.91
  45888.713   277.067   -31.96   20.80
  46267.723   267.655   -24.83   20.35
  46646.667   263.184   -11.80   16.80
  47025.547   264.315     2.99   14.90
  47404.363   267.543     8.52   13.97
  47783.114   274.964    19.59   13.44
  48161.800   279.368    11.63   13.47
  48540.422   284.618    13.87   13.90
  48918.980   290.120    14.53   13.61
  49297.473   297.776    20.23   12.81
  49675.902   306.645    23.43   13.03
  50054.267   316.387    25.75   13.33
  50432.567   325.128    23.10   12.77
  50810.803   334.284    24.21   11.80
  51188.975   338.959    12.36    8.71
  51567.083   339.145     0.49   10.30
  51945.126   334.554   -12.14   14.47
  52323.105   333.442    -2.94   14.15
  52701.021   335.800     6.24   13.98
  53078.872   338.804     7.95   11.90
  53456.659   342.135     8.82    9.17
  53834.382   343.021     2.35    8.76
  54212.041   339.998    -8.01    9.59
  54589.637   337.445    -6.76   10.69
  54967.168   335.817    -4.31    9.90
  55344.636   333.906    -5.06    9.50
  55722.039   331.634    -6.02    9.89
  56099.379   327.908    -9.88    9.75
  56476.656   325.842    -5.48    8.38
  56853.868   327.989     5.69    8.32
  57231.017   334.117    16.25    9.70
  57608.102   341.383    19.27    9.63
  57985.123   347.566    16.40    8.76
  58362.081   351.717    11.01    5.84
  58738.975   351.539    -0.47    5.22
  59115.806   350.682    -2.28    4.75
  59492.573   347.893    -7.40    5.39
  59869.277   343.829   -10.79    6.45
  60245.917   340.496    -8.85    6.65
  60622.494   336.829    -9.74    5.43
  60999.008   335.803    -2.72    4.60
  61375.458   334.777    -2.73    4.17
  61751.845   334.598    -0.47    5.53
  62128.169   333.426    -3.11    7.19
  62504.429   328.959   -11.87   10.51
  62880.626   320.355   -22.87   14.17
  63256.760   309.072   -30.00   14.90
  63632.831   298.092   -29.19   12.27
  64008.839   290.106   -21.24    8.64
  64384.783   286.854    -8.65    6.40
  64760.665   287.396     1.44    7.94
  65136.484   293.180    15.39   11.14
  65512.239   301.734    22.76   12.07
  65887.932   311.037    24.76   11.20
  66263.562   318.050    18.67   11.12
  66639.129   319.624     4.19   11.20
  67014.632   315.881    -9.97   13.38
  67390.074   308.985   -18.37   13.27
  67765.452   302.197   -18.08    9.57
  68140.768   300.224    -5.26    7.31
  68516.020   305.115    13.03   11.42
  68891.211   314.089    23.92   14.56
  69266.338   326.868    34.07   15.64
  69641.403   336.224    24.94   12.76
  70016.405   343.464    19.31    8.74
  70391.345   344.868     3.75    8.03
  70766.222   344.637    -0.62    7.65
  71141.037   343.734    -2.41    6.58
  71515.789   342.442    -3.45    6.06
  71890.479   342.217    -0.60    5.74
  72265.106   341.754    -1.23    6.52
  72639.671   340.558    -3.19    7.39
  73014.174   338.776    -4.76    7.32
  73388.614   337.856    -2.46    6.62
  73762.992   340.180     6.21    7.68
  74137.307   344.695    12.06    8.97
  74511.561   349.329    12.38    8.30
  74885.752   353.335    10.71    7.90
  75259.881   356.741     9.10    7.33
  75633.948   361.735    13.35    7.39
  76007.953   366.285    12.16    7.18
  76381.896   369.960     9.83    5.49
  76755.777   370.686     1.94    5.35
  77129.596   364.663   -16.11   11.55
  77503.353   356.111   -22.88   12.65
  77877.048   347.985   -21.74    9.20
  78250.681   342.634   -14.32    6.65
  78624.252   337.037   -14.98    8.73
  78997.761   332.513   -12.11   10.00
  79371.208   326.829   -15.22    8.58
  79744.594   325.710    -3.00    7.39
  80117.918   330.804    13.64   12.99
  80491.180   338.207    19.83   16.27
  80864.380   348.803    28.39   17.27
  81237.519   355.788    18.72   15.92
  81610.596   357.631     4.94   15.11
  81983.612   356.898    -1.97   14.04
  82356.566   355.197    -4.56   11.16
  82729.458   354.856    -0.92    8.69
  83102.289   354.942     0.23    7.08
  83475.059   356.634     4.54    6.90
  83847.767   359.867     8.67    6.68
  84220.413   361.578     4.59    6.64
  84592.999   364.560     8.00    6.85
  84965.523   369.143    12.30    7.12
  85337.985   373.763    12.40    8.43
  85710.386   380.458    17.98    8.80
  86082.726   386.592    16.47    8.89
  86455.005   390.618    10.81    5.67
  86827.223   391.842     3.29    4.11
  87199.379   391.229    -1.65    4.82
  87571.474   388.969    -6.07    5.35
  87943.508   385.669    -8.87    6.88
  88315.482   383.399    -6.10    6.55
  88687.394   381.829    -4.22    4.66
  89059.245   382.348     1.40    4.78
  89431.035   381.959    -1.05    5.67
  89802.764   381.368    -1.59    6.20
  90174.432   382.375     2.71    7.35
  90546.039   384.335     5.27    7.48
  90917.585   383.011    -3.57    9.06
  91289.071   377.504   -14.82   11.89
  91660.496   370.095   -19.95    9.89
  92031.860   367.575    -6.79    6.98
  92403.163   370.276     7.27    8.30
  92774.405   374.629    11.72    7.11
  93145.587   377.868     8.73    4.82
  93516.708   379.521     4.45    5.14
  93887.769   382.076     6.88    5.69
  94258.769   383.517     3.89    5.05
  94629.708   380.323    -8.61    8.67
  95000.587   375.400   -13.27    9.34
  95371.405   370.974   -11.94    5.90
  95742.163   372.395     3.83    7.48
  96112.860   378.128    15.46    9.59
  96483.497   385.015    18.58   10.64
  96854.074   390.098    13.72   10.38
  97224.590   392.455     6.36   10.07
  97595.046   391.193    -3.41    9.97
  97965.442   387.605    -9.68    9.97
  98335.777   382.250   -14.46   10.12
  98706.052   378.868    -9.13    9.47
  99076.267   379.015     0.40    9.09
  99446.422   382.092     8.31   10.25
  99816.517   384.895     7.57   10.58
 100186.551   387.487     7.00   11.62
 100556.526   390.137     7.16   13.17
 100926.440   393.069     7.92   12.97
 101296.294   395.496     6.56   10.58
 101666.089   396.069     1.55    8.25
 102035.823   392.880    -8.62    6.86
 102405.498   389.829    -8.25    5.51
 102775.112   386.395    -9.29    4.67
 103144.667   383.421    -8.05    5.26
 103514.162   380.602    -7.63    5.40
 103883.597   379.289    -3.55    6.47
 104252.972   379.474     0.50    8.81
 104622.287   379.131    -0.93   10.94
 104991.543   379.413     0.76   11.50
 105360.739   380.487     2.91   10.61
 105729.875   381.829     3.64    8.90
 106098.952   383.261     3.88    7.54
 106467.969   386.621     9.11    6.52
 106836.926   389.500     7.80    6.37
 107205.824   392.777     8.88    6.24
 107574.663   395.539     7.49    5.00
 107943.442   398.329     7.56    3.46
 108312.161   398.985     1.78    3.67
 108680.821   399.167     0.49    3.84
 109049.422   398.974    -0.52    3.76
 109417.963   398.193    -2.12    3.98
 109786.445   397.189    -2.72    5.50
 110154.868   394.145    -8.26    8.43
 110523.231   389.589   -12.37    9.79
 110891.535   383.935   -15.35    9.96
 111259.780   379.935   -10.86    8.93
 111627.965   377.615    -6.30    8.39
 111996.092   376.829    -2.14    8.97
 112364.159   374.421    -6.54    9.89
 112732.167   371.361    -8.31   10.97
 113100.116   367.206   -11.29   11.16
 113468.006   363.803    -9.25   11.06
 113835.837   359.131   -12.70   11.64
 114203.609   354.316   -13.09   11.64
 114571.322   346.263   -21.90   12.32
 114938.976   338.598   -20.85   13.05
 115306.571   330.734   -21.39   10.84
 115674.107   326.521   -11.46   10.15
 116042.429   323.402    -8.47    9.79
 116422.081   321.998    -3.70   11.25
 116801.669   319.842    -5.68   11.83
 117181.194   320.478     1.68   11.21
 117560.656   324.500    10.60   10.04
 117940.055   332.031    19.85   12.71
 118319.390   346.669    38.58   16.96
 118698.663   359.056    32.66   15.09
 119077.872   366.460    19.52    9.20
 119457.018   370.064     9.50    5.72
 119836.101   368.457    -4.24    8.73
 120215.121   364.122   -11.44   11.81
 120594.078   358.556   -14.69   13.97
 120972.973   350.747   -20.61   14.09
 121351.804   342.282   -22.34   11.40
 121730.572   334.920   -19.43    8.36
 122109.278   331.922    -7.92    5.87
 122487.920   331.921    -0.00    7.32
 122866.500   333.220     3.43    8.91
 123245.017   335.276     5.43    9.03
 123623.472   339.328    10.70   10.01
 124001.864   344.500    13.67   11.21
 124380.193   349.639    13.58    9.68
 124758.459   347.712    -5.09   12.12
 125136.663   338.987   -23.07   16.39
 125514.804   328.618   -27.42   13.73
 125892.883   323.215   -14.29    7.19
 126270.899   326.774     9.41   10.91
 126648.853   338.400    30.76   16.72
 127026.744   352.720    37.89   17.92
 127404.573   365.547    33.94   13.48
 127782.340   373.675    21.51    6.10
 128160.044   370.776    -7.67    9.28
 128537.686   363.013   -20.55   12.78
 128915.265   355.109   -20.93   12.96
 129292.782   348.560   -17.34   11.41
 129670.237   349.937     3.65   13.88
 130047.630   355.383    14.43   14.02
 130424.961   359.474    10.84   11.36
 130802.230   360.935     3.87   10.93
 131179.436   360.362    -1.52   11.27
 131556.581   360.439     0.21   10.53
 131933.663   359.991    -1.19    8.69
 132310.683   357.981    -5.33    9.36
 132687.642   354.472    -9.31   10.44
 133064.538   347.684   -18.01   12.77
 133441.373   339.648   -21.32   16.17
 133818.145   328.539   -29.48   19.31
 134194.856   317.166   -30.19   19.35
 134571.505   308.082   -24.12   17.91
 134948.093   298.006   -26.75   13.63
 135324.618   293.102   -13.02   14.07
 135701.082   290.383    -7.22   17.04
 136077.484   294.355    10.55   21.64
 136453.824   301.042    17.77   25.16
 136830.103   302.122     2.87   23.85
 137206.320   294.105   -21.31   24.41
 137582.476   283.883   -27.17   21.88
 137958.570   276.945   -18.45   16.57
 138334.602   274.869    -5.52   15.71
 138710.573   277.304     6.47   19.64
 139086.483   278.011     1.88   21.57
 139462.331   271.250   -17.99   16.38
 139838.118   267.523    -9.92   11.52
 140213.843   264.408    -8.29    7.56
 140589.507   264.828     1.12    5.85
 140965.110   265.989     3.09    6.88
 141340.651   268.491     6.66    9.12
 141716.131   270.962     6.58   12.30
 142091.551   273.802     7.56   16.56
 142466.908   274.829     2.74   17.65
 142842.205   275.562     1.95   18.33
 143217.441   277.309     4.65   20.47
 143592.615   282.408    13.59   25.17
 143967.729   293.018    28.28   30.51
 144342.781   307.582    38.83   33.13
 144717.773   323.572    42.63   34.47
 145092.703   337.906    38.23   33.80
 145467.573   349.207    30.14   31.84
 145842.381   361.042    31.57   29.86
 146217.129   371.687    28.40   31.12
 146591.816   387.658    42.62   28.68
 146966.442   402.185    38.77   23.17
 147341.008   413.562    30.37   13.03
 147715.512   418.687    13.68    6.85
 148089.956   420.322     4.37    8.79
 148464.339   418.261    -5.50   13.09
 148838.662   413.387   -13.02   17.25
 149212.924   402.175   -29.95   23.18
 149587.125   387.291   -39.77   26.31
 149961.266   370.964   -43.63   22.89
 150335.346   360.639   -27.60   19.12
 150709.365   356.004   -12.39   20.26
 151083.324   353.950    -5.49   24.96
 151457.223   350.816    -8.38   26.68
 151831.061   346.682   -11.06   28.08
 152204.839   339.210   -19.99   25.26
 152578.557   333.707   -14.72   23.41
 152952.214   330.909    -7.49   24.30
 153325.811   329.650    -3.37   28.41
 153699.347   329.342    -0.83   32.93
 154072.824   327.293    -5.49   36.48
 154446.240   324.269    -8.10   37.25
 154819.596   319.771   -12.05   40.22
 155192.892   308.566   -30.01   39.72
 155566.127   293.799   -39.56   37.27
 155939.303   277.816   -42.83   30.83
 156312.418   262.120   -42.06   16.85
 156685.474   257.868   -11.40    9.37
 157058.469   265.085    19.35   17.74
 157431.405   280.496    41.32   26.90
 157804.280   299.637    51.33   29.49
 158177.096   321.586    58.87   30.83
 158549.852   341.261    52.78   29.93
 158922.547   361.413    54.06   28.19
 159295.183   382.653    56.99   27.95
 159667.760   403.381    55.63   27.36
 160040.276   420.410    45.70   22.56
 160412.733   431.261    29.13   14.77
 160785.130   436.535    14.16    7.91
 161157.467   434.829    -4.58   10.92
 161529.745   431.242    -9.63   14.54
 161901.963   433.013     4.76   15.43
 162274.121   440.500    20.11   17.65
 162646.220   449.829    25.07   17.06
 163018.259   458.013    22.00   12.51
 163390.239   460.434     6.51    8.13
 163762.159   455.946   -12.07   12.16
 164134.020   447.342   -23.13   16.17
 164505.821   436.569   -28.97   16.65
 164877.563   426.689   -26.57   15.94
 165249.246   418.180   -22.89   13.57
 165620.869   412.938   -14.10   10.01
 165992.433   409.777    -8.51    8.76
 166363.938   408.965    -2.18    9.64
 166735.383   413.322    11.73   11.47
 167106.770   420.175    18.45   13.57
 167478.097   429.131    24.12   12.67
 167849.365   433.899    12.84    9.32
 168220.573   428.122   -15.56   14.59
 168591.723   418.128   -26.92   14.80
 168962.814   413.175   -13.34   10.22
 169333.845   413.628     1.22    9.92
 169704.818   424.171    28.42   15.57
 170075.731   437.018    34.63   15.17
 170446.586   446.592    25.81   12.39
 170817.381   449.701     8.38    8.54
 171188.118   442.682   -18.93   14.01
 171558.796   435.939   -18.19   13.05
 171929.415   433.881    -5.55   12.04
 172299.975   438.911    13.57   14.53
 172670.476   448.082    24.75   12.85
 173040.919   452.924    13.07    8.50
 173411.303   450.688    -6.04   10.82
 173781.628   444.486   -16.75   14.77
 174151.894   438.210   -16.95   15.73
 174522.102   436.031    -5.89   16.53
 174892.251   435.949    -0.22   18.08
 175262.342   438.898     7.97   18.33
 175632.374   437.910    -2.67   16.27
 176002.347   434.952    -7.99   14.02
 176372.263   428.335   -17.88   14.81
 176742.119   420.801   -20.37   16.04
 177111.917   412.527   -22.37   15.40
 177481.657   401.280   -30.41   18.33
 177851.338   393.369   -21.40   19.23
 178220.961   389.541   -10.36   18.93
 178590.525   392.342     7.58   21.28
 178960.032   406.749    38.98   26.92
 179329.480   423.777    46.08   26.70
 179698.869   436.099    33.35   19.58
 180068.201   436.439     0.92   19.19
 180437.474   424.390   -32.63   26.13
 180806.689   407.763   -45.03   24.74
 181175.846   398.732   -24.46   20.99
 181544.945   403.504    12.93   25.78
 181913.986   410.464    18.85   24.59
 182282.968   410.089    -1.02   23.30
 182651.893   408.112    -5.36   24.07
 183020.760   400.673   -20.16   23.17
 183389.569   393.828   -18.56   22.65
 183758.319   381.869   -32.43   26.34
 184127.012   370.417   -31.05   28.94
 184495.647   356.280   -38.34   29.58
 184864.224   343.349   -35.08   28.69
 185232.743   336.102   -19.66   26.56
 185601.205   325.513   -28.73   24.84
 185969.609   313.623   -32.27   24.60
 186337.954   307.171   -17.51   23.83
 186706.243   307.153    -0.05   26.49
 187074.473   310.650     9.50   33.12
 187442.646   313.709     8.31   35.68
 187810.761   313.732     0.06   37.66
 188178.819   316.135     6.53   42.60
 188546.819   311.541   -12.48   44.13
 188914.761   307.465   -11.07   40.82
 189282.646   301.773   -15.47   33.03
 189650.473   302.868     2.97   28.85
 190018.243   308.234    14.59   33.64
 190385.956   322.920    39.93   39.54
 190753.611   335.034    32.94   38.16
 191131.505   347.673    33.44   37.28
 191510.962   357.734    26.51   35.72
 191890.357   354.949    -7.34   46.36
 192269.691   345.450   -25.04   57.10
 192648.963   331.126   -37.76   62.75
 193028.174   320.250   -28.68   61.81
 193407.324   312.453   -20.56   54.95
 193786.412   296.788   -41.32   47.96
 194165.438   285.742   -29.14   39.31
 194544.403   279.842   -15.57   32.81
 194923.307   270.208   -25.42   32.09
 195302.149   255.198   -39.61   35.71
 195680.931   240.212   -39.56   34.16
 196059.651   226.410   -36.44   25.36
 196438.309   218.242   -21.57   16.65
 196816.907   219.828     4.19   18.89
 197195.443   228.301    22.38   28.22
 197573.918   245.239    44.75   39.79
 197952.332   271.295    68.84   47.93
 198330.685   303.480    85.05   45.79
 198708.977   327.737    64.11   44.26
 199087.208   350.053    58.99   40.18
 199465.378   347.374    -7.08   46.78
 199843.487   339.773   -20.10   50.58
 200221.535   322.803   -44.88   52.41
 200599.522   293.761   -76.82   50.51
 200977.449   260.072   -89.13   53.35
 201355.314   224.421   -94.33   40.43
 201733.119   207.828   -43.91   27.26
 202110.863   227.972    53.32   51.52
 202488.546   266.286   101.43   61.00
 202866.168   306.575   106.67   48.76
 203243.730   334.743    74.59   20.97
 203621.231   335.989     3.30   18.60
 203998.671   328.786   -19.08   26.94
 204376.051   318.069   -28.40   36.35
 204753.371   305.198   -34.10   44.49
 205130.629   301.261   -10.43   45.45
 205507.827   302.335     2.85   47.49
 205884.965   311.018    23.02   48.60
 206262.042   309.376    -4.35   45.00
 206639.059   300.267   -24.16   43.20
 207016.016   286.417   -36.73   40.09
 207392.912   271.687   -39.08   33.60
 207769.748   270.269    -3.76   35.18
 208146.523   276.685    17.03   44.35
 208523.238   286.029    24.80   47.24
 208899.893   290.756    12.55   44.20
 209276.488   280.383   -27.54   39.96
 209653.023   269.349   -29.30   29.05
 210029.497   269.282    -0.18   25.57
 210405.911   280.869    30.78   33.89
 210782.265   305.207    64.66   39.19
 211158.560   329.335    64.11   34.53
 211534.794   344.705    40.84   31.04
 211910.968   350.724    16.00   28.79
 212287.082   349.308    -3.76   27.62
 212663.136   351.141     4.87   26.47
 213039.130   354.564     9.10   27.59
 213415.064   366.042    30.53   30.02
 213790.939   375.314    24.66   31.38
 214166.754   387.735    33.05   30.34
 214542.508   396.582    23.54   29.67
 214918.203   401.645    13.47   26.75
 215293.839   402.815     3.11   28.29
 215669.414   403.655     2.24   27.90
 216044.930   407.896    11.29   26.83
 216420.386   413.774    15.65   23.57
 216795.783   421.749    21.24   21.18
 217171.120   424.072     6.19   21.55
 217546.397   421.026    -8.11   25.96
 217921.615   413.910   -18.96   31.21
 218296.774   405.220   -23.16   32.28
 218671.873   400.208   -13.36   31.41
 219046.912   394.518   -15.17   25.68
 219421.892   394.445    -0.19   19.78
 219796.813   393.935    -1.36   14.63
 220171.674   397.248     8.83   12.74
 220546.476   402.722    14.60   13.81
 220921.218   409.713    18.65   15.52
 221295.902   417.938    21.95   17.95
 221670.526   424.786    18.28   18.66
 222045.090   428.856    10.86   17.50
 222419.596   434.259    14.42   15.00
 222794.043   440.937    17.83   16.55
 223168.430   453.247    32.88   19.85
 223542.758   465.445    32.58   18.27
 223917.027   478.112    33.84   20.49
 224291.237   481.993    10.37   27.23
 224665.388   480.143    -4.94   34.22
 225039.480   469.171   -29.33   37.90
 225413.513   457.572   -31.00   27.85
 225787.487   452.363   -13.92   15.87
 226161.403   462.002    25.77   18.96
 226535.259   476.639    39.14   19.28
 226909.056   489.749    35.06   19.87
 227282.795   497.096    19.65   19.43
 227656.475   501.375    11.45   18.03
 228030.096   501.814     1.17   16.44
 228403.658   502.342     1.41   14.26
 228777.162   504.568     5.96   12.94
 229150.607   505.442     2.34   12.99
 229523.993   508.396     7.91   18.03
 229897.321   516.026    20.43   23.86
 230270.590   522.991    18.65   26.30
 230643.800   526.139     8.43   22.73
 231016.952   528.896     7.39   19.77
 231390.046   531.518     7.03   17.72
 231763.081   534.842     8.91   17.08
 232136.057   535.707     2.32   20.77
 232508.975   533.166    -6.81   24.95
 232881.835   529.180   -10.69   22.55
 233254.636   522.789   -17.14   16.04
 233627.379   518.369   -11.86   12.96
 234000.063   510.250   -21.78   14.34
 234372.690   500.564   -25.99   13.22
 234745.258   491.562   -24.16   10.80
 235117.767   485.639   -15.90   10.27
 235490.219   483.655    -5.33   12.51
 235862.612   482.283    -3.68   15.31
 236234.948   479.509    -7.45   15.29
 236607.225   477.313    -5.90   14.51
 236979.444   475.274    -5.47   12.02
 237351.605   475.416     0.38   12.62
 237723.708   477.531     5.68   15.15
 238095.753   478.683     3.09   17.17
 238467.740   471.531   -19.22   19.96
 238839.668   464.828   -18.02   18.26
 239211.540   462.445    -6.41   18.05
 239583.353   468.130    15.29   24.14
 239955.108   474.486    17.09   26.43
 240326.805   482.648    21.95   26.41
 240698.445   487.883    14.08   25.55
 241070.027   497.189    25.04   23.76
 241441.551   503.938    18.16   20.10
 241813.017   509.482    14.92   13.42
 242184.426   508.082    -3.77   14.79
 242555.776   501.762   -17.02   17.87
 242927.070   496.695   -13.64   19.57
 243298.305   487.491   -24.79   23.51
 243669.483   477.965   -25.66   26.45
 244040.604   461.554   -44.21   24.09
 244411.667   450.439   -29.95   18.36
 244782.672   446.034   -11.87   17.21
 245153.620   449.116     8.31   21.82
 245524.510   463.363    38.40   27.48
 245895.343   477.609    38.41   28.59
 246266.119   496.171    50.05   28.61
 246636.837   510.637    39.01   25.80
 247007.498   525.166    39.19   21.82
 247378.102   531.912    18.20   16.88
 247748.648   535.734    10.31   12.46
 248119.137   534.156    -4.26   12.39
 248489.568   526.599   -20.40   15.87
 248859.943   516.291   -27.82   16.21
 249230.260   504.247   -32.52   16.10
 249600.520   493.548   -28.89   14.42
 249970.723   484.518   -24.39   15.61
 250340.869   476.724   -21.05   15.01
 250710.958   469.031   -20.78   17.29
 251080.990   461.651   -19.94   18.48
 251450.965   454.015   -20.63   18.45
 251820.882   447.018   -18.91   16.40
 252190.743   445.722    -3.50   20.58
 252560.547   450.460    12.81   30.22
 252930.294   454.789    11.71   35.72
 253299.984   456.581     4.85   36.75
 253669.617   449.709   -18.59   35.80
 254039.193   444.785   -13.32   29.09
 254408.713   444.109    -1.83   24.83
 254778.175   446.842     7.40   20.90
 255147.581   444.375    -6.68   17.43
 255516.930   442.546    -4.95   21.52
 255886.223   436.215   -17.14   30.25
 256255.459   438.250     5.51   38.83
 256624.638   436.376    -5.08   37.69
 256993.761   440.773    11.91   34.61
 257362.826   447.705    18.78   30.79
 257731.836   457.815    27.39   33.19
 258100.789   465.139    19.85   34.93
 258469.685   471.773    17.98   37.23
 258838.525   475.282     9.51   39.14
 259207.308   472.481    -7.59   37.02
 259576.035   466.082   -17.35   37.68
 259944.706   454.342   -31.84   36.98
 260313.320   443.002   -30.76   35.90
 260681.877   433.148   -26.73   29.02
 261050.379   429.693    -9.37   25.15
 261418.824   419.953   -26.43   23.45
 261787.213   402.328   -47.83   35.25
 262155.545   369.898   -88.03   45.12
 262523.822   340.788   -79.02   43.61
 262892.042   315.814   -67.81   25.82
 263260.206   307.410   -22.82   12.75
 263628.314   314.634    19.62   22.51
 263996.365   330.639    43.48   34.29
 264364.361   349.661    51.68   41.74
 264732.301   361.274    31.55   43.09
 265100.184   365.092    10.37   43.98
 265468.012   364.085    -2.74   39.00
 265843.518   354.939   -24.35   33.32
 266222.849   346.042   -23.45   27.53
 266602.121   341.788   -11.21   24.15
 266981.333   342.761     2.57   30.61
 267360.484   347.247    11.83   36.04
 267739.576   349.705     6.48   36.57
 268118.609   350.202     1.31   30.74
 268497.581   349.250    -2.51   23.84
 268876.493   364.180    39.39   30.49
 269255.346   384.518    53.67   35.07
 269634.139   405.362    55.01   33.86
 270012.872   425.678    53.63   30.88
 270391.546   444.680    50.17   28.71
 270770.160   464.828    53.20   32.77
 271148.714   486.061    56.08   36.28
 271527.209   506.629    54.33   35.06
 271905.644   517.356    28.34   31.41
 272284.020   522.335    13.16   28.49
 272662.336   520.631    -4.50   32.57
 273040.593   518.941    -4.47   33.55
 273418.790   517.786    -3.05   33.62
 273796.928   524.975    19.01   27.08
 274175.006   530.558    14.76   20.07
 274553.025   537.707    18.91   11.49
 274930.985   543.691    15.83   14.08
 275308.886   550.404    17.76   16.96
 275686.727   558.642    21.80   16.24
 276064.509   564.481    15.45   11.85
 276442.231   560.842    -9.63   15.22
 276819.895   551.349   -25.13   20.44
 277197.499   538.092   -35.10   21.87
 277575.044   528.964   -24.17   16.57
