# NaN NaN NaN ;Mean Elev.(m), Avg Gradient(m/km), RMS Gradient(m/km) - SRTM1     
#  175.677   7.408  44.455 ;Mean Elev.(m), Avg Gradient(m/km), RMS Gradient(m/km) - ASTER GDEM
#  153.083   8.596  46.275 ;Mean Elev.(m), Avg Gradient(m/km), RMS Gradient(m/km) - GMTED2010 
  8 114.287509  60.328264   164.622   164.556  3 52478.55701253 27.586
 10 114.284877  60.321489   160.992   161.410  3 52548.55699812 44.796
 11 114.293160  60.332042   158.202   158.202  2 52583.55699612 39.279
 12 114.294423  60.333864   169.455   169.328  3 52618.55697188  4.915
 15 114.291098  60.329243   165.467   165.126  3 52723.55699314  2.497
 18 114.289609  60.326423   160.472   160.286  3 52828.55703446 33.713
 19 114.291752  60.330712   168.765   168.765  2 52863.55708004  8.117
 20 114.292083  60.331913   240.328   236.818  3 52898.55710967  8.612
 21 114.295115  60.335873   161.337   161.445  3 52933.55705525 43.758
 22 114.287689  60.326348   161.743   161.864  3 52968.55706388 35.693
 23 114.288565  60.326430   164.315   164.825  3 53003.55708556 19.946
 27 114.289056  60.324835   168.830   168.937  3 53143.55707275 28.282
 28 114.293393  60.330086   168.844   168.762  3 53178.55709263 42.017
 29 114.289109  60.330948   170.835   170.835  2 53213.55711387 16.110
 30 114.296207  60.334632   166.735   167.092  3 53248.55708365  7.580
 32 114.292449  60.330176   161.133   161.809  3 53318.55707119 30.536
 36 114.289364  60.325988   168.073   168.076  3 53458.55704044  0.712
 37 114.286083  60.323028   166.442   167.931  3 53493.55712537 22.491
 40 114.296438  60.337949   162.504   162.499  3 53598.55707591 27.610
 42 114.287598  60.326690   160.407   160.538  3 53668.55709186 41.510
 43 114.297110  60.336467   161.612   161.085  3 53703.55703518 13.504
 44 114.302369  60.345763   170.284   170.284  2 53738.55694610  1.190
 49 114.285848  60.326270   167.749   165.714  3 53913.55706813 27.936
 50 114.289029  60.325030   159.506   159.470  3 53948.55708058 43.155
 51 114.294909  60.335336   169.097   167.919  3 53983.55702263  9.197
 52 114.287715  60.325833   160.779   160.716  3 54018.55705237 24.842
 54 114.294648  60.336031   164.947   166.179  3 54088.55703786  6.635
 58 114.289555  60.330488   165.643   165.968  3 54228.55701330 46.490
 59 114.291390  60.328847   168.846   168.916  3 54263.55703151 21.115
 60 114.291935  60.330350   161.156   161.156  2 54298.55703609 24.593
 61 114.295927  60.333421   159.601   159.567  3 54333.55702654 18.347
 63 114.293323  60.332312   160.028   159.795  3 54403.55696982 38.756
 65 114.290551  60.329957   159.889   159.688  3 54473.55695544 10.957
 68 114.290212  60.327953   160.151   160.051  3 54578.55693911  5.733
 71 114.293445  60.334238   164.895   164.967  3 54683.55696809 35.212
 73 114.290250  60.328789   166.488   166.488  2 54753.55694008 20.459
 74 114.284784  60.324953   164.947   165.612  3 54788.55690532 21.161
 80 114.290964  60.329128   167.736   167.761  3 54998.55695760 40.273
 81 114.290657  60.326518   165.615   164.988  3 55033.55694577 38.307
 82 114.294883  60.335725   165.495   165.578  3 55068.55693590 29.285
 84 114.290967  60.330912   158.440   158.325  3 55138.55688198 36.445
 85 114.285529  60.324102   164.321   164.279  3 55173.55684167  7.014
 86 114.290001  60.329051   165.999   165.334  3 55208.55687648  2.798
 87 114.287284  60.323369   168.175   167.951  3 55243.55684618  2.589
 89 114.290904  60.327865   160.631   160.479  3 55313.55683334 18.340
 90 114.294324  60.332316   168.627   166.024  3 55348.55684145 24.449
 91 114.286802  60.325695   165.985   165.973  3 55383.55683141 47.121
 92 114.291328  60.328021   161.356   161.386  3 55418.55685966 43.314
 93 114.296966  60.334682   162.107   162.042  3 55453.55684048 19.909
 94 114.298641  60.342069   159.336   159.575  3 55488.55676241 45.118
