# NaN NaN NaN ;Mean Elev.(m), Avg Gradient(m/km), RMS Gradient(m/km) - SRTM1     
#   10.143  -0.415   5.007 ;Mean Elev.(m), Avg Gradient(m/km), RMS Gradient(m/km) - ASTER GDEM
#   21.000  -0.750   9.350 ;Mean Elev.(m), Avg Gradient(m/km), RMS Gradient(m/km) - GMTED2010 
  8    34.879 52499.51643513 38.52 123.560444  66.931455 31.451
  8    30.975 52499.51643577 24.29 123.557014  66.934525 31.451
 10    36.074 52569.51645111 23.20 123.554351  66.924835  9.800
 10    36.054 52569.51645175 22.61 123.550931  66.927905  9.800
 13    36.089 52674.51641143 12.53 123.558942  66.930936  2.447
 13    36.058 52674.51641208 12.41 123.555522  66.934006  2.447
 21    36.211 52954.51648215 21.53 123.553282  66.922213  4.517
 21    35.702 52954.51648280 20.48 123.549852  66.925283  4.517
 22    35.957 52989.51649297 17.09 123.559876  66.929601  3.814
 22    35.691 52989.51649362 16.60 123.556446  66.932671  3.814
 23    35.918 53024.51647514 12.15 123.562822  66.935319  2.066
 23    35.527 53024.51647579 11.57 123.559392  66.938389  2.066
 26    36.183 53129.51648075  6.90 123.556143  66.924464  2.649
 26    35.918 53129.51648139  7.97 123.552723  66.927534  2.649
 29    31.380 53234.51652271 53.79 123.560811  66.936700 33.044
 29    31.286 53234.51652335 53.08 123.557391  66.939770 33.044
 33    35.977 53374.51644974 11.62 123.564166  66.937361  3.456
 33    35.539 53374.51645038 11.55 123.560746  66.940421  3.456
 35    35.877 53444.51647563 10.25 123.562780  66.937786  3.402
 35    35.489 53444.51647627 10.26 123.559350  66.940856  3.402
 38    32.746 53549.51657916 53.22 123.556268  66.926596 35.023
 38    32.791 53549.51657980 54.33 123.552848  66.929666 35.023
 39    35.024 53584.51654240 33.19 123.559352  66.931569 35.291
 39    33.133 53584.51654304 25.59 123.555932  66.934639 35.291
 40    31.898 53619.51649987 32.90 123.562988  66.935827 31.670
 40    32.235 53619.51650052 26.45 123.559568  66.938897 31.670
 41    35.473 53654.51652381 26.49 123.553676  66.922828  6.173
 41    35.303 53654.51652446 25.62 123.550246  66.925898  6.173
 42    35.926 53689.51651961 15.35 123.556786  66.927101  3.309
 42    35.386 53689.51652026 16.09 123.553356  66.930171  3.309
 43    35.865 53724.51644607 12.27 123.563192  66.939150  2.962
 43    35.310 53724.51644671 12.21 123.559772  66.942220  2.962
 44    36.157 53759.51638592 12.19 123.555982  66.923413  3.102
 44    35.744 53759.51638656 11.52 123.552552  66.926483  3.102
 54    36.161 54109.51644744 11.58 123.563764  66.937119  2.422
 54    35.697 54109.51644808 11.12 123.560344  66.940189  2.422
 55    36.034 54144.51643862 10.06 123.551161  66.924950  2.282
 55    35.400 54144.51643927 10.38 123.547741  66.928020  2.282
 56    36.131 54179.51643168  9.30 123.562161  66.933839  1.928
 56    35.892 54179.51643232  9.14 123.558731  66.936909  1.928
 57    36.187 54214.51644606  8.28 123.553683  66.923279  2.159
 57    35.974 54214.51644671  8.25 123.550263  66.926349  2.159
 58    38.792 54249.51647403 35.22 123.555538  66.924743 35.786
 58    38.573 54249.51647467 37.10 123.552118  66.927813 35.786
 61    35.117 54354.51644360 33.81 123.562034  66.934451 31.307
 61    29.899 54354.51644425 24.30 123.558604  66.937521 31.307
 62    28.760 54389.51641948 38.45 123.556886  66.926883 11.251
 62    28.784 54389.51642012 33.80 123.553466  66.929953 16.030
 63    35.678 54424.51639297 12.76 123.558871  66.931476  3.551
 63    35.727 54424.51639361 12.28 123.555441  66.934546  3.551
 64    36.124 54459.51639439 12.24 123.553175  66.922798  3.195
 64    35.788 54459.51639504 11.22 123.549753  66.925866  2.216
 65    35.918 54494.51639793 10.17 123.559718  66.932071  3.685
 65    36.041 54494.51639857  9.84 123.556296  66.935142  1.938
 67    36.358 54564.51640515  8.63 123.562295  66.934353  2.118
 67    36.041 54564.51640580  8.55 123.558865  66.937413  2.118
 71    35.269 54704.51638530 29.62 123.560283  66.934170 29.046
 71    35.460 54704.51638595 20.67 123.556863  66.937240 29.046
 72    31.413 54739.51638290 52.07 123.553064  66.924485 30.075
 72    31.434 54739.51638354 53.16 123.549634  66.927545 30.075
 73    36.021 54774.51636585 16.88 123.559955  66.931758  3.620
 73    35.554 54774.51636649 16.60 123.556535  66.934828  3.620
 77    36.068 54914.51636873  8.83 123.559215  66.934358  2.343
 77    35.930 54914.51636938  8.46 123.555785  66.937418  2.343
 78    29.139 54949.51637217 37.10 123.555178  66.924259 22.035
 78    29.184 54949.51637282 39.56 123.551748  66.927329 22.035
 80    36.410 55019.51639338 24.28 123.558217  66.928440 27.203
 80    36.158 55019.51639402 17.88 123.554797  66.931510 27.203
 82    29.838 55089.51635092 53.66 123.560547  66.934232 34.635
 82    29.665 55089.51635156 52.68 123.557127  66.937302 34.635
 84    36.080 55159.51631111 21.91 123.560237  66.930001  4.388
 84    35.762 55159.51631175 20.62 123.556807  66.933071  4.388
 86    35.897 55229.51631394 13.71 123.559999  66.933087  3.178
 86    35.837 55229.51631458 13.30 123.556569  66.936147  3.178
 88    36.255 55299.51629695 10.32 123.561724  66.933778  2.414
 88    35.813 55299.51629760 10.10 123.558304  66.936848  2.414
 91    35.873 55404.51629706 30.11 123.555604  66.923181 31.996
 91    30.205 55404.51629771 28.48 123.552184  66.926251 31.996
 92    29.179 55439.51629978 50.28 123.558734  66.931724 33.966
 92    29.045 55439.51630043 50.16 123.555304  66.934784 33.966
 93    28.999 55474.51624608 47.69 123.562792  66.935119 20.710
 93    28.881 55474.51624673 47.78 123.559362  66.938189 20.710
