-304916.547   906.178     0.00    2.14
-304547.392   906.644     1.26    2.29
-304178.182   908.252     4.35    4.02
-303808.919   912.613    11.81    8.07
-303439.601   916.463    10.42    8.16
-303070.230   915.685    -2.11    9.77
-302700.804   910.153   -14.97   14.28
-302331.324   900.843   -25.19   16.85
-301961.791   889.871   -29.68   14.41
-301592.203   881.069   -23.81   13.58
-301222.561   871.844   -24.95   14.14
-300852.864   865.399   -17.43   11.37
-300483.114   866.463     2.88   13.18
-300113.309   872.899    17.40   18.80
-299743.450   885.914    35.18   21.65
-299373.536   896.334    28.16   18.71
-299003.569   899.065     7.38   16.03
-298633.547   895.099   -10.71   16.58
-298263.470   890.215   -13.19   15.32
-297893.339   889.276    -2.54   12.98
-297523.154   893.150    10.46   12.99
-297152.915   896.116     8.01   12.31
-296782.620   895.153    -2.60   14.82
-296412.272   884.707   -28.20   21.00
-296041.869   871.116   -36.68   21.75
-295671.411   860.420   -28.86   17.30
-295300.899   861.015     1.60   15.98
-294930.332   871.339    27.85   23.82
-294559.710   893.681    60.27   30.80
-294189.034   912.898    51.83   25.62
-293818.304   927.125    38.36   25.58
-293447.518   928.771     4.44   29.12
-293076.678   924.164   -12.42   33.82
-292705.783   914.271   -26.67   34.84
-292334.833   905.750   -22.96   30.92
-291963.829   902.928    -7.60   26.47
-291592.769   906.065     8.45   23.92
-291221.655   914.099    21.64   22.61
-290850.486   926.039    32.16   24.50
-290479.262   943.350    46.62   26.11
-290107.983   960.094    45.09   25.26
-289736.650   974.885    39.82   19.35
-289365.261   978.125     8.72   20.20
-288993.817   980.650     6.80   24.41
-288622.318   983.469     7.59   24.15
-288250.765   985.407     5.21   23.26
-287879.156   988.139     7.35   24.50
-287507.492   991.393     8.75   24.26
-287135.773   996.218    12.97   25.15
-286763.998  1012.519    43.84   35.62
-286392.169  1026.771    38.32   41.71
-286020.284  1043.097    43.89   44.64
-285648.344  1056.134    35.04   45.53
-285276.349  1062.983    18.41   44.06
-284904.299  1071.604    23.17   44.16
-284532.193  1086.103    38.96   49.95
-284160.032  1103.107    45.68   54.22
-283787.816  1128.995    69.53   65.80
-283415.544  1154.286    67.92   67.39
-283043.217  1178.503    65.03   69.83
-282670.835  1204.742    70.44   66.86
-282298.397  1225.147    54.77   62.11
-281925.903  1255.102    80.40   53.40
-281553.354  1282.280    72.93   49.95
-281180.750  1313.519    83.82   42.12
-280808.090  1334.336    55.85   32.32
-280435.374  1333.871    -1.25   46.89
-280062.603  1307.525   -70.66   73.05
-279689.776  1248.604  -158.00  102.50
-279316.893  1188.364  -161.51  101.87
-278943.955  1130.539  -155.02   69.21
-278570.961  1115.957   -39.09   57.02
-278197.912  1132.613    44.64   71.14
-277824.806  1163.751    83.44   87.05
-277451.645  1174.507    28.82   93.74
-277078.428  1171.604    -7.78   90.42
-276705.155  1164.238   -19.73   71.24
-276331.826  1132.692   -84.48   57.51
-275958.442  1103.752   -77.49   48.79
-275585.001  1089.913   -37.05   39.99
-275211.505  1100.818    29.19   54.72
-274837.952  1134.899    91.21   62.80
-274464.344  1164.558    79.36   62.55
-274090.680  1189.660    67.16   54.22
-273716.959  1203.053    35.83   42.28
-273343.183  1205.247     5.87   31.71
-272969.350  1190.971   -38.18   43.65
-272595.461  1150.831  -107.33   65.11
-272221.516  1103.585  -126.31   75.92
-271847.515  1054.266  -131.84   68.09
-271473.458  1018.813   -94.75   49.29
-271099.344   995.081   -63.42   34.90
-270725.175   989.928   -13.77   38.39
-270350.949   988.348    -4.22   35.88
-269976.666   999.942    30.97   36.37
-269602.328  1024.116    64.56   43.62
-269227.933  1054.348    80.73   39.68
-268853.481  1074.664    54.24   26.91
-268478.973  1086.985    32.89   13.34
-268104.409  1089.012     5.41    9.04
-267729.788  1086.206    -7.49   11.56
-267355.111  1078.505   -20.55   16.91
-266980.377  1064.428   -37.56   19.63
-266605.587  1056.139   -22.11   14.84
-266230.740  1056.759     1.65   13.90
-265855.837  1064.413    20.41   13.84
-265480.877  1071.076    17.77   10.00
-265105.860  1072.457     3.68   10.22
-264730.787  1066.341   -16.30   12.10
-264355.657  1057.655   -23.15   12.49
-263980.470  1046.968   -28.48   14.29
-263605.226  1035.167   -31.44   12.18
-263229.926  1024.585   -28.19   10.64
-262854.569  1015.199   -25.00    9.29
-262479.155  1009.372   -15.52    7.96
-262103.684  1006.336    -8.08    6.10
-261728.156  1007.857     4.05    6.49
-261352.572  1010.872     8.03    7.48
-260976.930  1012.613     4.63    8.82
-260601.232  1009.181    -9.13   14.16
-260225.476  1000.224   -23.83   19.06
-259849.664   984.054   -43.01   25.88
-259473.794   966.310   -47.20   23.10
-259097.867   955.652   -28.34   24.86
-258721.884   950.810   -12.88   22.95
-258345.843   950.167    -1.71   21.92
-257969.745   945.242   -13.09   29.39
-257593.589   943.455    -4.75   37.22
-257217.377   939.317   -11.00   41.93
-256841.107   927.872   -30.41   51.12
-256464.780   908.012   -52.76   63.48
-256088.396   874.553   -88.88   74.73
-255711.955   829.539  -119.55   79.31
-255335.456   775.385  -143.80   80.52
-254958.900   716.482  -156.39   80.99
-254582.286   657.869  -155.60   64.20
-254205.615   615.266  -113.08   43.39
-253828.887   588.420   -71.24   23.87
-253452.101   576.900   -30.57   17.45
-253075.257   570.271   -17.59   16.36
-252698.356   571.092     2.18   20.84
-252321.398   585.414    37.98   35.09
-251944.381   609.667    64.32   52.45
-251567.308   649.832   106.49   59.92
-251190.176   682.728    87.21   56.75
-250812.987   705.284    59.79   50.37
-250435.740   711.134    15.50   46.74
-250058.436   711.061    -0.19   44.19
-249681.074   713.839     7.36   38.84
-249303.654   716.468     6.96   32.26
-248926.176   703.942   -33.18   37.21
-248548.640   681.181   -60.27   45.25
-248171.047   658.858   -59.11   41.16
-247793.396   650.829   -21.26   41.53
-247415.686   654.150     8.79   40.92
-247037.919   673.843    52.12   43.40
-246660.094   700.083    69.43   51.16
-246282.211   733.928    89.55   54.12
-245904.270   758.742    65.64   50.43
-245526.270   784.728    68.73   49.69
-245148.213   799.628    39.40   46.62
-244770.098   820.111    54.16   41.83
-244391.924   837.739    46.60   36.35
-244013.692   859.025    56.27   37.09
-243635.403   882.914    63.14   46.50
-243257.055   915.344    85.70   60.83
-242878.648   927.773    32.84   60.20
-242500.184   914.636   -34.70   70.06
-242121.661   876.178  -101.58   66.67
-241743.079   838.613   -99.20   46.28
-241364.440   807.148   -83.08   28.71
-240985.742   781.820   -66.87   28.27
-240606.986   755.097   -70.54   28.81
-240228.171   732.887   -58.62   29.90
-239849.298   714.928   -47.39   21.98
-239470.366   708.885   -15.94   18.91
-239091.376   713.750    12.83   21.26
-238712.327   720.363    17.44   22.78
-238333.219   730.101    25.68   39.47
-237954.053   737.761    20.20   54.08
-237574.829   745.208    19.63   57.05
-237205.987   749.737    12.28   49.08
-236838.020   739.874   -26.80   39.62
-236469.999   722.060   -48.39   42.16
-236101.923   690.630   -85.37   49.72
-235733.791   659.420   -84.76   45.04
-235365.605   638.509   -56.78   34.23
-234997.364   628.174   -28.06   28.91
-234629.068   619.968   -22.28   32.70
-234260.717   608.319   -31.62   43.57
-233892.311   579.982   -76.90   57.00
-233523.850   544.585   -96.05   54.06
-233155.333   519.511   -68.03   52.43
-232786.762   491.533   -75.89   45.42
-232418.135   464.761   -72.61   39.54
-232049.454   453.012   -31.86   33.72
-231680.717   453.636     1.69   39.08
-231311.925   463.785    27.51   45.30
-230943.077   470.164    17.29   50.89
-230574.175   470.618     1.23   57.20
-230205.217   460.174   -28.30   56.99
-229836.204   450.815   -25.36   56.55
-229467.135   433.833   -46.00   48.24
-229098.011   421.238   -34.12   42.49
-228728.832   404.103   -46.40   28.21
-228359.597   396.136   -21.57   21.32
-227990.307   392.563    -9.67   20.55
-227620.961   394.984     6.55   26.19
-227251.560   403.252    22.38   40.77
-226882.104   414.331    29.98   57.46
-226512.591   424.789    28.30   68.48
-226143.024   441.608    45.50   73.59
-225773.400   455.747    38.24   72.95
-225403.721   479.067    63.07   66.82
-225033.987   505.831    72.37   54.88
-224664.196   532.983    73.41   42.78
-224294.350   550.094    46.26   25.23
-223924.449   553.787     9.98   22.09
-223554.491   546.928   -18.54   26.04
-223184.478   537.428   -25.67   22.16
-222814.409   531.081   -17.15   19.91
-222444.284   526.709   -11.81   19.40
-222074.103   526.414    -0.80   20.05
-221703.867   530.599    11.30   16.54
-221333.574   528.900    -4.59   17.47
-220963.226   514.120   -39.90   30.88
-220592.821   490.181   -64.61   42.83
-220222.361   455.709   -93.04   51.91
-219851.844   421.393   -92.60   55.86
-219481.272   386.393   -94.43   51.52
-219110.643   362.787   -63.68   35.35
-218739.959   355.421   -19.87   26.75
-218369.218   367.646    32.97   43.17
-217998.421   395.626    75.45   53.27
-217627.568   424.766    78.56   49.01
-217256.659   445.414    55.66   40.00
-216885.693   457.251    31.90   35.36
-216514.672   469.714    33.58   28.40
-216143.594   476.222    17.53   22.45
-215772.459   483.554    19.75   15.98
-215401.269   484.751     3.22   14.96
-215030.022   477.981   -18.23   20.20
-214658.718   467.589   -27.98   23.96
-214287.359   451.698   -42.78   26.30
-213915.942   433.116   -50.02   27.23
-213544.470   403.306   -80.23   42.18
-213172.941   365.642  -101.36   51.26
-212801.355   326.887  -104.28   49.61
-212429.713   292.858   -91.55   36.52
-212058.014   272.111   -55.81   27.23
-211686.259   258.477   -36.67   15.79
-211314.447   254.039   -11.93   12.25
-210942.578   262.886    23.79   33.34
-210570.653   279.722    45.26   49.33
-210198.671   291.331    31.20   51.53
-209826.632   290.525    -2.16   44.55
-209454.537   288.831    -4.55   37.23
-209082.384   294.483    15.19   39.90
-208710.175   305.347    29.18   50.75
-208337.909   322.763    46.78   60.99
-207965.587   331.394    23.18   63.78
-207593.207   330.525    -2.33   62.37
-207220.771   319.130   -30.59   56.33
-206848.277   304.266   -39.90   46.47
-206475.727   291.206   -35.05   40.11
-206103.119   279.773   -30.68   32.93
-205730.455   272.213   -20.28   29.65
-205357.733   265.456   -18.13   27.65
-204984.955   262.799    -7.12   23.05
-204612.119   267.761    13.31   31.32
-204239.226   286.171    49.36   44.91
-203866.276   312.761    71.28   54.88
-203493.269   330.955    48.77   51.52
-203120.205   337.914    18.65   48.83
-202747.083   334.279    -9.74   41.26
-202373.905   323.667   -28.43   32.54
-202000.668   324.576     2.43   26.66
-201627.375   334.572    26.77   29.56
-201254.024   353.106    49.63   30.22
-200880.616   371.270    48.64   23.01
-200507.151   379.147    21.09   13.05
-200133.628   373.847   -14.19   16.40
-199760.047   361.476   -33.11   19.62
-199386.409   348.063   -35.89   16.03
-199012.714   341.308   -18.07   10.03
-198638.961   342.339     2.76    9.89
-198265.150   350.642    22.21   14.45
-197891.282   364.154    36.14   19.12
-197517.357   380.604    43.98   19.03
-197143.373   396.779    43.24   18.52
-196769.332   410.710    37.24   15.50
-196395.234   419.495    23.48   10.91
-196021.077   421.336     4.92    8.94
-195646.863   415.081   -16.71   13.65
-195272.591   403.435   -31.11   16.11
-194898.261   391.122   -32.89   15.65
-194523.874   380.164   -29.26   13.39
-194149.428   375.065   -13.62   15.18
-193774.925   372.386    -7.15   19.34
-193400.364   373.497     2.97   23.42
-193025.745   378.733    13.97   24.27
-192651.067   388.885    27.09   24.78
-192276.332   397.311    22.48   20.31
-191901.539   401.871    12.16   15.22
-191526.688   394.130   -20.65   20.13
-191151.778   377.766   -43.64   25.08
-190776.811   357.794   -53.25   28.13
-190401.785   336.295   -57.32   25.45
-190026.702   319.401   -45.03   21.57
-189651.560   309.195   -27.20   20.27
-189276.359   303.955   -13.97   25.33
-188901.101   298.150   -15.47   31.57
-188525.784   288.503   -25.70   31.93
-188150.409   272.692   -42.11   34.49
-187774.976   254.421   -48.66   36.91
-187399.484   233.544   -55.59   33.36
-187023.934   221.139   -33.03   24.19
-186648.326   224.476     8.88   30.65
-186272.659   244.238    52.60   52.45
-185896.934   281.009    97.85   66.43
-185521.150   322.898   111.45   59.02
-185145.307   356.328    88.93   46.88
-184769.406   379.913    62.73   29.68
-184393.447   388.739    23.47   21.24
-184017.429   384.294   -11.82   20.58
-183641.352   368.859   -41.03   26.53
-183265.216   346.969   -58.19   24.08
-182889.022   330.339   -44.20   18.57
-182512.769   318.344   -31.87   15.25
-182136.457   313.448   -13.01   16.21
-181760.087   309.804    -9.68   17.63
-181383.658   311.206     3.72   20.94
-181007.170   311.495     0.77   22.81
-180630.623   315.884    11.65   27.03
-180254.017   318.063     5.78   30.64
-179877.352   317.487    -1.53   32.34
-179500.629   308.401   -24.11   30.25
-179123.846   299.232   -24.33   23.88
-178747.004   294.009   -13.86   19.83
-178370.103   296.747     7.26   19.46
-177993.144   304.161    19.66   23.38
-177616.125   313.407    24.52   28.38
-177239.047   319.270    15.55   30.91
-176861.910   323.229    10.50   29.71
-176484.713   326.400     8.41   24.17
-176107.458   344.252    47.31   33.23
-175730.143   373.478    77.45   39.64
-175352.769   409.009    94.14   45.05
-174975.336   446.560    99.48   39.63
-174597.843   475.157    75.74   33.01
-174220.291   492.407    45.68   23.13
-173842.680   496.818    11.68   20.57
-173465.009   489.733   -18.76   21.68
-173087.279   480.522   -24.38   19.49
-172709.489   468.144   -32.76   16.65
-172331.640   457.581   -27.95   14.42
-171953.731   450.549   -18.60   13.70
-171575.763   445.463   -13.46   16.15
-171197.735   445.184    -0.74   17.27
-170819.648   443.869    -3.48   18.06
-170441.501   442.994    -2.31   16.37
-170063.294   444.125     2.99   14.25
-169685.028   448.288    11.00   15.41
-169306.702   462.261    36.93   23.62
-168928.316   479.603    45.83   27.76
-168549.870   500.051    54.02   29.21
-168171.365   515.174    39.95   29.02
-167792.800   525.288    26.71   25.39
-167414.174   519.178   -16.13   30.22
-167035.489   501.528   -46.60   37.61
-166656.744   477.899   -62.38   32.53
-166277.939   458.194   -52.01   21.82
-165899.074   446.164   -31.75   13.31
-165520.150   439.821   -16.74   12.26
-165141.165   435.791   -10.63   12.67
-164762.120   434.832    -2.53   13.87
-164383.014   435.832     2.64   16.62
-164003.849   440.130    11.34   21.01
-163624.624   443.661     9.31   23.31
-163245.338   448.887    13.78   26.34
-162865.992   449.983     2.89   25.55
-162494.479   451.289     3.52   26.30
-162126.686   447.150   -11.25   24.50
-161758.837   443.608    -9.63   21.96
-161390.932   444.688     2.94   17.89
-161022.971   451.650    18.92   18.95
-160654.953   461.928    27.92   15.74
-160286.878   468.275    17.24    8.95
-159918.748   465.581    -7.32   11.84
-159550.561   455.414   -27.61   15.87
-159182.318   441.477   -37.84   17.83
-158814.018   426.858   -39.69   17.87
-158445.661   411.414   -41.92   16.34
-158077.249   397.706   -37.20   16.24
-157708.779   385.010   -34.45   14.27
-157340.253   376.153   -24.03   12.38
-156971.671   369.671   -17.58    9.61
-156603.032   366.674    -8.13   10.14
-156234.336   366.274    -1.08   11.54
-155865.584   369.576     8.95   14.10
-155496.775   374.488    13.32   19.68
-155127.909   381.153    18.07   22.22
-154758.987   381.541     1.05   25.99
-154390.008   378.956    -7.00   28.28
-154020.972   369.701   -25.08   26.00
-153651.879   362.398   -19.78   24.99
-153282.729   354.954   -20.16   24.03
-152913.522   348.237   -18.19   22.83
-152544.259   339.901   -22.57   19.70
-152174.939   333.089   -18.44   14.75
-151805.561   328.301   -12.96   10.35
-151436.127   328.339     0.10   13.17
-151066.636   331.928     9.71   18.99
-150697.087   336.045    11.14   22.53
-150327.482   340.554    12.20   24.25
-149957.820   342.016     3.95   23.19
-149588.100   347.528    14.91   20.02
-149218.323   353.928    17.31   19.02
-148848.489   370.261    44.16   22.80
-148478.598   387.420    46.38   21.84
-148108.650   400.021    34.06   16.05
-147738.644   403.585     9.63   13.17
-147368.581   391.279   -33.25   27.22
-146998.461   366.271   -67.56   37.62
-146628.284   334.779   -85.06   41.09
-146258.049   302.069   -88.34   34.33
-145887.757   275.544   -71.62   25.82
-145517.407   256.674   -50.95   16.10
-145147.000   249.955   -18.14   10.10
-144776.535   248.636    -3.56    8.89
-144406.013   250.366     4.67    8.57
-144035.434   251.709     3.62    8.63
-143664.797   249.544    -5.84    8.76
-143294.102   249.928     1.03   10.34
-142923.350   253.489     9.61   13.94
-142552.540   265.585    32.62   22.73
-142181.672   285.887    54.73   35.14
-141810.747   316.793    83.31   41.58
-141439.764   346.503    80.08   38.61
-141068.723   377.078    82.39   28.75
-140697.624   393.387    43.94   26.02
-140326.468   402.076    23.41   24.60
-139955.254   403.130     2.84   26.13
-139583.982   401.594    -4.14   24.90
-139212.652   405.873    11.52   23.94
-138841.264   415.301    25.38   24.48
-138469.819   427.037    31.59   19.37
-138098.315   438.468    30.77   15.35
-137726.753   447.387    24.00   13.16
-137355.134   456.568    24.70   12.65
-136983.456   464.421    21.13    9.14
-136611.720   468.520    11.03    6.84
-136239.926   468.706     0.50    9.99
-135868.074   467.467    -3.33   12.42
-135496.164   465.846    -4.36   13.81
-135124.195   467.128     3.45   11.83
-134752.169   469.773     7.11   11.03
-134380.084   472.608     7.62    8.43
-134007.941   472.553    -0.15    6.84
-133635.739   470.887    -4.47    8.37
-133263.480   468.716    -5.83   10.17
-132891.161   471.288     6.91    9.12
-132518.785   472.660     3.69    7.02
-132146.350   468.234   -11.88   12.94
-131773.857   457.238   -29.52   19.45
-131401.305   444.114   -35.22   19.84
-131028.695   437.122   -18.76   15.06
-130656.026   439.681     6.87   16.74
-130283.298   447.818    21.83   14.93
-129910.512   450.117     6.17   13.54
-129537.668   447.333    -7.47   17.15
-129164.765   441.887   -14.60   18.04
-128791.803   441.008    -2.36   17.22
-128418.782   443.834     7.58   16.67
-128045.703   448.728    13.11   15.34
-127672.565   449.128     1.07   16.35
-127299.368   447.024    -5.64   18.75
-126926.112   440.456   -17.59   20.75
-126552.798   434.722   -15.36   19.61
-126179.425   430.051   -12.51   18.49
-125805.993   429.293    -2.03   18.06
-125432.501   428.871    -1.13   17.09
-125058.951   429.252     1.02   14.22
-124685.342   430.339     2.91   10.39
-124311.674   434.362    10.76   10.43
-123937.947   440.398    16.15   11.29
-123564.161   448.554    21.82   12.24
-123190.316   458.266    25.97    9.94
-122816.411   466.181    21.17    9.97
-122442.448   474.202    21.45    9.66
-122068.425   478.059    10.31    8.36
-121694.343   480.928     7.67    6.41
-121320.202   481.309     1.02    6.27
-120946.002   482.549     3.31    6.71
-120571.742   485.266     7.26    5.74
-120197.423   485.847     1.55    5.54
-119823.045   483.157    -7.18    8.48
-119448.607   476.594   -17.53   10.48
-119074.110   469.549   -18.81    8.79
-118699.553   464.322   -13.95    7.00
-118324.937   461.144    -8.48    7.60
-117950.262   459.461    -4.49    8.28
-117575.527   454.984   -11.95   11.70
-117200.732   444.168   -28.86   18.86
-116825.878   429.339   -39.55   24.12
-116450.964   411.599   -47.31   25.36
-116075.991   396.192   -41.08   18.35
-115700.958   386.698   -25.31   16.29
-115325.865   381.998   -12.53   19.89
-114950.712   380.298    -4.53   23.26
-114575.500   377.709    -6.90   22.90
-114200.228   376.695    -2.70   19.07
-113824.896   368.941   -20.66   17.20
-113449.505   360.541   -22.37   18.46
-113074.053   346.901   -36.33   18.88
-112698.542   338.549   -22.24   17.21
-112322.970   331.387   -19.07   18.18
-111947.339   330.065    -3.52   20.79
-111571.647   327.048    -8.03   21.33
-111195.896   324.125    -7.78   20.17
-110820.085   317.288   -18.19   15.78
-110444.213   313.181   -10.92   10.25
-110068.282   311.501    -4.47    8.37
-109692.290   312.491     2.63    9.88
-109316.238   314.616     5.65   10.56
-108940.126   317.886     8.69   13.96
-108563.954   321.744    10.25   19.47
-108187.721   323.874     5.66   20.69
-107811.428   323.198    -1.80   20.20
-107435.075   320.590    -6.93   16.26
-107058.662   318.630    -5.21   11.50
-106682.188   321.099     6.56   11.75
-106305.653   327.279    16.41   14.99
-105929.059   339.088    31.35   19.67
-105552.404   350.857    31.24   19.68
-105175.688   361.234    27.54   19.92
-104798.912   368.884    20.30   17.95
-104422.075   370.501     4.29   19.41
-104045.178   370.313    -0.50   21.43
-103668.220   369.482    -2.21   22.47
-103291.201   369.489     0.02   22.51
-102914.122   367.955    -4.07   18.86
-102536.982   369.408     3.85   14.09
-102159.782   372.728     8.80   14.30
-101782.520   380.887    21.63   18.84
-101405.198   391.325    27.66   24.18
-101027.815   403.306    31.75   26.68
-100650.371   415.872    33.29   25.60
-100272.866   427.874    31.79   21.82
 -99895.301   436.097    21.78   15.17
 -99517.674   439.861     9.97   12.53
 -99139.987   437.497    -6.26   17.47
 -98762.238   438.071     1.52   18.83
 -98384.429   438.873     2.12   21.67
 -98006.558   441.099     5.89   22.62
 -97628.626   440.563    -1.42   25.15
 -97250.634   433.103   -19.73   30.30
 -96872.580   418.577   -38.42   33.97
 -96494.464   404.763   -36.53   32.65
 -96116.288   391.123   -36.07   28.71
 -95738.051   385.206   -15.64   26.38
 -95359.752   379.941   -13.92   21.35
 -94981.392   380.015     0.20   18.68
 -94602.970   379.821    -0.51   15.19
 -94224.487   383.407     9.47   16.52
 -93845.943   389.900    17.15   21.80
 -93467.337   398.509    22.74   25.16
 -93088.670   407.568    23.92   25.91
 -92709.942   416.688    24.08   24.67
 -92331.152   425.311    22.76   23.11
 -91952.300   432.722    19.56   21.01
 -91573.387   441.956    24.37   19.40
 -91194.412   449.796    20.69   15.55
 -90815.375   456.522    17.74   11.07
 -90436.277   460.274     9.90    9.34
 -90057.118   463.640     8.88    8.84
 -89677.896   466.811     8.36    8.93
 -89298.613   470.374     9.39    7.10
 -88919.268   471.022     1.71    5.62
 -88539.861   468.739    -6.02    7.12
 -88160.392   464.252   -11.82   10.59
 -87785.955   459.486   -12.73   13.17
 -87418.340   457.832    -4.50   13.71
 -87050.667   459.704     5.09   13.20
 -86682.937   462.474     7.53   10.58
 -86315.149   463.599     3.06    9.37
 -85947.303   462.171    -3.88   11.62
 -85579.400   459.501    -7.26   12.61
 -85211.438   456.489    -8.18   12.29
 -84843.419   452.428   -11.04   12.24
 -84475.342   449.617    -7.64   11.60
 -84107.208   448.763    -2.32   10.07
 -83739.015   451.501     7.44   12.14
 -83370.764   457.239    15.58   12.39
 -83002.456   458.347     3.01   12.39
 -82634.089   455.322    -8.21   12.05
 -82265.665   452.157    -8.59    8.53
 -81897.182   452.114    -0.12    5.73
 -81528.642   455.181     8.32    7.12
 -81160.043   461.112    16.09    7.98
 -80791.387   466.468    14.53    8.37
 -80422.672   472.603    16.64    9.43
 -80053.899   478.793    16.78    7.85
 -79685.067   482.806    10.88    5.40
 -79316.178   483.576     2.09    4.37
 -78947.230   481.901    -4.54    5.44
 -78578.224   478.021   -10.51    7.27
 -78209.160   473.634   -11.89    8.76
 -77840.037   470.374    -8.83    8.74
 -77470.856   468.336    -5.52    6.91
 -77101.617   466.915    -3.85    5.63
 -76732.319   466.008    -2.46    4.63
 -76362.963   464.248    -4.76    5.56
 -75993.548   461.114    -8.48    6.47
 -75624.074   457.651    -9.37    7.60
 -75254.543   451.728   -16.03   10.48
 -74884.952   444.114   -20.60   14.13
 -74515.303   435.770   -22.57   14.39
 -74145.596   430.301   -14.79   12.56
 -73775.830   425.138   -13.96   13.56
 -73406.005   421.621    -9.51   14.53
 -73036.121   417.204   -11.94   15.68
 -72666.179   416.712    -1.33   15.54
 -72296.178   419.461     7.43   16.60
 -71926.118   423.684    11.41   16.93
 -71555.999   429.033    14.45   14.21
 -71185.821   430.634     4.33   10.78
 -70815.585   429.059    -4.25    9.42
 -70445.290   426.581    -6.69   10.31
 -70074.935   421.862   -12.74   10.66
 -69704.522   416.256   -15.13   12.16
 -69334.050   405.106   -30.10   17.57
 -68963.519   391.368   -37.07   19.90
 -68592.928   375.229   -43.55   19.57
 -68222.279   363.832   -30.75   15.43
 -67851.570   356.901   -18.70    9.65
 -67480.803   357.549     1.75   11.27
 -67109.976   363.486    16.01   17.18
 -66739.090   370.634    19.27   18.83
 -66368.145   380.658    27.02   19.47
 -65997.140   389.969    25.09   18.22
 -65626.077   399.735    26.32   16.96
 -65254.954   411.076    30.56   14.89
 -64883.771   420.787    26.16   14.02
 -64512.530   426.858    16.35   10.62
 -64141.228   426.612    -0.66    9.24
 -63769.868   424.040    -6.92   10.24
 -63398.448   416.559   -20.14   10.67
 -63026.968   410.228   -17.04   10.60
 -62655.429   405.875   -11.71    9.27
 -62283.831   403.871    -5.39    8.21
 -61912.173   408.261    11.81    9.97
 -61540.455   413.442    13.94   10.24
 -61168.678   417.388    10.61    8.65
 -60796.841   419.928     6.83   10.73
 -60424.944   419.794    -0.36   12.09
 -60052.988   417.706    -5.62   13.71
 -59680.971   418.099     1.06   15.35
 -59308.896   415.900    -5.91   16.11
 -58936.760   413.864    -5.47   15.42
 -58564.564   410.736    -8.40   12.44
 -58192.309   408.928    -4.86   10.43
 -57819.994   409.320     1.05    9.09
 -57447.618   410.351     2.77    7.86
 -57075.183   412.954     6.99    7.97
 -56702.688   417.428    12.01    8.18
 -56330.133   424.141    18.02    8.30
 -55957.518   429.387    14.08    8.35
 -55584.842   433.244    10.35    6.70
 -55212.107   435.274     5.45    4.33
 -54839.312   434.770    -1.35    4.51
 -54466.456   430.473   -11.52    8.17
 -54093.540   421.888   -23.02   13.07
 -53720.564   415.270   -17.74   14.11
 -53347.528   407.980   -19.54   12.76
 -52974.431   402.621   -14.36   11.16
 -52601.274   395.590   -18.84    9.78
 -52228.057   388.969   -17.74   10.47
 -51854.779   384.235   -12.68    9.64
 -51481.441   383.763    -1.26   12.92
 -51108.043   388.375    12.35   15.64
 -50734.584   395.164    18.18   15.66
 -50361.065   400.691    14.80   13.39
 -49987.485   406.599    15.81   10.27
 -49613.845   407.781     3.16    8.72
 -49240.144   403.213   -12.22   11.33
 -48866.382   397.568   -15.10   12.09
 -48492.560   392.039   -14.79   13.43
 -48118.677   390.461    -4.22   15.32
 -47744.733   394.103     9.74   18.27
 -47370.729   399.402    14.17   18.63
 -46996.664   406.341    18.55   16.56
 -46622.538   409.746     9.10   14.61
 -46248.352   410.090     0.92   12.87
 -45874.104   407.572    -6.73   10.82
 -45499.796   404.448    -8.35   10.08
 -45125.426   401.154    -8.80    8.90
 -44750.996   401.512     0.96    8.13
 -44376.505   404.368     7.62    6.99
 -44001.953   406.822     6.55    4.43
 -43627.340   405.834    -2.64    4.17
 -43252.665   403.051    -7.43    5.10
 -42877.930   398.833   -11.26    6.94
 -42503.134   393.848   -13.30    8.15
 -42128.276   389.039   -12.83    8.15
 -41753.357   385.994    -8.12    8.52
 -41378.377   383.400    -6.92   10.95
 -41003.336   382.333    -2.85   12.72
 -40628.234   380.817    -4.04   13.66
 -40253.070   377.090    -9.93   12.78
 -39877.845   373.941    -8.39   13.80
 -39502.558   368.966   -13.26   20.12
 -39127.210   361.474   -19.96   26.70
 -38751.801   349.125   -32.89   35.23
 -38376.330   327.691   -57.08   40.22
 -38000.798   310.149   -46.71   36.42
 -37625.204   300.648   -25.29   25.66
 -37249.549   302.954     6.14   26.18
 -36873.832   314.046    29.52   26.07
 -36498.054   321.621    20.16   17.48
 -36122.214   322.642     2.72   14.47
 -35746.312   322.279    -0.97   13.07
 -35370.348   326.611    11.52   13.37
 -34994.323   334.497    20.97    9.77
 -34618.236   338.210     9.87    6.76
 -34242.088   335.206    -7.99   11.21
 -33865.877   322.837   -32.88   19.47
 -33489.605   314.198   -22.96   18.85
 -33113.270   314.638     1.17   20.11
 -32736.874   324.468    26.12   22.03
 -32360.416   335.860    30.26   14.54
 -31983.896   339.850    10.60    9.14
 -31607.314   336.746    -8.24   13.05
 -31230.669   327.401   -24.81   17.26
 -30853.963   317.520   -26.23   18.42
 -30477.195   308.479   -24.00   18.81
 -30100.364   301.274   -19.12   19.11
 -29723.472   300.168    -2.93   19.52
 -29346.517   308.650    22.50   18.33
 -28969.500   313.472    12.79   12.51
 -28592.421   311.803    -4.43   12.73
 -28215.279   306.401   -14.32   13.24
 -27838.075   305.914    -1.29   12.24
 -27460.809   312.901    18.52   15.33
 -27083.480   324.874    31.73   12.32
 -26706.089   331.239    16.86    8.67
 -26328.636   333.473     5.92    5.77
 -25951.120   332.045    -3.78    8.34
 -25573.541   324.967   -18.75   15.25
 -25195.900   313.533   -30.28   21.03
 -24818.196   302.351   -29.61   19.35
 -24440.430   297.684   -12.35   16.41
 -24062.601   305.065    19.53   20.74
 -23684.710   319.969    39.44   16.00
 -23306.756   327.953    21.12    8.96
 -22928.739   326.747    -3.19   11.02
 -22550.659   313.954   -33.84   18.97
 -22172.517   300.568   -35.40   17.45
 -21794.311   289.654   -28.86   17.22
 -21416.043   281.772   -20.84   17.73
 -21037.712   280.967    -2.13   16.20
 -20659.318   280.862    -0.28   13.89
 -20280.861   273.520   -19.40   26.63
 -19902.341   259.723   -36.45   39.78
 -19523.758   227.698   -84.59   56.57
 -19145.112   180.128  -125.63   75.44
 -18766.403   127.456  -139.08   80.44
 -18387.631    77.569  -131.70   58.25
 -18008.796    49.065   -75.24   15.60
 -17629.897    42.123   -18.32   12.67
 -17250.936    40.928    -3.15   13.28
 -16871.911    49.230    21.90   27.26
 -16492.823    77.006    73.27   52.07
 -16113.671   104.586    72.74   53.70
 -15734.456   129.822    66.55   42.44
 -15355.178   130.114     0.77   45.57
 -14975.837   107.646   -59.23   59.24
 -14596.432    76.914   -81.00   56.76
 -14216.963    58.992   -47.23   42.07
 -13837.431    52.650   -16.71   27.74
 -13457.836    71.248    48.99   34.93
 -13080.218   102.701    83.29   44.95
 -12712.788   136.980    93.29   48.85
 -12345.300   176.648   107.94   49.96
 -11977.752   210.914    93.23   42.84
 -11610.145   236.360    69.22   28.30
 -11242.479   240.808    12.10   31.37
 -10874.754   241.366     1.52   36.06
 -10506.970   244.395     8.24   32.09
 -10139.126   255.789    30.97   28.13
  -9771.223   275.265    52.94   25.24
  -9403.261   291.025    42.83   17.20
  -9035.239   298.599    20.58    9.59
  -8667.158   293.859   -12.88   18.32
  -8299.018   268.020   -70.19   40.23
  -7930.818   238.608   -79.88   40.30
  -7562.559   219.072   -53.05   28.09
  -7194.240   216.085    -8.11   24.03
  -6825.862   232.941    45.76   27.06
  -6457.424   252.544    53.21   21.46
  -6088.926   265.851    36.11   19.65
  -5720.369   278.803    35.14   20.13
  -5351.753   290.828    32.62   23.10
  -4983.077   300.136    25.25   22.78
  -4614.341   302.194     5.58   27.20
  -4245.545   297.164   -13.64   35.57
  -3876.689   282.901   -38.67   44.37
  -3507.774   268.914   -37.91   51.06
  -3138.799   254.217   -39.83   52.14
  -2769.764   232.092   -59.95   56.64
  -2400.670   199.191   -89.14   72.07
  -2031.515   148.847  -136.38   92.51
  -1662.301    81.655  -181.99   87.66
  -1293.026    23.657  -157.06   46.56
   -923.692     0.553   -62.56   10.12
   -554.297    -2.072    -7.11    0.00
   -184.842    -2.060     0.03    0.11
    184.672    -0.167     5.12    6.18
    554.247     9.178    25.28   16.88
    923.882    23.554    38.89   24.92
   1293.577    47.278    64.17   27.76
   1663.332    71.536    65.60   25.07
   2033.147   101.928    82.18   34.80
   2403.023   129.901    75.63   36.28
   2772.959   159.556    80.16   34.39
   3142.955   184.901    68.50   24.61
   3513.012   199.828    40.34   14.52
   3883.129   206.821    18.89    7.05
   4253.307   205.569    -3.38    8.90
   4623.544   197.101   -22.87   15.98
   4993.843   185.401   -31.60   18.96
   5364.202   179.298   -16.48   16.53
   5734.621   178.822    -1.28   15.34
   6105.101   184.482    15.28   17.27
   6475.641   192.941    22.83   15.49
   6846.242   201.667    23.55   11.62
   7216.904   210.540    23.94   11.33
   7587.627   217.844    19.70    9.56
   7958.410   221.515     9.90    6.77
   8329.253   223.215     4.58    5.99
   8700.158   223.110    -0.29    6.03
   9071.124   223.188     0.21    5.56
   9442.150   223.112    -0.21    4.07
   9813.237   222.857    -0.69    3.63
  10184.385   223.283     1.15    3.34
  10555.594   223.117    -0.45    3.74
  10926.864   226.178     8.24    7.21
  11298.194   230.844    12.57   10.57
  11669.586   240.171    25.11   17.00
  12041.039   250.025    26.53   18.70
  12412.553   257.565    20.30   17.32
  12784.128   264.117    17.63   13.57
  13155.764   267.283     8.52   12.45
  13527.462   270.688     9.16   11.60
  13899.220   273.941     8.75   12.30
  14271.040   274.476     1.44   12.00
  14642.921   273.564    -2.45   10.82
  15014.863   273.360    -0.55    8.75
  15386.867   272.478    -2.37    6.71
  15758.932   273.955     3.97    5.68
  16131.058   275.573     4.35    5.61
  16503.246   278.617     8.18    4.26
  16875.495   279.787     3.14    3.56
  17247.806   277.538    -6.04    6.30
  17620.178   272.514   -13.49   10.31
  17992.611   261.941   -28.39   13.91
  18365.107   255.123   -18.30   11.05
  18737.663   255.362     0.64   11.57
  19110.282   260.261    13.15   12.73
  19482.962   269.341    24.36    9.28
  19855.704   274.915    14.95    5.45
  20228.507   278.341     9.19    5.04
  20601.372   281.551     8.61    5.56
  20974.299   288.171    17.75    9.10
  21347.288   294.530    17.05   10.96
  21720.339   303.304    23.52   10.44
  22093.451   310.447    19.14    9.10
  22466.626   317.512    18.93    9.00
  22839.862   323.480    15.99    9.00
  23213.161   329.409    15.88    7.83
  23586.521   332.757     8.97    5.44
  23959.943   331.421    -3.58    7.99
  24333.428   327.448   -10.64   10.51
  24706.974   322.796   -12.45    9.84
  25080.583   321.541    -3.36    9.58
  25454.254   322.954     3.78    8.56
  25827.987   325.352     6.42    7.12
  26201.782   327.735     6.38    5.41
  26575.639   329.617     5.03    6.80
  26949.559   334.315    12.57    8.86
  27323.541   340.831    17.42   10.22
  27697.585   345.725    13.09    8.43
  28071.692   349.063     8.92    6.39
  28445.861   347.733    -3.55    9.34
  28820.093   342.274   -14.59   11.73
  29194.387   338.486   -10.12   12.50
  29568.743   336.112    -6.34   11.69
  29943.163   335.300    -2.17    8.89
  30317.644   333.244    -5.49    8.53
  30692.188   328.611   -12.37   10.49
  31066.795   319.941   -23.15   12.22
  31441.465   312.369   -20.21   13.64
  31816.197   299.902   -33.27   18.51
  32190.992   289.171   -28.63   21.42
  32565.850   271.428   -47.34   27.42
  32940.770   252.362   -50.85   24.62
  33315.753   241.772   -28.24   18.92
  33690.800   244.728     7.88   25.83
  34065.909   261.206    43.93   32.39
  34441.081   279.009    47.45   25.92
  34816.315   285.453    17.17   24.36
  35191.613   278.517   -18.48   32.32
  35566.974   260.787   -47.24   37.51
  35942.398   246.081   -39.17   35.16
  36317.885   233.707   -32.95   27.44
  36693.435   231.202    -6.67   27.05
  37069.048   230.082    -2.98   28.79
  37444.725   236.982    18.37   33.00
  37820.464   245.877    23.67   33.70
  38196.267   255.239    24.91   30.69
  38572.133   263.333    21.53   24.87
  38948.063   271.401    21.46   18.87
  39324.056   277.158    15.31   14.34
  39700.112   280.421     8.68   14.78
  40076.231   283.295     7.64   14.13
  40452.414   288.824    14.70   14.61
  40828.660   296.704    20.95   15.81
  41204.970   308.257    30.70   14.99
  41581.344   315.141    18.29   12.02
  41957.781   315.190     0.13   13.92
  42334.281   313.874    -3.50   14.41
  42710.845   314.735     2.29   12.81
  43087.473   316.692     5.19   11.36
  43464.165   317.278     1.56   12.21
  43840.920   315.793    -3.94   15.91
  44217.739   313.915    -4.98   16.37
  44594.622   313.368    -1.45   14.34
  44971.569   314.953     4.21   11.24
  45348.579   317.388     6.46    6.83
  45725.653   317.733     0.91    5.72
  46102.792   316.620    -2.95    5.96
  46479.994   316.054    -1.50    5.48
  46857.260   317.510     3.86    4.91
  47234.590   320.447     7.78    5.43
  47611.985   326.864    17.00    8.98
  47989.443   332.541    15.04    9.04
  48366.965   337.703    13.67    7.08
  48744.552   340.692     7.92    3.63
  49122.203   337.878    -7.45    5.16
  49499.918   332.617   -13.93    7.50
  49877.697   324.572   -21.29   11.35
  50255.541   313.811   -28.48   13.96
  50633.448   305.603   -21.72   12.03
  51011.421   300.746   -12.85    9.24
  51389.457   305.110    11.54   13.68
  51767.558   315.244    26.80   13.75
  52145.724   320.204    13.12    9.39
  52523.954   315.763   -11.74   13.31
  52902.248   306.678   -24.02   16.49
  53280.607   295.343   -29.96   13.80
  53659.031   290.730   -12.19    8.75
  54037.519   293.086     6.22   10.36
  54416.072   298.712    14.86   11.08
  54794.689   306.378    20.25   10.51
  55173.371   311.461    13.42   10.31
  55552.118   313.853     6.31    8.63
  55930.930   316.954     8.19    6.92
  56309.807   318.590     4.32    5.59
  56688.748   318.353    -0.63    5.29
  57067.754   315.478    -7.59    8.31
  57446.826   308.097   -19.47   12.71
  57825.962   300.048   -21.23   12.01
  58205.163   294.103   -15.68    9.53
  58584.429   293.303    -2.11    7.76
  58963.760   294.628     3.49   10.21
  59343.157   295.968     3.53   13.46
  59722.618   293.915    -5.41   14.89
  60102.145   287.282   -17.48   14.43
  60481.736   282.269   -13.21   13.20
  60861.393   278.395   -10.21   11.56
  61241.115   277.723    -1.77   11.55
  61620.903   276.019    -4.49   10.06
  61989.431   275.244    -2.10    8.63
  62356.732   274.161    -2.95    8.44
  62724.094   274.274     0.31    8.82
  63091.516   273.740    -1.45    7.72
  63458.999   273.890     0.41    6.93
  63826.543   273.479    -1.12    8.07
  64194.148   274.248     2.09    7.69
  64561.813   275.244     2.71    8.00
  64929.539   277.440     5.97    6.86
  65297.325   281.034     9.77    4.29
  65665.173   283.428     6.51    3.99
  66033.081   284.746     3.58    4.14
  66401.050   284.915     0.46    5.07
  66769.081   284.768    -0.40    7.21
  67137.172   283.054    -4.66    7.63
  67505.324   282.194    -2.34    6.54
  67873.537   283.528     3.62    7.48
  68241.811   286.435     7.89    9.51
  68610.146   290.840    11.96   10.51
  68978.543   296.352    14.96   10.10
  69347.000   301.551    14.11   10.23
  69715.519   306.174    12.55    9.05
  70084.098   310.765    12.46    7.39
  70452.739   314.563    10.30    5.49
  70821.442   315.490     2.52    6.06
  71190.205   316.441     2.58    7.87
  71559.030   318.890     6.64    8.63
  71927.916   321.037     5.82    8.81
  72296.864   322.837     4.88    7.61
  72665.873   323.914     2.92    7.19
  73034.943   323.029    -2.40    8.28
  73404.075   317.387   -15.28   11.24
  73773.269   311.165   -16.85   12.47
  74142.524   306.434   -12.81   12.43
  74511.840   304.839    -4.32   12.55
  74881.218   303.168    -4.53   13.05
  75250.658   300.785    -6.45   12.20
  75620.159   296.395   -11.88   11.61
  75989.722   292.194   -11.37   10.50
  76359.347   293.048     2.31   12.27
  76729.034   296.840    10.26   15.04
  77098.782   303.594    18.27   16.12
  77468.592   308.333    12.81   15.00
  77838.464   311.499     8.56   11.47
  78208.398   309.889    -4.35    9.44
  78578.394   305.171   -12.75   13.53
  78948.452   301.244   -10.61   12.71
  79318.571   295.901   -14.44   11.32
  79688.753   291.753   -11.21   11.97
  80058.997   289.274    -6.69   14.78
  80429.302   280.333   -24.15   19.62
  80799.670   272.992   -19.82   20.80
  81170.100   264.681   -22.44   17.46
  81540.592   257.655   -18.97   12.99
  81911.147   254.826    -7.63   12.22
  82281.763   255.349     1.41   14.58
  82652.442   254.628    -1.95   15.93
  83023.183   252.008    -7.07   13.96
  83393.987   250.453    -4.19   10.94
  83764.853   252.530     5.60   14.13
  84135.781   264.441    32.11   20.07
  84506.771   277.395    34.92   21.29
  84877.824   286.801    25.35   19.05
  85248.940   290.822    10.84   18.42
  85620.118   289.315    -4.06   20.42
  85991.359   287.599    -4.62   20.85
  86362.662   285.371    -6.00   19.92
  86734.027   287.016     4.43   18.70
  87105.456   288.915     5.11   16.55
  87476.947   290.599     4.53   17.60
  87848.501   287.990    -7.02   18.90
  88220.117   283.033   -13.34   16.35
  88591.796   278.965   -10.95   10.29
  88963.538   277.874    -2.93    9.76
  89335.343   278.206     0.89   10.06
  89707.211   278.785     1.56   10.51
  90079.142   281.257     6.65   11.44
  90451.135   286.848    15.03   13.14
  90823.192   289.890     8.18   13.69
  91195.311   287.887    -5.38   14.78
  91567.494   284.199    -9.91   13.25
  91939.739   280.576    -9.73   10.17
  92312.048   279.798    -2.09    5.29
  92684.420   281.408     4.32    4.85
  93056.855   285.165    10.09    6.42
  93429.353   289.130    10.65    6.75
  93801.914   293.842    12.65    8.94
  94174.539   296.184     6.29   11.42
  94547.227   298.365     5.85   11.24
  94919.978   297.621    -2.00   11.19
  95292.792   294.239    -9.07   10.52
  95665.670   291.766    -6.64   10.51
  96038.612   289.681    -5.59   10.29
  96411.616   286.270    -9.14   10.76
  96784.685   280.115   -16.50   14.68
  97157.816   272.204   -21.20   13.77
  97531.012   266.472   -15.36   11.61
  97904.271   262.649   -10.24    9.67
  98277.593   256.459   -16.58   14.16
  98650.979   245.875   -28.35   17.85
  99024.429   236.478   -25.17   15.63
  99397.943   230.594   -15.75    9.00
  99771.520   231.801     3.23    9.13
 100145.161   237.080    14.13    9.77
 100518.866   242.953    15.72    9.98
 100892.634   250.016    18.90   12.10
 101266.467   258.395    22.42   15.54
 101640.363   271.538    35.15   17.44
 102014.324   277.980    17.23   13.82
 102388.348   274.300    -9.84   17.93
 102762.436   261.290   -34.78   26.92
 103136.589   243.403   -47.81   26.60
 103510.805   228.396   -40.10   16.38
 103885.086   220.624   -20.77    2.88
 104259.431   221.317     1.85    2.43
 104633.839   223.628     6.17    4.11
 105008.313   226.572     7.86    5.75
 105382.850   228.928     6.29    6.32
 105757.451   231.094     5.78    6.21
 106132.117   233.054     5.23    5.92
 106506.848   235.739     7.16    7.63
 106881.642   239.557    10.19   10.33
 107256.501   242.955     9.06   11.98
 107631.425   246.328     9.00   13.21
 108006.413   247.739     3.76   13.27
 108381.465   246.759    -2.61   11.90
 108756.582   247.021     0.70   11.04
 109131.763   246.619    -1.07   10.28
 109507.010   247.665     2.79   10.41
 109882.320   248.590     2.47   10.81
 110257.696   248.454    -0.36   10.31
 110633.136   247.915    -1.44    8.61
 111008.641   247.978     0.17    6.21
 111384.211   249.090     2.96    5.70
 111759.845   252.395     8.80    6.89
 112135.544   256.312    10.43    7.56
 112511.308   259.184     7.64    7.25
 112887.138   260.300     2.97    7.36
 113263.032   261.991     4.50    7.41
 113638.991   264.928     7.81    7.91
 114015.015   269.649    12.56    8.11
 114391.104   274.401    12.64    9.05
 114767.258   279.740    14.19    9.91
 115143.477   283.824    10.86    9.71
 115519.761   286.053     5.92    8.04
 115896.111   286.612     1.49    6.29
 116272.526   286.993     1.01    6.30
 116649.006   284.644    -6.24    7.35
 117025.551   283.434    -3.21    7.38
 117402.162   280.612    -7.49    8.41
 117778.838   275.515   -13.53   10.34
 118155.579   269.123   -16.97   10.69
 118532.386   262.763   -16.88   11.16
 118909.258   254.990   -20.63   13.68
 119286.196   247.966   -18.64   13.45
 119663.199   241.030   -18.40    9.44
 120040.268   237.836    -8.47    5.35
 120417.403   239.697     4.94    6.56
 120794.603   243.890    11.12    6.51
 121171.868   248.178    11.37    5.55
 121549.200   252.168    10.58    6.30
 121926.597   257.578    14.34    7.20
 122304.060   263.114    14.67    8.40
 122681.588   269.533    17.00    9.07
 123059.183   275.874    16.79    7.92
 123436.843   281.215    14.15    6.85
 123814.570   283.980     7.32    9.07
 124192.362   284.409     1.14   12.13
 124570.220   281.642    -7.32   16.10
 124948.144   274.128   -19.89   20.09
 125326.134   265.594   -22.58   20.98
 125704.191   258.434   -18.94   20.96
 126082.313   252.138   -16.65   20.06
 126460.502   247.678   -11.79   17.26
 126838.756   242.459   -13.80   11.86
 127217.077   240.620    -4.86    8.66
 127595.465   240.728     0.28    7.57
 127973.918   240.296    -1.14    5.31
 128352.438   240.178    -0.31    3.21
 128731.024   240.541     0.96    3.46
 129109.677   242.878     6.17    5.47
 129488.396   245.617     7.23    6.39
 129867.181   249.003     8.94    6.14
 130246.033   252.415     9.01    6.09
 130624.952   256.190     9.96    6.73
 131003.937   261.607    14.29    6.83
 131382.988   266.253    12.26    5.77
 131762.107   269.826     9.43    5.04
 132141.292   272.785     7.80    6.19
 132520.543   274.503     4.53    7.10
 132899.862   276.058     4.10    7.39
 133279.247   277.105     2.76    6.23
 133658.699   279.270     5.71    6.18
 134038.218   284.064    12.63    9.20
 134417.803   289.968    15.56   11.19
 134797.456   297.578    20.05   11.71
 135177.176   305.572    21.06    9.34
 135556.962   311.080    14.50    9.64
 135936.816   312.878     4.73   12.09
 136316.737   310.628    -5.92   12.72
 136688.684   307.902    -7.33   12.72
 137055.791   305.765    -5.82   11.37
 137422.960   302.620    -8.57    8.19
 137790.190   299.852    -7.54    6.72
 138157.483   297.118    -7.44    5.07
 138524.838   299.128     5.47    6.91
 138892.256   303.954    13.14    9.64
 139259.735   308.715    12.96    9.48
 139627.277   310.473     4.78    9.61
 139994.881   308.574    -5.17    9.44
 140362.548   304.720   -10.48    6.84
 140730.277   301.653    -8.34    5.82
 141098.068   299.603    -5.57    5.70
 141465.922   299.138    -1.27    5.69
 141833.838   298.847    -0.79    5.34
 142201.816   296.076    -7.53    6.78
 142569.858   289.123   -18.90   11.25
 142937.961   280.053   -24.64   13.11
 143306.128   273.354   -18.20   10.01
 143674.357   274.815     3.97   11.19
 144042.648   280.967    16.70   13.03
 144411.003   287.101    16.65    9.39
 144779.420   289.194     5.68    5.86
 145147.900   286.290    -7.88    6.04
 145516.442   282.184   -11.14    4.43
 145885.048   279.203    -8.09    3.79
 146253.716   276.146    -8.29    4.50
 146622.447   271.628   -12.25    5.76
 146991.241   267.278   -11.80    6.13
 147360.099   262.557   -12.80    5.09
 147729.019   259.864    -7.30    3.11
 148098.002   259.671    -0.52    3.41
 148467.048   260.941     3.44    4.21
 148836.157   264.372     9.30    4.97
 149205.329   267.372     8.13    4.01
 149574.565   269.496     5.75    3.17
 149943.864   271.397     5.15    2.98
 150313.225   272.248     2.31    3.41
 150682.651   272.778     1.43    3.93
 151052.139   273.378     1.62    4.01
 151421.691   274.533     3.13    3.86
 151791.306   275.528     2.69    3.01
 152160.984   276.390     2.33    2.02
 152530.726   277.210     2.22    1.51
 152900.531   276.903    -0.83    2.75
 153270.400   274.295    -7.05    6.36
 153640.333   269.841   -12.04    9.42
 154010.328   262.561   -19.68   10.24
 154380.388   255.953   -17.86    7.72
 154750.511   250.197   -15.55    6.39
 155120.697   245.753   -12.01    5.47
 155490.948   242.735    -8.15    5.00
 155861.262   240.477    -6.10    4.17
 156231.640   239.953    -1.41    2.86
 156602.081   241.372     3.83    4.62
 156972.587   245.772    11.88    6.98
 157343.156   252.103    17.09    7.94
 157713.789   258.863    18.24    7.01
 158084.486   261.570     7.30    6.34
 158455.247   260.517    -2.84    7.88
 158826.072   254.594   -15.97   11.14
 159196.961   244.941   -26.03   10.68
 159567.914   235.978   -24.17   10.62
 159938.931   228.333   -20.61    8.47
 160310.012   223.076   -14.17    6.25
 160681.157   219.421    -9.85    4.47
 161052.367   217.228    -5.91    3.88
 161423.640   216.408    -2.21    3.93
 161794.978   216.792     1.03    4.55
 162166.380   218.312     4.09    4.07
 162537.847   219.794     3.99    4.04
 162909.378   222.071     6.13    7.15
 163280.973   224.565     6.71   10.85
 163652.632   225.032     1.26   13.19
 164024.356   222.281    -7.40   13.26
 164396.145   218.479   -10.23   10.35
 164767.998   217.557    -2.48    6.55
 165139.916   218.980     3.82    5.40
 165511.898   215.065   -10.52   11.54
 165883.945   207.084   -21.46   15.85
 166256.056   199.495   -20.40   15.25
 166628.232   191.082   -22.61    8.50
