# NaN NaN NaN ;Mean Elev.(m), Avg Gradient(m/km), RMS Gradient(m/km) - SRTM1     
#   46.376  -2.899   8.989 ;Mean Elev.(m), Avg Gradient(m/km), RMS Gradient(m/km) - ASTER GDEM
#   34.489  -1.737  11.014 ;Mean Elev.(m), Avg Gradient(m/km), RMS Gradient(m/km) - GMTED2010 
  6    70.695 52438.11814200 19.58 125.827967  64.584045 16.764
  6    67.819 52438.11814265 17.26 125.825067  64.580925 16.764
  6    57.552 52438.11814329 18.70 125.822177  64.577815 16.764
  6    57.664 52438.11814393 22.36 125.819287  64.574705 16.764
  7    69.172 52473.11814202 11.83 125.830148  64.584024  9.580
  7    67.161 52473.11814266 12.09 125.827248  64.580914  9.580
  7    66.091 52473.11814331 13.50 125.824358  64.577794  9.580
  7    57.095 52473.11814395 16.75 125.821468  64.574684  9.580
  8    70.598 52508.11811228 11.10 125.831527  64.584990  8.903
  8    67.575 52508.11811293 11.34 125.828637  64.581880  8.903
  8    66.286 52508.11811357 12.51 125.825737  64.578760  8.903
  8    56.537 52508.11811422 16.56 125.822847  64.575650  8.903
  9    56.221 52543.11809835 15.52 125.844848  64.572910 10.284
  9    57.653 52543.11809899 15.89 125.841958  64.569800 10.284
 10    48.502 52578.11814761 37.87 125.832772  64.582030 12.015
 10    47.953 52578.11814825 37.25 125.829872  64.578920 12.015
 10    48.181 52578.11814890 29.80 125.826982  64.575810 12.015
 10    48.312 52578.11814954 29.62 125.824092  64.572700 12.015
 11    68.299 52613.11811212 17.40 125.826376  64.585559  5.486
 11    67.496 52613.11811276 16.92 125.823485  64.582442  3.731
 11    66.374 52613.11811341 18.56 125.820595  64.579332  3.731
 11    64.726 52613.11811405 18.83 125.817705  64.576222  3.731
 12    68.330 52648.11809497 17.50 125.840964  64.582621  4.572
 12    67.394 52648.11809561 19.56 125.838064  64.579511  4.572
 12    51.998 52648.11809626 20.16 125.835172  64.576396  4.625
 12    64.935 52648.11809690 18.94 125.832282  64.573286  4.625
 12    51.806 52648.11809755 21.51 125.829392  64.570176  4.625
 13    68.038 52683.11807022 16.98 125.835122  64.582539  3.788
 13    67.185 52683.11807087 16.30 125.832232  64.579429  3.788
 13    66.093 52683.11807151 16.83 125.829342  64.576319  3.788
 13    65.093 52683.11807216 16.30 125.826452  64.573199  3.788
 14    67.899 52718.11812708 14.61 125.834596  64.581336  4.860
 14    66.938 52718.11812772 15.23 125.831706  64.578226  4.860
 14    65.656 52718.11812837 16.46 125.828816  64.575106  4.860
 14    64.256 52718.11812901 15.33 125.825926  64.571996  4.860
 15    67.277 52753.11815195  9.31 125.815424  64.584855  5.329
 15    51.771 52753.11815260  9.45 125.812534  64.581735  5.329
 15    51.914 52753.11815324 10.10 125.809644  64.578625  5.329
 16    69.851 52788.11809781 24.51 125.847019  64.580030 26.657
 16    56.712 52788.11809845 27.86 125.844119  64.576920 26.657
 16    57.165 52788.11809910 32.14 125.841229  64.573810 26.657
 16    56.744 52788.11809974 32.84 125.838329  64.570690 26.657
 17    68.608 52823.11816927 16.37 125.844600  64.581602 12.894
 17    67.990 52823.11816991 13.55 125.841713  64.578489 16.099
 17    67.234 52823.11817055 13.19 125.838813  64.575379 16.099
 17    57.109 52823.11817120 17.97 125.835923  64.572269 16.099
 17    57.558 52823.11817184 18.52 125.833033  64.569149 16.099
 18    68.535 52858.11821601 10.40 125.844135  64.581218  8.744
 18    67.612 52858.11821665 11.27 125.841237  64.578105 14.952
 18    66.593 52858.11821729 12.77 125.838347  64.574995 14.952
 18    56.576 52858.11821794 15.64 125.835457  64.571885 14.952
 18    56.846 52858.11821858 21.40 125.832557  64.568765 14.952
 19    55.447 52893.11824790 10.31 125.830578  64.582568  9.558
 19    56.245 52893.11824855 11.55 125.827678  64.579451 13.198
 19    56.696 52893.11824919 13.03 125.824788  64.576341 13.198
 19    57.043 52893.11824984 16.68 125.821898  64.573231 13.198
 20    52.767 52928.11819870 49.46 125.820024  64.585615 15.289
 20    52.561 52928.11819934 49.35 125.817134  64.582505 15.289
 20    52.579 52928.11819999 49.21 125.814244  64.579395 15.289
 21    68.585 52963.11817605 18.34 125.849449  64.579345  4.767
 21    67.723 52963.11817669 18.83 125.846559  64.576235  4.767
 21    52.355 52963.11817734 20.87 125.843659  64.573125  4.767
 21    63.211 52963.11817798 19.62 125.840769  64.570005  4.767
 22    67.841 52998.11821526 11.62 125.829863  64.582460  2.492
 22    67.038 52998.11821591 11.57 125.826973  64.579340  2.492
 22    66.051 52998.11821655 10.83 125.824083  64.576230  2.492
 22    64.874 52998.11821720 10.80 125.821183  64.573120  2.492
 23    67.942 53033.11817049  8.59 125.820580  64.583475  2.289
 23    67.200 53033.11817113  8.58 125.817680  64.580355  2.289
 23    65.991 53033.11817177  9.27 125.814790  64.577245  2.289
 24    68.404 53068.11818323  9.73 125.839662  64.582561  2.471
 24    67.732 53068.11818388  7.90 125.836772  64.579451  2.471
 24    66.780 53068.11818452  7.44 125.833882  64.576331  2.471
 24    66.020 53068.11818517  7.26 125.830992  64.573221  2.471
 24    64.646 53068.11818581  7.90 125.828102  64.570111  2.471
 25    68.103 53103.11817238  7.05 125.818616  64.585167  3.131
 25    67.439 53103.11817302  7.34 125.815726  64.582057  3.131
 25    66.499 53103.11817367  6.98 125.812828  64.578945  2.191
 26    51.680 53138.11818671 32.56 125.844275  64.582795 18.050
 26    51.809 53138.11818735 34.54 125.841385  64.579685 18.050
 26    51.757 53138.11818800 35.13 125.838485  64.576565 18.050
 26    51.578 53138.11818864 33.30 125.835595  64.573455 18.050
 26    51.813 53138.11818929 29.49 125.832705  64.570345 18.050
 27    57.128 53173.11823158 37.69 125.831657  64.577545 25.625
 27    57.195 53173.11823223 41.32 125.828757  64.574435 25.625
 27    57.255 53173.11823287 43.80 125.825867  64.571325 25.625
 28    69.186 53208.11824587 15.64 125.832447  64.584754 12.570
 28    67.856 53208.11824652 10.97 125.829563  64.581647 17.464
 28    66.336 53208.11824716 12.50 125.826663  64.578527 17.464
 28    57.110 53208.11824781 17.58 125.823773  64.575417 17.464
 30    68.329 53278.11818973 13.11 125.846896  64.580275 11.629
 30    55.431 53278.11819038 15.59 125.844006  64.577155 11.629
 30    56.303 53278.11819102 17.15 125.841116  64.574045 11.629
 30    57.031 53278.11819167 17.55 125.838216  64.570935 11.629
 31    67.800 53313.11822017 17.89 125.834305  64.582043  4.683
 31    66.871 53313.11822082 17.90 125.831415  64.578933  4.683
 31    65.918 53313.11822146 17.44 125.828522  64.575817  6.063
 31    64.660 53313.11822210 17.51 125.825632  64.572707  6.063
 32    68.089 53348.11818604  8.66 125.831706  64.581803  3.464
 32    67.202 53348.11818669  9.42 125.828816  64.578693  3.464
 32    66.159 53348.11818733  8.12 125.825922  64.575574  2.103
 32    64.717 53348.11818798  8.16 125.823032  64.572464  2.103
 33    69.015 53383.11815340  6.25 125.847921  64.582148  2.227
 33    68.494 53383.11815404  6.80 125.845021  64.579038  2.227
 33    67.674 53383.11815469  6.70 125.842131  64.575918  2.227
 33    66.860 53383.11815533  6.79 125.839231  64.572808  2.227
 34    68.450 53418.11816499  7.74 125.840878  64.582217  3.427
 34    67.983 53418.11816563  6.20 125.837978  64.579107  3.427
 34    66.963 53418.11816628  5.97 125.835093  64.575990  2.004
 34    66.241 53418.11816692  5.72 125.832193  64.572880  2.004
 34    64.880 53418.11816757  5.97 125.829303  64.569770  2.004
 35    69.451 53453.11816769  5.01 125.852662  64.581028  2.173
 35    68.791 53453.11816833  5.10 125.849762  64.577918  2.173
 35    67.715 53453.11816898  5.60 125.846872  64.574808  2.173
 35    67.251 53453.11816962  5.63 125.843982  64.571688  2.173
 36    51.308 53488.11825289  2.46 125.830562  64.584185  4.423
 36    53.383 53488.11825353  2.16 125.827662  64.581075  4.423
 36    51.749 53488.11825418  3.45 125.824772  64.577965  4.423
 36    52.033 53488.11825482  3.16 125.821882  64.574845  4.423
 37    55.873 53523.11824220 29.60 125.836631  64.582059 18.560
 37    55.885 53523.11824285 30.03 125.833731  64.578949 18.560
 37    56.015 53523.11824349 39.53 125.830843  64.575840 39.199
 37    56.082 53523.11824414 46.37 125.827953  64.572720 39.199
 38    54.859 53558.11826801 26.40 125.826168  64.584286  7.955
 38    55.264 53558.11826865 28.08 125.823267  64.581169 31.454
 38    55.387 53558.11826930 29.31 125.820377  64.578059 31.454
 38    55.763 53558.11826994 32.35 125.817487  64.574949 31.454
 40    68.672 53628.11819642 16.18 125.844531  64.581549 13.263
 40    68.304 53628.11819707 13.11 125.841641  64.578439 13.263
 40    67.105 53628.11819771 13.45 125.838741  64.575329 13.263
 40    65.965 53628.11819836 15.14 125.835851  64.572209 13.263
 40    56.707 53628.11819900 24.10 125.832951  64.569099 13.263
 41    52.429 53663.11822130 40.82 125.834772  64.582935 26.194
 41    52.340 53663.11822195 44.40 125.831882  64.579825 26.194
 41    52.401 53663.11822259 41.50 125.828992  64.576715 26.194
 41    52.140 53663.11822324 40.26 125.826092  64.573595 26.194
 42    67.493 53698.11818411 16.99 125.828286  64.582285  4.338
 42    66.211 53698.11818476 17.31 125.825396  64.579175  4.338
 42    65.197 53698.11818540 17.77 125.822507  64.576065  3.685
 43    68.315 53733.11810615 12.51 125.826691  64.584918  4.212
 43    67.398 53733.11810679 12.48 125.823791  64.581808  4.212
 43    66.254 53733.11810744 12.93 125.820901  64.578698  4.212
 43    64.971 53733.11810808 12.47 125.818015  64.575585  2.575
 44    68.682 53768.11808511  9.34 125.845010  64.582391  2.495
 44    68.238 53768.11808576  9.25 125.842110  64.579281  2.495
 44    67.142 53768.11808640  9.76 125.839220  64.576171  2.495
 44    65.780 53768.11808705  9.95 125.836330  64.573051  2.495
 44    63.948 53768.11808769  9.73 125.833430  64.569941  2.495
 45    68.048 53803.11808374  8.58 125.828686  64.582703  3.302
 45    67.234 53803.11808438  8.46 125.825792  64.579593  2.298
 45    66.167 53803.11808503  9.00 125.822902  64.576473  2.298
 46    68.603 53838.11809858  6.35 125.844527  64.579902  3.261
 46    67.850 53838.11809922  6.76 125.841637  64.576792  3.261
 46    66.957 53838.11809986  6.49 125.838747  64.573672  3.261
 46    64.546 53838.11810051  6.62 125.835845  64.570558  2.199
 47    68.826 53873.11814821 24.32 125.838468  64.582731 13.988
 47    55.237 53873.11814886 26.61 125.835577  64.579615 13.610
 47    54.798 53873.11814950 29.61 125.832677  64.576505 13.610
 47    56.474 53873.11815015 26.97 125.829787  64.573395 13.610
 47    58.371 53873.11815079 25.99 125.826897  64.570285 13.610
 48    57.617 53908.11819168 46.49 125.828528  64.576838 13.715
 48    57.579 53908.11819233 50.60 125.825638  64.573728 13.715
 49    69.260 53943.11821551 11.36 125.825498  64.584437 11.809
 49    68.815 53943.11821616 11.43 125.822608  64.581327 11.809
 49    65.756 53943.11821680 13.99 125.819718  64.578217 11.809
 49    57.715 53943.11821745 22.95 125.816828  64.575107 11.809
 51    68.233 54013.11817687 15.37 125.848610  64.578756  4.883
 51    55.951 54013.11817751 16.30 125.845720  64.575646  4.883
 51    57.135 54013.11817816 17.61 125.842820  64.572526  4.883
 52    67.697 54048.11818572 19.42 125.841487  64.580795  4.758
 52    66.893 54048.11818636 19.03 125.838587  64.577685  4.758
 52    52.594 54048.11818700 19.23 125.835697  64.574575  4.758
 52    64.265 54048.11818765 17.25 125.832807  64.571465  4.758
 52    63.077 54048.11818829 15.78 125.829917  64.568345  4.758
 54    68.740 54118.11810818  9.66 125.821102  64.586340  2.189
 54    67.962 54118.11810882  9.87 125.818212  64.583220  2.189
 54    66.993 54118.11810947  9.87 125.815322  64.580110  2.189
 54    65.429 54118.11811011 10.89 125.812432  64.577000  2.189
 55    68.609 54153.11813198  8.70 125.833517  64.582814  3.783
 55    67.726 54153.11813263  8.33 125.830617  64.579704  3.783
 55    66.694 54153.11813327  7.85 125.827727  64.576594  3.783
 55    65.481 54153.11813391  7.67 125.824837  64.573474  3.783
 57    51.861 54223.11814154 12.92 125.839056  64.583490  4.190
 57    52.038 54223.11814219 14.67 125.836156  64.580380  4.190
 57    52.054 54223.11814283 15.98 125.833266  64.577260  4.190
 57    52.255 54223.11814347 17.06 125.830376  64.574150  4.190
 57    51.895 54223.11814412 17.75 125.827486  64.571040  4.190
 58    58.596 54258.11816355 40.69 125.834252  64.582689 28.014
 58    58.536 54258.11816420 38.57 125.831362  64.579579 28.014
 58    58.498 54258.11816484 37.95 125.828472  64.576469 28.014
 58    58.357 54258.11816548 31.98 125.825572  64.573349 28.014
 59    69.238 54293.11816654 14.00 125.835278  64.581767 16.387
 59    67.627 54293.11816719 13.38 125.832388  64.578657 16.387
 59    57.062 54293.11816783 17.38 125.829498  64.575537 16.387
 59    57.159 54293.11816848 22.82 125.826598  64.572427 16.387
 60    54.153 54328.11816139 40.95 125.833615  64.584530 29.379
 60    53.661 54328.11816204 43.86 125.830715  64.581410 29.379
 60    54.021 54328.11816268 38.05 125.827825  64.578300 29.379
 60    53.885 54328.11816333 42.51 125.824935  64.575190 29.379
 62    52.941 54398.11810124 38.01 125.839628  64.583391 12.060
 62    52.602 54398.11810189 45.01 125.836738  64.580281 12.060
 62    52.829 54398.11810253 42.16 125.833840  64.577165 28.994
 62    52.506 54398.11810318 36.93 125.830950  64.574055 28.994
 62    52.655 54398.11810382 38.89 125.828060  64.570945 28.994
 63    68.350 54433.11805940 11.75 125.827902  64.585043  3.544
 63    67.572 54433.11806005 11.91 125.825012  64.581933  3.544
 63    66.596 54433.11806069 12.07 125.822122  64.578823  3.544
 63    65.358 54433.11806133 12.57 125.819226  64.575711  4.944
 64    68.480 54468.11808383  8.71 125.843229  64.581563  2.983
 64    67.693 54468.11808448  9.14 125.840333  64.578449  3.231
 64    66.696 54468.11808512  9.61 125.837443  64.575339  3.231
 64    65.262 54468.11808577 10.06 125.834553  64.572229  3.231
 64    63.840 54468.11808641  9.78 125.831653  64.569109  3.231
 66    68.906 54538.11809945  7.08 125.834919  64.582691  2.142
 66    68.208 54538.11810009  7.20 125.832029  64.579571  2.142
 66    66.916 54538.11810074  7.28 125.829139  64.576461  2.142
 66    65.512 54538.11810138  8.01 125.826239  64.573351  2.142
 67    69.028 54573.11807673  4.82 125.825321  64.583645  2.070
 67    68.475 54573.11807738  4.72 125.822421  64.580525  2.070
 67    66.994 54573.11807802  4.71 125.819531  64.577415  2.070
 68    58.647 54608.11809311 37.06 125.832188  64.579585 26.042
 68    58.850 54608.11809376 36.10 125.829298  64.576465 26.042
 68    58.496 54608.11809440 35.64 125.826408  64.573355 26.042
 69    56.036 54643.11810092 33.17 125.832544  64.583915 17.456
 69    55.929 54643.11810156 30.26 125.829654  64.580805 17.456
 69    56.103 54643.11810221 29.91 125.826764  64.577695 17.456
 69    56.298 54643.11810285 25.62 125.823864  64.574575 17.456
 70    55.419 54678.11810289 12.29 125.832559  64.582301 13.480
 70    56.694 54678.11810354 12.40 125.829669  64.579191 13.480
 70    57.243 54678.11810418 13.63 125.826779  64.576071 13.480
 70    57.319 54678.11810483 18.00 125.823879  64.572961 13.480
 71    55.645 54713.11805557 43.41 125.825902  64.585676 14.742
 71    55.362 54713.11805622 46.18 125.823006  64.582564 41.030
 71    55.221 54713.11805686 41.20 125.820116  64.579444 41.030
 71    55.530 54713.11805751 37.12 125.817226  64.576334 41.030
 72    67.786 54748.11807220 16.83 125.836299  64.581193 16.998
 72    66.928 54748.11807285 18.24 125.833409  64.578083 16.998
 72    65.461 54748.11807349 19.34 125.830519  64.574973 16.998
 72    56.608 54748.11807414 20.79 125.827629  64.571853 16.998
 73    67.330 54783.11804329 18.49 125.829768  64.581897  6.276
 73    66.262 54783.11804393 19.38 125.826868  64.578787  6.276
 73    64.852 54783.11804458 21.66 125.823978  64.575667  6.276
 74    68.260 54818.11806435 12.06 125.839448  64.582736  3.713
 74    67.443 54818.11806500 13.44 125.836548  64.579626  3.713
 74    66.367 54818.11806564 13.36 125.833658  64.576506  3.713
 74    65.158 54818.11806629 13.20 125.830768  64.573396  3.713
 74    53.486 54818.11806693 15.16 125.827878  64.570286  3.713
 75    68.561 54853.11803979 10.22 125.831412  64.584759  3.064
 75    67.637 54853.11804043 10.60 125.828512  64.581639  3.064
 75    66.881 54853.11804108 10.22 125.825622  64.578529  3.064
 75    65.482 54853.11804172 10.07 125.822732  64.575419  3.064
 76    68.300 54888.11806918  9.46 125.833813  64.583176  2.925
 76    67.440 54888.11806982  9.22 125.830923  64.580056  2.925
 76    66.472 54888.11807047  8.98 125.828033  64.576946  2.925
 76    65.396 54888.11807111  9.28 125.825143  64.573836  2.925
 77    67.852 54923.11804049  5.96 125.818253  64.583668  2.239
 77    66.892 54923.11804114  6.23 125.815353  64.580558  2.239
 77    65.431 54923.11804178  6.39 125.812463  64.577448  2.239
 78    68.882 54958.11806561 24.21 125.838749  64.582841 11.896
 78    68.163 54958.11806626 21.33 125.835859  64.579731 11.896
 78    67.149 54958.11806690 21.12 125.832959  64.576611 11.896
 78    57.545 54958.11806755 22.68 125.830069  64.573501 11.896
 78    57.773 54958.11806819 25.24 125.827179  64.570391 11.896
 79    69.625 54993.11808818 17.47 125.833162  64.584493 22.380
 79    67.789 54993.11808883 17.49 125.830272  64.581383 22.380
 79    57.597 54993.11808947 21.59 125.827382  64.578263 22.380
 79    57.994 54993.11809012 22.31 125.824492  64.575153 22.380
 80    67.700 55028.11807914 12.47 125.830303  64.581755 14.671
 80    66.636 55028.11807978 13.06 125.827413  64.578635 14.671
 80    56.937 55028.11808043 15.36 125.824513  64.575525 14.671
 81    54.224 55063.11807188 49.38 125.828668  64.578328 30.644
 81    54.263 55063.11807252 47.70 125.825768  64.575218 30.644
 81    54.779 55063.11807317 37.00 125.822878  64.572098 30.644
 82    54.666 55098.11801791 36.84 125.818347  64.583968 28.690
 82    54.637 55098.11801856 39.12 125.815457  64.580848 28.690
 82    54.628 55098.11801920 41.88 125.812567  64.577738 28.690
 83    52.628 55133.11801496 37.73 125.837021  64.582111 21.921
 83    52.650 55133.11801561 36.97 125.834131  64.578991 21.921
 83    52.441 55133.11801625 38.60 125.831241  64.575881 21.921
 83    52.663 55133.11801689 40.13 125.828351  64.572771 21.921
 84    68.254 55168.11798003 16.64 125.829868  64.583587  5.581
 84    67.202 55168.11798067 15.65 125.826978  64.580477  5.581
 84    65.945 55168.11798132 15.87 125.824088  64.577367  5.581
 84    64.522 55168.11798196 18.12 125.821198  64.574257  5.581
 85    68.549 55203.11800721 16.50 125.837531  64.582767  4.530
 85    67.473 55203.11800786 13.59 125.834641  64.579657  4.530
 85    66.664 55203.11800850 12.87 125.831751  64.576537  4.530
 85    65.492 55203.11800915 13.41 125.828861  64.573427  4.530
 86    68.056 55238.11798796 12.11 125.825276  64.583782  4.577
 86    67.236 55238.11798860 10.94 125.822386  64.580672  4.577
 86    66.272 55238.11798925 11.16 125.819496  64.577562  4.577
 87    68.440 55273.11800091 14.51 125.833266  64.584056  4.894
 87    67.661 55273.11800155 11.54 125.830376  64.580946  4.894
 87    66.769 55273.11800220 11.40 125.827476  64.577826  4.894
 87    65.708 55273.11800284 10.92 125.824586  64.574716  4.894
 88    52.232 55308.11797007 16.81 125.824584  64.585152  4.654
 88    52.104 55308.11797072 12.53 125.821684  64.582032  4.654
 88    51.732 55308.11797136 14.27 125.818794  64.578922  4.654
 88    51.535 55308.11797201 12.98 125.815904  64.575812  4.654
 89    58.942 55343.11797042 50.14 125.834817  64.581841 38.964
 89    58.832 55343.11797106 50.98 125.831917  64.578731 38.964
 89    58.831 55343.11797171 49.33 125.829027  64.575621 38.964
 89    58.961 55343.11797235 49.75 125.826137  64.572511 38.964
 90    55.507 55378.11796439 36.51 125.830816  64.584593 11.502
 90    55.513 55378.11796503 32.52 125.827926  64.581483 11.502
 90    55.419 55378.11796568 28.86 125.825026  64.578363 11.502
 90    55.487 55378.11796632 24.58 125.822136  64.575253 11.502
 92    68.434 55448.11797815 15.04 125.832338  64.584231 10.994
 92    67.301 55448.11797879 15.70 125.829445  64.581122 11.816
 92    65.906 55448.11797944 16.06 125.826555  64.578002 11.816
 92    56.337 55448.11798008 20.35 125.823665  64.574892 11.816
 93    52.453 55483.11790688 48.87 125.821102  64.585828  8.843
 93    52.673 55483.11790753 44.81 125.818219  64.582716 27.280
 93    52.472 55483.11790817 47.83 125.815319  64.579596 27.280
 93    52.453 55483.11790882 45.52 125.812429  64.576486 27.280
