# NaN NaN NaN ;Mean Elev.(m), Avg Gradient(m/km), RMS Gradient(m/km) - SRTM1     
#    4.678   3.578  21.120 ;Mean Elev.(m), Avg Gradient(m/km), RMS Gradient(m/km) - ASTER GDEM
#   17.000   2.514  27.730 ;Mean Elev.(m), Avg Gradient(m/km), RMS Gradient(m/km) - GMTED2010 
  7 125.470129  69.922527    53.673    26.041  3 52452.50112554 21.844
  8 125.481482  69.924031   112.726   112.726  2 52487.50110639 16.171
  9 125.486587  69.923904   113.244   113.049  3 52522.50107754 17.960
 10 125.467487  69.919662    13.036    10.991  3 52557.50112803 29.285
 11 125.473924  69.922550    16.283    18.860  3 52592.50112469 15.154
 12 125.467476  69.922141    33.656    38.846  3 52627.50104356  6.517
 15 125.485461  69.924494    22.118    22.118  2 52732.50108644  4.805
 16 125.489646  69.923910   114.813   114.813  2 52767.50109510  0.795
 20 125.483611  69.924176   112.682   112.765  3 52907.50120036 19.757
 21 125.466947  69.920138    12.584    12.584  2 52942.50112757 27.092
 27 125.469723  69.921080    15.235    16.303  3 53152.50120706 27.018
 28 125.480712  69.922550   112.639   112.639  2 53187.50119430 11.493
 29 125.482181  69.924451    20.264    20.264  2 53222.50121597 14.110
 30 125.484310  69.925015   112.955   113.024  3 53257.50119192 11.709
 31 125.458842  69.919657    13.026    13.026  2 53292.50121009 41.328
 32 125.480895  69.923295    19.851    19.492  3 53327.50118411 12.817
 38 125.481470  69.921528    81.975    81.975  2 53537.50123261 10.347
 39 125.476728  69.923288    16.825    15.653  3 53572.50123640 17.931
 40 125.490659  69.925896   113.645   113.645  2 53607.50118543 10.454
 42 125.473935  69.921746    13.931    14.926  3 53677.50120488 13.523
 43 125.491378  69.925362    26.233    20.230  3 53712.50113395  8.896
 45 125.482231  69.923495    21.840    21.840  2 53782.50107733  1.611
 48 125.481146  69.923737   112.897   112.897  2 53887.50112226 18.187
 50 125.474592  69.922410   112.276   112.276  2 53957.50118739 12.643
 51 125.458771  69.919347   110.115   110.115  2 53992.50111177  3.163
 52 125.467129  69.920270    11.813    11.711  3 54027.50117451 43.234
 53 125.483217  69.923337    10.438    10.438  2 54062.50116808 19.472
 54 125.489010  69.924444    12.767    11.433  3 54097.50113830 13.925
 58 125.474485  69.922570   111.857   111.994  3 54237.50112981 15.338
 59 125.478526  69.923351   112.423   112.423  2 54272.50114897 14.259
 60 125.475493  69.922466   112.355   112.355  2 54307.50115102 11.236
 61 125.487237  69.924770    18.614    18.859  3 54342.50113079 19.716
 62 125.470749  69.921276   112.035   112.035  2 54377.50108610  3.439
 63 125.479599  69.922860    12.110    12.157  3 54412.50107790 12.880
 69 125.477199  69.923432   112.132   112.132  2 54622.50107965 17.417
 70 125.475453  69.922785   112.216   112.268  3 54657.50108899 12.472
 71 125.482927  69.922830    14.029    14.029  2 54692.50107166 46.844
 72 125.469281  69.920752   111.216   111.354  3 54727.50104167 14.876
 73 125.476787  69.922806    11.299    11.299  2 54762.50104902 35.118
 74 125.463355  69.919696    11.535    11.535  2 54797.50103482 20.391
 80 125.478178  69.922919   112.153   112.105  3 55007.50107036  7.455
 82 125.485306  69.923599   112.909   112.909  2 55077.50103848 18.210
 83 125.470877  69.921553    19.788    19.788  2 55112.50099168 13.254
 84 125.477182  69.922359    11.000    11.009  3 55147.50099292 17.701
 85 125.464811  69.920121    22.415    22.532  3 55182.50097191  8.064
 87 125.468093  69.922032    19.644    20.463  3 55252.50096832  6.226
 90 125.477648  69.923349   112.386   112.386  2 55357.50095629 10.413
 93 125.488493  69.924876    20.677    20.677  2 55462.50093751 12.444
