# NaN NaN NaN ;Mean Elev.(m), Avg Gradient(m/km), RMS Gradient(m/km) - SRTM1     
#    0.054  -2.311  36.820 ;Mean Elev.(m), Avg Gradient(m/km), RMS Gradient(m/km) - ASTER GDEM
#   15.769  -1.188  40.749 ;Mean Elev.(m), Avg Gradient(m/km), RMS Gradient(m/km) - GMTED2010 
 31     7.926 53309.13493289 32.79 126.521494  70.544269  8.480
 31     8.120 53309.13493354 34.72 126.516854  70.541299  8.480
 31     7.691 53309.13493418 32.88 126.512204  70.538329  8.480
 32     5.849 53344.13489941 19.23 126.513364  70.544669  4.554
 32     5.742 53344.13490005 19.35 126.508724  70.541699  4.554
 32     5.825 53344.13490070 19.78 126.504081  70.538728  4.966
 41   139.414 53659.13492148  0.62 126.528029  70.543870  2.991
 41   137.126 53659.13492212  2.14 126.523389  70.540910  2.991
 52     7.553 54044.13489409 23.49 126.531597  70.542327  6.341
 52     7.285 54044.13489473 22.82 126.526947  70.539357  6.341
 79   283.653 54989.13479088  2.26 126.521799  70.545074  2.248
 79   283.718 54989.13479152  0.77 126.517149  70.542104  2.248
 79   283.562 54989.13479216  0.40 126.512509  70.539134  2.248
 83     7.387 55129.13471908 43.52 126.521626  70.543320 25.549
 83     7.415 55129.13471973 41.95 126.516976  70.540350 25.549
 83     7.329 55129.13472037 34.19 126.512336  70.537380 25.549
 84     5.357 55164.13469298 14.95 126.514115  70.544017  3.611
 84     5.373 55164.13469362 15.53 126.509465  70.541047  3.611
 84     4.969 55164.13469427 16.16 126.504825  70.538077  3.611
 89   285.101 55339.13467731  1.03 126.520944  70.544881  3.554
 89   284.928 55339.13467796  0.12 126.516304  70.541911  3.554
 90   180.180 55374.13466938  4.44 126.514495  70.543033  2.818
 90   251.823 55374.13467003  4.09 126.509845  70.540063  2.818
