# NaN NaN NaN ;Mean Elev.(m), Avg Gradient(m/km), RMS Gradient(m/km) - SRTM1     
#   29.018  -1.000   3.292 ;Mean Elev.(m), Avg Gradient(m/km), RMS Gradient(m/km) - ASTER GDEM
#   25.000  -1.239   6.143 ;Mean Elev.(m), Avg Gradient(m/km), RMS Gradient(m/km) - GMTED2010 
  6 124.723439  64.939780    50.190    50.190  2 52441.12206581 51.673
  7 124.726539  64.937938    48.639    48.645  3 52476.12206287 49.395
  8 124.727532  64.936443    48.811    48.811  2 52511.12201551 25.434
  9 124.737504  64.930880    47.266    47.266  2 52546.12203694 53.534
 10 124.729289  64.932920    48.811    48.811  2 52581.12205902 22.992
 12 124.735614  64.930312    49.748    49.748  2 52651.12200614 15.515
 13 124.725438  64.936627    47.461    47.524  3 52686.12199548 14.068
 15 124.719684  64.947358    47.860    47.860  2 52756.12206689 10.717
 19 124.725074  64.937129    47.821    47.821  2 52896.12216319 48.767
 22 124.724324  64.939745    49.233    49.240  3 53001.12213801 11.988
 25 124.720422  64.947252    47.245    47.245  2 53106.12208707  7.597
 26 124.733715  64.932046    46.382    46.382  2 53141.12211690 32.888
 28 124.727366  64.937693    50.549    50.454  3 53211.12216503 22.882
 29 124.725463  64.937478    47.896    47.896  2 53246.12213331 25.055
 30 124.737122  64.933030    51.655    51.655  2 53281.12211891 24.610
 31 124.731572  64.933272    47.515    47.515  2 53316.12213099 25.647
 33 124.736731  64.931055    50.070    50.070  2 53386.12208150 10.122
 34 124.733542  64.933051    50.356    50.356  2 53421.12208476  9.585
 36 124.725978  64.937307    48.323    48.315  3 53491.12217486 23.173
 37 124.732185  64.933996    49.783    49.783  2 53526.12215791 52.373
 38 124.724420  64.942410    49.043    49.043  2 53561.12218498 39.374
 39 124.726598  64.937340    47.687    47.687  2 53596.12212461 46.703
 40 124.735970  64.930887    48.537    48.537  2 53631.12211964 51.977
 41 124.726883  64.935870    46.204    46.204  2 53666.12214209 27.555
 42 124.725501  64.934117    50.513    50.513  2 53701.12209357 14.215
 43 124.724169  64.943217    48.905    48.905  2 53736.12200222 12.913
 44 124.736313  64.931976    49.198    49.198  2 53771.12200774 11.291
 45 124.723645  64.936883    50.453    50.460  3 53806.12199875  9.652
 48 124.725941  64.934232    51.065    51.065  2 53911.12211522 25.403
 49 124.724130  64.942715    48.439    48.439  2 53946.12213210 24.021
 52 124.735996  64.932746    50.546    50.546  2 54051.12210044 16.711
 53 124.726185  64.936906    48.810    49.551  3 54086.12209210 14.664
 55 124.727974  64.934676    49.894    49.894  2 54156.12205155  8.850
 57 124.729879  64.933563    48.531    48.531  2 54226.12206286 18.050
 58 124.729840  64.934122    51.735    51.735  2 54261.12208260 28.281
 59 124.727916  64.934111    51.028    51.028  2 54296.12208707 22.276
 60 124.726219  64.936873    47.540    47.644  3 54331.12207836 33.214
 62 124.728030  64.933573    48.188    48.188  2 54401.12202102 21.753
 63 124.724917  64.941714    45.677    45.677  2 54436.12197696 17.862
 64 124.734254  64.930665    48.071    48.071  2 54471.12200560 14.313
 65 124.724580  64.942339    47.381    47.381  2 54506.12198974 10.979
 67 124.722379  64.941088    49.002    49.002  2 54576.12199140  7.450
 68 124.728651  64.935003    51.519    51.519  2 54611.12201140 48.658
 70 124.726945  64.936554    50.567    50.448  3 54681.12201966 21.606
 71 124.723186  64.942654    49.684    49.684  2 54716.12196819 21.669
 72 124.732028  64.933844    47.694    47.694  2 54751.12199137 47.976
 73 124.724489  64.939274    46.982    46.911  3 54786.12195834 19.083
 75 124.724860  64.937832    47.541    47.541  2 54856.12195472 11.710
 76 124.727386  64.937787    47.490    47.385  3 54891.12198797 10.347
 79 124.726835  64.936725    51.084    51.084  2 54996.12200790 25.419
 80 124.727217  64.936003    48.920    48.917  3 55031.12199776 54.173
 81 124.726305  64.937464    50.080    50.080  2 55066.12198729 19.759
 84 124.723387  64.939544    47.670    47.670  2 55171.12189544 18.953
 85 124.731847  64.933546    50.588    50.588  2 55206.12192717 15.951
 86 124.722949  64.942503    47.628    47.628  2 55241.12190077 12.883
 87 124.726226  64.937358    48.019    47.821  3 55276.12192061 11.835
 89 124.726639  64.933757    51.606    51.606  2 55346.12189044 51.777
 90 124.725008  64.937394    50.427    50.427  2 55381.12188248 19.277
 91 124.733057  64.932930    48.100    48.100  2 55416.12190976 51.495
 92 124.725278  64.938693    48.103    48.093  3 55451.12189320 46.646
