# NaN NaN NaN ;Mean Elev.(m), Avg Gradient(m/km), RMS Gradient(m/km) - SRTM1     
#   15.534  -0.853   4.188 ;Mean Elev.(m), Avg Gradient(m/km), RMS Gradient(m/km) - ASTER GDEM
#   21.406  -1.074   6.824 ;Mean Elev.(m), Avg Gradient(m/km), RMS Gradient(m/km) - GMTED2010 
  7    11.910 52447.12969959 24.80 123.576530  66.632883 20.729
  7    11.750 52447.12970024 20.60 123.573180  66.629813 20.729
  7    11.224 52447.12970088 19.76 123.569830  66.626733 20.729
  7    11.409 52447.12970153 17.94 123.566490  66.623663 20.729
  7    11.132 52447.12970217 16.42 123.563140  66.620583 20.729
  7    10.978 52447.12970282 15.62 123.559800  66.617513 20.729
  7    11.054 52447.12970346 15.09 123.556450  66.614433 20.729
  7    11.079 52447.12970411 14.54 123.553108  66.611359  4.296
  7    11.079 52447.12970475 14.18 123.549768  66.608279  4.296
  7    11.133 52447.12970540 14.08 123.546428  66.605199  4.296
  7    11.364 52447.12970604 13.41 123.543088  66.602129  4.296
  7    11.416 52447.12970669 13.06 123.539748  66.599049  4.296
  7    11.718 52447.12970733 12.53 123.536408  66.595979  4.296
  7    11.370 52447.12970798 12.42 123.533068  66.592899  4.296
  7    11.247 52447.12970862 12.28 123.529728  66.589819  4.296
  7    11.421 52447.12970926 12.06 123.526388  66.586749  4.296
  7    11.458 52447.12970991 12.34 123.523058  66.583669  4.296
  7    11.775 52447.12971055 12.68 123.519718  66.580589  4.296
  7    11.557 52447.12971120 13.10 123.516388  66.577509  4.296
  8    36.366 52482.12968968 19.47 123.575970  66.632297 20.332
  8    37.052 52482.12969032 15.83 123.572620  66.629227 20.332
  8    36.023 52482.12969097 15.91 123.569270  66.626147 20.332
  8    36.332 52482.12969161 14.68 123.565930  66.623067 20.332
  8    35.585 52482.12969226 17.85 123.562580  66.619997 20.332
  8    35.089 52482.12969290 16.11 123.559240  66.616917 20.332
  8    33.981 52482.12969355 14.61 123.555900  66.613837 20.332
  8    33.153 52482.12969419 15.21 123.552560  66.610767 20.332
  8    33.011 52482.12969484 15.41 123.549220  66.607687 20.332
  8    32.940 52482.12969548 15.50 123.545870  66.604617 20.332
  8    32.990 52482.12969613 15.50 123.542536  66.601537 19.241
  8    32.949 52482.12969677 16.55 123.539196  66.598457 19.241
  8    32.866 52482.12969742 17.93 123.535856  66.595387 19.241
  8    32.973 52482.12969806 17.06 123.532516  66.592307 19.241
  8    32.937 52482.12969871 17.72 123.529186  66.589227 19.241
  8    32.985 52482.12969935 18.47 123.525846  66.586157 19.241
  8    33.286 52482.12969999 20.25 123.522516  66.583077 19.241
  8    33.468 52482.12970064 22.94 123.519176  66.579997 19.241
  9    36.262 52517.12964420 21.34 123.575085  66.632991 27.201
  9    37.788 52517.12964484 17.09 123.571745  66.629911 27.201
  9    34.811 52517.12964549 19.03 123.568400  66.626838 13.337
  9    30.156 52517.12964613 23.25 123.565050  66.623758 13.337
  9    30.221 52517.12964678 29.33 123.561710  66.620678 13.337
  9    30.232 52517.12964742 35.50 123.558370  66.617608 13.337
  9    30.152 52517.12964807 36.12 123.555030  66.614528 13.337
  9    30.294 52517.12964871 34.74 123.551680  66.611458 13.337
  9    30.138 52517.12964936 28.41 123.548340  66.608378 13.337
  9    29.900 52517.12965000 22.89 123.545000  66.605298 13.337
  9    29.554 52517.12965065 20.42 123.541670  66.602228 13.337
  9    29.536 52517.12965129 19.00 123.538330  66.599148 13.337
  9    29.421 52517.12965193 19.64 123.534990  66.596068 13.337
  9    28.601 52517.12965258 21.24 123.531660  66.592988 13.337
  9    29.190 52517.12965322 20.24 123.528320  66.589918 13.337
  9    29.972 52517.12965387 19.85 123.524990  66.586838 13.337
  9    30.361 52517.12965451 20.14 123.521650  66.583758 13.337
  9    30.846 52517.12965516 21.28 123.518320  66.580688 13.337
  9    30.863 52517.12965580 24.42 123.514980  66.577608 13.337
 10    30.659 52552.12969397 45.40 123.584343  66.626270 18.745
 10    30.549 52552.12969461 51.96 123.580993  66.623200 18.745
 10    30.421 52552.12969526 52.53 123.577643  66.620120 18.745
 10    30.600 52552.12969654 52.26 123.570953  66.613970 18.745
 10    30.599 52552.12969719 51.18 123.567613  66.610890 18.745
 10    30.655 52552.12969783 50.83 123.564272  66.607811 45.414
 10    30.646 52552.12969848 53.42 123.560922  66.604741 45.414
 10    30.632 52552.12969912 51.67 123.557582  66.601661 45.414
 10    30.687 52552.12969977 52.59 123.554242  66.598591 45.414
 10    30.754 52552.12970041 52.77 123.550902  66.595511 45.414
 10    30.767 52552.12970106 52.05 123.547562  66.592431 45.414
 10    30.790 52552.12970170 51.07 123.544222  66.589361 45.414
 10    30.719 52552.12970235 53.48 123.540882  66.586281 45.414
 10    30.743 52552.12970299 53.47 123.537542  66.583201 45.414
 10    30.882 52552.12970364 50.56 123.534212  66.580131 45.414
 10    30.944 52552.12970428 51.56 123.530872  66.577051 45.414
 10    30.920 52552.12970493 50.13 123.527542  66.573971 45.414
 10    30.911 52552.12970557 52.47 123.524202  66.570901 45.414
 10    30.904 52552.12970621 48.44 123.520872  66.567821 45.414
 11    28.900 52587.12967000 20.93 123.581270  66.628908  6.239
 11    29.303 52587.12967064 20.16 123.577930  66.625828  6.239
 11    29.176 52587.12967129 21.83 123.574580  66.622758  6.239
 11    29.065 52587.12967258 22.82 123.567890  66.616608  6.239
 11    29.408 52587.12967322 22.38 123.564550  66.613528  6.239
 11    29.362 52587.12967387 23.35 123.561210  66.610448  6.239
 11    29.317 52587.12967451 23.52 123.557870  66.607378  6.239
 11    29.195 52587.12967516 23.68 123.554530  66.604298  6.239
 11    29.214 52587.12967580 24.78 123.551190  66.601218  6.239
 11    29.277 52587.12967644 24.65 123.547850  66.598148  6.239
 11    29.172 52587.12967709 22.56 123.544510  66.595068  6.239
 11    29.232 52587.12967773 21.07 123.541180  66.591998  6.239
 11    29.179 52587.12967838 19.54 123.537841  66.588915  4.802
 11    29.127 52587.12967902 19.35 123.534501  66.585835  4.802
 11    29.382 52587.12967967 18.00 123.531171  66.582765  4.802
 11    29.347 52587.12968031 18.26 123.527831  66.579685  4.802
 11    29.660 52587.12968096 17.91 123.524501  66.576605  4.802
 11    29.745 52587.12968160 18.11 123.521171  66.573535  4.802
 12    36.046 52622.12963680 13.51 123.572991  66.633768  3.155
 12    35.243 52622.12963744 14.27 123.569651  66.630688  3.155
 12    31.650 52622.12963808 14.78 123.566301  66.627618  3.155
 12    31.989 52622.12963873 15.83 123.562961  66.624538  3.155
 12    29.959 52622.12963937 15.62 123.559611  66.621458  3.155
 12    30.176 52622.12964002 16.44 123.556271  66.618388  3.155
 12    29.912 52622.12964066 17.28 123.552932  66.615311  3.285
 12    29.872 52622.12964131 16.67 123.549592  66.612231  3.285
 12    29.924 52622.12964195 16.03 123.546252  66.609161  3.285
 12    29.741 52622.12964260 14.79 123.542912  66.606081  3.285
 12    29.681 52622.12964324 14.72 123.539572  66.603001  3.285
 12    29.551 52622.12964389 14.69 123.536232  66.599931  3.285
 12    29.457 52622.12964453 14.45 123.532892  66.596851  3.285
 12    29.191 52622.12964518 14.37 123.529562  66.593771  3.285
 12    29.092 52622.12964582 13.69 123.526222  66.590701  3.285
 12    29.508 52622.12964647 12.45 123.522892  66.587621  3.285
 12    29.821 52622.12964711 11.50 123.519552  66.584541  3.285
 12    30.063 52622.12964775 10.77 123.516222  66.581461  3.285
 12    30.721 52622.12964840 10.40 123.512892  66.578391  3.285
 13    31.438 52657.12964426 12.55 123.585471  66.627514  4.574
 13    31.154 52657.12964490 13.53 123.582121  66.624434  4.574
 13    30.817 52657.12964555 14.12 123.578781  66.621364  4.574
 13    30.245 52657.12964748 14.67 123.568741  66.612134  4.574
 13    30.089 52657.12964812 15.61 123.565401  66.609054  4.574
 13    29.734 52657.12964877 15.59 123.562061  66.605984  4.574
 13    29.479 52657.12964941 16.19 123.558721  66.602904  4.574
 13    29.567 52657.12965006 15.63 123.555381  66.599824  4.574
 13    29.595 52657.12965070 13.94 123.552041  66.596754  4.574
 13    29.464 52657.12965135 13.80 123.548701  66.593674  4.574
 13    29.204 52657.12965199 13.96 123.545361  66.590604  4.574
 13    29.072 52657.12965264 12.68 123.542031  66.587524  4.574
 13    29.216 52657.12965328 12.41 123.538691  66.584444  4.574
 13    29.673 52657.12965393 11.30 123.535351  66.581374  4.574
 13    30.360 52657.12965457 10.69 123.532021  66.578294  4.574
 13    31.355 52657.12965522  9.79 123.528681  66.575214  4.574
 13    31.985 52657.12965586  9.57 123.525355  66.572136  2.958
 13    32.055 52657.12965651 10.06 123.522025  66.569066  2.958
 13    31.995 52657.12965715  9.44 123.518685  66.565986  2.958
 15    35.778 52727.12967066  7.57 123.582774  66.628118  3.452
 15    32.530 52727.12967130  8.32 123.579424  66.625048  3.452
 15    34.549 52727.12967195  7.26 123.576084  66.621968  3.452
 15    31.460 52727.12967324  9.03 123.569394  66.615818  3.452
 15    30.941 52727.12967388  9.57 123.566054  66.612738  3.452
 15    30.382 52727.12967453 10.05 123.562704  66.609668  3.452
 15    30.065 52727.12967517 10.78 123.559364  66.606588  3.452
 15    29.871 52727.12967582 11.46 123.556024  66.603508  3.452
 15    29.950 52727.12967646  9.83 123.552684  66.600438  3.452
 15    29.654 52727.12967711 10.19 123.549344  66.597358  3.452
 15    29.508 52727.12967775  9.35 123.546004  66.594288  3.452
 15    29.266 52727.12967840  8.64 123.542669  66.591207  3.921
 15    30.065 52727.12967904  7.50 123.539329  66.588127  3.921
 15    33.667 52727.12967969  6.98 123.535999  66.585057  3.921
 15    32.205 52727.12968033  7.11 123.532659  66.581977  3.921
 15    31.294 52727.12968097  6.86 123.529329  66.578897  3.921
 15    32.201 52727.12968162  6.34 123.525989  66.575827  3.921
 15    32.392 52727.12968226  6.40 123.522659  66.572747  3.921
 15    33.341 52727.12968291  6.05 123.519329  66.569667  3.921
 16    36.030 52762.12968406  6.97 123.566068  66.637776  2.048
 16    35.454 52762.12968470  6.98 123.562718  66.634706  2.048
 16    35.143 52762.12968535  7.51 123.559378  66.631626  2.048
 16    34.715 52762.12968599  7.10 123.556028  66.628546  2.048
 16    33.911 52762.12968664  7.72 123.552688  66.625476  2.048
 16    34.521 52762.12968728  7.42 123.549338  66.622400  2.349
 16    33.818 52762.12968792  7.64 123.545998  66.619320  2.349
 16    32.220 52762.12968857  7.89 123.542658  66.616240  2.349
 16    31.521 52762.12968921  7.77 123.539318  66.613170  2.349
 16    30.954 52762.12968986  7.37 123.535978  66.610090  2.349
 16    30.005 52762.12969050  7.48 123.532638  66.607020  2.349
 16    29.234 52762.12969115  7.92 123.529298  66.603940  2.349
 16    28.621 52762.12969179  8.57 123.525958  66.600860  2.349
 16    28.623 52762.12969244  8.34 123.522618  66.597790  2.349
 16    28.318 52762.12969308  8.48 123.519288  66.594710  2.349
 16    28.286 52762.12969373  8.36 123.515948  66.591630  2.349
 16    29.182 52762.12969437  7.49 123.512618  66.588550  2.349
 16    30.758 52762.12969502  7.25 123.509278  66.585480  2.349
 17    38.897 52797.12964783 32.51 123.589745  66.619053 34.872
 17    38.963 52797.12964848 31.68 123.586405  66.615973 34.872
 17    39.352 52797.12965041 36.54 123.576365  66.606743 34.872
 17    39.186 52797.12965106 35.57 123.573025  66.603673 34.872
 17    39.288 52797.12965170 40.68 123.569685  66.600593 34.872
 17    39.411 52797.12965235 48.04 123.566345  66.597513 34.872
 17    39.453 52797.12965299 51.22 123.563005  66.594443 34.872
 17    39.339 52797.12965364 52.28 123.559665  66.591363 34.872
 17    39.374 52797.12965428 52.73 123.556325  66.588283 34.872
 17    39.425 52797.12965493 52.22 123.552985  66.585213 34.872
 17    39.488 52797.12965557 54.09 123.549655  66.582133 34.872
 17    39.551 52797.12965621 53.07 123.546315  66.579063 34.872
 17    39.590 52797.12965686 49.85 123.542975  66.575983 34.872
 17    39.610 52797.12965750 53.58 123.539645  66.572903 34.872
 17    39.533 52797.12965815 51.06 123.536315  66.569833 34.872
 17    39.587 52797.12965879 50.76 123.532975  66.566753 34.872
 17    39.599 52797.12965944 51.62 123.529645  66.563673 34.872
 17    39.624 52797.12966008 51.10 123.526317  66.560594 46.876
 17    39.596 52797.12966073 47.15 123.522977  66.557524 46.876
 18    35.981 52832.12971949 22.97 123.590900  66.620548 18.056
 18    37.639 52832.12972014 19.53 123.587550  66.617478 18.056
 18    33.713 52832.12972207 24.48 123.577520  66.608248 18.056
 18    33.996 52832.12972272 26.89 123.574170  66.605168 18.056
 18    34.141 52832.12972336 30.76 123.570830  66.602098 18.056
 18    34.270 52832.12972400 37.21 123.567490  66.599018 18.056
 18    34.360 52832.12972465 41.97 123.564150  66.595948 18.056
 18    34.285 52832.12972529 43.56 123.560810  66.592868 18.056
 18    34.346 52832.12972594 43.66 123.557470  66.589788 18.056
 18    34.395 52832.12972658 37.61 123.554130  66.586718 18.056
 18    34.255 52832.12972723 32.31 123.550790  66.583638 18.056
 18    34.042 52832.12972787 27.89 123.547460  66.580558 18.056
 18    33.702 52832.12972852 25.97 123.544120  66.577488 18.056
 18    33.846 52832.12972916 24.65 123.540790  66.574408 18.056
 18    34.116 52832.12972981 23.94 123.537450  66.571328 18.056
 18    34.325 52832.12973045 23.16 123.534113  66.568253 22.057
 18    34.458 52832.12973110 22.91 123.530783  66.565183 22.057
 18    34.314 52832.12973174 22.78 123.527453  66.562103 22.057
 18    34.476 52832.12973239 25.96 123.524123  66.559023 22.057
 18    34.534 52832.12973303 34.64 123.520793  66.555943 22.057
 19    35.748 52867.12976214 20.43 123.586715  66.623705 17.052
 19    36.592 52867.12976279 15.77 123.583365  66.620625 17.052
 19    32.305 52867.12976472 16.94 123.573335  66.611395 17.052
 19    32.459 52867.12976537 16.85 123.569995  66.608325 17.052
 19    32.686 52867.12976601 16.54 123.566655  66.605245 17.052
 19    32.860 52867.12976666 15.82 123.563315  66.602165 17.052
 19    32.666 52867.12976730 17.09 123.559975  66.599095 17.052
 19    32.349 52867.12976795 18.53 123.556637  66.596016 13.198
 19    31.647 52867.12976859 20.06 123.553297  66.592936 13.198
 19    31.192 52867.12976924 20.00 123.549957  66.589866 13.198
 19    30.196 52867.12976988 21.53 123.546617  66.586786 13.198
 19    30.717 52867.12977053 21.57 123.543287  66.583706 13.198
 19    31.283 52867.12977117 22.06 123.539947  66.580636 13.198
 19    31.842 52867.12977181 22.31 123.536617  66.577556 13.198
 19    32.054 52867.12977246 23.04 123.533277  66.574476 13.198
 19    32.234 52867.12977310 23.01 123.529947  66.571406 13.198
 19    32.886 52867.12977375 22.86 123.526617  66.568326 13.198
 19    33.418 52867.12977439 23.16 123.523277  66.565246 13.198
 19    33.669 52867.12977504 23.23 123.519947  66.562166 13.198
 20    35.920 52902.12978285 20.13 123.577253  66.632223 22.643
 20    35.448 52902.12978349 17.43 123.573903  66.629143 22.643
 20    34.828 52902.12978414 17.70 123.570563  66.626073 22.643
 20    31.595 52902.12978478 21.64 123.567213  66.622993 22.643
 20    31.705 52902.12978543 24.04 123.563872  66.619920 13.595
 20    31.649 52902.12978607 25.86 123.560532  66.616840 13.595
 20    31.538 52902.12978672 25.98 123.557182  66.613760 13.595
 20    31.244 52902.12978736 22.45 123.553842  66.610690 13.595
 20    30.836 52902.12978801 19.32 123.550502  66.607610 13.595
 20    31.289 52902.12978865 15.42 123.547162  66.604540 13.595
 20    31.065 52902.12978929 16.66 123.543822  66.601460 13.595
 20    31.018 52902.12978994 16.61 123.540482  66.598380 13.595
 20    29.222 52902.12979058 19.87 123.537142  66.595310 13.595
 20    30.761 52902.12979123 18.79 123.533812  66.592230 13.595
 20    28.274 52902.12979187 20.34 123.530472  66.589150 13.595
 20    28.550 52902.12979252 22.92 123.527142  66.586070 13.595
 20    31.939 52902.12979316 20.74 123.523802  66.583000 13.595
 20    31.125 52902.12979381 21.77 123.520472  66.579920 13.595
 20    31.647 52902.12979445 22.52 123.517132  66.576840 13.595
 21    34.545 52937.12972215 23.12 123.568917  66.635081  4.250
 21    28.625 52937.12972280 24.07 123.565567  66.632011  4.250
 21    28.703 52937.12972344 23.23 123.562227  66.628931  4.250
 21    28.775 52937.12972409 24.35 123.558877  66.625851  4.250
 21    28.441 52937.12972473 25.28 123.555537  66.622781  4.250
 21    28.103 52937.12972538 26.81 123.552189  66.619702 24.053
 21    28.415 52937.12972602 27.88 123.548849  66.616622 24.053
 21    28.661 52937.12972667 30.54 123.545509  66.613552 24.053
 21    29.000 52937.12972731 37.16 123.542169  66.610472 24.053
 21    28.788 52937.12972796 45.85 123.538829  66.607392 24.053
 21    28.806 52937.12972860 39.13 123.535489  66.604322 24.053
 21    29.014 52937.12972925 44.48 123.532159  66.601242 24.053
 21    28.825 52937.12972989 42.28 123.528819  66.598162 24.053
 21    28.919 52937.12973053 42.91 123.525479  66.595092 24.053
 21    29.025 52937.12973118 47.59 123.522149  66.592012 24.053
 21    28.990 52937.12973182 49.51 123.518809  66.588932 24.053
 21    29.009 52937.12973247 41.22 123.515479  66.585852 24.053
 21    28.673 52937.12973311 34.64 123.512149  66.582782 24.053
 22    36.481 52972.12975201 13.98 123.583422  66.627437  8.998
 22    35.445 52972.12975265 14.57 123.580082  66.624367  8.998
 22    34.842 52972.12975330 14.40 123.576732  66.621287  8.998
 22    32.062 52972.12975459 15.45 123.570042  66.615137  8.998
 22    30.259 52972.12975523 16.50 123.566702  66.612057  8.998
 22    29.613 52972.12975588 17.03 123.563352  66.608987  8.998
 22    29.565 52972.12975652 16.96 123.560012  66.605907  8.998
 22    29.462 52972.12975716 18.34 123.556672  66.602827  8.998
 22    29.654 52972.12975781 19.72 123.553332  66.599757  8.998
 22    29.659 52972.12975845 20.78 123.549992  66.596677  8.998
 22    29.618 52972.12975910 21.94 123.546652  66.593597  8.998
 22    29.774 52972.12975974 25.90 123.543312  66.590527  8.998
 22    29.693 52972.12976039 32.38 123.539982  66.587447  8.998
 22    29.484 52972.12976103 28.85 123.536642  66.584377  8.998
 22    29.520 52972.12976168 23.47 123.533302  66.581297  8.998
 22    29.650 52972.12976232 19.78 123.529972  66.578217  8.998
 22    29.790 52972.12976297 18.58 123.526632  66.575147  8.998
 22    29.693 52972.12976361 17.56 123.523302  66.572067  8.998
 22    30.023 52972.12976426 16.86 123.519972  66.568987  8.998
 23    36.342 53007.12976253 10.54 123.577230  66.632921  2.187
 23    35.920 53007.12976318 10.39 123.573890  66.629851  2.187
 23    34.819 53007.12976382 10.54 123.570540  66.626771  2.187
 23    33.667 53007.12976447 10.45 123.567190  66.623692  3.317
 23    32.240 53007.12976511 10.79 123.563850  66.620622  3.317
 23    32.277 53007.12976576 10.98 123.560500  66.617542  3.317
 23    31.307 53007.12976640 11.43 123.557160  66.614472  3.317
 23    30.669 53007.12976705 11.78 123.553820  66.611392  3.317
 23    30.316 53007.12976769 11.57 123.550480  66.608312  3.317
 23    29.752 53007.12976834 11.52 123.547140  66.605242  3.317
 23    29.625 53007.12976898 11.64 123.543800  66.602162  3.317
 23    29.563 53007.12976963 13.06 123.540460  66.599082  3.317
 23    29.486 53007.12977027 13.39 123.537120  66.596012  3.317
 23    29.436 53007.12977091 13.68 123.533780  66.592932  3.317
 23    29.427 53007.12977156 13.62 123.530440  66.589852  3.317
 23    29.554 53007.12977220 12.13 123.527110  66.586782  3.317
 23    29.555 53007.12977285 11.63 123.523770  66.583702  3.317
 23    29.654 53007.12977349 11.91 123.520440  66.580622  3.317
 23    29.985 53007.12977414 11.30 123.517100  66.577552  3.317
 24    36.395 53042.12971797  8.26 123.587001  66.624118  3.467
 24    35.685 53042.12971862  8.19 123.583651  66.621038  3.467
 24    32.095 53042.12972055  9.36 123.573611  66.611818  3.467
 24    33.171 53042.12972119  9.42 123.570271  66.608738  3.467
 24    29.499 53042.12972184  9.99 123.566931  66.605668  3.467
 24    29.450 53042.12972248 10.40 123.563581  66.602588  3.467
 24    29.228 53042.12972313 10.91 123.560241  66.599508  3.467
 24    29.226 53042.12972377 11.20 123.556901  66.596438  3.467
 24    29.061 53042.12972442 11.24 123.553561  66.593358  3.467
 24    29.049 53042.12972506 11.48 123.550221  66.590278  3.467
 24    28.918 53042.12972571 13.26 123.546881  66.587208  3.467
 24    28.931 53042.12972635 12.02 123.543541  66.584128  3.467
 24    29.055 53042.12972700 10.75 123.540211  66.581058  3.467
 24    29.351 53042.12972764  9.54 123.536871  66.577978  3.467
 24    29.811 53042.12972829  9.01 123.533541  66.574898  3.467
 24    31.521 53042.12972893  9.24 123.530201  66.571828  3.467
 24    32.668 53042.12972958  8.42 123.526871  66.568748  3.467
 24    33.415 53042.12973022  8.10 123.523531  66.565668  3.467
 24    33.828 53042.12973086  8.58 123.520200  66.562591  3.278
 25    35.955 53077.12975033  7.55 123.572527  66.630509  2.171
 25    35.335 53077.12975097  7.30 123.569178  66.627430  2.404
 25    34.729 53077.12975162  7.30 123.565828  66.624360  2.404
 25    33.581 53077.12975226  7.22 123.562488  66.621280  2.404
 25    32.870 53077.12975291  7.04 123.559148  66.618210  2.404
 25    32.959 53077.12975355  6.96 123.555798  66.615130  2.404
 25    31.559 53077.12975420  7.14 123.552458  66.612050  2.404
 25    30.700 53077.12975484  7.40 123.549118  66.608980  2.404
 25    30.152 53077.12975549  7.44 123.545778  66.605900  2.404
 25    29.606 53077.12975613  7.65 123.542438  66.602830  2.404
 25    29.214 53077.12975677  8.16 123.539098  66.599750  2.404
 25    28.989 53077.12975742  8.19 123.535758  66.596670  2.404
 25    28.482 53077.12975806  8.49 123.532418  66.593600  2.404
 25    28.328 53077.12975871  8.82 123.529088  66.590520  2.404
 25    28.753 53077.12975935  8.61 123.525748  66.587440  2.404
 25    29.589 53077.12976000  7.85 123.522418  66.584360  2.404
 25    30.678 53077.12976064  7.71 123.519078  66.581290  2.404
 25    33.417 53077.12976129  6.52 123.515748  66.578210  2.404
 26    35.887 53112.12972112  6.46 123.584709  66.625482  2.204
 26    35.500 53112.12972176  6.34 123.581359  66.622402  2.204
 26    32.742 53112.12972370  6.62 123.571319  66.613172  2.204
 26    32.659 53112.12972434  6.48 123.567979  66.610102  2.204
 26    31.611 53112.12972498  6.92 123.564629  66.607022  2.204
 26    29.800 53112.12972563  7.21 123.561292  66.603941  2.707
 26    29.825 53112.12972627  7.59 123.557952  66.600871  2.707
 26    30.872 53112.12972692  7.31 123.554612  66.597791  2.707
 26    29.454 53112.12972756  8.17 123.551272  66.594721  2.707
 26    28.906 53112.12972821  9.20 123.547932  66.591641  2.707
 26    28.589 53112.12972885  9.41 123.544592  66.588561  2.707
 26    29.010 53112.12972950  8.71 123.541252  66.585491  2.707
 26    29.936 53112.12973014  7.97 123.537912  66.582411  2.707
 26    30.608 53112.12973079  7.50 123.534572  66.579341  2.707
 26    31.447 53112.12973143  6.59 123.531242  66.576261  2.707
 26    32.607 53112.12973208  6.45 123.527902  66.573181  2.707
 26    33.412 53112.12973272  6.03 123.524572  66.570101  2.707
 26    33.679 53112.12973337  6.05 123.521232  66.567031  2.707
 27    29.174 53147.12976429 39.22 123.579646  66.628592 32.903
 27    29.276 53147.12976494 42.83 123.576306  66.625522 32.903
 27    29.166 53147.12976558 41.76 123.572956  66.622442 32.903
 27    29.667 53147.12976687 35.53 123.566266  66.616292 32.903
 27    29.885 53147.12976752 34.75 123.562926  66.613212 32.903
 27    29.940 53147.12976816 37.96 123.559576  66.610142 32.903
 27    29.557 53147.12976880 40.55 123.556236  66.607062 32.903
 27    29.570 53147.12976945 40.53 123.552896  66.603992 32.903
 27    29.530 53147.12977009 40.26 123.549556  66.600912 32.903
 27    29.550 53147.12977074 43.29 123.546216  66.597832 32.903
 27    29.450 53147.12977138 44.36 123.542876  66.594762 32.903
 27    29.605 53147.12977203 47.18 123.539536  66.591682 32.903
 27    29.570 53147.12977267 46.87 123.536206  66.588602 32.903
 27    29.579 53147.12977332 44.99 123.532866  66.585532 32.903
 27    29.566 53147.12977396 46.06 123.529526  66.582452 32.903
 27    29.580 53147.12977461 40.81 123.526196  66.579372 32.903
 27    29.642 53147.12977525 37.84 123.522856  66.576292 32.903
 27    30.047 53147.12977590 35.22 123.519526  66.573222 32.903
 28    38.205 53182.12976772 27.70 123.585403  66.628670 35.908
 28    37.940 53182.12976837 24.38 123.582053  66.625600 35.908
 28    37.720 53182.12976901 19.86 123.578713  66.622520 35.908
 28    36.958 53182.12977095 17.08 123.568677  66.613289  3.578
 28    37.636 53182.12977159 16.20 123.565337  66.610219  3.578
 28    37.805 53182.12977224 15.31 123.561997  66.607139  3.578
 28    37.837 53182.12977288 14.43 123.558647  66.604069  3.578
 28    37.985 53182.12977353 13.99 123.555307  66.600989  3.578
 28    38.064 53182.12977417 13.77 123.551967  66.597909  3.578
 28    38.242 53182.12977482 13.01 123.548637  66.594839  3.578
 28    38.257 53182.12977546 12.87 123.545297  66.591759  3.578
 28    38.277 53182.12977610 13.59 123.541957  66.588679  3.578
 28    38.192 53182.12977675 13.33 123.538627  66.585609  3.578
 28    38.031 53182.12977739 14.81 123.535287  66.582529  3.578
 28    37.237 53182.12977804 16.42 123.531947  66.579449  3.578
 28    36.394 53182.12977868 17.63 123.528617  66.576379  3.578
 28    36.905 53182.12977933 17.69 123.525287  66.573299  3.578
 28    37.257 53182.12977997 19.72 123.521947  66.570219  3.578
 28    37.606 53182.12978062 20.61 123.518617  66.567139  3.578
 29    36.335 53217.12979135 18.05 123.578371  66.629409 20.261
 29    35.648 53217.12979200 16.65 123.575021  66.626329 20.261
 29    34.688 53217.12979264 17.29 123.571671  66.623259  8.030
 29    33.832 53217.12979328 17.45 123.568331  66.620179  8.030
 29    31.758 53217.12979393 17.32 123.564981  66.617099  8.030
 29    32.025 53217.12979457 16.05 123.561641  66.614029  8.030
 29    31.689 53217.12979522 16.25 123.558301  66.610949  8.030
 29    31.669 53217.12979586 15.48 123.554961  66.607869  8.030
 29    31.879 53217.12979651 13.71 123.551621  66.604799  8.030
 29    31.586 53217.12979715 15.57 123.548281  66.601719  8.030
 29    31.411 53217.12979780 15.46 123.544941  66.598649  8.030
 29    30.938 53217.12979844 16.03 123.541601  66.595569  8.030
 29    30.964 53217.12979909 16.47 123.538261  66.592489  8.030
 29    28.949 53217.12979973 19.08 123.534931  66.589409  8.030
 29    28.995 53217.12980038 20.87 123.531591  66.586339  8.030
 29    31.171 53217.12980102 20.34 123.528251  66.583259  8.030
 29    31.496 53217.12980167 21.36 123.524921  66.580189  8.030
 29    31.827 53217.12980231 21.65 123.521581  66.577109  8.030
 30    36.229 53252.12976876 17.84 123.569004  66.635187 25.155
 30    31.038 53252.12976940 24.17 123.565664  66.632117 25.155
 30    31.231 53252.12977005 26.63 123.562314  66.629037 25.155
 30    31.422 53252.12977069 32.60 123.558974  66.625957 25.155
 30    31.270 53252.12977134 38.67 123.555624  66.622887 25.155
 30    31.284 53252.12977198 39.23 123.552284  66.619807 25.155
 30    31.396 53252.12977263 33.44 123.548944  66.616727 25.155
 30    31.200 53252.12977327 29.68 123.545604  66.613657 25.155
 30    30.873 53252.12977392 24.37 123.542264  66.610577 25.155
 30    30.451 53252.12977456 20.75 123.538924  66.607497 25.155
 30    30.650 53252.12977520 19.01 123.535584  66.604427 25.155
 30    31.007 53252.12977585 16.50 123.532244  66.601347 25.155
 30    31.145 53252.12977649 16.83 123.528904  66.598267 25.155
 30    30.190 53252.12977714 19.49 123.525572  66.595190 10.517
 30    31.116 53252.12977778 18.17 123.522232  66.592120 10.517
 30    31.026 53252.12977843 18.59 123.518902  66.589040 10.517
 30    30.969 53252.12977907 19.06 123.515562  66.585960 10.517
 30    31.027 53252.12977972 20.54 123.512232  66.582890 10.517
 31    36.294 53287.12976680 22.83 123.584237  66.626188  7.263
 31    35.331 53287.12976744 22.33 123.580887  66.623118  7.263
 31    34.199 53287.12976809 23.33 123.577537  66.620038  7.263
 31    32.055 53287.12976938 23.39 123.570847  66.613888  7.263
 31    31.763 53287.12977002 24.05 123.567507  66.610818  7.263
 31    31.733 53287.12977067 22.67 123.564167  66.607738  7.263
 31    31.585 53287.12977131 21.81 123.560817  66.604658  7.263
 31    31.311 53287.12977196 21.14 123.557477  66.601588  7.263
 31    30.024 53287.12977260 21.93 123.554137  66.598508  7.263
 31    28.961 53287.12977325 22.02 123.550797  66.595438  7.263
 31    29.202 53287.12977389 22.49 123.547457  66.592358  7.263
 31    30.170 53287.12977454 21.32 123.544117  66.589278  7.263
 31    31.011 53287.12977518 21.00 123.540777  66.586208  7.263
 31    31.368 53287.12977582 21.98 123.537437  66.583128  7.263
 31    31.717 53287.12977647 23.47 123.534107  66.580048  7.263
 31    31.970 53287.12977711 26.00 123.530767  66.576978  7.263
 31    32.123 53287.12977776 27.10 123.527437  66.573898  7.263
 31    32.447 53287.12977840 28.10 123.524097  66.570818  7.263
 31    32.728 53287.12977905 28.57 123.520764  66.567742 33.595
 33    35.925 53357.12970919  8.56 123.577223  66.631456  2.091
 33    35.675 53357.12970984  8.59 123.573883  66.628376  2.091
 33    34.959 53357.12971048  8.61 123.570534  66.625303  2.680
 33    33.901 53357.12971113  8.96 123.567194  66.622223  2.680
 33    32.866 53357.12971177  9.24 123.563854  66.619143  2.680
 33    31.621 53357.12971242 10.49 123.560504  66.616073  2.680
 33    31.913 53357.12971306  9.38 123.557164  66.612993  2.680
 33    31.078 53357.12971371  9.19 123.553824  66.609913  2.680
 33    30.961 53357.12971435  9.12 123.550484  66.606843  2.680
 33    30.966 53357.12971500  8.87 123.547144  66.603763  2.680
 33    30.919 53357.12971564  8.58 123.543814  66.600683  2.680
 33    30.662 53357.12971629  8.80 123.540474  66.597613  2.680
 33    30.546 53357.12971693  8.74 123.537134  66.594533  2.680
 33    30.574 53357.12971757  8.35 123.533804  66.591453  2.680
 33    30.748 53357.12971822  8.35 123.530464  66.588383  2.680
 33    30.884 53357.12971886  8.21 123.527134  66.585303  2.680
 33    33.143 53357.12971951  7.59 123.523794  66.582223  2.680
 33    31.224 53357.12972015  7.98 123.520464  66.579153  2.680
 34    35.617 53392.12972454  7.59 123.586202  66.623541  2.505
 34    35.139 53392.12972519  7.34 123.582862  66.620461  2.505
 34    30.992 53392.12972712  9.01 123.572822  66.611231  2.505
 34    30.540 53392.12972777  8.54 123.569482  66.608161  2.505
 34    30.527 53392.12972841  7.91 123.566132  66.605081  2.505
 34    30.709 53392.12972905  7.56 123.562792  66.602001  2.505
 34    30.596 53392.12972970  7.47 123.559452  66.598931  2.505
 34    30.516 53392.12973034  7.88 123.556112  66.595851  2.505
 34    30.390 53392.12973099  7.48 123.552772  66.592781  2.505
 34    30.223 53392.12973163  7.44 123.549432  66.589701  2.505
 34    30.317 53392.12973228  7.39 123.546092  66.586621  2.505
 34    30.299 53392.12973292  7.49 123.542762  66.583551  2.505
 34    30.956 53392.12973357  7.11 123.539422  66.580471  2.505
 34    31.357 53392.12973421  6.41 123.536082  66.577391  2.505
 34    32.111 53392.12973486  5.99 123.532752  66.574321  2.505
 34    32.787 53392.12973550  6.20 123.529412  66.571241  2.505
 34    32.684 53392.12973615  6.58 123.526082  66.568161  2.505
 34    33.034 53392.12973679  6.46 123.522744  66.565085  3.452
 34    32.993 53392.12973744  7.17 123.519414  66.562015  3.452
 35    36.214 53427.12971925  6.44 123.577522  66.629349  1.988
 35    35.626 53427.12971990  6.38 123.574176  66.626269  2.360
 35    34.780 53427.12972054  6.83 123.570836  66.623199  2.360
 35    33.527 53427.12972118  7.48 123.567486  66.620119  2.360
 35    32.112 53427.12972183  8.06 123.564146  66.617049  2.360
 35    31.645 53427.12972247  7.76 123.560806  66.613969  2.360
 35    31.730 53427.12972312  7.02 123.557466  66.610889  2.360
 35    31.051 53427.12972376  7.50 123.554126  66.607819  2.360
 35    30.884 53427.12972441  7.51 123.550786  66.604739  2.360
 35    31.191 53427.12972505  7.16 123.547446  66.601669  2.360
 35    32.690 53427.12972570  6.57 123.544106  66.598589  2.360
 35    30.132 53427.12972634  6.31 123.540766  66.595509  2.360
 35    30.170 53427.12972699  6.45 123.537436  66.592429  2.360
 35    31.956 53427.12972763  6.39 123.534096  66.589359  2.360
 35    32.497 53427.12972828  6.60 123.530756  66.586279  2.360
 35    33.506 53427.12972892  6.04 123.527426  66.583199  2.360
 35    33.302 53427.12972957  5.83 123.524096  66.580129  2.360
 35    33.102 53427.12973021  5.69 123.520756  66.577049  2.360
 36    35.754 53462.12973505  6.84 123.589642  66.622811  2.406
 36    34.991 53462.12973569  6.07 123.586292  66.619731  2.406
 36    35.078 53462.12973634  5.88 123.582942  66.616651  2.406
 36    33.866 53462.12973763  6.04 123.576262  66.610501  2.406
 36    31.403 53462.12973827  6.48 123.572912  66.607431  2.406
 36    30.900 53462.12973892  6.40 123.569572  66.604351  2.406
 36    30.897 53462.12973956  6.08 123.566232  66.601271  2.406
 36    30.395 53462.12974020  6.40 123.562892  66.598201  2.406
 36    30.137 53462.12974085  6.60 123.559552  66.595121  2.406
 36    30.367 53462.12974149  6.63 123.556212  66.592051  2.406
 36    30.124 53462.12974214  6.53 123.552872  66.588971  2.406
 36    29.898 53462.12974278  6.86 123.549532  66.585891  2.406
 36    30.300 53462.12974343  6.06 123.546192  66.582821  2.406
 36    31.261 53462.12974407  5.81 123.542862  66.579741  2.406
 36    32.220 53462.12974472  5.61 123.539522  66.576661  2.406
 36    32.606 53462.12974536  5.16 123.536183  66.573588  2.933
 36    33.289 53462.12974601  4.94 123.532853  66.570508  2.933
 36    33.370 53462.12974665  5.17 123.529523  66.567438  2.933
 36    34.055 53462.12974730  5.16 123.526183  66.564358  2.933
 36    34.349 53462.12974794  5.71 123.522853  66.561278  2.933
 37    28.441 53497.12980873 39.82 123.578001  66.631236 25.048
 37    28.458 53497.12980938 47.22 123.574651  66.628156 25.048
 37    28.519 53497.12981002 39.15 123.571299  66.625078 26.351
 37    30.296 53497.12981067 43.28 123.567959  66.622008 26.351
 37    30.862 53497.12981131 42.72 123.564609  66.618928 26.351
 37    30.984 53497.12981196 37.93 123.561269  66.615858 26.351
 37    30.939 53497.12981260 36.74 123.557929  66.612778 26.351
 37    30.818 53497.12981325 33.13 123.554579  66.609698 26.351
 37    29.012 53497.12981389 34.57 123.551239  66.606628 26.351
 37    28.906 53497.12981453 36.55 123.547899  66.603548 26.351
 37    28.719 53497.12981518 35.08 123.544559  66.600468 26.351
 37    28.594 53497.12981582 31.67 123.541219  66.597398 26.351
 37    28.602 53497.12981647 25.93 123.537879  66.594318 26.351
 37    28.310 53497.12981711 24.85 123.534539  66.591238 26.351
 37    28.464 53497.12981776 26.78 123.531199  66.588168 26.351
 37    29.121 53497.12981840 28.53 123.527869  66.585088 26.351
 37    30.262 53497.12981905 29.78 123.524529  66.582008 26.351
 37    30.398 53497.12981969 35.09 123.521199  66.578938 26.351
 38    35.763 53532.12978915 24.10 123.579376  66.628072  3.664
 38    36.133 53532.12978979 19.68 123.576036  66.625002  3.664
 38    36.457 53532.12979044 16.75 123.572686  66.621922  3.664
 38    36.074 53532.12979173 12.64 123.565996  66.615772  3.664
 38    35.759 53532.12979237 11.60 123.562656  66.612692  3.664
 38    35.651 53532.12979301 11.55 123.559316  66.609622  3.664
 38    35.555 53532.12979366 10.28 123.555976  66.606542  3.664
 38    35.631 53532.12979430 10.28 123.552636  66.603472  3.664
 38    35.603 53532.12979495 10.27 123.549296  66.600392  3.664
 38    35.683 53532.12979559 10.07 123.545956  66.597312  3.664
 38    35.682 53532.12979624 10.10 123.542616  66.594232  3.664
 38    35.607 53532.12979688 10.12 123.539286  66.591162  3.664
 38    35.773 53532.12979753  9.78 123.535946  66.588082  3.664
 38    35.840 53532.12979817  9.84 123.532606  66.585002  3.664
 38    35.774 53532.12979882 10.28 123.529276  66.581932  3.664
 38    35.780 53532.12979946 10.44 123.525946  66.578852  3.664
 38    35.709 53532.12980011 12.13 123.522606  66.575772  3.664
 38    35.649 53532.12980075 13.41 123.519276  66.572702  3.664
 39    34.555 53567.12981074 22.65 123.573171  66.633069 24.685
 39    35.608 53567.12981138 18.13 123.569821  66.629999 24.685
 39    34.884 53567.12981203 16.88 123.566471  66.626919 24.685
 39    34.017 53567.12981267 16.61 123.563131  66.623838 11.781
 39    33.513 53567.12981332 13.83 123.559781  66.620768 11.781
 39    33.501 53567.12981396 13.26 123.556441  66.617688 11.781
 39    33.288 53567.12981461 14.30 123.553101  66.614618 11.781
 39    33.171 53567.12981525 14.33 123.549761  66.611538 11.781
 39    33.310 53567.12981590 13.08 123.546421  66.608458 11.781
 39    33.269 53567.12981654 13.20 123.543071  66.605388 11.781
 39    33.193 53567.12981719 13.69 123.539741  66.602308 11.781
 39    33.337 53567.12981783 13.59 123.536401  66.599228 11.781
 39    33.202 53567.12981847 13.81 123.533061  66.596158 11.781
 39    33.173 53567.12981912 14.84 123.529721  66.593078 11.781
 39    31.755 53567.12981976 16.05 123.526381  66.589998 11.781
 39    32.793 53567.12982041 16.92 123.523051  66.586928 11.781
 39    33.232 53567.12982105 18.16 123.519711  66.583848 11.781
 39    33.549 53567.12982170 22.43 123.516381  66.580768 11.781
 40    35.084 53602.12975556 20.25 123.573057  66.631444 24.518
 40    35.083 53602.12975620 18.21 123.569717  66.628364 24.518
 40    34.424 53602.12975685 19.75 123.566367  66.625291 10.811
 40    32.632 53602.12975749 21.05 123.563027  66.622211 10.811
 40    31.903 53602.12975814 23.08 123.559687  66.619131 10.811
 40    31.794 53602.12975878 23.30 123.556347  66.616061 10.811
 40    31.509 53602.12975942 23.63 123.552997  66.612981 10.811
 40    31.095 53602.12976007 22.78 123.549657  66.609911 10.811
 40    31.210 53602.12976071 20.33 123.546317  66.606831 10.811
 40    31.547 53602.12976136 17.70 123.542977  66.603751 10.811
 40    30.925 53602.12976200 20.25 123.539647  66.600681 10.811
 40    30.824 53602.12976265 19.37 123.536307  66.597601 10.811
 40    30.076 53602.12976329 19.39 123.532967  66.594521 10.811
 40    29.150 53602.12976394 20.76 123.529637  66.591441 10.811
 40    28.391 53602.12976458 23.25 123.526297  66.588371 10.811
 40    29.102 53602.12976523 23.12 123.522967  66.585291 10.811
 40    31.751 53602.12976587 23.05 123.519627  66.582211 10.811
 40    29.993 53602.12976652 25.21 123.516297  66.579141 10.811
 41    33.086 53637.12975354 40.53 123.586166  66.627187 13.087
 41    33.255 53637.12975419 44.30 123.582816  66.624114 42.293
 41    33.212 53637.12975483 44.57 123.579476  66.621044 42.293
 41    33.208 53637.12975677 51.92 123.569436  66.611814 42.293
 41    33.257 53637.12975741 51.79 123.566096  66.608734 42.293
 41    33.341 53637.12975806 51.11 123.562746  66.605664 42.293
 41    33.338 53637.12975870 51.16 123.559406  66.602584 42.293
 41    33.245 53637.12975935 51.69 123.556066  66.599504 42.293
 41    33.405 53637.12975999 50.77 123.552726  66.596434 42.293
 41    33.292 53637.12976064 51.37 123.549386  66.593354 42.293
 41    33.476 53637.12976128 50.57 123.546046  66.590274 42.293
 41    33.442 53637.12976193 52.83 123.542706  66.587204 42.293
 41    33.390 53637.12976257 52.30 123.539376  66.584124 42.293
 41    33.512 53637.12976321 48.10 123.536036  66.581054 42.293
 41    33.536 53637.12976386 40.32 123.532696  66.577974 42.293
 41    33.488 53637.12976450 41.89 123.529366  66.574894 42.293
 41    33.472 53637.12976515 51.02 123.526026  66.571824 42.293
 41    33.488 53637.12976579 49.45 123.522696  66.568744 42.293
 41    33.505 53637.12976644 49.49 123.519366  66.565664 42.293
 42    27.934 53672.12977436 18.21 123.577114  66.628970  3.004
 42    28.129 53672.12977500 18.85 123.573762  66.625894 20.421
 42    27.864 53672.12977564 19.31 123.570422  66.622824 20.421
 42    27.481 53672.12977629 20.77 123.567072  66.619744 20.421
 42    26.943 53672.12977693 22.88 123.563732  66.616674 20.421
 42    26.831 53672.12977758 23.62 123.560392  66.613594 20.421
 42    27.094 53672.12977822 25.09 123.557042  66.610514 20.421
 42    27.441 53672.12977887 26.24 123.553702  66.607444 20.421
 42    27.623 53672.12977951 29.88 123.550362  66.604364 20.421
 42    27.919 53672.12978016 32.85 123.547022  66.601294 20.421
 42    28.034 53672.12978080 39.50 123.543682  66.598214 20.421
 42    27.979 53672.12978145 40.12 123.540342  66.595134 20.421
 42    27.886 53672.12978209 42.84 123.537002  66.592054 20.421
 42    27.960 53672.12978274 40.55 123.533662  66.588984 20.421
 42    28.136 53672.12978338 42.81 123.530332  66.585904 20.421
 42    28.012 53672.12978403 46.70 123.526992  66.582834 20.421
 42    27.995 53672.12978467 35.21 123.523662  66.579754 20.421
 42    27.818 53672.12978531 32.81 123.520322  66.576674 20.421
 43    29.354 53707.12970595 15.91 123.577694  66.630489  5.390
 43    29.391 53707.12970659 16.40 123.574344  66.627419  5.390
 43    29.396 53707.12970724 16.91 123.571004  66.624339  5.390
 43    29.545 53707.12970788 18.14 123.567664  66.621259  5.390
 43    29.760 53707.12970853 18.62 123.564314  66.618189  5.390
 43    29.858 53707.12970917 18.85 123.560974  66.615109  5.390
 43    29.780 53707.12970982 20.33 123.557634  66.612039  5.390
 43    29.698 53707.12971046 20.34 123.554294  66.608959  5.390
 43    29.634 53707.12971111 20.42 123.550954  66.605879  5.390
 43    29.398 53707.12971175 21.36 123.547614  66.602809  5.390
 43    29.596 53707.12971240 20.18 123.544274  66.599729  5.390
 43    29.662 53707.12971304 20.46 123.540944  66.596649  5.390
 43    29.783 53707.12971369 19.95 123.537604  66.593579  5.390
 43    29.878 53707.12971433 19.76 123.534264  66.590499  5.390
 43    29.768 53707.12971498 19.45 123.530934  66.587419  5.390
 43    29.850 53707.12971562 19.11 123.527594  66.584349  5.390
 43    29.845 53707.12971626 18.84 123.524264  66.581269  5.390
 43    29.913 53707.12971691 17.48 123.520934  66.578189  5.390
 44    29.003 53742.12961775 13.53 123.566550  66.633759  2.673
 44    28.911 53742.12961840 14.37 123.563210  66.630679  2.673
 44    29.135 53742.12961904 13.87 123.559870  66.627609  2.673
 44    29.095 53742.12961969 13.96 123.556526  66.624531  3.463
 44    29.279 53742.12962033 14.49 123.553176  66.621451  3.463
 44    29.392 53742.12962098 14.64 123.549836  66.618381  3.463
 44    29.283 53742.12962162 14.87 123.546496  66.615301  3.463
 44    29.305 53742.12962227 15.04 123.543156  66.612221  3.463
 44    29.310 53742.12962291 14.89 123.539826  66.609151  3.463
 44    29.210 53742.12962355 14.94 123.536486  66.606071  3.463
 44    29.203 53742.12962420 15.49 123.533146  66.602991  3.463
 44    29.157 53742.12962484 15.20 123.529806  66.599921  3.463
 44    29.180 53742.12962549 15.63 123.526476  66.596841  3.463
 44    29.302 53742.12962613 15.74 123.523136  66.593761  3.463
 44    29.333 53742.12962678 14.98 123.519806  66.590681  3.463
 44    29.180 53742.12962742 14.37 123.516466  66.587611  3.463
 44    29.174 53742.12962807 14.21 123.513136  66.584531  3.463
 45    34.297 53777.12964347 10.79 123.584974  66.625458  4.086
 45    30.616 53777.12964411 10.68 123.581634  66.622388  4.086
 45    30.042 53777.12964605 12.70 123.571604  66.613158  4.086
 45    30.061 53777.12964669 12.46 123.568254  66.610078  4.086
 45    29.855 53777.12964734 12.34 123.564914  66.607008  4.086
 45    29.675 53777.12964798 13.56 123.561574  66.603928  4.086
 45    29.522 53777.12964863 13.74 123.558234  66.600858  4.086
 45    29.355 53777.12964927 14.21 123.554894  66.597778  4.086
 45    29.112 53777.12964992 14.89 123.551554  66.594698  4.086
 45    28.942 53777.12965056 15.68 123.548214  66.591618  4.086
 45    28.733 53777.12965120 15.69 123.544884  66.588548  4.086
 45    28.726 53777.12965185 15.52 123.541544  66.585468  4.086
 45    28.790 53777.12965249 14.52 123.538204  66.582388  4.086
 45    29.048 53777.12965314 13.55 123.534874  66.579318  4.086
 45    28.988 53777.12965378 13.60 123.531534  66.576238  4.086
 45    29.298 53777.12965443 12.47 123.528204  66.573158  4.086
 45    29.623 53777.12965507 11.45 123.524874  66.570088  4.086
 45    29.655 53777.12965572 10.76 123.521534  66.567008  4.086
 45    29.889 53777.12965636 10.18 123.518210  66.563927  3.417
 46    34.957 53812.12962001  9.28 123.569620  66.633681  2.083
 46    32.953 53812.12962065  9.27 123.566280  66.630601  2.083
 46    32.943 53812.12962130  9.33 123.562930  66.627531  2.083
 46    32.780 53812.12962194  9.32 123.559590  66.624451  2.083
 46    32.574 53812.12962259  9.00 123.556250  66.621371  2.083
 46    31.794 53812.12962323  9.19 123.552910  66.618301  2.083
 46    31.178 53812.12962388  9.41 123.549570  66.615221  2.083
 46    29.862 53812.12962452  9.71 123.546230  66.612151  2.083
 46    29.753 53812.12962517  9.53 123.542891  66.609067  2.489
 46    29.545 53812.12962581 10.18 123.539551  66.605997  2.489
 46    28.923 53812.12962646 10.98 123.536211  66.602917  2.489
 46    28.545 53812.12962710 10.55 123.532871  66.599837  2.489
 46    28.285 53812.12962774 10.78 123.529541  66.596757  2.489
 46    28.222 53812.12962839 10.55 123.526201  66.593687  2.489
 46    28.302 53812.12962903 10.54 123.522871  66.590607  2.489
 46    28.312 53812.12962968  9.92 123.519531  66.587527  2.489
 46    28.532 53812.12963032  9.91 123.516201  66.584457  2.489
 46    29.651 53812.12963097  8.91 123.512871  66.581377  2.489
 47    34.485 53847.12967272  8.11 123.584408  66.626284  2.481
 47    35.031 53847.12967337  8.42 123.581058  66.623204  2.481
 47    34.080 53847.12967401  8.73 123.577708  66.620134  2.481
 47    30.865 53847.12967530  8.97 123.571023  66.613975  3.772
 47    30.293 53847.12967595  9.79 123.567673  66.610905  3.772
 47    29.953 53847.12967659 10.02 123.564333  66.607825  3.772
 47    29.685 53847.12967724 10.79 123.560993  66.604755  3.772
 47    29.516 53847.12967788 10.90 123.557653  66.601675  3.772
 47    29.401 53847.12967853 11.90 123.554303  66.598595  3.772
 47    29.106 53847.12967917 12.31 123.550963  66.595525  3.772
 47    28.798 53847.12967982 12.46 123.547623  66.592445  3.772
 47    28.350 53847.12968046 12.74 123.544293  66.589375  3.772
 47    28.181 53847.12968111 14.02 123.540953  66.586295  3.772
 47    28.285 53847.12968175 12.10 123.537613  66.583215  3.772
 47    28.886 53847.12968239 10.33 123.534283  66.580135  3.772
 47    29.384 53847.12968304  9.68 123.530943  66.577065  3.772
 47    29.542 53847.12968368  8.96 123.527613  66.573985  3.772
 47    29.670 53847.12968433  9.03 123.524273  66.570905  3.772
 47    29.788 53847.12968497  8.86 123.520943  66.567835  3.772
 49    37.082 53917.12975464 19.31 123.574386  66.630979 20.183
 49    36.669 53917.12975528 18.32 123.571036  66.627899 20.183
 49    36.654 53917.12975592 16.19 123.567696  66.624829 20.183
 49    36.713 53917.12975657 15.37 123.564346  66.621749 20.183
 49    36.879 53917.12975721 14.75 123.561006  66.618679 20.183
 49    36.968 53917.12975786 13.57 123.557656  66.615599 20.183
 49    37.056 53917.12975850 12.78 123.554316  66.612524  7.079
 49    37.192 53917.12975915 11.98 123.550976  66.609444  7.079
 49    37.246 53917.12975979 11.48 123.547636  66.606374  7.079
 49    37.312 53917.12976044 11.15 123.544296  66.603294  7.079
 49    37.310 53917.12976108 10.96 123.540956  66.600214  7.079
 49    37.285 53917.12976173 10.77 123.537616  66.597144  7.079
 49    37.354 53917.12976237 11.05 123.534276  66.594064  7.079
 49    37.327 53917.12976302 10.80 123.530936  66.590984  7.079
 49    37.339 53917.12976366 10.74 123.527596  66.587914  7.079
 49    37.348 53917.12976431 11.01 123.524266  66.584834  7.079
 49    36.994 53917.12976495 13.60 123.520926  66.581754  7.079
 49    37.077 53917.12976560 14.04 123.517596  66.578674  7.079
 50    34.908 53952.12975927 24.17 123.573532  66.633859 22.473
 50    35.570 53952.12975992 20.62 123.570182  66.630779 22.473
 50    34.370 53952.12976056 20.69 123.566842  66.627709 22.473
 50    31.097 53952.12976121 29.04 123.563492  66.624629 22.473
 50    31.307 53952.12976185 32.16 123.560152  66.621559 22.473
 50    31.323 53952.12976250 32.94 123.556802  66.618479 22.473
 50    31.291 53952.12976314 29.13 123.553462  66.615409 22.473
 50    31.149 53952.12976379 24.50 123.550122  66.612329 22.473
 50    30.958 53952.12976443 21.69 123.546778  66.609252 12.707
 50    31.365 53952.12976507 20.54 123.543438  66.606172 12.707
 50    31.119 53952.12976572 20.30 123.540098  66.603102 12.707
 50    30.849 53952.12976636 20.98 123.536758  66.600022 12.707
 50    30.021 53952.12976701 22.66 123.533418  66.596942 12.707
 50    30.289 53952.12976765 21.90 123.530078  66.593872 12.707
 50    30.743 53952.12976830 21.52 123.526738  66.590792 12.707
 50    30.802 53952.12976894 23.53 123.523408  66.587712 12.707
 50    31.208 53952.12976959 23.47 123.520068  66.584642 12.707
 50    31.568 53952.12977023 25.06 123.516738  66.581562 12.707
 50    31.578 53952.12977088 29.39 123.513398  66.578482 12.707
 52    34.040 54022.12973847 29.88 123.587808  66.625451 14.472
 52    31.754 54022.12973912 32.24 123.584458  66.622381 14.472
 52    31.825 54022.12973976 34.51 123.581118  66.619301 14.472
 52    32.069 54022.12974105 39.96 123.574428  66.613151 14.472
 52    32.124 54022.12974169 38.31 123.571081  66.610080 35.828
 52    32.088 54022.12974234 42.67 123.567741  66.607000 35.828
 52    32.118 54022.12974298 43.26 123.564391  66.603920 35.828
 52    32.204 54022.12974363 42.95 123.561051  66.600850 35.828
 52    32.157 54022.12974427 44.35 123.557711  66.597770 35.828
 52    32.169 54022.12974492 45.05 123.554371  66.594700 35.828
 52    32.250 54022.12974556 43.54 123.551031  66.591620 35.828
 52    32.259 54022.12974621 42.69 123.547691  66.588540 35.828
 52    32.189 54022.12974685 42.99 123.544351  66.585470 35.828
 52    32.185 54022.12974750 42.34 123.541021  66.582390 35.828
 52    32.305 54022.12974814 42.19 123.537681  66.579310 35.828
 52    32.341 54022.12974879 43.78 123.534351  66.576230 35.828
 52    32.350 54022.12974943 43.68 123.531011  66.573160 35.828
 52    32.339 54022.12975007 43.12 123.527681  66.570080 35.828
 52    32.331 54022.12975072 40.57 123.524341  66.567000 35.828
 52    32.317 54022.12975136 41.35 123.521011  66.563930 35.828
 53    24.814 54057.12973102 20.99 123.585019  66.624008  4.402
 53    25.180 54057.12973166 21.79 123.581669  66.620928  4.402
 53    27.201 54057.12973360 23.83 123.571639  66.611706  8.964
 53    27.842 54057.12973424 23.94 123.568299  66.608626  8.964
 53    28.405 54057.12973489 25.38 123.564959  66.605546  8.964
 53    28.562 54057.12973553 27.09 123.561619  66.602476  8.964
 53    28.921 54057.12973618 29.16 123.558279  66.599396  8.964
 53    29.023 54057.12973682 29.43 123.554939  66.596326  8.964
 53    29.152 54057.12973747 31.87 123.551599  66.593246  8.964
 53    29.053 54057.12973811 31.71 123.548259  66.590166  8.964
 53    29.012 54057.12973875 31.74 123.544919  66.587096  8.964
 53    28.847 54057.12973940 30.92 123.541589  66.584016  8.964
 53    29.072 54057.12974004 28.20 123.538249  66.580936  8.964
 53    29.095 54057.12974069 25.92 123.534919  66.577856  8.964
 53    29.041 54057.12974133 25.19 123.531579  66.574786  8.964
 53    29.220 54057.12974198 22.91 123.528249  66.571706  8.964
 53    29.293 54057.12974262 21.61 123.524919  66.568626  8.964
 53    29.352 54057.12974327 21.85 123.521589  66.565556  8.964
 53    29.402 54057.12974391 22.05 123.518259  66.562476  8.964
 54    33.804 54092.12971311 14.94 123.571917  66.631672  2.917
 54    28.250 54092.12971375 16.17 123.568567  66.628602  2.917
 54    28.722 54092.12971440 16.37 123.565227  66.625522  2.917
 54    28.656 54092.12971504 16.88 123.561877  66.622452  2.917
 54    28.985 54092.12971569 17.43 123.558537  66.619372  2.917
 54    29.044 54092.12971633 17.48 123.555197  66.616292  2.917
 54    29.428 54092.12971697 18.28 123.551857  66.613222  2.917
 54    29.539 54092.12971762 17.53 123.548515  66.610143  3.954
 54    29.585 54092.12971826 18.83 123.545175  66.607063  3.954
 54    29.663 54092.12971891 18.69 123.541835  66.603993  3.954
 54    29.771 54092.12971955 19.09 123.538495  66.600913  3.954
 54    29.718 54092.12972020 20.18 123.535155  66.597833  3.954
 54    29.570 54092.12972084 20.58 123.531825  66.594763  3.954
 54    29.608 54092.12972149 19.55 123.528485  66.591683  3.954
 54    29.563 54092.12972213 18.85 123.525155  66.588603  3.954
 54    29.502 54092.12972278 18.56 123.521815  66.585533  3.954
 54    29.436 54092.12972342 18.29 123.518485  66.582453  3.954
 54    29.466 54092.12972407 17.37 123.515145  66.579373  3.954
 55    36.198 54127.12964807 11.14 123.588946  66.621549  1.951
 55    33.750 54127.12964871 11.72 123.585596  66.618479  1.951
 55    29.472 54127.12965065 13.19 123.575564  66.609251  3.646
 55    29.503 54127.12965129 13.56 123.572214  66.606171  3.646
 55    29.415 54127.12965194 14.13 123.568874  66.603101  3.646
 55    29.314 54127.12965258 14.14 123.565534  66.600021  3.646
 55    29.421 54127.12965322 15.17 123.562194  66.596941  3.646
 55    29.283 54127.12965387 15.49 123.558844  66.593871  3.646
 55    29.243 54127.12965451 15.78 123.555514  66.590791  3.646
 55    29.112 54127.12965516 16.44 123.552174  66.587721  3.646
 55    29.220 54127.12965580 15.84 123.548834  66.584641  3.646
 55    29.048 54127.12965645 15.24 123.545494  66.581561  3.646
 55    29.109 54127.12965709 14.72 123.542164  66.578481  3.646
 55    29.193 54127.12965774 13.82 123.538824  66.575411  3.646
 55    29.118 54127.12965838 13.45 123.535484  66.572331  3.646
 55    29.414 54127.12965903 12.73 123.532154  66.569251  3.646
 55    29.519 54127.12965967 12.08 123.528824  66.566181  3.646
 55    33.282 54127.12966032 11.26 123.525484  66.563101  3.646
 55    34.169 54127.12966096 11.11 123.522154  66.560021  3.646
 56    35.859 54162.12968176  9.49 123.577764  66.630321  2.262
 56    33.822 54162.12968241 10.12 123.574424  66.627241  2.262
 56    34.287 54162.12968305 10.28 123.571074  66.624171  2.262
 56    33.759 54162.12968370 10.90 123.567734  66.621091  2.262
 56    32.024 54162.12968434 10.98 123.564384  66.618021  2.262
 56    31.060 54162.12968498 11.74 123.561044  66.614941  2.262
 56    30.480 54162.12968563 11.56 123.557698  66.611867  2.987
 56    29.530 54162.12968627 11.64 123.554358  66.608787  2.987
 56    29.245 54162.12968692 12.12 123.551018  66.605717  2.987
 56    29.028 54162.12968756 12.31 123.547678  66.602637  2.987
 56    28.776 54162.12968821 12.75 123.544338  66.599557  2.987
 56    28.619 54162.12968885 13.87 123.540998  66.596487  2.987
 56    28.502 54162.12968950 12.99 123.537668  66.593407  2.987
 56    28.661 54162.12969014 13.01 123.534328  66.590327  2.987
 56    28.556 54162.12969079 13.23 123.530988  66.587257  2.987
 56    28.544 54162.12969143 12.21 123.527658  66.584177  2.987
 56    28.725 54162.12969208 11.90 123.524318  66.581097  2.987
 56    30.040 54162.12969272 11.11 123.520988  66.578017  2.987
 57    35.863 54197.12964958  8.52 123.588282  66.626239  2.042
 57    34.554 54197.12965023  8.59 123.584942  66.623169  2.042
 57    33.524 54197.12965087  9.09 123.581592  66.620089  2.042
 57    29.922 54197.12965280  9.86 123.571562  66.610862  3.149
 57    29.550 54197.12965345 10.31 123.568212  66.607792  3.149
 57    29.501 54197.12965409 10.40 123.564872  66.604712  3.149
 57    29.278 54197.12965474 11.24 123.561532  66.601632  3.149
 57    29.317 54197.12965538 11.70 123.558192  66.598562  3.149
 57    29.130 54197.12965603 11.80 123.554852  66.595482  3.149
 57    28.715 54197.12965667 11.76 123.551512  66.592412  3.149
 57    28.353 54197.12965732 12.45 123.548172  66.589332  3.149
 57    28.517 54197.12965796 12.32 123.544832  66.586252  3.149
 57    28.423 54197.12965861 12.04 123.541492  66.583182  3.149
 57    28.423 54197.12965925 11.28 123.538162  66.580102  3.149
 57    28.863 54197.12965990 11.00 123.534822  66.577022  3.149
 57    29.204 54197.12966054 10.27 123.531492  66.573952  3.149
 57    32.246 54197.12966119  9.83 123.528152  66.570872  3.149
 57    32.289 54197.12966183  9.59 123.524822  66.567792  3.149
 57    33.431 54197.12966247  9.00 123.521492  66.564722  3.149
 58    28.128 54232.12969485 33.06 123.584321  66.628876 20.342
 58    28.209 54232.12969550 42.64 123.580971  66.625796 20.342
 58    28.228 54232.12969614 40.83 123.577631  66.622726 20.342
 58    29.626 54232.12969808 30.39 123.567591  66.613496 20.342
 58    29.551 54232.12969872 32.86 123.564251  66.610422 21.596
 58    29.604 54232.12969937 33.41 123.560911  66.607342 21.596
 58    29.538 54232.12970001 32.55 123.557571  66.604262 21.596
 58    29.064 54232.12970065 31.25 123.554231  66.601192 21.596
 58    28.645 54232.12970130 33.82 123.550881  66.598112 21.596
 58    28.414 54232.12970194 34.55 123.547551  66.595032 21.596
 58    28.476 54232.12970259 35.48 123.544211  66.591962 21.596
 58    28.454 54232.12970323 35.25 123.540871  66.588882 21.596
 58    28.525 54232.12970388 35.52 123.537531  66.585812 21.596
 58    28.446 54232.12970452 36.64 123.534201  66.582732 21.596
 58    28.477 54232.12970517 39.92 123.530861  66.579652 21.596
 58    28.583 54232.12970581 40.21 123.527531  66.576572 21.596
 58    29.637 54232.12970646 35.26 123.524191  66.573502 21.596
 58    29.713 54232.12970710 33.11 123.520861  66.570422 21.596
 59    39.216 54267.12971297 52.96 123.581722  66.629004 39.429
 59    39.292 54267.12971361 52.27 123.578372  66.625924 39.429
 59    39.359 54267.12971426 50.71 123.575032  66.622854 39.429
 59    39.202 54267.12971555 52.66 123.568342  66.616704 39.429
 59    39.209 54267.12971619 50.55 123.565002  66.613624 39.429
 59    39.209 54267.12971684 50.79 123.561661  66.610549 40.677
 59    39.239 54267.12971748 52.23 123.558311  66.607469 40.677
 59    39.267 54267.12971813 52.19 123.554971  66.604399 40.677
 59    39.283 54267.12971877 50.48 123.551631  66.601319 40.677
 59    39.319 54267.12971942 50.07 123.548291  66.598239 40.677
 59    39.353 54267.12972006 49.31 123.544951  66.595169 40.677
 59    39.389 54267.12972070 50.23 123.541621  66.592089 40.677
 59    39.420 54267.12972135 51.14 123.538281  66.589009 40.677
 59    39.441 54267.12972199 51.70 123.534941  66.585939 40.677
 59    39.472 54267.12972264 50.53 123.531611  66.582859 40.677
 59    39.493 54267.12972328 50.57 123.528271  66.579779 40.677
 59    39.521 54267.12972393 50.85 123.524941  66.576699 40.677
 59    39.551 54267.12972457 48.69 123.521601  66.573629 40.677
 60    34.408 54302.12971718 50.74 123.582470  66.630224 35.190
 60    34.449 54302.12971782 52.93 123.579120  66.627144 35.190
 60    34.397 54302.12971847 52.03 123.575780  66.624074 35.190
 60    34.322 54302.12971911 51.84 123.572430  66.620994 35.190
 60    34.364 54302.12971976 52.18 123.569090  66.617924 35.190
 60    34.492 54302.12972040 52.89 123.565750  66.614844 35.190
 60    34.426 54302.12972105 49.62 123.562407  66.611770 44.226
 60    34.479 54302.12972169 51.94 123.559057  66.608690 44.226
 60    34.510 54302.12972234 50.70 123.555717  66.605620 44.226
 60    34.565 54302.12972298 51.54 123.552377  66.602540 44.226
 60    34.511 54302.12972362 51.36 123.549037  66.599460 44.226
 60    34.626 54302.12972427 52.26 123.545697  66.596390 44.226
 60    34.682 54302.12972491 49.17 123.542367  66.593310 44.226
 60    34.698 54302.12972556 48.53 123.539027  66.590230 44.226
 60    34.730 54302.12972620 51.46 123.535687  66.587160 44.226
 60    34.755 54302.12972685 52.55 123.532357  66.584080 44.226
 60    34.789 54302.12972749 51.06 123.529017  66.581000 44.226
 60    34.783 54302.12972814 51.23 123.525687  66.577920 44.226
 60    34.755 54302.12972878 51.60 123.522347  66.574850 44.226
 61    36.374 54337.12970376 20.93 123.578033  66.631821 17.352
 61    35.933 54337.12970441 17.74 123.574693  66.628751 17.352
 61    35.204 54337.12970505 17.68 123.571343  66.625671 17.352
 61    34.063 54337.12970570 19.54 123.568003  66.622601 17.352
 61    32.915 54337.12970634 20.89 123.564653  66.619521 17.352
 61    33.233 54337.12970699 20.68 123.561313  66.616441 17.352
 61    32.675 54337.12970763 20.20 123.557973  66.613371 17.352
 61    32.930 54337.12970828 19.51 123.554633  66.610293 13.145
 61    32.840 54337.12970892 17.63 123.551293  66.607213 13.145
 61    32.327 54337.12970957 17.17 123.547943  66.604143 13.145
 61    31.915 54337.12971021 17.65 123.544613  66.601063 13.145
 61    31.461 54337.12971085 18.15 123.541273  66.597983 13.145
 61    30.788 54337.12971150 18.48 123.537933  66.594913 13.145
 61    29.653 54337.12971214 20.23 123.534593  66.591833 13.145
 61    31.370 54337.12971279 19.26 123.531263  66.588753 13.145
 61    32.052 54337.12971343 17.33 123.527923  66.585683 13.145
 61    32.901 54337.12971408 17.34 123.524593  66.582603 13.145
 61    33.274 54337.12971472 18.55 123.521253  66.579523 13.145
 62    35.741 54372.12965055 24.15 123.586163  66.625981 20.782
 62    35.859 54372.12965119 19.75 123.582810  66.622905  8.395
 62    37.379 54372.12965183 18.95 123.579470  66.619835  8.395
 62    32.915 54372.12965312 21.76 123.572780  66.613685  8.395
 62    32.363 54372.12965377 26.92 123.569440  66.610605  8.395
 62    32.297 54372.12965441 24.69 123.566090  66.607525  8.395
 62    32.180 54372.12965506 22.78 123.562750  66.604455  8.395
 62    32.946 54372.12965570 20.95 123.559410  66.601375  8.395
 62    32.685 54372.12965635 20.36 123.556070  66.598295  8.395
 62    32.124 54372.12965699 19.57 123.552730  66.595225  8.395
 62    31.473 54372.12965764 20.69 123.549390  66.592145  8.395
 62    30.885 54372.12965828 21.16 123.546050  66.589065  8.395
 62    31.470 54372.12965893 21.46 123.542720  66.585995  8.395
 62    32.250 54372.12965957 20.23 123.539380  66.582915  8.395
 62    32.815 54372.12966022 21.07 123.536040  66.579835  8.395
 62    33.171 54372.12966086 23.06 123.532710  66.576765  8.395
 62    33.588 54372.12966151 23.24 123.529370  66.573685  8.395
 62    33.924 54372.12966215 23.58 123.526040  66.570615  8.395
 62    34.189 54372.12966279 25.01 123.522710  66.567535  8.395
 62    34.292 54372.12966344 31.61 123.519380  66.564455  8.395
 63    28.878 54407.12964916 16.98 123.578256  66.630438  6.699
 63    29.246 54407.12964980 17.12 123.574916  66.627358  6.699
 63    28.788 54407.12965045 18.02 123.571566  66.624288  6.699
 63    28.452 54407.12965109 19.38 123.568226  66.621208  6.699
 63    28.165 54407.12965174 20.67 123.564876  66.618128  6.699
 63    28.274 54407.12965238 21.42 123.561536  66.615058  6.699
 63    28.419 54407.12965302 23.57 123.558196  66.611978  6.699
 63    28.892 54407.12965367 25.14 123.554856  66.608908  6.699
 63    29.088 54407.12965431 30.49 123.551516  66.605828  6.699
 63    29.256 54407.12965496 33.02 123.548176  66.602748  6.699
 63    29.348 54407.12965560 41.78 123.544836  66.599678  6.699
 63    29.229 54407.12965625 43.49 123.541497  66.596597 18.025
 63    29.191 54407.12965689 43.80 123.538157  66.593517 18.025
 63    29.282 54407.12965754 42.75 123.534817  66.590447 18.025
 63    29.216 54407.12965818 47.69 123.531487  66.587367 18.025
 63    29.202 54407.12965883 42.52 123.528147  66.584287 18.025
 63    29.051 54407.12965947 36.61 123.524817  66.581217 18.025
 63    28.835 54407.12966012 33.63 123.521477  66.578137 18.025
 64    35.490 54442.12961102 10.86 123.589263  66.620107  2.925
 64    34.274 54442.12961166 11.01 123.585913  66.617027  2.925
 64    30.203 54442.12961360 13.30 123.575883  66.607797  2.925
 64    30.317 54442.12961424 12.91 123.572543  66.604727  2.925
 64    30.351 54442.12961489 13.76 123.569193  66.601647  2.925
 64    30.228 54442.12961553 15.60 123.565855  66.598576  4.027
 64    30.175 54442.12961617 14.17 123.562515  66.595496  4.027
 64    30.276 54442.12961682 15.38 123.559175  66.592416  4.027
 64    30.126 54442.12961746 14.59 123.555835  66.589346  4.027
 64    29.976 54442.12961811 15.10 123.552495  66.586266  4.027
 64    30.141 54442.12961875 14.37 123.549155  66.583196  4.027
 64    30.176 54442.12961940 13.64 123.545815  66.580116  4.027
 64    30.328 54442.12962004 12.40 123.542485  66.577036  4.027
 64    30.370 54442.12962069 11.85 123.539145  66.573966  4.027
 64    30.553 54442.12962133 11.74 123.535815  66.570886  4.027
 64    33.880 54442.12962198 10.87 123.532475  66.567806  4.027
 64    33.693 54442.12962262 11.51 123.529145  66.564726  4.027
 64    34.535 54442.12962327  9.90 123.525815  66.561656  4.027
 64    34.775 54442.12962391 10.06 123.522475  66.558576  4.027
 65    36.064 54477.12963801  8.64 123.581166  66.627814  3.100
 65    35.339 54477.12963865  9.53 123.577816  66.624744  3.100
 65    34.833 54477.12963929  9.53 123.574466  66.621664  3.100
 65    31.389 54477.12964058 11.36 123.567786  66.615514  3.100
 65    30.408 54477.12964123 11.50 123.564436  66.612434  3.100
 65    30.106 54477.12964187 11.57 123.561096  66.609364  3.100
 65    30.396 54477.12964252 11.14 123.557756  66.606284  3.100
 65    30.315 54477.12964316 11.90 123.554416  66.603204  3.100
 65    30.172 54477.12964381 12.39 123.551076  66.600134  3.100
 65    29.917 54477.12964445 12.57 123.547734  66.597055  4.085
 65    29.877 54477.12964510 12.07 123.544394  66.593975  4.085
 65    29.967 54477.12964574 11.80 123.541064  66.590905  4.085
 65    30.023 54477.12964639 11.60 123.537724  66.587825  4.085
 65    30.637 54477.12964703  9.99 123.534384  66.584745  4.085
 65    32.191 54477.12964768  9.93 123.531054  66.581675  4.085
 65    31.847 54477.12964832  9.80 123.527714  66.578595  4.085
 65    33.089 54477.12964896  9.19 123.524384  66.575515  4.085
 65    33.551 54477.12964961  8.21 123.521054  66.572445  4.085
 66    36.171 54512.12962591  7.08 123.590019  66.623645  2.072
 66    35.596 54512.12962656  7.25 123.586671  66.620572  4.354
 66    34.763 54512.12962720  7.86 123.583321  66.617502  4.354
 66    30.157 54512.12962849 10.26 123.576631  66.611342  4.354
 66    30.192 54512.12962914 10.52 123.573291  66.608272  4.354
 66    30.243 54512.12962978 10.38 123.569941  66.605192  4.354
 66    30.415 54512.12963043 11.72 123.566601  66.602122  4.354
 66    30.320 54512.12963107 11.31 123.563261  66.599042  4.354
 66    30.197 54512.12963172  9.35 123.559921  66.595962  4.354
 66    29.769 54512.12963236 10.92 123.556581  66.592892  4.354
 66    29.392 54512.12963300 11.59 123.553241  66.589812  4.354
 66    28.870 54512.12963365 13.91 123.549901  66.586732  4.354
 66    29.159 54512.12963429 11.17 123.546561  66.583662  4.354
 66    29.262 54512.12963494 10.55 123.543231  66.580582  4.354
 66    29.266 54512.12963558 10.58 123.539891  66.577512  4.354
 66    32.594 54512.12963623  8.30 123.536561  66.574432  4.354
 66    33.238 54512.12963687  8.34 123.533221  66.571352  4.354
 66    34.069 54512.12963752  7.25 123.529891  66.568282  4.354
 66    34.230 54512.12963816  6.97 123.526561  66.565202  4.354
 66    34.340 54512.12963881  6.61 123.523221  66.562122  4.354
 66    34.664 54512.12963945  6.69 123.519890  66.559044  3.290
 67    36.362 54547.12965138  5.90 123.578772  66.631680  1.959
 67    36.214 54547.12965202  5.97 123.575422  66.628600  1.959
 67    35.745 54547.12965267  5.99 123.572082  66.625530  1.959
 67    34.741 54547.12965331  6.12 123.568732  66.622450  1.959
 67    33.630 54547.12965396  6.09 123.565393  66.619377  2.085
 67    33.611 54547.12965460  5.77 123.562053  66.616297  2.085
 67    33.491 54547.12965525  5.79 123.558703  66.613217  2.085
 67    33.062 54547.12965589  5.40 123.555363  66.610147  2.085
 67    32.738 54547.12965654  5.54 123.552023  66.607067  2.085
 67    33.334 54547.12965718  5.51 123.548683  66.603987  2.085
 67    32.519 54547.12965782  5.88 123.545343  66.600917  2.085
 67    32.262 54547.12965847  5.29 123.542003  66.597837  2.085
 67    30.444 54547.12965911  6.02 123.538673  66.594767  2.085
 67    30.330 54547.12965976  5.55 123.535333  66.591687  2.085
 67    30.932 54547.12966040  5.97 123.531993  66.588607  2.085
 67    32.347 54547.12966105  6.02 123.528663  66.585527  2.085
 67    33.052 54547.12966169  5.56 123.525323  66.582457  2.085
 67    33.614 54547.12966234  5.58 123.521993  66.579377  2.085
 67    33.796 54547.12966298  5.16 123.518653  66.576297  2.085
 68    36.634 54582.12962104  5.01 123.582156  66.626892  1.897
 68    35.848 54582.12962169  4.66 123.578806  66.623822  1.897
 68    35.125 54582.12962233  4.72 123.575466  66.620742  1.897
 68    33.765 54582.12962362  4.77 123.568773  66.614590  2.078
 68    33.937 54582.12962426  4.68 123.565433  66.611510  2.078
 68    33.419 54582.12962491  4.98 123.562093  66.608440  2.078
 68    33.056 54582.12962555  4.71 123.558753  66.605360  2.078
 68    32.862 54582.12962620  4.89 123.555403  66.602290  2.078
 68    32.345 54582.12962684  5.24 123.552063  66.599210  2.078
 68    32.005 54582.12962749  5.29 123.548733  66.596130  2.078
 68    31.088 54582.12962813  5.20 123.545393  66.593060  2.078
 68    30.547 54582.12962878  5.45 123.542053  66.589980  2.078
 68    31.046 54582.12962942  5.69 123.538713  66.586900  2.078
 68    31.457 54582.12963007  5.53 123.535383  66.583820  2.078
 68    32.641 54582.12963071  4.82 123.532043  66.580750  2.078
 68    33.233 54582.12963136  4.74 123.528713  66.577670  2.078
 68    33.723 54582.12963200  4.56 123.525373  66.574590  2.078
 68    34.094 54582.12963264  4.60 123.522043  66.571520  2.078
 68    34.222 54582.12963329  4.52 123.518713  66.568440  2.078
 69    40.914 54617.12964181 31.26 123.581616  66.628611 10.145
 69    40.692 54617.12964246 30.41 123.578276  66.625541 10.145
 69    40.604 54617.12964310 27.49 123.574926  66.622461 10.145
 69    39.969 54617.12964439 24.06 123.568236  66.616311 10.145
 69    39.405 54617.12964504 23.33 123.564896  66.613231 10.145
 69    38.406 54617.12964568 22.96 123.561556  66.610161 10.145
 69    37.619 54617.12964632 22.53 123.558206  66.607081 10.145
 69    36.999 54617.12964697 20.66 123.554866  66.604001 10.145
 69    35.999 54617.12964761 19.72 123.551526  66.600931 10.145
 69    35.053 54617.12964826 19.35 123.548186  66.597851 10.145
 69    34.012 54617.12964890 18.56 123.544846  66.594771 10.145
 69    32.727 54617.12964955 19.08 123.541516  66.591701 10.145
 69    31.231 54617.12965019 18.94 123.538176  66.588621 10.145
 69    29.822 54617.12965084 19.93 123.534836  66.585541 10.145
 69    29.629 54617.12965148 19.62 123.531506  66.582466 10.927
 69    37.054 54617.12965213 18.88 123.528166  66.579396 10.927
 69    39.306 54617.12965277 19.29 123.524836  66.576316 10.927
 69    40.125 54617.12965342 19.62 123.521506  66.573236 10.927
 70    34.995 54652.12965417 29.40 123.580256  66.629730 21.975
 70    35.241 54652.12965482 21.59 123.576906  66.626660 21.975
 70    35.294 54652.12965546 17.03 123.573556  66.623580 21.975
 70    34.212 54652.12965675 16.87 123.566876  66.617430  8.976
 70    34.114 54652.12965740 16.02 123.563526  66.614350  8.976
 70    34.075 54652.12965804 16.17 123.560186  66.611280  8.976
 70    34.141 54652.12965869 16.56 123.556846  66.608200  8.976
 70    34.000 54652.12965933 15.64 123.553506  66.605120  8.976
 70    33.506 54652.12965998 17.80 123.550166  66.602050  8.976
 70    32.781 54652.12966062 18.73 123.546826  66.598970  8.976
 70    31.955 54652.12966126 18.30 123.543486  66.595900  8.976
 70    31.309 54652.12966191 18.04 123.540146  66.592820  8.976
 70    30.469 54652.12966255 18.60 123.536806  66.589740  8.976
 70    33.887 54652.12966320 16.36 123.533476  66.586660  8.976
 70    33.754 54652.12966384 17.22 123.530136  66.583590  8.976
 70    33.839 54652.12966449 17.41 123.526806  66.580510  8.976
 70    33.887 54652.12966513 18.59 123.523466  66.577430  8.976
 70    34.257 54652.12966578 20.81 123.520136  66.574360  8.976
 71    33.225 54687.12964489 42.86 123.576058  66.631476 18.453
 71    32.945 54687.12964553 44.97 123.572718  66.628406 18.453
 71    32.923 54687.12964618 48.89 123.569368  66.625326 18.453
 71    33.137 54687.12964682 46.08 123.566028  66.622256 18.453
 71    33.107 54687.12964747 47.96 123.562678  66.619176 18.453
 71    33.110 54687.12964811 44.17 123.559341  66.616100 33.734
 71    33.097 54687.12964876 44.74 123.556001  66.613020 33.734
 71    33.079 54687.12964940 43.96 123.552661  66.609950 33.734
 71    33.133 54687.12965005 43.10 123.549311  66.606870 33.734
 71    33.256 54687.12965069 43.43 123.545971  66.603790 33.734
 71    33.243 54687.12965134 39.81 123.542641  66.600720 33.734
 71    33.150 54687.12965198 42.60 123.539301  66.597640 33.734
 71    33.208 54687.12965262 42.65 123.535961  66.594560 33.734
 71    33.352 54687.12965327 42.96 123.532621  66.591490 33.734
 71    33.375 54687.12965391 42.82 123.529291  66.588410 33.734
 71    33.331 54687.12965456 43.24 123.525951  66.585330 33.734
 71    33.300 54687.12965520 43.85 123.522621  66.582250 33.734
 71    33.311 54687.12965585 46.47 123.519281  66.579180 33.734
 72    35.990 54722.12960168 19.39 123.587766  66.621259 30.876
 72    35.831 54722.12960233 15.70 123.584417  66.618184  4.397
 72    36.021 54722.12960362 12.81 123.577727  66.612034  4.397
 72    36.296 54722.12960426 11.72 123.574387  66.608964  4.397
 72    36.000 54722.12960491 11.99 123.571037  66.605884  4.397
 72    35.912 54722.12960555 12.53 123.567697  66.602804  4.397
 72    36.034 54722.12960620 12.30 123.564357  66.599734  4.397
 72    36.001 54722.12960684 12.28 123.561017  66.596654  4.397
 72    36.024 54722.12960749 11.73 123.557677  66.593574  4.397
 72    35.989 54722.12960813 11.66 123.554337  66.590504  4.397
 72    36.144 54722.12960878 10.92 123.550997  66.587424  4.397
 72    36.090 54722.12960942 11.49 123.547657  66.584354  4.397
 72    36.025 54722.12961006 11.71 123.544327  66.581274  4.397
 72    36.008 54722.12961071 12.38 123.540987  66.578194  4.397
 72    36.090 54722.12961135 14.99 123.537647  66.575124  4.397
 72    36.296 54722.12961200 18.12 123.534317  66.572044  4.397
 72    36.477 54722.12961264 19.27 123.530977  66.568964  4.397
 72    36.121 54722.12961329 19.38 123.527647  66.565894  4.397
 72    36.053 54722.12961393 18.32 123.524317  66.562814  4.397
 72    35.625 54722.12961458 22.51 123.520987  66.559734  4.397
 73    31.084 54757.12962027 29.67 123.580117  66.630759 10.274
 73    31.060 54757.12962092 32.96 123.576767  66.627679 10.274
 73    30.999 54757.12962156 32.96 123.573427  66.624609 10.274
 73    31.154 54757.12962221 36.27 123.570077  66.621529 10.274
 73    31.208 54757.12962285 32.78 123.566736  66.618449 25.062
 73    31.051 54757.12962350 31.29 123.563396  66.615379 25.062
 73    31.275 54757.12962414 31.66 123.560046  66.612299 25.062
 73    31.297 54757.12962479 35.57 123.556706  66.609229 25.062
 73    31.239 54757.12962543 37.18 123.553366  66.606149 25.062
 73    31.208 54757.12962607 40.46 123.550026  66.603069 25.062
 73    31.298 54757.12962672 41.80 123.546686  66.599999 25.062
 73    31.223 54757.12962736 39.89 123.543346  66.596919 25.062
 73    31.267 54757.12962801 38.00 123.540016  66.593839 25.062
 73    31.345 54757.12962865 37.07 123.536676  66.590769 25.062
 73    31.378 54757.12962930 39.41 123.533336  66.587689 25.062
 73    31.315 54757.12962994 38.19 123.530006  66.584609 25.062
 73    31.323 54757.12963059 40.50 123.526666  66.581539 25.062
 73    31.376 54757.12963123 39.64 123.523336  66.578459 25.062
 73    31.458 54757.12963188 35.32 123.519996  66.575379 25.062
 74    35.350 54792.12959470 14.40 123.589666  66.624447  2.698
 74    34.338 54792.12959535 15.67 123.586321  66.621375  8.514
 74    31.160 54792.12959599 15.92 123.582971  66.618305  8.514
 74    30.168 54792.12959728 18.03 123.576281  66.612145  8.514
 74    30.189 54792.12959793 19.15 123.572941  66.609075  8.514
 74    29.600 54792.12959857 19.60 123.569601  66.605995  8.514
 74    30.240 54792.12959922 19.68 123.566251  66.602925  8.514
 74    30.195 54792.12959986 21.60 123.562911  66.599845  8.514
 74    30.097 54792.12960051 22.90 123.559571  66.596775  8.514
 74    30.092 54792.12960115 20.55 123.556231  66.593695  8.514
 74    29.868 54792.12960180 19.32 123.552891  66.590615  8.514
 74    29.731 54792.12960244 17.96 123.549551  66.587545  8.514
 74    30.213 54792.12960309 18.81 123.546211  66.584465  8.514
 74    30.092 54792.12960373 21.27 123.542881  66.581385  8.514
 74    30.021 54792.12960437 20.87 123.539541  66.578315  8.514
 74    30.153 54792.12960502 21.09 123.536211  66.575235  8.514
 74    30.148 54792.12960566 21.17 123.532871  66.572155  8.514
 74    30.108 54792.12960631 22.35 123.529541  66.569085  8.514
 74    30.098 54792.12960695 23.47 123.526201  66.566005  8.514
 74    30.149 54792.12960760 22.64 123.522871  66.562925  8.514
 74    30.138 54792.12960824 21.34 123.519544  66.559848  4.859
 75    36.058 54827.12961770 11.53 123.584995  66.629678  3.038
 75    34.079 54827.12961835 12.72 123.581645  66.626608  3.038
 75    30.550 54827.12961899 14.17 123.578305  66.623528  3.038
 75    30.319 54827.12961963 13.61 123.574955  66.620458  3.038
 75    30.369 54827.12962092 15.96 123.568268  66.614306  5.322
 75    30.471 54827.12962157 16.34 123.564928  66.611226  5.322
 75    30.661 54827.12962221 17.35 123.561578  66.608146  5.322
 75    30.710 54827.12962286 15.76 123.558238  66.605076  5.322
 75    30.684 54827.12962350 18.15 123.554898  66.601996  5.322
 75    30.637 54827.12962415 17.59 123.551558  66.598916  5.322
 75    30.634 54827.12962479 16.85 123.548218  66.595846  5.322
 75    30.389 54827.12962544 14.34 123.544878  66.592766  5.322
 75    30.268 54827.12962608 14.97 123.541538  66.589696  5.322
 75    30.638 54827.12962673 14.61 123.538208  66.586616  5.322
 75    30.733 54827.12962737 14.34 123.534868  66.583536  5.322
 75    30.749 54827.12962802 13.53 123.531538  66.580456  5.322
 75    30.664 54827.12962866 12.76 123.528198  66.577386  5.322
 75    30.720 54827.12962931 12.78 123.524868  66.574306  5.322
 75    30.879 54827.12962995 12.87 123.521528  66.571226  5.322
 76    32.059 54862.12958836 10.46 123.588946  66.625046  2.337
 76    32.018 54862.12958901 11.32 123.585596  66.621966  2.337
 76    30.606 54862.12958965 12.78 123.582253  66.618891  5.907
 76    30.286 54862.12959094 13.41 123.575563  66.612741  5.907
 76    30.609 54862.12959159 15.05 123.572223  66.609661  5.907
 76    30.560 54862.12959223 15.74 123.568873  66.606591  5.907
 76    30.660 54862.12959287 15.80 123.565533  66.603511  5.907
 76    30.626 54862.12959352 15.27 123.562193  66.600441  5.907
 76    30.173 54862.12959416 16.71 123.558853  66.597361  5.907
 76    29.998 54862.12959481 14.27 123.555513  66.594281  5.907
 76    29.647 54862.12959545 16.33 123.552173  66.591211  5.907
 76    29.384 54862.12959610 16.55 123.548833  66.588131  5.907
 76    29.457 54862.12959674 15.07 123.545493  66.585051  5.907
 76    28.122 54862.12959739 14.99 123.542163  66.581981  5.907
 76    29.651 54862.12959803 14.35 123.538823  66.578901  5.907
 76    29.781 54862.12959868 13.02 123.535483  66.575831  5.907
 76    30.202 54862.12959932 11.74 123.532153  66.572751  5.907
 76    30.129 54862.12959997 11.96 123.528823  66.569671  5.907
 76    30.347 54862.12960061 11.31 123.525483  66.566591  5.907
 76    30.540 54862.12960126  9.58 123.522153  66.563521  5.907
 76    30.915 54862.12960190 10.48 123.518823  66.560441  5.907
 77    36.268 54897.12961797  8.18 123.578456  66.632100  2.432
 77    35.653 54897.12961861  8.38 123.575106  66.629020  2.432
 77    31.048 54897.12961926  9.87 123.571766  66.625950  2.432
 77    31.067 54897.12961990  9.54 123.568416  66.622870  2.432
 77    30.870 54897.12962054 10.28 123.565074  66.619789  4.294
 77    30.468 54897.12962119 11.74 123.561734  66.616719  4.294
 77    30.486 54897.12962183 13.01 123.558384  66.613639  4.294
 77    30.730 54897.12962248 11.11 123.555044  66.610569  4.294
 77    30.671 54897.12962312 11.19 123.551704  66.607489  4.294
 77    30.450 54897.12962377 11.99 123.548364  66.604409  4.294
 77    30.159 54897.12962441 12.21 123.545024  66.601339  4.294
 77    29.764 54897.12962506 12.38 123.541684  66.598259  4.294
 77    29.201 54897.12962570 12.02 123.538354  66.595189  4.294
 77    28.828 54897.12962635 11.58 123.535014  66.592109  4.294
 77    28.576 54897.12962699 11.08 123.531674  66.589029  4.294
 77    28.770 54897.12962764 10.40 123.528344  66.585949  4.294
 77    28.953 54897.12962828  9.20 123.525004  66.582879  4.294
 77    29.329 54897.12962893  9.33 123.521674  66.579799  4.294
 77    30.459 54897.12962957  8.35 123.518334  66.576719  4.294
 78    36.453 54932.12958432  5.80 123.585636  66.626283  2.047
 78    35.568 54932.12958496  6.22 123.582296  66.623213  2.047
 78    34.310 54932.12958561  6.81 123.578946  66.620133  2.047
 78    32.640 54932.12958690  7.07 123.572258  66.613984  2.917
 78    30.926 54932.12958754  7.35 123.568908  66.610904  2.917
 78    32.120 54932.12958819  6.84 123.565568  66.607834  2.917
 78    30.782 54932.12958883  7.74 123.562228  66.604754  2.917
 78    30.746 54932.12958948  7.26 123.558888  66.601674  2.917
 78    30.577 54932.12959012  7.14 123.555548  66.598604  2.917
 78    30.169 54932.12959077  7.13 123.552208  66.595524  2.917
 78    29.942 54932.12959141  7.21 123.548868  66.592444  2.917
 78    29.395 54932.12959206  7.92 123.545528  66.589374  2.917
 78    29.229 54932.12959270  7.47 123.542188  66.586294  2.917
 78    29.405 54932.12959334  7.03 123.538848  66.583214  2.917
 78    30.076 54932.12959399  7.02 123.535518  66.580144  2.917
 78    29.998 54932.12959463  7.43 123.532178  66.577064  2.917
 78    33.807 54932.12959528  5.77 123.528848  66.573984  2.917
 78    33.889 54932.12959592  5.71 123.525508  66.570914  2.917
 78    34.043 54932.12959657  6.10 123.522178  66.567834  2.917
 78    34.563 54932.12959721  4.81 123.518848  66.564754  2.917
 79    32.315 54967.12961913 31.01 123.580091  66.628300 19.600
 79    32.377 54967.12961977 30.69 123.576751  66.625220 19.600
 79    32.591 54967.12962042 31.31 123.573401  66.622150 19.600
 79    32.456 54967.12962170 27.88 123.566713  66.615997 22.466
 79    32.661 54967.12962235 31.72 123.563373  66.612917 22.466
 79    32.649 54967.12962299 33.60 123.560023  66.609837 22.466
 79    32.679 54967.12962364 34.35 123.556683  66.606767 22.466
 79    32.615 54967.12962428 31.11 123.553343  66.603687 22.466
 79    32.589 54967.12962493 28.58 123.550003  66.600617 22.466
 79    32.646 54967.12962557 26.83 123.546663  66.597537 22.466
 79    32.390 54967.12962622 22.47 123.543323  66.594457 22.466
 79    31.962 54967.12962686 20.71 123.539983  66.591387 22.466
 79    32.170 54967.12962751 21.14 123.536653  66.588307 22.466
 79    32.476 54967.12962815 22.16 123.533313  66.585227 22.466
 79    32.590 54967.12962880 26.10 123.529983  66.582147 22.466
 79    32.772 54967.12962944 28.21 123.526643  66.579077 22.466
 79    32.935 54967.12963009 33.82 123.523313  66.575997 22.466
 79    32.815 54967.12963073 35.38 123.519973  66.572917 22.466
 80    37.840 55002.12963879 22.59 123.580045  66.630723 23.130
 80    37.397 55002.12963943 20.29 123.576695  66.627643 23.130
 80    37.242 55002.12964007 18.63 123.573345  66.624573 23.130
 80    37.172 55002.12964072 17.05 123.570005  66.621493 23.130
 80    37.342 55002.12964136 15.75 123.566655  66.618413  3.719
 80    37.336 55002.12964201 15.12 123.563315  66.615343  3.719
 80    37.462 55002.12964265 14.20 123.559975  66.612263  3.719
 80    37.569 55002.12964330 13.25 123.556635  66.609193  3.719
 80    37.574 55002.12964394 12.80 123.553285  66.606113  3.719
 80    37.668 55002.12964459 12.81 123.549945  66.603033  3.719
 80    37.668 55002.12964523 12.66 123.546605  66.599963  3.719
 80    37.789 55002.12964588 11.43 123.543265  66.596883  3.719
 80    37.623 55002.12964652 12.32 123.539935  66.593813  3.719
 80    37.777 55002.12964717 12.16 123.536595  66.590733  3.719
 80    37.901 55002.12964781 11.65 123.533255  66.587653  3.719
 80    37.788 55002.12964846 12.67 123.529925  66.584573  3.719
 80    37.456 55002.12964910 14.67 123.526585  66.581503  3.719
 80    37.314 55002.12964974 15.45 123.523255  66.578423  3.719
 80    37.276 55002.12965039 16.31 123.519915  66.575343  3.719
 81    34.328 55037.12962541 27.35 123.581419  66.628462 21.821
 81    35.270 55037.12962605 21.72 123.578069  66.625392 21.821
 81    35.010 55037.12962670 18.17 123.574729  66.622312 21.821
 81    34.247 55037.12962799 18.90 123.568035  66.616161 13.479
 81    33.961 55037.12962863 20.64 123.564695  66.613081 13.479
 81    33.643 55037.12962928 21.83 123.561355  66.610011 13.479
 81    33.803 55037.12962992 18.91 123.558015  66.606931 13.479
 81    33.527 55037.12963057 19.85 123.554665  66.603851 13.479
 81    33.296 55037.12963121 18.19 123.551325  66.600781 13.479
 81    33.167 55037.12963186 17.97 123.547995  66.597701 13.479
 81    32.183 55037.12963250 17.95 123.544655  66.594621 13.479
 81    30.885 55037.12963314 19.46 123.541315  66.591551 13.479
 81    31.011 55037.12963379 20.59 123.537975  66.588471 13.479
 81    32.808 55037.12963443 17.53 123.534645  66.585391 13.479
 81    33.316 55037.12963508 18.21 123.531305  66.582321 13.479
 81    33.377 55037.12963572 22.02 123.527975  66.579241 13.479
 81    33.787 55037.12963637 24.83 123.524635  66.576161 13.479
 81    34.048 55037.12963701 29.52 123.521305  66.573091 13.479
 82    34.794 55072.12961196 24.63 123.575341  66.632169 17.410
 82    35.812 55072.12961260 21.16 123.572001  66.629089 17.410
 82    34.164 55072.12961324 21.47 123.568651  66.626019 17.410
 82    33.366 55072.12961389 22.77 123.565311  66.622939 17.410
 82    32.799 55072.12961453 24.73 123.561971  66.619859 17.410
 82    32.875 55072.12961518 24.18 123.558621  66.616789 17.410
 82    32.912 55072.12961582 24.11 123.555280  66.613711 16.971
 82    32.852 55072.12961647 22.86 123.551940  66.610631 16.971
 82    32.657 55072.12961711 23.94 123.548600  66.607561 16.971
 82    32.692 55072.12961776 23.38 123.545260  66.604481 16.971
 82    32.635 55072.12961840 22.92 123.541920  66.601401 16.971
 82    32.578 55072.12961905 22.76 123.538580  66.598331 16.971
 82    32.356 55072.12961969 24.89 123.535240  66.595251 16.971
 82    32.439 55072.12962034 24.59 123.531910  66.592171 16.971
 82    32.389 55072.12962098 26.20 123.528570  66.589101 16.971
 82    32.581 55072.12962163 27.90 123.525240  66.586021 16.971
 82    32.819 55072.12962227 28.87 123.521900  66.582941 16.971
 82    32.968 55072.12962291 31.79 123.518570  66.579861 16.971
 83    35.990 55107.12955840 17.99 123.585804  66.623414 23.525
 83    35.473 55107.12955905 18.92 123.582464  66.620334 23.525
 83    34.058 55107.12956098 16.74 123.572428  66.611109  6.191
 83    34.044 55107.12956162 17.03 123.569078  66.608039  6.191
 83    34.193 55107.12956227 15.67 123.565738  66.604959  6.191
 83    33.786 55107.12956291 16.28 123.562398  66.601879  6.191
 83    33.091 55107.12956356 16.60 123.559058  66.598809  6.191
 83    32.614 55107.12956420 17.37 123.555718  66.595729  6.191
 83    31.871 55107.12956485 19.03 123.552378  66.592659  6.191
 83    30.863 55107.12956549 19.69 123.549038  66.589579  6.191
 83    31.475 55107.12956614 19.90 123.545698  66.586499  6.191
 83    32.236 55107.12956678 21.29 123.542358  66.583419  6.191
 83    32.869 55107.12956743 22.12 123.539028  66.580349  6.191
 83    32.936 55107.12956807 22.92 123.535688  66.577269  6.191
 83    33.683 55107.12956872 21.83 123.532358  66.574199  6.191
 83    33.992 55107.12956936 21.40 123.529018  66.571119  6.191
 83    34.700 55107.12957001 19.15 123.525688  66.568039  6.191
 83    34.571 55107.12957065 19.88 123.522358  66.564969  6.191
 83    34.689 55107.12957130 19.95 123.519018  66.561889  6.191
 84    33.984 55142.12956259 24.81 123.579368  66.632071  8.472
 84    27.810 55142.12956324 30.44 123.576018  66.628991  8.472
 84    27.840 55142.12956388 27.52 123.572678  66.625921  8.472
 84    33.124 55142.12956452 24.67 123.569328  66.622841  8.472
 84    31.865 55142.12956517 22.09 123.565984  66.619770 10.954
 84    31.542 55142.12956581 20.19 123.562644  66.616690 10.954
 84    30.872 55142.12956646 18.56 123.559304  66.613610 10.954
 84    29.438 55142.12956710 19.16 123.555954  66.610540 10.954
 84    28.854 55142.12956775 20.76 123.552614  66.607460 10.954
 84    28.845 55142.12956839 23.17 123.549274  66.604390 10.954
 84    28.797 55142.12956904 24.56 123.545934  66.601310 10.954
 84    28.881 55142.12956968 20.99 123.542594  66.598230 10.954
 84    28.744 55142.12957033 19.96 123.539264  66.595160 10.954
 84    28.625 55142.12957097 19.55 123.535924  66.592080 10.954
 84    28.473 55142.12957162 20.69 123.532584  66.589000 10.954
 84    28.231 55142.12957226 23.99 123.529254  66.585930 10.954
 84    28.652 55142.12957291 25.97 123.525914  66.582850 10.954
 84    28.844 55142.12957355 29.56 123.522584  66.579770 10.954
 84    28.854 55142.12957419 30.97 123.519244  66.576700 10.954
 85    35.787 55177.12952904 13.38 123.589832  66.621795  3.330
 85    34.863 55177.12952968 13.67 123.586492  66.618725  3.330
 85    34.267 55177.12953161 13.74 123.576452  66.609495  3.330
 85    34.374 55177.12953226 13.83 123.573112  66.606415  3.330
 85    33.907 55177.12953290 13.35 123.569762  66.603345  3.330
 85    33.370 55177.12953355 13.83 123.566422  66.600265  3.330
 85    32.472 55177.12953419 14.29 123.563082  66.597185  3.330
 85    31.808 55177.12953484 13.87 123.559742  66.594115  3.330
 85    30.102 55177.12953548 14.42 123.556402  66.591035  3.330
 85    29.976 55177.12953613 15.34 123.553062  66.587955  3.330
 85    30.084 55177.12953677 14.80 123.549722  66.584885  3.330
 85    29.407 55177.12953742 15.90 123.546392  66.581805  3.330
 85    29.762 55177.12953806 15.83 123.543052  66.578735  3.330
 85    29.919 55177.12953871 15.55 123.539712  66.575655  3.330
 85    29.982 55177.12953935 15.73 123.536382  66.572575  3.330
 85    30.018 55177.12953999 15.12 123.533042  66.569505  3.330
 85    30.119 55177.12954064 16.57 123.529712  66.566425  3.330
 85    30.107 55177.12954128 16.97 123.526382  66.563345  3.330
 85    33.525 55177.12954193 15.69 123.523049  66.560267  5.628
 86    36.567 55212.12955743 12.61 123.581448  66.629974  2.839
 86    36.026 55212.12955807 12.05 123.578098  66.626894  2.839
 86    35.291 55212.12955872 11.52 123.574758  66.623824  2.839
 86    33.438 55212.12956001 11.84 123.568065  66.617664  3.220
 86    33.333 55212.12956065 11.73 123.564725  66.614594  3.220
 86    32.988 55212.12956130 11.82 123.561385  66.611514  3.220
 86    32.896 55212.12956194 11.80 123.558035  66.608444  3.220
 86    32.601 55212.12956259 11.23 123.554695  66.605364  3.220
 86    32.908 55212.12956323 11.56 123.551355  66.602284  3.220
 86    31.792 55212.12956388 12.06 123.548015  66.599214  3.220
 86    31.154 55212.12956452 12.03 123.544675  66.596134  3.220
 86    30.396 55212.12956516 12.52 123.541335  66.593064  3.220
 86    29.943 55212.12956581 12.59 123.538005  66.589984  3.220
 86    30.376 55212.12956645 13.00 123.534665  66.586904  3.220
 86    32.198 55212.12956710 12.26 123.531335  66.583824  3.220
 86    32.701 55212.12956774 11.87 123.527995  66.580754  3.220
 86    33.071 55212.12956839 12.49 123.524665  66.577674  3.220
 86    33.545 55212.12956903 11.90 123.521325  66.574594  3.220
 87    36.271 55247.12953127  9.90 123.586187  66.625842  2.671
 87    35.897 55247.12953191  9.70 123.582837  66.622772  2.671
 87    35.108 55247.12953256  9.72 123.579497  66.619692  2.671
 87    34.038 55247.12953385 10.42 123.572807  66.613542  2.671
 87    33.446 55247.12953449  9.90 123.569457  66.610462  2.671
 87    33.253 55247.12953514  9.95 123.566117  66.607392  2.671
 87    32.638 55247.12953578 10.14 123.562777  66.604312  2.671
 87    32.091 55247.12953643 10.78 123.559437  66.601242  2.671
 87    31.659 55247.12953707 11.05 123.556097  66.598162  2.671
 87    30.973 55247.12953771 11.29 123.552757  66.595082  2.671
 87    30.683 55247.12953836 10.86 123.549417  66.592012  2.671
 87    30.197 55247.12953900 11.71 123.546077  66.588932  2.671
 87    30.639 55247.12953965 11.26 123.542737  66.585852  2.671
 87    31.633 55247.12954029 11.56 123.539407  66.582782  2.671
 87    29.110 55247.12954094 12.39 123.536067  66.579702  2.671
 87    29.817 55247.12954158 11.25 123.532737  66.576632  2.671
 87    30.096 55247.12954223 10.35 123.529401  66.573549  3.570
 87    30.262 55247.12954287 10.69 123.526061  66.570469  3.570
 87    32.163 55247.12954352 11.51 123.522731  66.567399  3.570
 87    33.115 55247.12954416 10.90 123.519401  66.564319  3.570
 88    36.336 55282.12955106  8.91 123.576964  66.631295  2.298
 88    36.020 55282.12955171  8.35 123.573624  66.628215  2.298
 88    35.196 55282.12955235  7.96 123.570274  66.625145  2.298
 88    34.349 55282.12955299  8.28 123.566924  66.622065  2.298
 88    33.606 55282.12955364  8.43 123.563587  66.618991  2.182
 88    33.556 55282.12955428  8.17 123.560247  66.615911  2.182
 88    33.013 55282.12955493  8.13 123.556897  66.612831  2.182
 88    32.901 55282.12955557  8.15 123.553557  66.609761  2.182
 88    32.583 55282.12955622  8.18 123.550217  66.606681  2.182
 88    32.622 55282.12955686  7.79 123.546877  66.603611  2.182
 88    32.274 55282.12955751  7.75 123.543537  66.600531  2.182
 88    30.484 55282.12955815  8.30 123.540197  66.597451  2.182
 88    29.968 55282.12955880  8.22 123.536867  66.594381  2.182
 88    29.761 55282.12955944  8.29 123.533527  66.591301  2.182
 88    30.335 55282.12956009  8.40 123.530187  66.588221  2.182
 88    32.569 55282.12956073  8.09 123.526857  66.585141  2.182
 88    32.994 55282.12956138  7.94 123.523517  66.582071  2.182
 88    33.255 55282.12956202  8.04 123.520187  66.578991  2.182
 89    36.100 55317.12951931 17.33 123.581086  66.630671  6.653
 89    36.211 55317.12951996 14.43 123.577736  66.627591  6.653
 89    35.635 55317.12952060 13.34 123.574386  66.624521  6.653
 89    34.630 55317.12952125 13.15 123.571046  66.621441  6.653
 89    34.795 55317.12952189 11.98 123.567697  66.618368  5.010
 89    34.235 55317.12952254 11.59 123.564357  66.615288  5.010
 89    33.676 55317.12952318 11.97 123.561017  66.612208  5.010
 89    33.497 55317.12952383 11.76 123.557667  66.609138  5.010
 89    33.146 55317.12952447 11.98 123.554327  66.606058  5.010
 89    32.945 55317.12952512 12.32 123.550987  66.602988  5.010
 89    32.334 55317.12952576 12.21 123.547647  66.599908  5.010
 89    31.465 55317.12952641 12.03 123.544307  66.596828  5.010
 89    30.486 55317.12952705 13.27 123.540977  66.593758  5.010
 89    30.472 55317.12952770 13.21 123.537637  66.590678  5.010
 89    31.327 55317.12952834 13.14 123.534297  66.587598  5.010
 89    32.058 55317.12952898 13.41 123.530957  66.584518  5.010
 89    32.985 55317.12952963 12.86 123.527627  66.581448  5.010
 89    33.386 55317.12953027 12.93 123.524297  66.578368  5.010
 89    34.105 55317.12953092 12.91 123.520957  66.575288  5.010
 90    37.389 55352.12952328 24.72 123.578034  66.630862 29.068
 90    36.934 55352.12952392 22.35 123.574694  66.627782 29.068
 90    36.869 55352.12952457 20.91 123.571344  66.624712 29.068
 90    37.019 55352.12952521 18.96 123.568004  66.621632 29.068
 90    37.129 55352.12952586 17.59 123.564658  66.618559  2.782
 90    37.255 55352.12952650 16.50 123.561318  66.615479  2.782
 90    37.341 55352.12952714 15.18 123.557968  66.612399  2.782
 90    37.397 55352.12952779 14.82 123.554628  66.609329  2.782
 90    37.491 55352.12952843 14.34 123.551288  66.606249  2.782
 90    37.468 55352.12952908 14.06 123.547948  66.603169  2.782
 90    37.425 55352.12952972 13.71 123.544608  66.600099  2.782
 90    37.430 55352.12953037 13.57 123.541268  66.597019  2.782
 90    37.469 55352.12953101 13.52 123.537928  66.593949  2.782
 90    37.516 55352.12953166 13.21 123.534598  66.590869  2.782
 90    37.452 55352.12953230 14.10 123.531258  66.587789  2.782
 90    37.481 55352.12953295 14.52 123.527928  66.584709  2.782
 90    37.300 55352.12953359 15.54 123.524588  66.581639  2.782
 90    37.250 55352.12953424 15.56 123.521258  66.578559  2.782
 91    35.299 55387.12951977 26.87 123.587437  66.626296 24.985
 91    35.301 55387.12952041 24.85 123.584087  66.623216 24.985
 91    33.690 55387.12952106 24.84 123.580739  66.620141  9.501
 91    34.536 55387.12952299 22.02 123.570709  66.610921  9.501
 91    34.550 55387.12952364 20.84 123.567359  66.607841  9.501
 91    34.614 55387.12952428 18.99 123.564019  66.604761  9.501
 91    34.249 55387.12952492 18.24 123.560679  66.601691  9.501
 91    33.880 55387.12952557 17.08 123.557339  66.598611  9.501
 91    33.248 55387.12952621 17.34 123.553999  66.595531  9.501
 91    32.688 55387.12952686 18.02 123.550659  66.592461  9.501
 91    31.827 55387.12952750 18.82 123.547319  66.589381  9.501
 91    32.285 55387.12952815 17.45 123.543979  66.586301  9.501
 91    32.846 55387.12952879 17.95 123.540649  66.583231  9.501
 91    33.181 55387.12952944 19.53 123.537309  66.580151  9.501
 91    33.780 55387.12953008 19.44 123.533969  66.577071  9.501
 91    33.853 55387.12953073 20.85 123.530639  66.574001  9.501
 91    33.793 55387.12953137 23.87 123.527299  66.570921  9.501
 91    34.457 55387.12953202 22.43 123.523969  66.567851  9.501
 91    34.981 55387.12953266 20.75 123.520639  66.564771  9.501
 92    34.147 55422.12954151 26.54 123.580412  66.628686 25.206
 92    33.568 55422.12954216 24.38 123.577072  66.625606 25.206
 92    33.027 55422.12954280 28.85 123.573722  66.622536 25.206
 92    32.965 55422.12954409 23.81 123.567035  66.616383  8.598
 92    33.672 55422.12954474 18.84 123.563695  66.613303  8.598
 92    32.887 55422.12954538 19.69 123.560345  66.610223  8.598
 92    33.637 55422.12954603 17.10 123.557005  66.607153  8.598
 92    33.477 55422.12954667 16.33 123.553665  66.604073  8.598
 92    33.090 55422.12954732 16.09 123.550325  66.600993  8.598
 92    32.516 55422.12954796 16.68 123.546985  66.597923  8.598
 92    31.858 55422.12954861 17.92 123.543645  66.594843  8.598
 92    30.919 55422.12954925 18.94 123.540305  66.591773  8.598
 92    32.051 55422.12954990 17.87 123.536975  66.588693  8.598
 92    32.512 55422.12955054 18.49 123.533635  66.585613  8.598
 92    32.961 55422.12955118 19.85 123.530305  66.582533  8.598
 92    33.375 55422.12955183 20.96 123.526965  66.579463  8.598
 92    33.651 55422.12955247 23.01 123.523635  66.576383  8.598
 92    33.992 55422.12955312 25.77 123.520295  66.573303  8.598
 93    37.080 55457.12951473 19.42 123.576154  66.633194 19.970
 93    36.349 55457.12951537 18.16 123.572814  66.630114 19.970
 93    34.866 55457.12951602 19.75 123.569464  66.627044 19.970
 93    32.511 55457.12951666 21.73 123.566124  66.623964 19.970
 93    33.580 55457.12951731 19.60 123.562774  66.620884 19.970
 93    33.416 55457.12951795 18.23 123.559434  66.617814 19.970
 93    33.503 55457.12951859 18.14 123.556091  66.614737  8.864
 93    33.351 55457.12951924 17.21 123.552751  66.611657  8.864
 93    33.169 55457.12951988 17.84 123.549411  66.608587  8.864
 93    32.631 55457.12952053 18.19 123.546071  66.605507  8.864
 93    32.305 55457.12952117 17.11 123.542731  66.602427  8.864
 93    31.787 55457.12952182 16.68 123.539391  66.599357  8.864
 93    31.157 55457.12952246 17.45 123.536051  66.596277  8.864
 93    30.562 55457.12952311 18.32 123.532721  66.593197  8.864
 93    31.603 55457.12952375 17.49 123.529381  66.590127  8.864
 93    32.355 55457.12952440 15.99 123.526051  66.587047  8.864
 93    33.040 55457.12952504 16.33 123.522711  66.583967  8.864
 93    33.425 55457.12952569 16.14 123.519381  66.580887  8.864
 93    33.815 55457.12952633 17.65 123.516051  66.577817  8.864
