# NaN NaN NaN ;Mean Elev.(m), Avg Gradient(m/km), RMS Gradient(m/km) - SRTM1     
#  -27.995  -0.710   8.218 ;Mean Elev.(m), Avg Gradient(m/km), RMS Gradient(m/km) - ASTER GDEM
#    2.060   0.358  11.164 ;Mean Elev.(m), Avg Gradient(m/km), RMS Gradient(m/km) - GMTED2010 
  7     4.352 52475.48572714 22.97 126.828556  72.513109 12.399
  7     3.961 52475.48572778 22.51 126.822896  72.515989 12.399
  7     3.454 52475.48572843 22.35 126.817236  72.518869 12.399
  7     3.275 52475.48572907 22.48 126.811576  72.521759 12.399
  7     3.820 52475.48572972 23.13 126.805906  72.524639 12.399
  7     3.754 52475.48573036 24.08 126.800246  72.527519 12.399
  8     3.900 52510.48568398 22.71 126.842121  72.517497 10.970
  8     2.925 52510.48568462 23.23 126.836461  72.520387 10.970
  8     2.639 52510.48568526 22.98 126.830801  72.523267 10.970
  8     2.920 52510.48568591 23.67 126.825141  72.526147 10.970
  8     2.771 52510.48568655 31.34 126.819471  72.529037 10.970
  9     3.911 52545.48569702 21.54 126.815430  72.514776 13.620
  9     3.762 52545.48569767 21.33 126.809770  72.517656 13.620
  9     3.182 52545.48569831 22.45 126.804110  72.520536 13.620
  9     4.690 52545.48569896 21.75 126.798440  72.523426 13.620
  9     3.317 52545.48569960 27.04 126.792780  72.526306 13.620
 10     1.917 52580.48572505 33.74 126.825126  72.514073  7.567
 10     2.073 52580.48572570 35.26 126.819466  72.516963  7.567
 10     2.024 52580.48572634 35.88 126.813796  72.519843  7.567
 10     1.869 52580.48572699 34.11 126.808136  72.522723  7.567
 10     1.641 52580.48572763 31.87 126.802476  72.525613  7.567
 10     1.215 52580.48572828 30.54 126.796806  72.528493  7.567
 11     3.400 52615.48569372 23.81 126.840832  72.516267  4.019
 11     2.554 52615.48569437 24.71 126.835172  72.519157  4.019
 11     2.317 52615.48569501 23.63 126.829512  72.522037  4.019
 11     1.456 52615.48569566 24.40 126.823852  72.524917  4.019
 11     2.820 52615.48569630 23.60 126.818192  72.527807  4.019
 12     3.595 52650.48567199 24.44 126.827094  72.514779  4.013
 12     2.989 52650.48567264 24.49 126.821434  72.517669  4.013
 12     2.360 52650.48567328 24.72 126.815774  72.520549  4.013
 12     2.809 52650.48567393 24.65 126.810114  72.523429  4.013
 12     3.243 52650.48567457 23.81 126.804444  72.526319  4.013
 13     3.628 52685.48565875 22.27 126.844434  72.516517  4.036
 13     3.209 52685.48565940 22.45 126.838774  72.519397  4.036
 13     2.401 52685.48566004 23.49 126.833114  72.522277  4.036
 13     2.011 52685.48566069 22.99 126.827454  72.525167  4.036
 13     2.940 52685.48566133 21.97 126.821787  72.528047  3.159
 14     4.014 52720.48570958 20.80 126.830105  72.513133  3.050
 14     3.594 52720.48571023 20.85 126.824445  72.516013  3.050
 14     2.661 52720.48571087 21.47 126.818785  72.518893  3.050
 14     2.806 52720.48571152 21.09 126.813125  72.521783  3.050
 14     3.155 52720.48571216 20.69 126.807465  72.524663  3.050
 14     3.328 52720.48571281 20.70 126.801795  72.527543  3.050
 15     3.645 52755.48573372 20.16 126.832356  72.515043  4.446
 15     2.652 52755.48573436 19.99 126.826696  72.517923  4.446
 15     2.773 52755.48573501 19.57 126.821036  72.520803  4.446
 15     2.491 52755.48573565 20.36 126.815376  72.523693  4.446
 15     2.804 52755.48573630 20.63 126.809716  72.526573  4.446
 16     4.528 52790.48568251 32.40 126.813166  72.511594 12.851
 16     2.131 52790.48568316 34.41 126.807506  72.514474 12.851
 16     2.249 52790.48568380 34.09 126.801846  72.517354 12.851
 16     2.176 52790.48568445 35.80 126.796186  72.520244 12.851
 16     2.506 52790.48568509 36.45 126.790516  72.523124 12.851
 16     2.919 52790.48568574 36.44 126.784844  72.526006 17.783
 17     6.173 52825.48575202 28.82 126.821532  72.512401 12.686
 17     5.835 52825.48575266 24.56 126.815872  72.515291 12.686
 17     5.453 52825.48575330 22.79 126.810212  72.518171 12.686
 17     3.808 52825.48575395 24.00 126.804542  72.521051 12.686
 17     3.530 52825.48575459 24.23 126.798882  72.523931 12.686
 17     3.961 52825.48575524 25.40 126.793212  72.526821 12.686
 18     4.165 52860.48579803 28.00 126.822304  72.513832 12.725
 18     3.826 52860.48579868 26.02 126.816644  72.516722 12.725
 18     3.187 52860.48579932 24.59 126.810974  72.519602 12.725
 18     3.078 52860.48579997 25.60 126.805314  72.522482 12.725
 18     3.528 52860.48580061 24.67 126.799644  72.525372 12.725
 18     3.785 52860.48580126 28.19 126.793984  72.528252 12.725
 19     4.060 52895.48582872 25.68 126.830554  72.515844 15.867
 19     3.495 52895.48582936 24.44 126.824894  72.518724 15.867
 19     3.311 52895.48583001 24.23 126.819234  72.521614 15.867
 19     3.569 52895.48583065 27.16 126.813574  72.524494 15.867
 19     3.510 52895.48583130 37.67 126.807914  72.527374 15.867
 20     3.462 52930.48577672 30.69 126.850069  72.515186 12.705
 20     3.506 52930.48577736 47.14 126.844419  72.518076 12.705
 20     3.358 52930.48577801 42.34 126.838759  72.520956 12.705
 20     3.450 52930.48577865 37.99 126.833099  72.523836 12.705
 20     3.201 52930.48577930 34.57 126.827439  72.526726 12.705
 20     3.422 52930.48577994 33.71 126.821779  72.529606 12.705
 21     1.327 52965.48576983 20.09 126.819443  72.512182  2.755
 21     1.269 52965.48577048 22.15 126.813783  72.515062  2.755
 21     1.372 52965.48577112 24.88 126.808127  72.517943  3.724
 21     1.424 52965.48577177 24.61 126.802457  72.520823  3.724
 21     1.278 52965.48577241 22.29 126.796797  72.523713  3.724
 21     0.921 52965.48577306 20.88 126.791127  72.526593  3.724
 23     1.973 53035.48575245 13.17 126.843151  72.517131  2.819
 23     1.847 53035.48575309 13.60 126.837491  72.520011  2.819
 23     1.843 53035.48575374 14.13 126.831831  72.522901  2.819
 23     2.582 53035.48575438 14.35 126.826171  72.525781  2.819
 23     3.320 53035.48575503 12.72 126.820511  72.528661  2.819
 24     2.058 53070.48577230 11.71 126.827844  72.515311  2.177
 24     2.106 53070.48577294 12.07 126.822184  72.518201  2.177
 24     2.457 53070.48577359 12.92 126.816521  72.521079  2.462
 24     3.089 53070.48577423 12.57 126.810861  72.523959  2.462
 24     3.446 53070.48577488 11.52 126.805191  72.526849  2.462
 25     3.374 53105.48575344  9.24 126.851566  72.516067  2.419
 25     2.990 53105.48575408  9.37 126.845916  72.518957  2.419
 25     2.641 53105.48575473  9.84 126.840256  72.521837  2.419
 25     2.525 53105.48575537  9.83 126.834596  72.524727  2.419
 25     3.258 53105.48575602  9.01 126.828936  72.527607  2.419
 25     3.255 53105.48575666  9.68 126.823276  72.530487  2.419
 26     4.065 53140.48577864  6.20 126.824506  72.513032  1.663
 26     3.672 53140.48577929  6.43 126.818841  72.515922  1.993
 26     3.245 53140.48577993  6.79 126.813181  72.518802  1.993
 26     2.939 53140.48578058  7.03 126.807521  72.521682  1.993
 26     3.403 53140.48578122  6.47 126.801851  72.524572  1.993
 26     3.602 53140.48578187  6.35 126.796191  72.527452  1.993
 27     6.517 53175.48581145 18.68 126.829099  72.513901  6.721
 27     6.466 53175.48581209 17.80 126.823439  72.516781  6.721
 27     6.059 53175.48581274 16.28 126.817779  72.519671  6.721
 27     5.978 53175.48581338 16.61 126.812109  72.522551  6.721
 27     7.313 53175.48581403 17.74 126.806449  72.525431  6.721
 27     6.398 53175.48581467 18.85 126.800779  72.528321  6.721
 28     4.198 53210.48582944 30.11 126.834867  72.513498 14.511
 28     3.813 53210.48583009 26.51 126.829217  72.516378 14.511
 28     3.018 53210.48583073 24.99 126.823557  72.519258 14.511
 28     2.976 53210.48583138 23.90 126.817897  72.522148 14.511
 28     3.788 53210.48583202 24.06 126.812227  72.525028 14.511
 28     4.203 53210.48583267 24.20 126.806567  72.527908 14.511
 29     5.394 53245.48579795 26.66 126.838155  72.517099 15.260
 29     3.349 53245.48579860 28.07 126.832495  72.519979 15.260
 29     3.655 53245.48579924 27.26 126.826835  72.522869 15.260
 29     3.889 53245.48579989 27.48 126.821175  72.525749 15.260
 29     4.012 53245.48580053 31.72 126.815505  72.528629 15.260
 30     4.940 53280.48578083 21.84 126.814935  72.511352  9.343
 30     4.443 53280.48578147 22.08 126.809279  72.514237  7.777
 30     3.789 53280.48578212 22.36 126.803619  72.517117  7.777
 30     3.831 53280.48578276 22.24 126.797949  72.520007  7.777
 30     4.254 53280.48578341 22.68 126.792289  72.522887  7.777
 30     4.870 53280.48578405 22.68 126.786619  72.525767  7.777
 30     4.964 53280.48578469 22.39 126.780949  72.528647  7.777
 31     4.005 53315.48579672 25.01 126.827458  72.513995  4.212
 31     3.584 53315.48579736 25.52 126.821798  72.516875  4.212
 31     3.254 53315.48579801 26.85 126.816138  72.519765  4.212
 31     3.231 53315.48579865 26.50 126.810468  72.522645  4.212
 31     3.372 53315.48579930 26.30 126.804808  72.525525  4.212
 31     3.997 53315.48579994 24.92 126.799138  72.528415  4.212
 32     3.930 53350.48576243 20.53 126.840230  72.516219  3.605
 32     3.302 53350.48576308 20.93 126.834570  72.519109  3.605
 32     3.299 53350.48576372 21.61 126.828910  72.521989  3.605
 32     2.503 53350.48576436 22.02 126.823250  72.524869  3.605
 32     4.090 53350.48576501 20.37 126.817590  72.527759  3.605
 33     2.582 53385.48574380 19.99 126.813731  72.513403  2.910
 33     2.958 53385.48574444 20.97 126.808071  72.516283  2.910
 33     3.423 53385.48574509 21.69 126.802411  72.519173  2.910
 33     3.877 53385.48574573 20.90 126.796741  72.522053  2.910
 33     4.117 53385.48574637 20.98 126.791080  72.524938  3.619
 33     4.255 53385.48574702 21.48 126.785410  72.527818  3.619
 34     2.647 53420.48574782 16.59 126.839634  72.515021  2.894
 34     2.984 53420.48574846 17.63 126.833974  72.517901  2.894
 34     3.621 53420.48574911 17.62 126.828314  72.520781  2.894
 34     4.099 53420.48574975 18.66 126.822654  72.523671  2.894
 34     4.313 53420.48575040 17.46 126.816984  72.526551  2.894
 35     2.236 53455.48575381 17.92 126.813530  72.512657  2.922
 35     2.962 53455.48575446 18.60 126.807870  72.515537  2.922
 35     3.364 53455.48575510 18.43 126.802210  72.518417  2.922
 35     3.813 53455.48575574 18.52 126.796540  72.521297  2.922
 35     4.048 53455.48575639 18.24 126.790870  72.524187  2.922
 35     4.223 53455.48575703 19.39 126.785207  72.527066  3.353
 36     3.771 53490.48583927 13.46 126.819541  72.514775  2.469
 36     3.613 53490.48583991 14.44 126.813881  72.517665  2.469
 36     3.793 53490.48584056 14.50 126.808211  72.520545  2.469
 36     4.111 53490.48584120 14.33 126.802551  72.523425  2.469
 36     5.603 53490.48584184 13.89 126.796888  72.526308  2.705
 37     7.768 53525.48582276 49.89 126.835884  72.513901 34.542
 37     7.833 53525.48582340 39.96 126.830224  72.516781 34.542
 37     7.830 53525.48582405 33.75 126.824564  72.519661 34.542
 37     7.754 53525.48582469 30.59 126.818904  72.522551 34.542
 37     7.811 53525.48582534 29.04 126.813234  72.525431 34.542
 38     4.445 53560.48585047 26.66 126.833195  72.513642  8.558
 38     4.167 53560.48585111 24.99 126.827545  72.516522  8.558
 38     3.516 53560.48585176 24.90 126.821885  72.519402  8.558
 38     2.860 53560.48585240 24.37 126.816225  72.522292  8.558
 38     3.009 53560.48585305 24.65 126.810565  72.525172  8.558
 38     3.814 53560.48585369 23.50 126.804895  72.528052  8.558
 39     4.381 53595.48578867 25.89 126.850857  72.515707 13.515
 39     4.043 53595.48578932 24.29 126.845197  72.518587 13.515
 39     3.680 53595.48578996 23.32 126.839537  72.521477 13.515
 39     3.855 53595.48579060 23.51 126.833877  72.524357 13.515
 39     4.182 53595.48579125 24.15 126.828217  72.527237 13.515
 39     4.528 53595.48579189 23.56 126.822557  72.530117 13.515
 40     4.819 53630.48578270 30.75 126.806896  72.510690 12.705
 40     4.315 53630.48578334 27.94 126.801236  72.513570 12.705
 40     3.906 53630.48578399 27.25 126.795566  72.516450 12.705
 40     3.334 53630.48578463 28.29 126.789906  72.519340 12.705
 40     3.530 53630.48578527 28.96 126.784236  72.522220 12.705
 40     4.088 53630.48578592 30.06 126.778568  72.525101 15.469
 40     4.549 53630.48578656 31.04 126.772898  72.527981 15.469
 41     4.665 53665.48580630 24.45 126.823642  72.515222  7.946
 41     5.027 53665.48580694 26.65 126.817982  72.518102  7.946
 41     4.742 53665.48580759 28.07 126.812322  72.520992  7.946
 41     4.570 53665.48580823 29.05 126.806662  72.523872  7.946
 41     5.595 53665.48580888 30.12 126.801002  72.526752  7.946
 42     3.043 53700.48575963 16.01 126.838620  72.516978  3.344
 42     5.299 53700.48576028 17.31 126.832960  72.519858  3.344
 42     6.244 53700.48576092 17.07 126.827300  72.522738  3.344
 42     6.718 53700.48576157 17.52 126.821640  72.525628  3.344
 42     7.295 53700.48576221 16.81 126.815980  72.528508  3.344
 43     4.465 53735.48568099 13.54 126.859657  72.516487  2.771
 43     5.760 53735.48568164 13.41 126.854007  72.519367  2.771
 43     4.177 53735.48568228 14.49 126.848347  72.522257  2.771
 43     7.207 53735.48568293 15.08 126.842687  72.525137  2.771
 43     8.181 53735.48568357 14.30 126.837027  72.528017  2.771
 43     8.682 53735.48568422 14.27 126.831367  72.530907  2.771
 44     4.054 53770.48567113 12.93 126.828688  72.515535  3.388
 44     4.817 53770.48567177 14.07 126.823028  72.518415  3.388
 44     5.692 53770.48567242 14.17 126.817358  72.521295  3.388
 44     6.180 53770.48567306 14.22 126.811698  72.524185  3.388
 44     6.521 53770.48567370 15.69 126.806038  72.527065  3.388
 45     5.004 53805.48566396 12.09 126.846347  72.517722  2.462
 45     6.317 53805.48566461 12.15 126.840687  72.520602  2.462
 45     6.998 53805.48566525 12.01 126.835037  72.523482  2.462
 45     7.489 53805.48566590 12.46 126.829367  72.526372  2.462
 45     8.120 53805.48566654 12.73 126.823707  72.529252  2.462
 47     3.932 53875.48573117 10.12 126.825536  72.515297  1.965
 47     3.313 53875.48573182 10.44 126.819876  72.518177  1.965
 47     4.916 53875.48573246 10.38 126.814216  72.521067  1.965
 47     3.854 53875.48573310  9.98 126.808546  72.523947  1.965
 47     3.910 53875.48573375 10.42 126.802886  72.526827  1.965
 48     6.079 53910.48577855 24.53 126.819131  72.514576 10.693
 48     6.022 53910.48577920 20.63 126.813471  72.517456 10.693
 48     5.601 53910.48577984 18.35 126.807811  72.520346 10.693
 48     4.500 53910.48578049 19.90 126.802151  72.523226 10.693
 48     3.245 53910.48578113 21.06 126.796481  72.526106 10.693
 49     3.798 53945.48579814 29.81 126.826373  72.514780  8.352
 49     3.357 53945.48579878 28.25 126.820713  72.517660  8.352
 49     3.068 53945.48579943 27.53 126.815053  72.520550  8.352
 49     3.471 53945.48580007 27.13 126.809393  72.523430  8.352
 49     3.928 53945.48580072 26.19 126.803733  72.526310  8.352
 50     4.123 53980.48574432 29.85 126.844684  72.515389  9.827
 50     3.421 53980.48574496 29.80 126.839034  72.518269  9.827
 50     2.777 53980.48574561 28.82 126.833374  72.521159  9.827
 50     3.147 53980.48574625 28.63 126.827714  72.524039  9.827
 50     3.982 53980.48574690 27.62 126.822054  72.526919  9.827
 51     4.412 54015.48576365 28.16 126.815915  72.511762 12.450
 51     4.116 54015.48576429 25.75 126.810245  72.514642 12.450
 51     3.819 54015.48576494 24.35 126.804585  72.517522 12.450
 51     3.920 54015.48576558 23.91 126.798925  72.520412 12.450
 51     4.022 54015.48576623 23.56 126.793255  72.523292 12.450
 51     4.410 54015.48576687 24.14 126.787585  72.526172 12.450
 52     4.301 54050.48576517 23.86 126.836282  72.514979  4.403
 52     3.221 54050.48576582 26.60 126.830622  72.517869  4.403
 52     3.340 54050.48576646 27.01 126.824962  72.520749  4.403
 52     3.813 54050.48576711 26.30 126.819302  72.523629  4.403
 52     4.293 54050.48576775 25.98 126.813632  72.526509  4.403
 53     4.290 54085.48575718 19.64 126.841523  72.514428  3.946
 53     4.046 54085.48575782 20.27 126.835863  72.517318  3.946
 53     3.513 54085.48575847 21.40 126.830213  72.520198  3.946
 53     4.067 54085.48575911 22.26 126.824553  72.523078  3.946
 53     4.586 54085.48575976 21.85 126.818883  72.525958  3.946
 53     4.848 54085.48576040 20.48 126.813223  72.528848  3.946
 54     3.688 54120.48568396 16.64 126.858961  72.517358  3.106
 54     2.933 54120.48568460 18.80 126.853311  72.520248  3.106
 54     3.921 54120.48568525 18.38 126.847651  72.523128  3.106
 54     7.319 54120.48568589 18.48 126.841991  72.526008  3.106
 54     8.255 54120.48568654 16.63 126.836331  72.528898  3.106
 55     4.306 54155.48571573 12.21 126.829260  72.515632  3.542
 55     4.674 54155.48571637 12.42 126.823600  72.518512  3.542
 55     4.877 54155.48571702 12.70 126.817940  72.521392  3.542
 55     5.990 54155.48571766 12.12 126.812280  72.524282  3.542
 55     6.660 54155.48571831 12.65 126.806610  72.527162  3.542
 56     4.806 54190.48568119 11.12 126.849609  72.517617  2.654
 56     5.556 54190.48568183 12.20 126.843949  72.520497  2.654
 56     6.052 54190.48568248 11.98 126.838289  72.523387  2.654
 56     7.402 54190.48568312 12.16 126.832629  72.526267  2.654
 56     7.817 54190.48568377 11.88 126.826969  72.529147  2.654
 57     4.411 54225.48572655 11.44 126.827603  72.513499  2.441
 57     4.183 54225.48572719 11.98 126.821943  72.516389  2.441
 57     4.600 54225.48572784 11.50 126.816283  72.519269  2.441
 57     3.821 54225.48572848 11.73 126.810613  72.522149  2.441
 57     4.189 54225.48572913 11.81 126.804953  72.525039  2.441
 57     5.957 54225.48572977 11.55 126.799283  72.527919  2.441
 58     6.924 54260.48574684 12.61 126.831647  72.514239  6.339
 58     7.066 54260.48574748 11.90 126.825987  72.517119  6.339
 58     6.848 54260.48574812 12.41 126.820327  72.520009  6.339
 58     7.183 54260.48574877 11.79 126.814667  72.522889  6.339
 58     9.096 54260.48574941 11.68 126.809007  72.525769  6.339
 59     5.324 54295.48575080 29.34 126.832450  72.515119 12.866
 59     4.948 54295.48575144 28.78 126.826800  72.518009 12.866
 59     4.376 54295.48575209 28.66 126.821130  72.520889 12.866
 59     4.127 54295.48575273 29.58 126.815470  72.523769 12.866
 59     4.345 54295.48575337 30.96 126.809810  72.526659 12.866
 60     4.167 54330.48574300 25.38 126.842943  72.514945 14.082
 60     3.001 54330.48574365 26.20 126.837293  72.517825 14.082
 60     3.426 54330.48574429 25.13 126.831633  72.520715 14.082
 60     3.936 54330.48574494 25.68 126.825973  72.523595 14.082
 60     4.177 54330.48574558 26.37 126.820303  72.526475 14.082
 62     3.685 54400.48568454 25.70 126.835814  72.513486  5.040
 62     3.763 54400.48568519 28.82 126.830154  72.516366  5.040
 62     3.644 54400.48568583 28.76 126.824494  72.519256  5.040
 62     3.652 54400.48568648 28.09 126.818834  72.522136  5.040
 62     3.663 54400.48568712 27.81 126.813164  72.525016  5.040
 63     2.205 54435.48564196 14.78 126.847659  72.515523  2.831
 63     2.438 54435.48564261 15.52 126.842009  72.518403  2.831
 63     2.063 54435.48564325 15.87 126.836349  72.521283  2.831
 63     1.981 54435.48564390 16.21 126.830689  72.524173  2.831
 63     3.684 54435.48564454 15.71 126.825029  72.527053  2.831
 63     3.764 54435.48564519 15.73 126.819369  72.529933  2.831
 64     3.806 54470.48566855 13.70 126.826293  72.512957  2.683
 64     3.448 54470.48566920 14.37 126.820633  72.515837  2.683
 64     2.800 54470.48566984 14.87 126.814973  72.518727  2.683
 64     2.766 54470.48567049 14.14 126.809303  72.521607  2.683
 64     2.553 54470.48567113 13.78 126.803643  72.524487  2.683
 64     3.530 54470.48567178 13.87 126.797973  72.527377  2.683
 65     3.288 54505.48565591 12.01 126.845208  72.517413  2.256
 65     3.163 54505.48565655 11.86 126.839558  72.520293  2.256
 65     3.594 54505.48565720 11.58 126.833900  72.523180  2.206
 65     3.611 54505.48565784 11.71 126.828240  72.526060  2.206
 65     3.649 54505.48565849 12.16 126.822570  72.528940  2.206
 66     4.391 54540.48568340 10.20 126.836706  72.514025  2.129
 66     4.338 54540.48568404 10.70 126.831046  72.516905  2.129
 66     5.032 54540.48568469 10.58 126.825386  72.519785  2.129
 66     3.569 54540.48568533 10.52 126.819728  72.522674  2.025
 66     4.033 54540.48568598 10.24 126.814068  72.525554  2.025
 67     4.582 54575.48565682 10.06 126.850303  72.516097  2.245
 67     4.839 54575.48565747  9.73 126.844643  72.518987  2.245
 67     3.661 54575.48565811 10.07 126.838993  72.521867  2.245
 67     3.692 54575.48565876 10.07 126.833333  72.524747  2.245
 67     6.920 54575.48565940  9.78 126.827673  72.527637  2.245
 68     2.336 54610.48567558 35.52 126.835064  72.514091 15.787
 68     2.403 54610.48567622 40.14 126.829414  72.516981 15.787
 68     2.345 54610.48567687 40.03 126.823754  72.519861 15.787
 68     2.295 54610.48567751 38.17 126.818084  72.522741 15.787
 68     4.235 54610.48567816 36.44 126.812426  72.525629 22.524
 69     5.806 54645.48568311 24.67 126.834410  72.514321 15.209
 69     5.504 54645.48568376 22.99 126.828760  72.517211 15.209
 69     5.392 54645.48568440 22.46 126.823100  72.520091 15.209
 69     5.451 54645.48568505 21.93 126.817440  72.522971 15.209
 69     5.414 54645.48568569 21.91 126.811775  72.525857 20.927
 70     3.701 54680.48568476 24.81 126.832882  72.515953 16.297
 70     3.059 54680.48568540 25.38 126.827222  72.518843 16.297
 70     3.096 54680.48568605 27.57 126.821562  72.521723 16.297
 70     3.636 54680.48568669 25.94 126.815902  72.524603 16.297
 70     4.004 54680.48568734 27.06 126.810231  72.527489 22.743
 71     4.476 54715.48563480 27.84 126.850593  72.517581  9.907
 71     3.884 54715.48563545 26.04 126.844933  72.520461  9.907
 71     3.323 54715.48563609 24.68 126.839273  72.523351  9.907
 71     3.600 54715.48563674 23.62 126.833613  72.526231  9.907
 71     4.218 54715.48563738 23.08 126.827953  72.529111  9.907
 72     4.070 54750.48565540 25.25 126.824531  72.514280 11.718
 72     3.819 54750.48565604 23.52 126.818871  72.517160 11.718
 72     4.563 54750.48565669 22.17 126.813211  72.520040 11.718
 72     5.453 54750.48565733 22.17 126.807547  72.522924 13.264
 72     5.777 54750.48565798 22.42 126.801877  72.525804 13.264
 72     3.848 54750.48565862 28.02 126.796217  72.528694 13.264
 73     3.976 54785.48562328 22.69 126.845423  72.514722  3.812
 73     3.023 54785.48562392 23.15 126.839763  72.517602  3.812
 73     2.952 54785.48562457 23.99 126.834113  72.520492  3.812
 73     3.651 54785.48562521 23.48 126.828453  72.523372  3.812
 73     3.854 54785.48562586 23.29 126.822783  72.526252  3.812
 73     5.935 54785.48562650 22.07 126.817127  72.529140  2.931
 74     3.848 54820.48564871 20.36 126.823569  72.514964  3.563
 74     3.276 54820.48564936 21.61 126.817909  72.517844  3.563
 74     3.189 54820.48565000 21.80 126.812248  72.520729  3.434
 74     3.731 54820.48565065 20.83 126.806578  72.523609  3.434
 74     4.216 54820.48565129 20.01 126.800918  72.526499  3.434
 75     3.685 54855.48562024 20.18 126.840758  72.516827  3.381
 75     3.161 54855.48562088 20.17 126.835098  72.519707  3.381
 75     3.837 54855.48562153 19.65 126.829438  72.522597  3.381
 75     4.431 54855.48562217 19.34 126.823778  72.525477  3.381
 75     7.199 54855.48562281 18.75 126.818118  72.528357  3.381
 76     4.023 54890.48565256 19.95 126.832116  72.515794  3.565
 76     3.240 54890.48565321 19.62 126.826456  72.518674  3.565
 76     3.338 54890.48565385 21.22 126.820796  72.521554  3.565
 76     3.956 54890.48565450 18.91 126.815136  72.524441  3.446
 76     6.478 54890.48565514 18.71 126.809466  72.527321  3.446
 77     4.388 54925.48561875 15.88 126.852677  72.515966  2.862
 77     3.390 54925.48561939 16.25 126.847027  72.518846  2.862
 77     3.853 54925.48562004 16.19 126.841367  72.521736  2.862
 77     3.801 54925.48562068 15.82 126.835707  72.524616  2.862
 77     5.624 54925.48562133 14.98 126.830047  72.527496  2.862
 77     7.789 54925.48562197 14.94 126.824387  72.530386  2.862
 78     4.359 54960.48565067  9.27 126.826767  72.513611  2.011
 78     4.071 54960.48565131  9.48 126.821107  72.516491  2.011
 78     3.520 54960.48565196  9.54 126.815447  72.519371  2.011
 78     3.509 54960.48565260  9.13 126.809782  72.522258  2.139
 78     4.061 54960.48565325  8.87 126.804122  72.525138  2.139
 78     6.066 54960.48565389  8.22 126.798452  72.528028  2.139
 79     6.824 54995.48567233 15.23 126.831126  72.515086 18.394
 79     6.631 54995.48567298 15.65 126.825466  72.517966 18.394
 79     6.666 54995.48567362 15.61 126.819806  72.520856 18.394
 79     6.807 54995.48567427 15.63 126.814145  72.523736 12.763
 79     7.462 54995.48567491 16.07 126.808475  72.526616 12.763
 80     3.930 55030.48566216 26.49 126.833434  72.515748 19.109
 80     3.475 55030.48566281 25.30 126.827774  72.518628 19.109
 80     3.433 55030.48566345 25.13 126.822114  72.521508 19.109
 80     3.986 55030.48566409 24.91 126.816452  72.524397 14.885
 80     4.267 55030.48566474 25.90 126.810782  72.527277 14.885
 81     4.017 55065.48565234 26.78 126.840501  72.515074 11.505
 81     3.490 55065.48565299 25.81 126.834851  72.517954 11.505
 81     2.807 55065.48565363 26.58 126.829191  72.520844 11.505
 81     3.471 55065.48565428 25.78 126.823531  72.523724 11.505
 81     4.098 55065.48565492 25.70 126.817861  72.526604 11.505
 82     3.701 55100.48559498 27.64 126.852304  72.517301 11.782
 82     3.116 55100.48559562 27.64 126.846644  72.520181 11.782
 82     3.068 55100.48559626 26.94 126.840984  72.523061 11.782
 82     3.399 55100.48559691 28.13 126.835334  72.525951 11.782
 82     3.437 55100.48559755 32.43 126.829664  72.528831 11.782
 83     4.186 55135.48559780 47.47 126.826170  72.514710 10.088
 83     4.041 55135.48559844 42.32 126.820510  72.517590 10.088
 83     4.086 55135.48559909 31.25 126.814850  72.520470 10.088
 83     4.178 55135.48559973 28.52 126.809189  72.523353  5.705
 83     4.178 55135.48560038 27.53 126.803519  72.526233  5.705
 84     2.034 55170.48556055 16.42 126.848026  72.515136  2.644
 84     2.567 55170.48556119 16.69 126.842376  72.518026  2.644
 84     2.624 55170.48556184 16.90 126.836716  72.520906  2.644
 84     3.100 55170.48556248 16.37 126.831056  72.523786  2.644
 84     3.532 55170.48556313 16.57 126.825396  72.526676  2.644
 84     4.071 55170.48556377 16.36 126.819733  72.529556  2.233
 85     2.438 55205.48559118 15.38 126.825388  72.514543  2.295
 85     2.987 55205.48559182 15.69 126.819728  72.517423  2.295
 85     2.777 55205.48559246 17.08 126.814068  72.520303  2.295
 85     3.398 55205.48559311 16.01 126.808404  72.523187  2.375
 85     3.757 55205.48559375 15.39 126.802734  72.526067  2.375
 85     3.962 55205.48559440 15.45 126.797064  72.528957  2.375
 86     3.646 55240.48556666 13.18 126.848860  72.515419  2.275
 86     2.930 55240.48556731 13.52 126.843210  72.518299  2.275
 86     3.029 55240.48556795 13.69 126.837550  72.521189  2.275
 86     3.371 55240.48556860 13.02 126.831890  72.524069  2.275
 86     3.757 55240.48556924 13.25 126.826230  72.526949  2.275
 86     4.139 55240.48556989 12.95 126.820560  72.529829  2.275
 87     3.750 55275.48558485 11.91 126.837989  72.514961  2.083
 87     2.775 55275.48558549 12.60 126.832339  72.517841  2.083
 87     2.895 55275.48558614 12.41 126.826679  72.520731  2.083
 87     3.478 55275.48558678 11.78 126.821018  72.523612  2.181
 87     3.810 55275.48558743 12.08 126.815348  72.526492  2.181
 88     3.655 55310.48555119 10.43 126.847754  72.517238  2.287
 88     3.485 55310.48555183 10.20 126.842094  72.520128  2.287
 88     3.413 55310.48555248 10.36 126.836434  72.523008  2.287
 88     3.651 55310.48555312 10.76 126.830774  72.525888  2.287
 88     3.819 55310.48555377 10.44 126.825114  72.528778  2.287
 89     5.700 55345.48555413 23.39 126.833083  72.516301 17.398
 89     5.599 55345.48555478 23.36 126.827433  72.519181 17.398
 89     5.605 55345.48555542 24.25 126.821763  72.522071 17.398
 89     5.458 55345.48555607 25.48 126.816103  72.524951 17.398
 89     5.243 55345.48555671 26.21 126.810443  72.527831 17.398
 90     4.087 55380.48554688 27.14 126.842212  72.514994 14.093
 90     3.941 55380.48554752 24.28 126.836552  72.517874 14.093
 90     3.278 55380.48554817 23.94 126.830892  72.520754 14.093
 90     3.728 55380.48554881 23.00 126.825242  72.523644 14.093
 90     4.161 55380.48554946 23.37 126.819577  72.526524  9.621
 91     4.198 55415.48557331 24.76 126.827038  72.512885 16.164
 91     3.950 55415.48557396 23.52 126.821378  72.515765 16.164
 91     3.331 55415.48557460 24.42 126.815718  72.518645 16.164
 91     3.409 55415.48557525 25.66 126.810055  72.521530  8.660
 91     3.859 55415.48557589 23.58 126.804395  72.524410  8.660
 91     4.548 55415.48557653 22.93 126.798725  72.527300  8.660
 92     3.236 55450.48555903 28.36 126.840561  72.517317 11.358
 92     2.828 55450.48555967 29.46 126.834901  72.520197 11.358
 92     3.301 55450.48556032 27.93 126.829241  72.523087 11.358
 92     3.611 55450.48556096 29.87 126.823581  72.525967 11.358
 92     3.927 55450.48556161 31.69 126.817921  72.528847 11.358
 93     2.955 55485.48548316 43.42 126.856215  72.517183 13.096
 93     2.809 55485.48548380 43.50 126.850555  72.520063 13.096
 93     2.812 55485.48548444 41.78 126.844905  72.522943 13.096
 93     2.936 55485.48548509 42.52 126.839245  72.525833 13.096
 93     2.683 55485.48548573 36.22 126.833585  72.528713 13.096
