# NaN NaN NaN ;Mean Elev.(m), Avg Gradient(m/km), RMS Gradient(m/km) - SRTM1     
#   12.929  -0.375   7.686 ;Mean Elev.(m), Avg Gradient(m/km), RMS Gradient(m/km) - ASTER GDEM
#   21.191  -1.116   7.396 ;Mean Elev.(m), Avg Gradient(m/km), RMS Gradient(m/km) - GMTED2010 
  7 123.384797  67.101557    32.387    33.492  6 52466.13157587 26.901
  8 123.380440  67.105000    32.420    33.137  6 52501.13156906 22.652
  9 123.386964  67.087569    32.451    33.210 11 52536.13155867 23.557
 10 123.385068  67.099683    26.059    26.081  6 52571.13159084 44.575
 12 123.385410  67.093725    28.201    26.886  9 52641.13155071 12.891
 13 123.380455  67.103235    27.633    27.583  5 52676.13153902  9.945
 14 123.384481  67.093787    29.662    29.752  8 52711.13156595  9.187
 15 123.375037  67.106545    30.976    30.940  5 52746.13159159  7.003
 16 123.384154  67.087826    31.618    30.319 10 52781.13153247 21.355
 17 123.383922  67.089328    32.202    32.204 10 52816.13161313 52.536
 18 123.382373  67.090491    34.348    33.954 10 52851.13166438 22.609
 19 123.382673  67.102993    33.375    33.509  5 52886.13169680 20.144
 20 123.378757  67.105129    32.125    33.026  5 52921.13165217 26.376
 21 123.387308  67.087575    26.105    26.108 11 52956.13161964 22.255
 22 123.385579  67.093655    29.326    30.283  9 52991.13163530 13.084
 23 123.385117  67.102540    27.958    27.993  6 53026.13159989  9.500
 24 123.383103  67.089620    28.548    28.098 10 53061.13161222  8.731
 25 123.375281  67.108718    30.390    30.583  6 53096.13163803  7.267
 26 123.385700  67.088559    30.978    31.461 10 53131.13161390  5.379
 28 123.385572  67.100727    34.053    34.140  6 53201.13168688 26.294
 29 123.382693  67.099740    31.411    32.021  6 53236.13165666 27.092
 30 123.387644  67.085002    28.815    28.756 10 53271.13161895 48.834
 31 123.386414  67.101610    27.065    27.063  6 53306.13167964 41.792
 32 123.380871  67.104355    27.997    27.994  6 53341.13164708 13.771
 33 123.380032  67.108008    28.556    28.329  5 53376.13157655  9.726
 34 123.385739  67.097192    30.058    29.961  6 53411.13162309  8.782
 35 123.375579  67.108565    30.154    30.330  6 53446.13160342  7.529
 36 123.386494  67.101586    33.922    33.922  6 53481.13168918  9.395
 37 123.383442  67.101341    37.135    37.140  6 53516.13169321 36.648
 38 123.379980  67.105086    31.444    31.452  6 53551.13171276 52.074
 39 123.382635  67.102706    33.587    33.277  5 53586.13167032 24.758
 40 123.384237  67.090077    34.256    33.892 10 53621.13163370 21.874
 41 123.386564  67.097000    27.516    27.533  6 53656.13166092 40.190
 42 123.380976  67.103847    25.671    25.677  6 53691.13164915 33.795
 43 123.377195  67.107935    26.207    26.255  5 53726.13157237 16.605
 44 123.385985  67.084382    26.171    26.154 11 53761.13152566 11.865
 45 123.380888  67.103077    26.478    26.802  6 53796.13153740 10.644
 47 123.386909  67.098249    26.666    26.738  6 53866.13159526 26.484
 49 123.380467  67.105917    29.588    29.658  5 53936.13166249 44.571
 50 123.378002  67.105947    28.720    28.729  5 53971.13162951 52.282
 52 123.383342  67.089387    26.790    26.771 10 54041.13164096 31.308
 53 123.381756  67.103139    27.403    27.406  5 54076.13163298 23.722
 54 123.374436  67.109639    27.453    27.383  5 54111.13157375 14.677
 55 123.387611  67.097085    28.178    27.986  7 54146.13157439  9.677
 56 123.375612  67.107162    28.689    28.608  5 54181.13156087  9.315
 57 123.387125  67.097972    29.060    29.120  7 54216.13158243  8.109
 58 123.384118  67.098923    37.138    36.949  6 54251.13160882 29.995
 59 123.384824  67.102609    34.040    34.001  6 54286.13161431 22.442
 60 123.384351  67.100558    33.919    33.819  5 54321.13161171 20.899
 61 123.379309  67.107919    28.757    28.767  5 54356.13157137 51.600
 62 123.384582  67.099347    27.358    27.386  6 54391.13155262 46.881
 63 123.382431  67.103840    27.888    27.917  6 54426.13152214 11.145
 64 123.381780  67.090429    30.194    30.509 10 54461.13153107  8.867
 65 123.382402  67.103889    29.518    29.356  5 54496.13152883  7.296
 66 123.386552  67.096301    31.752    32.060  7 54531.13154295  7.216
 67 123.377438  67.107167    32.948    33.162  6 54566.13153405  6.192
 68 123.384461  67.098869    30.882    30.089  6 54601.13153781 31.354
 69 123.383358  67.101731    34.181    34.184  5 54636.13154935 23.017
 70 123.381398  67.102182    34.158    34.150  6 54671.13155317 20.669
 71 123.380824  67.104504    33.364    33.657  6 54706.13151383 21.024
 72 123.386329  67.097553    33.694    34.321  7 54741.13151788 23.842
 73 123.381971  67.103112    27.257    27.227  5 54776.13149545 42.954
 74 123.384018  67.090582    25.488    25.582 10 54811.13151268 23.034
 75 123.381014  67.104341    27.052    27.116  6 54846.13149478 21.144
 76 123.385932  67.099148    26.097    26.126  6 54881.13151443 18.028
 77 123.377278  67.108012    25.643    25.707  5 54916.13149765 17.393
 78 123.385739  67.100195    27.343    26.984  6 54951.13150731 29.698
 79 123.383267  67.099753    34.755    34.752  6 54986.13153217 47.952
 80 123.383392  67.100984    33.976    34.146  6 55021.13152493 18.708
 81 123.382253  67.102031    33.648    33.493  5 55056.13152177 18.838
 82 123.376840  67.105618    28.450    28.431  5 55091.13147929 50.975
 83 123.384894  67.098327    28.289    28.286  6 55126.13146140 47.318
 85 123.381830  67.090448    26.672    26.580 10 55196.13145340 17.223
 86 123.379693  67.107552    25.712    25.778  5 55231.13144342 17.080
 87 123.385298  67.099131    26.927    26.782  6 55266.13144685 12.618
 88 123.378853  67.106333    25.315    25.249  5 55301.13142494 12.318
 89 123.382294  67.101979    27.606    27.607  5 55336.13142185 44.255
 90 123.383115  67.101333    31.293    31.282  6 55371.13141232 44.000
 91 123.386393  67.096532    31.361    30.700  7 55406.13143196 27.387
 92 123.383239  67.103458    30.988    31.173  6 55441.13143071 24.202
 93 123.378491  67.107473    29.625    29.128  5 55476.13137330 18.023
