-179470.649  1235.271     0.00   56.49
-179099.154  1230.736   -12.21   52.40
-178727.732  1225.520   -14.04   48.29
-178356.383  1197.948   -74.26   51.24
-177985.107  1181.247   -44.99   46.58
-177613.903  1178.895    -6.34   49.86
-177242.773  1183.333    11.96   51.00
-176871.714  1172.133   -30.19   62.95
-176500.729  1114.566  -155.20  101.76
-176129.816  1040.059  -200.90  107.79
-175758.976   989.914  -135.24   75.09
-175388.209   975.387   -39.19   49.92
-175017.513  1008.195    88.52   62.10
-174646.891  1063.134   148.25   62.42
-174276.341  1115.645   141.73   69.45
-173905.863  1169.051   144.17   71.12
-173535.457  1227.344   157.40   74.12
-173165.124  1263.086    96.53   77.15
-172794.863  1271.007    21.39   89.45
-172424.674  1271.634     1.69   90.68
-172054.558  1282.161    28.45   77.64
-171684.513  1309.297    73.34   78.36
-171314.541  1343.755    93.15   63.89
-170944.640  1349.473    15.46   52.92
-170574.812  1305.921  -117.78   79.78
-170205.056  1251.689  -146.69   83.11
-169835.371  1227.815   -64.59   73.39
-169465.759  1234.431    17.90   83.62
-169096.218  1265.036    82.83   78.63
-168726.749  1274.361    25.24   60.89
-168357.352  1240.399   -91.95   81.13
-167988.026  1172.487  -183.90   99.40
-167618.772  1093.285  -214.52   93.99
-167249.590  1011.247  -222.24   91.54
-166880.479   940.955  -190.46   80.35
-166511.440   911.237   -80.54   68.68
-166142.473   920.064    23.93   90.57
-165773.577   997.038   208.69  129.05
-165404.752  1105.554   294.26  130.36
-165035.998  1218.802   307.15  120.65
-164667.316  1270.220   139.48  110.00
-164298.706  1302.327    87.11  106.55
-163930.166  1312.867    28.60  115.28
-163561.698  1311.168    -4.61  109.11
-163193.301  1276.168   -95.02   91.29
-162824.975  1220.657  -150.73   99.04
-162456.720  1153.702  -181.84  103.28
-162088.536  1083.122  -191.72   86.68
-161720.423  1027.734  -150.48   67.57
-161352.382   983.829  -119.31   81.19
-160984.411   951.543   -87.75   83.83
-160616.511   954.574     8.24   88.29
-160248.681   982.422    75.72   97.01
-159880.923  1017.770    96.13   83.69
-159513.235  1059.967   114.78   59.31
-159145.618  1082.429    61.11   60.93
-158778.072  1078.565   -10.51   60.81
-158410.597  1057.454   -57.46   68.23
-158043.192  1005.531  -141.34   85.75
-157675.857   945.789  -162.66   85.44
-157308.593   904.220  -113.20   66.51
-156941.400   898.000   -16.94   59.12
-156574.277   910.261    33.40   63.33
-156207.224   944.543    93.41   63.10
-155840.242   960.586    43.72   71.91
-155473.330   953.802   -18.49   95.11
-155106.489   919.192   -94.36  112.73
-154739.717   868.487  -138.26  123.16
-154373.016   804.952  -173.28  120.28
-154006.385   749.510  -151.24  100.70
-153639.824   706.783  -116.57   85.24
-153273.333   671.691   -95.76   64.06
-152906.912   651.802   -54.29   37.32
-152540.562   650.422    -3.77   29.79
-152174.281   660.930    28.69   36.58
-151808.070   679.183    49.85   41.77
-151441.929   703.985    67.75   56.17
-151063.797   737.491    88.62   77.89
-150683.149   783.554   121.03   91.35
-150302.578   838.659   144.81  103.97
-149922.083   870.465    83.60  109.32
-149541.664   870.717     0.66  110.09
-149161.321   844.679   -68.47  105.84
-148781.055   804.680  -105.20   93.86
-148400.865   767.486   -97.84   78.18
-148020.751   747.093   -53.65   54.76
-147640.713   775.678    75.22   83.53
-147260.752   861.770   226.60  151.64
-146880.866   967.736   278.97  157.99
-146501.056  1070.224   269.87  123.90
-146121.322  1141.496   187.71  112.75
-145741.664  1159.970    48.67  124.63
-145362.082  1166.713    17.77  140.73
-144982.575  1192.510    67.98  150.60
-144603.145  1195.542     7.99  163.05
-144223.790  1197.656     5.57  178.21
-143844.510  1209.010    29.94  184.27
-143465.307  1222.258    34.94  168.06
-143086.178  1223.657     3.69  145.25
-142707.126  1201.677   -57.99  117.02
-142328.149  1157.305  -117.10  109.51
-141949.247  1093.133  -169.38  114.72
-141570.420  1054.467  -102.08  113.04
-141191.669  1012.838  -109.92  116.70
-140812.994   968.634  -116.74  125.12
-140434.393   900.914  -178.89  127.89
-140055.868   840.646  -159.23   94.38
-139677.418   803.220   -98.90   92.87
-139299.043   795.834   -19.52   96.16
-138920.743   803.015    18.99   91.55
-138542.518   805.622     6.89   92.63
-138164.368   816.867    29.74   89.00
-137786.293   843.762    71.14   88.78
-137408.293   876.406    86.37   98.07
-137030.367   931.645   146.18   93.05
-136652.517   980.043   128.10   96.51
-136274.741  1051.473   189.10  107.73
-135897.040  1129.213   205.85  141.32
-135519.414  1207.829   208.21  137.47
-135141.862  1237.566    78.77  119.63
-134764.385  1211.622   -68.74  126.47
-134386.983  1135.690  -201.22  136.36
-134009.655  1052.463  -220.59   94.30
-133632.401  1027.529   -66.10   67.49
-133255.222  1076.139   128.89  105.78
-132878.117  1163.974   232.94  119.38
-132501.086  1286.520   325.06  144.04
-132124.130  1352.657   175.47  119.69
-131747.248  1394.335   110.60   95.46
-131370.440  1391.990    -6.22  102.40
-130993.707  1345.895  -122.37  108.94
-130617.047  1302.204  -116.01   98.92
-130240.462  1254.489  -126.72   98.14
-129863.950  1211.199  -114.99   84.22
-129487.513  1142.429  -182.70  106.26
-129111.149  1090.680  -137.51  106.71
-128734.859  1055.327   -93.96   83.60
-128358.643  1032.669   -60.23   62.34
-127982.501  1031.327    -3.57   52.23
-127606.433  1025.878   -14.49   56.22
-127230.439  1022.770    -8.27   79.98
-126854.518  1051.622    76.76  122.58
-126478.670  1113.836   165.54  159.09
-126102.897  1187.180   195.20  147.01
-125727.197  1221.747    92.02   99.00
-125351.570  1206.515   -40.56   80.49
-124976.017  1150.440  -149.33   80.31
-124600.537  1099.481  -135.73   79.57
-124225.131  1063.903   -94.78   86.24
-123849.798  1064.622     1.92  100.29
-123474.538  1076.970    32.91  112.23
-123099.351  1072.081   -13.03  115.56
-122724.238  1043.804   -75.39  124.24
-122349.198  1015.574   -75.28  134.21
-121974.231  1018.247     7.13  131.45
-121599.337  1037.146    50.42  114.36
-121224.516  1016.723   -54.49  118.53
-120849.768   953.552  -168.59  155.14
-120475.093   852.128  -270.72  165.20
-120100.491   763.169  -237.50  143.69
-119725.962   718.508  -119.25  108.05
-119351.505   735.194    44.56  133.97
-118977.122   845.827   295.53  206.05
-118602.811   984.940   371.68  209.18
-118228.573  1149.099   438.69  177.20
-117854.407  1266.622   314.12  133.85
-117480.314  1313.702   125.86   98.29
-117106.294  1279.281   -92.04  126.95
-116732.346  1134.077  -388.34  232.99
-116358.471   966.587  -448.02  246.81
-115984.668   817.542  -398.76  182.60
-115610.937   750.390  -179.70  123.57
-115237.279   772.855    60.13  151.40
-114863.693   816.457   116.72  153.36
-114490.180   875.389   157.79  141.40
-114116.739   933.234   154.91  141.56
-113743.369   978.369   120.90  160.19
-113370.073  1021.006   114.23  156.57
-112996.848  1005.530   -41.47  140.01
-112623.695   959.335  -123.81  124.08
-112250.614   882.338  -206.40  120.71
-111877.605   786.932  -255.79  113.99
-111504.668   694.793  -247.09  100.06
-111131.804   620.634  -198.91   77.17
-110759.010   557.657  -168.95   58.99
-110386.289   539.015   -50.02   46.81
-110013.640   576.586   100.83   99.74
-109641.062   648.779   193.78  145.08
-109268.556   746.247   261.68  142.79
-108896.122   795.971   133.52  107.90
-108523.759   799.320     8.99   90.21
-108151.468   772.378   -72.37   76.82
-107779.248   771.404    -2.62   77.29
-107407.100   790.054    50.12   72.62
-107035.023   794.241    11.25   67.93
-106663.018   755.829  -103.27   93.49
-106291.084   669.363  -232.49   98.30
-105919.221   609.473  -161.07   74.49
-105547.430   591.574   -48.14   67.66
-105175.710   623.174    85.02   90.29
-104804.061   686.321   169.92   86.62
-104432.483   774.555   237.48  114.36
-104060.977   875.976   273.02  142.32
-103689.541   988.383   302.65  146.17
-103318.177  1059.707   192.07   85.66
-102946.883  1041.869   -48.05  113.08
-102575.661   970.244  -192.96  144.41
-102204.509   907.338  -169.50  110.12
-101833.428   903.659    -9.92   91.96
-101462.418   932.420    77.53   85.84
-101091.479   967.504    94.59   96.24
-100720.611   995.145    74.53   97.62
-100349.813  1018.948    64.20  102.62
 -99979.086  1030.645    31.55   89.35
 -99608.430  1021.565   -24.50   76.14
 -99237.845   974.770  -126.28  116.85
 -98867.329   889.634  -229.79  143.92
 -98496.885   762.712  -342.65  155.60
 -98126.511   650.872  -301.99  145.19
 -97756.207   538.348  -303.89  102.84
 -97385.974   483.352  -148.55   66.96
 -97015.811   462.254   -57.00   40.89
 -96645.718   481.818    52.86   60.20
 -96275.696   531.610   134.58   75.28
 -95905.744   577.463   123.95   82.09
 -95535.862   632.328   148.34   86.00
 -95166.050   663.077    83.15   82.50
 -94796.308   690.923    75.32   81.82
 -94426.637   723.190    87.29   88.36
 -94057.035   762.817   107.22   77.38
 -93687.504   815.104   141.51   95.17
 -93318.042   887.268   195.34  117.67
 -92948.651   975.818   239.73  125.01
 -92579.329  1037.244   166.33   90.56
 -92210.077  1053.611    44.33   96.88
 -91840.895  1017.670   -97.36  119.53
 -91471.783   935.611  -222.33  124.01
 -91102.740   861.762  -200.12  125.50
 -90733.767   770.634  -246.99  108.79
 -90364.864   699.990  -191.51   84.91
 -89996.030   662.703  -101.10   53.94
 -89627.266   670.893    22.21   63.18
 -89258.571   717.484   126.38   81.43
 -88889.946   751.156    91.35   69.28
 -88521.390   764.212    35.43   59.22
 -88152.904   752.829   -30.89   59.97
 -87784.487   724.706   -76.34   39.60
 -87416.140   716.554   -22.13   43.23
 -87047.862   715.486    -2.90   60.64
 -86679.653   716.531     2.84   71.64
 -86311.513   710.968   -15.11   75.63
 -85943.442   687.367   -64.13   73.36
 -85575.441   650.610   -99.89   54.73
 -85207.508   619.315   -85.06   38.53
 -84839.645   610.471   -24.04   28.01
 -84471.851   637.820    74.36   62.93
 -84104.125   688.139   136.85   90.30
 -83736.469   771.463   226.65  107.76
 -83368.881   841.716   191.13   90.08
 -83001.363   858.110    44.61   81.76
 -82633.913   851.736   -17.35   80.85
 -82266.532   861.056    25.37   79.60
 -81899.220   874.215    35.83   77.10
 -81531.976   921.512   128.80   73.21
 -81164.801   949.494    76.21   77.14
 -80797.695   989.881   110.02   94.01
 -80430.658  1030.105   109.60   72.93
 -80063.688  1009.574   -55.95  100.77
 -79696.788   937.231  -197.18  143.98
 -79329.956   842.057  -259.46  126.61
 -78963.192   772.041  -190.92   62.86
 -78596.497   745.215   -73.16   48.09
 -78229.870   734.763   -28.51   45.98
 -77863.312   708.320   -72.14   48.19
 -77496.821   664.343  -120.00   67.70
 -77130.399   620.898  -118.57   77.20
 -76764.045   572.923  -130.96   51.63
 -76389.928   581.289    22.36   68.17
 -76009.432   628.705   124.63  100.27
 -75629.010   702.820   194.83  109.57
 -75248.662   787.820   223.49   87.73
 -74868.389   822.952    92.39   68.25
 -74488.190   816.145   -17.90   70.40
 -74108.065   775.576  -106.73   89.87
 -73728.015   689.422  -226.70   92.99
 -73348.038   618.797  -185.88   73.40
 -72968.136   575.983  -112.70   38.97
 -72588.308   568.357   -20.08   30.40
 -72208.554   589.134    54.71   42.21
 -71828.873   620.297    82.08   45.53
 -71449.267   646.645    69.41   42.06
 -71069.734   661.486    39.11   37.45
 -70690.276   659.815    -4.40   44.77
 -70310.891   660.854     2.74   58.37
 -69931.580   666.105    13.84   62.46
 -69552.342   675.134    23.81   57.97
 -69173.179   671.565    -9.42   48.08
 -68794.088   645.027   -70.01   43.52
 -68415.072   624.013   -55.45   46.96
 -68036.129   602.562   -56.61   45.85
 -67657.259   583.346   -50.72   43.73
 -67278.463   562.750   -54.38   49.43
 -66899.741   538.515   -63.99   59.51
 -66521.091   517.483   -55.55   64.39
 -66142.515   495.387   -58.37   62.84
 -65764.013   469.057   -69.57   58.62
 -65385.583   447.122   -57.97   50.96
 -65007.227   422.506   -65.06   36.97
 -64628.944   402.777   -52.16   27.35
 -64250.734   390.750   -31.80   23.25
 -63872.597   385.056   -15.06   27.09
 -63494.533   376.383   -22.94   30.47
 -63116.542   364.408   -31.68   30.65
 -62738.624   344.145   -53.62   27.99
 -62360.779   325.906   -48.27   22.22
 -61983.007   313.415   -33.07   16.20
 -61605.307   310.585    -7.49   15.51
 -61227.681   314.703    10.91   21.09
 -60850.127   315.485     2.07   23.98
 -60472.646   301.599   -36.79   26.35
 -60095.237   283.510   -47.93   23.53
 -59717.901   265.657   -47.32   18.99
 -59340.638   250.897   -39.12   14.01
 -58963.447   239.461   -30.32   10.81
 -58586.329   232.182   -19.30    7.71
 -58209.283   229.806    -6.30    6.54
 -57832.309   231.537     4.59    8.05
 -57455.408   239.180    20.28   12.92
 -57078.579   252.104    34.30   16.93
 -56701.823   267.529    40.94   19.90
 -56325.138   288.878    56.68   24.11
 -55948.526   313.916    66.49   30.65
 -55571.986   343.682    79.05   33.94
 -55195.518   373.804    80.02   34.85
 -54819.123   409.187    94.01   40.77
 -54442.799   442.015    87.24   48.41
 -54066.547   478.878    97.98   48.88
 -53690.367   497.003    48.18   36.98
 -53314.259   488.039   -23.84   49.42
 -52938.223   458.815   -77.72   61.54
 -52562.259   417.469  -109.98   45.75
 -52186.367   394.824   -60.24   24.40
 -51810.546   386.531   -22.07   16.53
 -51434.797   387.320     2.10   17.21
 -51059.119   381.003   -16.81   21.50
 -50683.514   367.855   -35.01   24.69
 -50307.980   355.936   -31.74   21.64
 -49932.517   350.932   -13.33   14.29
 -49557.126   355.461    12.07   17.86
 -49181.806   365.575    26.95   21.53
 -48806.558   379.822    37.97   28.66
 -48431.381   398.669    50.24   36.44
 -48056.276   412.529    36.95   32.59
 -47681.241   409.012    -9.38   29.27
 -47306.278   387.869   -56.39   33.08
 -46931.387   362.813   -66.84   28.89
 -46556.566   342.151   -55.13   17.85
 -46181.817   330.343   -31.51   10.28
 -45807.138   322.913   -19.83   11.76
 -45432.531   318.249   -12.45   14.37
 -45057.995   310.787   -19.92   17.96
 -44683.529   301.469   -24.88   23.60
 -44309.135   284.208   -46.10   25.91
 -43934.812   266.490   -47.34   23.70
 -43560.559   248.422   -48.28   23.21
 -43186.377   231.767   -44.51   21.65
 -42812.266   219.415   -33.02   17.24
 -42438.226   214.552   -13.00   13.74
 -42064.256   216.553     5.35   15.97
 -41690.357   219.098     6.81   17.11
 -41316.529   219.787     1.84   18.38
 -40942.771   217.068    -7.27   19.64
 -40569.084   216.448    -1.66   18.81
 -40195.467   214.622    -4.89   19.69
 -39821.921   211.901    -7.28   19.16
 -39448.445   207.538   -11.68   19.73
 -39075.039   201.541   -16.06   19.78
 -38701.704   195.744   -15.53   17.88
 -38328.439   191.312   -11.87   17.08
 -37955.245   185.576   -15.37   17.85
 -37582.120   179.564   -16.11   17.62
 -37209.066   173.061   -17.43   17.68
 -36836.082   166.469   -17.67   16.53
 -36463.168   160.599   -15.74   15.07
 -36090.324   154.542   -16.25   14.50
 -35717.550   147.916   -17.77   14.90
 -35344.846   141.740   -16.57   14.69
 -34972.212   136.793   -13.28   14.39
 -34599.648   132.599   -11.26   14.07
 -34227.154   128.924    -9.86   13.73
 -33854.729   122.881   -16.23   12.83
 -33482.375   117.313   -14.95   11.38
 -33110.090   112.611   -12.63    8.39
 -32737.874   107.923   -12.59    4.50
 -32365.729   105.122    -7.53    3.43
 -31993.653   104.052    -2.88    2.65
 -31621.647   102.836    -3.27    1.88
 -31249.710   102.586    -0.67    2.46
 -30877.843   102.116    -1.26    3.84
 -30506.045   101.086    -2.77    4.06
 -30134.317   100.694    -1.05    4.03
 -29762.658   101.762     2.87    5.00
 -29391.068   102.646     2.38    7.12
 -29019.548   103.563     2.47   10.55
 -28648.097   106.904     9.00   16.59
 -28276.715   110.262     9.04   19.39
 -27905.402   113.212     7.95   19.90
 -27534.159   113.552     0.91   18.48
 -27162.985   113.227    -0.87   15.94
 -26791.880   115.750     6.80   14.17
 -26420.843   118.488     7.38   13.44
 -26049.876   121.753     8.80   12.23
 -25678.978   124.770     8.14   10.91
 -25308.149   125.795     2.76   10.03
 -24937.388   126.366     1.54    9.02
 -24566.697   125.610    -2.04    7.80
 -24196.074   124.447    -3.14    7.74
 -23825.520   123.174    -3.44    7.56
 -23455.035   121.760    -3.82    6.89
 -23084.619   121.316    -1.20    6.00
 -22714.271   121.135    -0.49    5.54
 -22343.992   122.491     3.66    4.51
 -21973.781   124.360     5.05    3.79
 -21603.639   126.227     5.04    2.86
 -21233.566   126.887     1.78    3.06
 -20863.561   127.797     2.46    3.24
 -20493.624   127.927     0.35    3.01
 -20123.756   127.158    -2.08    2.87
 -19753.956   126.152    -2.72    2.98
 -19384.224   125.081    -2.90    2.54
 -19014.561   124.822    -0.70    2.93
 -18644.966   125.529     1.91    3.87
 -18275.439   125.478    -0.14    3.89
 -17905.981   124.086    -3.77    4.92
 -17536.590   121.906    -5.90    5.30
 -17167.268   119.854    -5.56    5.44
 -16798.014   118.810    -2.83    6.41
 -16428.827   118.029    -2.12    7.61
 -16059.709   115.215    -7.62    9.02
 -15690.659   110.695   -12.25    9.51
 -15321.676   106.017   -12.68    8.69
 -14952.761   100.116   -16.00   10.17
 -14583.915    94.738   -14.58   11.97
 -14215.136    89.785   -13.43   13.01
 -13846.424    85.170   -12.52   11.93
 -13477.781    81.947    -8.74   12.13
 -13109.205    77.657   -11.64   13.25
 -12740.697    70.832   -18.52   14.87
 -12372.256    61.494   -25.34   17.98
 -12003.883    48.092   -36.38   25.70
 -11635.578    33.670   -39.16   27.13
 -11267.340    22.399   -30.61   24.71
 -10899.170    16.163   -16.94   18.79
 -10531.066    16.939     2.11   17.23
 -10163.031    26.349    25.57   15.68
  -9795.062    31.098    12.91   11.64
  -9427.161    26.212   -13.28   16.26
  -9059.328    22.750    -9.41   18.18
  -8691.561    19.839    -7.92   19.50
  -8323.862    20.427     1.60   19.99
  -7956.230    23.366     8.00   20.35
  -7588.665    21.289    -5.65   20.47
  -7221.167    17.960    -9.06   20.43
  -6853.736    11.541   -17.47   19.02
  -6486.372    -0.215   -32.00    4.48
  -6119.075     1.855     5.64   10.13
  -5751.845    10.128    22.53   16.92
  -5384.682    21.634    31.34   18.94
  -5017.586    33.586    32.56   12.80
  -4650.557    39.162    15.19    2.74
  -4283.594    40.538     3.75    3.01
  -3916.699    41.599     2.89    3.37
  -3549.870    41.128    -1.28    4.54
  -3183.107    37.731    -9.26    9.39
  -2816.412    27.901   -26.81   17.42
  -2449.783    15.562   -33.66   18.05
  -2083.220     6.645   -24.33   14.34
  -1712.788    -1.171   -21.10    1.50
  -1332.442    -1.378    -0.55    0.00
   -952.169    -1.269     0.29    0.99
   -571.968     0.051     3.47    5.63
   -191.839     0.281     0.61    6.20
    188.218    -0.646    -2.44    3.64
    568.202    -0.060     1.54    6.13
    948.114     1.586     4.33    9.27
   1327.954     2.336     1.97   10.35
   1707.722     0.342    -5.25    6.87
   2087.417    -1.378    -4.53    0.00
   2467.041    -1.378     0.00    0.00
   2846.593    -1.378     0.00    0.00
   3226.072    -1.378     0.00    0.00
   3605.480    -1.068     0.82    2.84
   3984.816     5.783    18.06   14.12
   4364.080    16.932    29.40   19.06
   4743.272    29.512    33.18   16.44
   5122.392    38.478    23.65    7.63
   5501.441    36.951    -4.03    8.06
   5880.418    35.051    -5.02    8.69
   6259.323    32.936    -5.58    7.72
   6638.157    30.967    -5.20    3.66
   7016.919    32.429     3.86    2.68
   7395.610    33.171     1.96    1.41
   7774.229    32.527    -1.70    1.77
   8152.776    31.980    -1.44    1.95
   8531.253    31.797    -0.49    1.85
   8909.658    31.598    -0.53    1.87
   9287.991    31.363    -0.62    1.90
   9666.254    31.141    -0.59    1.80
  10044.445    30.293    -2.24    1.53
  10422.565    29.735    -1.48    1.42
  10800.613    29.169    -1.50    1.61
  11178.591    28.382    -2.08    1.69
  11556.498    28.098    -0.75    1.87
  11934.333    28.585     1.29    2.99
  12312.098    29.277     1.83    3.21
  12689.791    29.195    -0.22    3.16
  13067.414    28.720    -1.26    3.46
  13444.965    28.073    -1.71    3.36
  13822.446    31.705     9.62   10.63
  14199.856    45.469    36.47   24.00
  14577.196    62.481    45.08   27.26
  14954.464    80.718    48.34   17.94
  15331.662    89.256    22.63    6.81
  15708.790    90.110     2.27    4.34
  16085.846    88.116    -5.29    4.68
  16462.832    86.562    -4.12    5.05
  16839.748    86.743     0.48    7.18
  17216.593    86.836     0.25    7.24
  17593.368    87.844     2.68    7.23
  17970.072    87.320    -1.39    6.90
  18346.706    85.037    -6.06    4.00
  18723.269    85.170     0.35    2.99
  19099.763    86.660     3.96    3.15
  19476.186    89.857     8.49    5.17
  19852.538    94.097    11.27    5.65
  20228.821    99.483    14.31    7.33
  20605.033   105.546    16.12    8.46
  20981.176   110.670    13.62    8.29
  21357.248   114.904    11.26    6.75
  21733.251   118.034     8.32    4.23
  22109.183   117.344    -1.84    4.62
  22485.045   113.432   -10.41    7.46
  22860.838   109.810    -9.64    7.11
  23236.561   108.762    -2.79    6.93
  23612.213   110.918     5.74    8.23
  23987.796   115.037    10.96    6.74
  24363.310   116.844     4.81    3.96
  24738.753   115.645    -3.19    4.33
  25114.127   114.514    -3.01    3.88
  25489.432   116.080     4.17    4.34
  25864.666   118.758     7.14    3.63
  26239.831   120.396     4.37    2.29
  26614.927   120.692     0.79    2.49
  26989.953   119.717    -2.60    3.10
  27364.910   117.767    -5.20    4.08
  27739.797   117.098    -1.78    4.72
  28114.615   118.175     2.87    6.21
  28489.364   120.634     6.56    6.80
  28864.044   122.439     4.82    5.65
  29238.654   122.893     1.21    4.94
  29613.195   122.803    -0.24    4.99
  29987.667   122.779    -0.06    3.71
  30362.069   123.610     2.22    2.73
  30736.403   124.587     2.61    2.96
  31110.667   125.731     3.05    3.66
  31484.863   126.381     1.74    3.92
  31858.989   128.658     6.09    4.50
  32233.047   131.387     7.29    3.74
  32607.036   132.829     3.86    2.53
  32980.956   131.768    -2.84    3.17
  33354.807   129.375    -6.40    4.36
  33728.589   126.526    -7.62    4.61
  34102.302   124.803    -4.61    3.42
  34475.947   125.598     2.13    4.09
  34849.523   128.092     6.68    4.31
  35223.031   130.098     5.37    3.10
  35596.470   130.827     1.95    2.81
  35969.840   130.256    -1.53    3.29
  36343.142   128.393    -4.99    3.76
  36716.375   125.400    -8.02    5.03
  37089.540   121.453   -10.58    5.60
  37462.636   117.805    -9.78    4.41
  37835.665   115.728    -5.57    2.94
  38208.624   116.696     2.60    3.64
  38581.516   120.289     9.63    5.50
  38954.339   124.110    10.25    5.30
  39327.094   127.777     9.84    4.26
  39699.781   130.232     6.59    4.09
  40072.400   132.908     7.18    3.79
  40444.950   134.799     5.08    3.17
  40817.433   137.420     7.04    2.81
  41189.847   139.212     4.81    3.13
  41562.194   141.217     5.38    3.47
  41934.472   142.920     4.57    3.55
  42306.683   142.996     0.20    3.21
  42678.826   141.140    -4.99    4.81
  43050.900   137.658    -9.36    6.73
  43422.907   132.896   -12.80    6.61
  43794.847   129.767    -8.41    4.68
  44166.718   128.405    -3.66    4.61
  44538.522   127.718    -1.85    4.62
  44910.258   125.152    -6.91    6.75
  45281.927   118.817   -17.04    9.74
  45653.528   111.964   -18.44    9.26
  46025.061   108.032   -10.58    5.85
  46396.527   109.080     2.82    6.63
  46767.926   115.329    16.83    8.75
  47139.257   122.268    18.69    7.56
  47510.520   126.944    12.59    5.00
  47881.717   129.646     7.28    3.70
  48252.845   132.878     8.71    3.89
  48623.907   135.396     6.78    4.62
  48994.901   138.034     7.11    4.31
  49365.829   139.194     3.13    3.17
  49736.688   139.510     0.85    2.71
  50107.481   139.658     0.40    2.58
  50478.207   139.348    -0.83    2.33
  50848.866   139.056    -0.79    2.51
  51219.457   138.166    -2.40    3.09
  51589.982   136.237    -5.21    3.23
  51960.439   134.822    -3.82    2.82
  52330.830   133.551    -3.43    2.11
  52701.154   132.901    -1.76    2.04
  53071.411   133.408     1.37    2.34
  53441.601   133.913     1.37    2.85
  53811.724   134.763     2.30    2.69
  54181.781   135.084     0.87    2.23
  54551.771   132.988    -5.66    3.96
  54921.694   131.302    -4.56    3.56
  55291.550   130.887    -1.12    3.39
  55661.340   131.379     1.33    3.64
  56031.064   133.488     5.71    3.55
  56400.721   135.763     6.15    2.54
  56770.311   137.210     3.92    2.22
  57139.835   137.737     1.43    2.22
  57509.292   137.732    -0.02    2.26
  57878.683   136.807    -2.50    2.07
  58248.008   136.705    -0.28    1.86
  58617.267   137.260     1.50    1.90
  58986.459   138.056     2.16    2.31
  59355.585   139.396     3.63    2.70
  59724.644   142.813     9.26    5.89
  60093.638   146.427     9.79    7.33
  60462.565   150.694    11.56    6.81
  60831.426   153.405     7.35    4.49
  61200.222   154.000     1.61    3.59
  61568.951   152.573    -3.87    4.30
  61937.614   151.329    -3.37    4.59
  62306.211   150.244    -2.94    3.88
  62674.743   149.202    -2.83    3.41
  63043.208   147.246    -5.31    4.17
  63411.608   145.451    -4.87    4.85
  63779.941   144.067    -3.76    5.53
  64148.209   143.410    -1.78    6.30
  64516.411   142.610    -2.17    6.26
  64884.548   139.225    -9.20    8.13
  65252.619   131.273   -21.60   11.25
  65620.624   124.673   -17.93    8.37
  65988.564   121.552    -8.48    4.98
  66356.438   120.994    -1.52    4.09
  66724.246   123.478     6.75    5.56
  67091.989   125.285     4.91    5.40
  67459.666   128.134     7.75    5.14
  67827.279   130.684     6.94    4.85
  68194.825   133.927     8.82    6.09
  68562.307   138.388    12.14    7.53
  68929.722   144.357    16.25    9.44
  69297.073   149.829    14.90    9.65
  69664.359   157.610    21.18    7.85
  70031.579   161.964    11.85    4.53
  70398.734   162.317     0.96    5.04
  70765.824   162.039    -0.76    5.99
  71132.849   160.622    -3.86    6.01
  71499.808   159.803    -2.23    4.77
  71866.703   160.571     2.09    3.35
  72233.532   160.729     0.43    3.16
  72600.297   159.038    -4.61    4.10
  72967.343   156.964    -5.65    4.17
  73347.540   155.327    -4.30    4.54
  73727.667   153.336    -5.24    5.96
  74107.724   150.536    -7.37    5.60
  74487.710   148.538    -5.26    4.23
  74867.625   148.756     0.58    4.59
  75247.471   151.195     6.42    5.36
  75627.246   153.829     6.94    4.90
  76006.951   156.049     5.85    5.62
  76386.585   158.694     6.97    5.79
  76766.150   161.610     7.68    5.05
  77145.644   163.462     4.88    3.27
  77525.068   163.860     1.05    3.56
  77904.422   163.716    -0.38    4.41
  78283.706   164.302     1.54    5.03
  78662.920   167.488     8.40    5.76
  79042.064   170.455     7.83    5.18
  79421.139   172.860     6.34    3.41
  79800.143   174.420     4.11    2.68
  80179.077   174.899     1.27    3.75
  80557.942   175.562     1.75    4.66
  80936.737   176.444     2.33    4.91
  81315.462   177.988     4.08    4.76
  81694.118   180.549     6.76    4.70
  82072.704   183.289     7.24    3.71
  82451.220   184.659     3.62    3.08
  82829.667   185.955     3.43    3.49
  83208.044   186.091     0.36    4.16
  83586.351   187.165     2.84    4.97
  83964.590   188.622     3.85    5.19
  84342.759   188.387    -0.62    5.41
  84720.858   186.622    -4.67    7.41
  85098.888   182.502   -10.90    8.56
  85476.849   176.814   -15.05    9.75
  85854.740   171.563   -13.90    9.64
  86232.563   167.263   -11.38    6.72
  86610.316   167.239    -0.06    6.27
  86988.000   168.964     4.57    8.47
  87365.615   169.417     1.20    8.64
  87743.161   170.090     1.78    7.74
  88120.637   168.694    -3.70    5.68
  88498.045   170.403     4.53    4.81
  88875.384   171.767     3.61    3.17
  89252.654   172.878     2.95    2.76
  89629.855   174.707     4.85    4.37
  90006.987   177.805     8.21    6.25
  90384.050   180.239     6.46    6.30
  90761.045   181.670     3.79    5.50
  91137.971   181.635    -0.09    4.07
  91514.828   180.462    -3.11    2.92
  91891.617   179.432    -2.73    4.06
  92268.336   177.646    -4.74    4.81
  92644.988   176.084    -4.15    4.15
  93021.571   176.317     0.62    4.17
  93398.085   178.780     6.54    5.09
  93774.531   183.805    13.35    6.10
  94150.908   188.058    11.30    5.55
  94527.217   189.093     2.75    4.81
  94903.458   188.977    -0.31    4.31
  95279.630   187.758    -3.24    3.96
  95655.734   186.935    -2.19    4.22
  96031.770   188.269     3.55    5.28
  96407.737   189.746     3.93    5.62
  96783.637   192.499     7.32    5.49
  97159.468   195.573     8.18    3.65
  97535.231   195.935     0.96    3.31
  97910.926   193.449    -6.62    6.00
  98286.553   189.252   -11.17    7.77
  98662.112   182.622   -17.65    8.02
  99037.603   177.598   -13.38    6.52
  99413.026   173.854    -9.97    5.50
  99788.382   172.202    -4.40    5.06
 100163.669   172.573     0.99    4.55
 100538.889   174.239     4.44    4.89
 100914.041   177.815     9.53    5.10
 101289.125   181.869    10.81    5.19
 101664.142   186.449    12.21    6.05
 102039.090   187.951     4.01    5.17
 102413.972   186.839    -2.97    6.77
 102788.785   182.736   -10.95    9.44
 103163.531   175.783   -18.55    8.79
 103538.210   170.787   -13.33    6.34
 103912.821   168.098    -7.18    4.28
 104287.365   166.635    -3.91    3.49
 104661.841   165.878    -2.02    3.84
 105036.250   164.898    -2.62    3.09
 105410.592   163.744    -3.08    2.53
 105784.866   164.258     1.37    2.75
 106159.073   167.146     7.72    5.54
 106533.213   171.340    11.21    6.94
 106907.286   176.658    14.22    7.01
 107281.291   181.859    13.90    6.15
 107655.229   185.999    11.07    6.32
 108029.101   190.043    10.82    5.86
 108402.905   194.104    10.86    5.32
 108776.642   197.750     9.76    4.50
 109150.313   200.979     8.64    4.08
 109523.916   203.375     6.41    3.33
 109897.453   204.476     2.95    2.52
 110270.922   204.701     0.60    2.02
 110644.325   204.500    -0.54    1.88
 111017.661   203.843    -1.76    2.03
 111390.930   203.183    -1.77    2.22
 111764.133   202.032    -3.08    3.00
 112137.269   200.536    -4.01    4.02
 112510.338   199.369    -3.13    5.30
 112883.341   195.704    -9.82    8.34
 113256.277   188.347   -19.73   12.18
 113629.146   178.672   -25.95   14.17
 114001.949   167.622   -29.64   10.43
 114374.686   159.682   -21.30    7.43
 114747.356   153.647   -16.19    4.61
 115119.960   149.943    -9.94    4.68
 115492.497   146.939    -8.06    4.01
 115864.968   145.574    -3.66    3.77
 116237.373   144.078    -4.02    4.10
 116609.712   141.390    -7.22    5.87
 116981.984   138.122    -8.78    6.36
 117354.190   135.350    -7.45    4.46
 117726.330   133.521    -4.92    2.23
 118098.404   134.899     3.70    2.70
 118470.412   136.597     4.56    3.11
 118842.354   137.860     3.39    3.75
 119214.230   140.647     7.49    5.35
 119586.040   142.975     6.26    6.00
 119957.784   145.622     7.12    5.50
 120329.462   148.030     6.48    4.30
 120701.074   149.349     3.55    3.64
 121072.620   150.467     3.01    4.39
 121444.101   151.673     3.24    5.39
 121815.515   153.030     3.65    5.82
 122186.864   154.404     3.70    6.09
 122558.148   155.659     3.38    6.30
 122929.365   158.166     6.75    8.00
 123300.518   161.634     9.34    9.44
 123671.604   165.885    11.45   10.86
 124042.625   171.072    13.98   10.84
 124413.581   175.635    12.30   11.53
 124784.471   178.622     8.05   11.21
 125155.295   181.340     7.33   10.61
 125526.054   182.146     2.17    8.69
 125896.748   182.122    -0.07    7.12
 126267.376   183.220     2.96    5.19
 126637.940   184.323     2.98    4.31
 127008.437   185.573     3.37    3.81
 127378.870   185.898     0.88    3.93
 127749.237   184.866    -2.79    4.54
 128119.540   184.333    -1.44    4.15
 128489.777   186.328     5.39    4.92
 128859.949   189.175     7.69    5.26
 129230.056   191.706     6.84    4.60
 129600.098   194.714     8.13    3.62
 129970.075   196.634     5.19    3.16
 130339.987   196.492    -0.38    3.29
 130709.834   194.890    -4.33    4.12
 131079.616   192.175    -7.34    3.91
 131449.333   190.512    -4.50    2.65
 131818.986   190.532     0.05    3.06
 132188.574   191.863     3.60    4.06
 132558.097   192.697     2.26    3.88
 132927.555   193.685     2.67    3.27
 133296.948   195.622     5.24    4.07
 133666.277   198.683     8.29    5.28
 134035.542   202.306     9.81    4.92
 134404.741   205.906     9.75    4.79
 134773.876   208.314     6.52    4.78
 135142.947   210.244     5.23    4.08
 135511.953   210.072    -0.47    4.30
 135880.895   207.683    -6.47    5.92
 136249.772   204.122    -9.65    6.21
 136618.585   202.410    -4.64    4.84
 136987.334   203.943     4.16    5.28
 137356.018   208.227    11.62    6.52
 137724.638   214.512    17.05    8.13
 138093.194   222.347    21.26   10.27
 138461.686   228.197    15.87   10.61
 138830.113   232.410    11.43    7.39
 139198.476   231.863    -1.48    6.39
 139566.775   231.382    -1.31    6.65
 139935.010   233.832     6.65    9.21
 140303.181   239.481    15.34   10.93
 140671.288   244.671    14.10    9.50
 141039.331   247.908     8.79    9.29
 141407.311   244.746    -8.59   11.42
 141775.226   236.069   -23.58   14.21
 142143.077   228.012   -21.90   14.73
 142510.865   221.319   -18.20    7.82
 142878.588   224.923     9.80   10.04
 143246.248   234.284    25.46   14.04
 143613.844   247.964    37.21   17.05
 143981.377   259.763    32.10   14.08
 144348.846   264.462    12.78    9.95
 144716.251   264.458    -0.01   11.27
 145083.592   258.683   -15.72   13.50
 145450.870   251.153   -20.50   12.97
 145818.085   242.635   -23.19   11.48
 146185.236   238.285   -11.85    8.29
 146552.323   236.256    -5.52    4.82
 146919.347   238.178     5.23    5.38
 147286.308   242.486    11.74    5.25
 147653.205   245.972     9.50    4.82
 148030.275   249.585     9.58    4.94
 148410.260   252.696     8.19    5.83
 148790.176   256.207     9.24    7.25
 149170.023   260.385    11.00    8.80
 149549.802   266.122    15.11    9.21
 149929.513   271.687    14.65    8.69
 150309.155   275.301     9.52    6.69
 150688.728   278.661     8.85    6.57
 151068.234   281.598     7.74    7.90
 151447.670   284.943     8.81    9.41
 151827.039   288.560     9.54    9.93
 152206.339   293.407    12.78    9.61
 152585.572   296.610     8.44    8.98
 152964.736   300.709    10.81    9.99
 153343.832   306.910    16.36    9.55
 153722.859   313.622    17.71    8.42
 154101.819   317.671    10.68    5.89
 154480.711   319.030     3.58    4.56
 154859.534   318.166    -2.28    5.64
 155238.290   316.153    -5.32    6.29
 155616.978   312.767    -8.94    6.32
 155995.598   309.338    -9.05    5.61
 156374.150   307.427    -5.05    4.04
 156752.634   306.462    -2.55    3.40
 157131.050   306.310    -0.40    3.82
 157509.399   306.435     0.33    3.60
 157887.680   305.972    -1.22    3.21
 158265.893   305.080    -2.36    3.01
 158644.039   305.122     0.11    3.45
 159022.117   306.684     4.13    4.57
 159400.128   308.673     5.26    5.13
 159778.071   310.040     3.62    5.39
 160155.946   310.390     0.93    5.34
 160533.754   310.647     0.68    5.23
 160911.495   311.721     2.84    4.70
 161289.168   312.713     2.63    4.21
 161666.774   313.797     2.87    3.03
 162044.313   314.122     0.86    2.30
 162421.784   311.947    -5.76    4.23
 162799.188   308.635    -8.77    5.10
 163176.525   305.354    -8.70    5.10
 163553.795   303.030    -6.16    4.48
 163930.998   301.548    -3.93    5.82
 164308.133   301.698     0.40    6.43
 164685.202   302.309     1.62    5.97
 165062.203   302.360     0.13    4.79
 165439.138   302.160    -0.53    4.09
 165816.005   300.597    -4.15    3.98
 166192.806   298.869    -4.58    3.30
 166569.540   296.968    -5.05    2.79
 166946.207   295.537    -3.80    3.06
 167322.807   293.947    -4.22    3.22
 167699.340   291.879    -5.49    3.35
 168075.807   288.190    -9.80    4.80
 168452.207   283.863   -11.50    5.80
 168828.540   279.488   -11.62    5.87
 169204.807   275.947    -9.41    5.18
 169581.007   273.310    -7.01    4.27
 169957.140   272.149    -3.08    3.66
 170333.207   272.955     2.14    4.43
 170709.208   275.122     5.76    5.38
 171085.142   277.733     6.94    4.62
 171461.010   279.249     4.03    3.08
 171836.811   279.410     0.43    2.71
 172212.546   279.271    -0.37    2.72
 172588.214   278.731    -1.44    3.22
 172963.817   278.015    -1.91    3.44
 173339.353   277.499    -1.37    2.96
 173714.823   276.930    -1.51    2.48
 174090.227   276.997     0.18    3.14
 174465.564   276.535    -1.23    3.87
 174840.836   273.684    -7.60    6.02
 175216.041   269.573   -10.96    8.23
 175591.181   264.394   -13.80   11.04
 175966.254   256.090   -22.14   10.60
 176341.262   250.622   -14.58    7.42
 176716.203   248.017    -6.95    3.91
 177091.079   249.572     4.15    4.73
 177465.889   254.360    12.77    5.91
 177840.633   259.353    13.32    8.10
 178215.311   266.347    18.66    8.86
 178589.923   272.116    15.40    7.10
 178964.470   274.939     7.54    4.52
 179338.951   275.866     2.47    2.78
 179713.367   274.647    -3.25    3.30
 180087.717   272.455    -5.85    3.84
 180462.001   270.268    -5.84    4.50
 180836.220   269.297    -2.59    4.92
 181210.373   270.185     2.37    4.47
 181584.461   271.425     3.31    3.64
 181958.483   272.795     3.66    2.75
 182332.440   274.004     3.23    2.39
 182706.331   275.770     4.72    3.74
 183080.158   278.051     6.10    4.12
 183453.919   280.685     7.05    3.92
 183827.614   282.311     4.35    3.04
 184201.245   282.035    -0.74    3.20
 184574.810   280.051    -5.31    4.18
 184948.310   276.012   -10.81    5.91
 185321.745   271.263   -12.72    7.47
 185695.115   267.388   -10.38    8.97
 186068.420   262.999   -11.75    9.82
 186441.660   258.997   -10.72   10.17
 186814.834   254.789   -11.28    8.92
 187187.944   250.860   -10.53    7.47
 187560.989   247.052   -10.20    6.36
 187933.969   243.247   -10.20    5.94
 188306.884   238.040   -13.96    5.81
 188679.735   234.235   -10.20    5.77
 189052.520   230.698    -9.49    4.28
 189425.241   229.264    -3.85    2.87
 189797.897   228.772    -1.32    2.63
 190170.489   227.202    -4.21    4.24
 190543.016   224.276    -7.85    6.07
 190915.478   222.685    -4.27    5.74
 191287.875   221.571    -2.99    4.46
 191660.208   223.172     4.30    4.75
 192032.477   224.597     3.83    4.43
 192404.681   225.684     2.92    4.00
 192776.821   226.520     2.25    3.44
 193148.896   225.394    -3.02    3.48
 193520.907   223.289    -5.66    3.02
 193892.853   220.869    -6.50    5.01
 194264.735   216.820   -10.89    7.35
 194636.553   212.894   -10.56    9.04
 195008.307   208.353   -12.21    8.53
 195379.996   204.494   -10.38    7.89
 195751.622   201.783    -7.29    6.36
 196123.183   199.807    -5.32    5.35
 196494.680   199.141    -1.79    5.44
 196866.113   199.017    -0.33    5.01
 197237.482   197.699    -3.55    3.84
 197608.786   195.856    -4.96    3.54
 197980.027   193.486    -6.38    3.59
 198351.204   191.733    -4.72    3.13
 198722.317   191.215    -1.40    2.60
 199093.366   191.178    -0.10    2.33
 199464.352   194.276     8.35    5.65
 199835.273   199.090    12.98    9.41
 200206.131   209.104    27.00   15.00
 200576.925   220.079    29.59   14.23
 200947.655   228.820    23.57    9.56
 201318.322   232.165     9.02    6.23
 201688.925   233.122     2.58    3.97
 202059.464   232.058    -2.87    4.68
 202429.940   228.297   -10.15    6.65
 202800.352   224.110   -11.30    6.86
 203170.701   220.067   -10.92    5.79
 203540.986   217.412    -7.17    4.93
 203911.208   216.481    -2.51    4.05
 204281.366   217.610     3.05    4.34
 204651.461   220.382     7.49    4.94
 205021.493   224.610    11.42    5.75
 205391.461   229.511    13.25    7.14
 205761.366   233.202     9.98    6.99
 206131.208   235.673     6.68    5.43
 206500.986   235.635    -0.10    5.29
 206870.702   231.660   -10.75    7.87
 207240.354   225.322   -17.14    9.97
 207609.943   217.356   -21.55    8.67
 207979.469   213.772    -9.70    5.86
 208348.932   215.045     3.45    7.42
 208718.332   221.685    17.97   11.26
 209087.669   230.802    24.68   11.14
 209456.943   238.910    21.95    9.42
 209826.154   245.863    18.83    5.94
 210195.302   249.610    10.15    5.15
 210564.387   253.162     9.62    3.84
 210933.410   256.797     9.85    5.03
 211302.370   259.583     7.55    4.73
 211671.266   259.256    -0.89    4.99
 212040.101   256.752    -6.79    7.13
 212408.872   251.090   -15.35    8.19
 212777.581   246.568   -12.26    5.13
 213146.227   245.610    -2.60    4.51
 213514.811   246.369     2.06    4.32
 213883.332   251.210    13.13    7.96
 214251.790   255.241    10.94    8.64
 214620.186   258.986    10.16    8.21
 214988.520   261.701     7.37    6.15
 215356.791   261.918     0.59    4.64
 215724.999   261.742    -0.48    3.61
 216093.146   259.872    -5.08    3.48
 216461.230   258.293    -4.29    3.40
 216829.251   254.989    -8.98    5.35
 217197.210   251.926    -8.32    6.57
 217565.108   245.306   -17.99   11.19
 217932.942   237.142   -22.19   13.12
 218300.715   228.572   -23.30   12.57
 218668.426   222.148   -17.47    9.12
 219036.074   219.735    -6.56    6.65
 219403.660   224.091    11.85   11.22
 219771.184   235.272    30.42   16.75
 220138.647   248.045    34.75   17.15
 220506.047   260.155    32.95   14.12
 220873.385   267.635    20.36   12.86
 221240.661   277.458    26.74   13.46
 221607.876   288.185    29.21   14.91
 221975.028   299.497    30.81   14.46
 222342.119   304.863    14.61   11.15
 222716.006   298.986   -15.72   19.17
 223095.850   288.635   -27.25   22.82
 223475.626   279.799   -23.26   18.43
 223855.336   279.888     0.23   18.80
 224234.980   290.449    27.81   19.75
 224614.556   298.686    21.70   14.62
 224994.067   298.635    -0.14   15.12
 225373.510   292.369   -16.51   15.64
 225752.887   287.447   -12.97   15.80
 226132.197   287.082    -0.96   15.59
 226511.441   288.584     3.96   14.67
 226890.619   290.103     4.01   12.10
 227269.730   288.110    -5.26   12.17
 227648.774   282.891   -13.76   13.94
 228027.753   277.710   -13.67   12.71
 228406.665   269.891   -20.63   11.92
 228785.510   265.432   -11.77   13.81
 229164.290   257.835   -20.05   16.34
 229543.003   249.090   -23.08   16.06
 229921.650   240.496   -22.69   14.81
 230300.231   233.636   -18.12   12.01
 230678.746   233.388    -0.66   14.13
 231057.195   234.487     2.90   19.37
 231435.577   239.597    13.50   21.63
 231813.894   241.505     5.04   20.04
 232192.145   238.875    -6.95   15.38
 232570.330   234.398   -11.84   14.23
 232948.449   224.635   -25.82   15.24
 233326.502   214.090   -27.89   13.17
 233704.489   206.939   -18.92    9.11
 234082.411   203.185    -9.93    4.56
 234460.267   204.356     3.10    7.09
 234838.057   208.951    12.16   14.46
 235215.781   215.030    16.09   20.49
 235593.440   225.085    26.62   23.84
 235971.033   236.717    30.80   19.84
 236348.560   239.685     7.86   14.71
 236726.022   238.701    -2.61   14.49
 237103.419   231.129   -20.06   13.32
 237480.750   225.095   -15.99    8.53
 237858.015   223.685    -3.74    9.57
 238235.215   223.806     0.32   11.42
 238612.350   226.222     6.40   12.41
 238989.420   231.776    14.73   15.73
 239366.424   240.685    23.63   17.27
 239743.363   251.610    28.98   16.16
 240120.236   261.310    25.73   15.77
 240497.045   272.058    28.52   13.58
 240873.788   279.518    19.80   10.55
 241250.466   282.772     8.64    8.10
 241627.079   281.043    -4.59    9.17
 242003.627   275.297   -15.26    9.77
 242380.110   268.830   -17.17    8.26
 242756.527   262.147   -17.75    8.40
 243132.880   255.798   -16.87    8.15
 243509.168   248.647   -19.00    9.91
 243885.391   240.500   -21.65   10.23
 244261.550   232.060   -22.44   10.81
 244637.643   224.635   -19.74    9.31
 245013.672   218.866   -15.34    8.32
 245389.635   214.737   -10.98    6.79
 245765.534   212.812    -5.12    5.77
 246141.369   211.752    -2.82    5.48
 246517.139   213.116     3.63    5.08
 246892.844   215.220     5.60    3.92
 247268.484   215.572     0.94    4.13
 247644.060   211.010   -12.15   12.22
 248019.571   201.972   -24.06   17.56
 248395.018   195.353   -17.63   17.23
 248770.401   198.557     8.53   24.06
 249145.719   216.872    48.79   32.32
 249520.972   235.517    49.68   24.28
 249896.162   246.761    29.96   10.49
 250271.287   247.071     0.82    8.24
 250646.347   242.027   -13.44    7.71
 251021.344   237.757   -11.38    6.60
 251396.276   236.872    -2.36    9.16
 251771.144   238.914     5.45   11.49
 252145.948   238.885    -0.08   13.25
 252520.687   232.838   -16.13   20.46
 252895.363   214.774   -48.20   33.08
 253269.974   193.648   -56.38   33.03
 253644.522   177.736   -42.47   27.37
 254019.005   164.464   -35.43   15.86
 254393.425   156.472   -21.34   13.56
 254767.780   144.064   -33.14   17.97
 255142.072   132.837   -29.99   21.16
 255516.300   126.038   -18.17   19.58
 255890.464   129.510     9.28   24.86
 256264.564   137.749    22.02   37.39
 256638.600   149.869    32.40   46.25
 257012.573   170.981    56.44   49.10
 257386.482   194.688    63.39   39.74
 257760.327   216.468    58.25   25.79
 258134.109   230.349    37.13   16.46
 258507.827   232.935     6.92   19.19
 258881.482   231.736    -3.21   23.74
 259255.073   228.827    -7.78   22.93
 259628.600   226.109    -7.28   17.25
 260002.064   232.310    16.60   16.28
 260375.465   243.353    29.57   17.49
 260748.802   257.420    37.67   17.93
 261122.076   269.833    33.25   16.55
 261495.286   278.314    22.72   13.01
 261868.433   282.129    10.22   11.31
 262241.517   284.065     5.19   10.42
 262614.538   282.982    -2.90    8.68
 262987.495   283.647     1.78    7.28
 263360.390   283.609    -0.10    6.27
 263733.221   283.160    -1.20    7.17
 264105.989   279.771    -9.09    8.94
 264478.694   270.362   -25.24   12.83
 264851.336   259.446   -29.29   15.34
 265223.914   248.347   -29.78   12.54
 265596.430   240.055   -22.26    6.76
 265968.883   232.222   -21.02    9.35
 266341.273   228.487   -10.03    9.31
 266713.600   234.072    15.00   17.02
 267085.864   248.334    38.30   25.39
 267458.066   269.012    55.54   24.98
 267830.205   285.865    45.28   13.26
 268202.280   290.204    11.66    8.25
 268574.294   285.662   -12.21   12.82
 268946.244   276.397   -24.90   16.31
 269318.132   265.502   -29.29   15.62
 269689.957   254.837   -28.68   12.91
 270061.720   246.404   -22.68    8.55
 270433.420   242.032   -11.76    6.58
 270805.057   238.518    -9.45    5.46
 271176.632   237.268    -3.36    5.17
 271548.144   236.729    -1.45    4.79
 271919.594   236.522    -0.56    3.83
 272290.982   236.889     0.99    3.39
 272662.307   236.776    -0.30    3.47
 273033.570   234.635    -5.77    4.59
 273404.771   231.518    -8.39    6.54
 273775.909   228.830    -7.24    6.36
 274146.985   227.647    -3.19    5.30
 274517.999   227.517    -0.35    4.96
 274888.951   229.347     4.93    5.05
 275259.840   231.201     5.00    4.50
 275630.668   231.827     1.69    4.90
 276001.433   231.349    -1.29    5.02
 276372.136   231.344    -0.02    4.51
 276742.778   231.908     1.52    3.93
 277113.357   231.930     0.06    3.48
 277483.874   231.754    -0.48    2.72
 277854.329   228.585    -8.55    6.38
 278224.723   216.964   -31.37   18.89
 278595.054   199.058   -48.34   26.68
 278965.324   182.830   -43.82   21.57
 279335.532   177.369   -14.75   14.64
 279705.678   179.258     5.10   14.16
 280075.763   183.558    11.61   13.04
 280445.785   183.688     0.35   13.42
 280815.746   180.372    -8.96   12.81
 281185.646   173.609   -18.28    9.60
 281555.483   167.951   -15.29    8.28
 281925.259   161.856   -16.48    6.42
 282294.974   157.648   -11.38    5.42
 282664.627   152.789   -13.14    6.15
 283034.219   148.443   -11.76    8.09
 283403.749   132.849   -42.19   27.52
 283773.217   107.610   -68.30   39.51
 284142.625    81.372   -71.01   35.69
 284511.970    62.951   -49.86   22.01
 284881.255    54.333   -23.33    5.47
 285250.478    58.263    10.64    8.46
 285619.640    64.154    15.95    9.60
 285988.741    67.064     7.88    9.46
 286357.780    68.329     3.43    8.92
 286726.759    64.722    -9.77   10.50
 287095.676    59.395   -14.44    9.97
 287464.532    55.247   -11.24    7.38
 287833.327    52.155    -8.38    3.12
 288202.060    64.699    34.01   33.23
 288570.733    92.822    76.26   63.34
 288939.345   131.479   104.85   76.71
 289307.896   174.732   117.33   68.86
 289676.386   211.997   101.11   52.01
 290044.815   244.978    89.50   23.83
 290413.183   263.735    50.90   22.53
 290781.490   279.487    42.76   14.41
 291149.737   290.222    29.14   11.52
 291517.922   294.500    11.62   10.53
 291886.047   286.427   -21.93   18.17
 292254.111   277.485   -24.29   22.23
 292622.115   274.391    -8.40   34.25
 292990.058   267.230   -19.46   52.66
 293357.940   266.360    -2.37   65.25
 293725.761   266.062    -0.81   72.78
 294093.522   271.122    13.76   76.01
 294461.223   265.462   -15.39   73.73
 294828.863   259.767   -15.49   67.12
 295196.442   252.921   -18.62   57.30
 295563.961   240.155   -34.73   34.09
 295931.420   246.359    16.88   30.72
 296298.818   259.382    35.44   34.37
 296666.155   272.115    34.65   38.30
 297033.433   284.414    33.48   41.27
