-120823.756   912.951     0.00   42.43
-120452.247   870.056  -115.45   71.48
-120080.648   826.334  -117.65   85.42
-119708.960   786.074  -108.31   73.72
-119337.183   775.465   -28.53   61.23
-118965.316   796.612    56.86   71.07
-118593.359   839.015   113.99   71.03
-118221.313   872.789    90.77   66.89
-117849.178   909.727    99.25   80.73
-117476.952   936.942    73.11   82.37
-117104.637   950.924    37.55   78.11
-116732.232   943.339   -20.37   80.88
-116359.737   909.295   -91.39   81.87
-115987.152   848.195  -163.98   87.79
-115614.477   800.780  -127.22   72.13
-115241.712   787.613   -35.32   54.90
-114868.857   813.551    69.56   74.75
-114495.911   875.107   165.04  100.21
-114122.876   950.258   201.44  103.69
-113749.749  1025.958   202.87   80.14
-113376.533  1072.158   123.78   77.74
-113003.226  1093.233    56.45   82.15
-112629.828  1074.724   -49.56   98.21
-112256.340  1055.824   -50.60   99.87
-111882.761  1037.070   -50.20   73.78
-111509.091  1030.675   -17.11   59.74
-111135.330  1018.638   -32.20   65.91
-110761.479  1002.588   -42.93   83.78
-110387.536   988.718   -37.09   98.11
-110013.503  1010.818    59.08  110.78
-109639.378  1045.006    91.37   94.50
-109265.162  1056.709    31.27   62.20
-108890.855  1033.533   -61.91   64.24
-108516.457   987.717  -122.36   62.87
-108141.967   934.238  -142.79   55.51
-107767.386   885.754  -129.43   62.76
-107392.714   823.758  -165.46   88.83
-107017.950   765.154  -156.36   79.27
-106643.094   739.132   -69.41   61.82
-106268.146   764.483    67.61   99.26
-105893.107   835.488   189.31  121.49
-105517.976   893.792   155.41   90.30
-105142.753   909.247    41.19   71.52
-104767.439   841.254  -181.15  107.85
-104392.032   759.641  -217.38   87.07
-104016.533   742.781   -44.90   81.25
-103640.942   742.436    -0.92   97.64
-103265.258   742.908     1.26  101.97
-102889.483   737.570   -14.21   96.48
-102513.615   699.817  -100.44   83.89
-102137.654   660.078  -105.69   57.34
-101761.601   633.302   -71.20   42.91
-101385.456   602.808   -81.07   39.03
-101009.218   570.372   -86.21   42.49
-100632.887   536.175   -90.86   46.81
-100256.463   506.386   -79.13   35.60
 -99879.947   484.265   -58.75   21.38
 -99503.338   473.799   -27.79   13.47
 -99126.635   470.988    -7.46   20.80
 -98749.840   470.087    -2.39   27.51
 -98372.952   468.660    -3.78   30.94
 -97995.970   462.015   -17.63   29.47
 -97618.895   455.353   -17.67   28.71
 -97241.727   450.150   -13.79   27.15
 -96864.466   445.414   -12.55   26.99
 -96487.111   436.979   -22.35   26.86
 -96109.662   433.451    -9.34   28.08
 -95732.120   435.456     5.31   27.13
 -95354.485   430.112   -14.15   23.08
 -94976.755   423.624   -17.17   23.61
 -94598.932   415.988   -20.21   25.25
 -94221.015   405.240   -28.44   27.45
 -93843.004   390.952   -37.79   25.37
 -93464.899   375.458   -40.98   18.78
 -93086.700   369.114   -16.77   19.31
 -92708.407   363.887   -13.82   23.73
 -92330.019   359.168   -12.47   26.10
 -91951.538   350.213   -23.66   22.84
 -91572.962   345.222   -13.18   19.91
 -91194.291   341.586    -9.60   18.87
 -90815.526   336.324   -13.89   17.10
 -90436.667   330.015   -16.65   12.56
 -90057.713   324.245   -15.23    7.71
 -89678.664   321.422    -7.45    8.14
 -89299.520   329.340    20.88   25.69
 -88920.282   353.506    63.72   44.94
 -88540.949   386.710    87.53   48.01
 -88161.520   430.050   114.22   47.45
 -87781.997   464.574    90.96   46.91
 -87402.379   511.097   122.55   59.12
 -87022.665   561.366   132.38   76.95
 -86642.856   608.366   123.74   81.01
 -86262.952   629.023    54.37   71.81
 -85882.952   641.043    31.63   66.84
 -85502.857   644.827     9.96   59.22
 -85122.667   658.673    36.42   52.19
 -84742.380   668.537    25.94   52.28
 -84361.999   665.641    -7.61   54.49
 -83981.521   661.327   -11.34   44.19
 -83600.947   647.857   -35.39   33.26
 -83220.278   622.411   -66.84   51.73
 -82839.513   598.006   -64.09   56.76
 -82458.651   568.375   -77.80   56.66
 -82077.694   539.417   -76.01   61.30
 -81696.640   508.661   -80.71   62.60
 -81315.490   487.318   -55.99   56.94
 -80934.244   457.070   -79.34   41.35
 -80552.901   441.413   -41.06   34.69
 -80171.462   437.829    -9.40   37.73
 -79789.926   465.245    71.85   73.51
 -79408.294   507.651   111.11   93.28
 -79026.565   544.121    95.53   95.08
 -78644.739   548.642    11.84   86.01
 -78262.817   508.032  -106.32   83.74
 -77880.797   458.685  -129.17   73.34
 -77498.681   431.234   -71.84   46.85
 -77131.592   444.619    36.46   62.61
 -76767.606   493.651   134.70   77.78
 -76403.534   537.298   119.88   59.49
 -76039.377   556.738    53.38   46.05
 -75675.133   547.156   -26.30   60.70
 -75310.803   528.251   -51.89   63.16
 -74946.387   512.473   -43.30   48.55
 -74581.885   512.749     0.76   38.71
 -74217.296   516.330     9.82   33.56
 -73852.621   505.024   -31.00   38.32
 -73487.860   492.802   -33.50   40.85
 -73123.013   481.641   -30.59   35.35
 -72758.078   480.156    -4.07   33.49
 -72393.058   477.131    -8.29   33.93
 -72027.950   461.488   -42.84   42.71
 -71662.756   434.318   -74.39   50.53
 -71297.475   406.487   -76.19   41.11
 -70932.107   383.767   -62.18   29.28
 -70566.653   367.061   -45.71   23.59
 -70201.111   355.108   -32.70   22.49
 -69835.483   350.818   -11.73   23.91
 -69469.767   346.988   -10.47   28.39
 -69103.964   344.131    -7.81   29.65
 -68738.075   347.836    10.13   29.42
 -68372.097   365.894    49.34   39.34
 -68006.033   400.076    93.37   57.70
 -67639.881   433.309    90.76   52.98
 -67273.642   448.537    41.58   40.60
 -66907.315   448.130    -1.11   42.80
 -66540.900   439.855   -22.58   46.92
 -66174.398   443.723    10.55   49.11
 -65807.809   453.402    26.40   46.71
 -65441.131   459.570    16.82   37.23
 -65074.366   445.360   -38.74   36.33
 -64707.512   427.595   -48.42   34.67
 -64340.571   411.643   -43.47   32.77
 -63973.542   407.330   -11.75   38.76
 -63606.425   407.751     1.15   44.22
 -63239.220   407.085    -1.81   42.16
 -62871.926   397.932   -24.92   35.44
 -62504.544   393.006   -13.41   36.22
 -62137.074   396.908    10.62   44.10
 -61769.515   414.303    47.33   57.52
 -61401.868   427.625    36.23   54.91
 -61034.133   426.763    -2.34   48.42
 -60666.309   399.629   -73.77   61.95
 -60298.396   359.452  -109.20   62.66
 -59930.395   319.853  -107.60   43.22
 -59562.304   302.590   -46.90   40.76
 -59194.125   289.343   -35.98   44.36
 -58825.858   270.567   -50.98   48.82
 -58457.501   259.711   -29.47   45.52
 -58089.055   246.738   -35.21   37.30
 -57720.520   247.786     2.84   47.81
 -57351.895   254.540    18.32   62.71
 -56983.182   263.041    23.06   67.57
 -56614.379   263.333     0.79   62.52
 -56245.487   264.493     3.14   51.06
 -55876.506   259.839   -12.61   35.66
 -55507.435   252.103   -20.96   25.26
 -55138.275   235.971   -43.70   30.04
 -54769.024   222.245   -37.17   27.49
 -54399.685   224.408     5.86   35.21
 -54030.255   241.593    46.52   48.50
 -53660.736   264.757    62.68   51.37
 -53291.127   283.251    50.04   56.57
 -52921.428   286.309     8.27   65.11
 -52551.639   277.184   -24.68   64.69
 -52181.759   265.409   -31.83   50.60
 -51811.790   260.737   -12.63   34.17
 -51441.731   264.181     9.31   29.79
 -51071.581   279.023    40.10   41.09
 -50701.341   301.183    59.85   50.82
 -50331.010   326.892    69.42   52.25
 -49960.590   355.701    77.77   50.76
 -49590.078   381.339    69.20   46.15
 -49219.476   406.456    67.77   47.97
 -48848.783   438.339    86.01   53.64
 -48478.000   467.979    79.94   64.39
 -48107.126   496.105    75.83   63.35
 -47736.161   507.646    31.11   51.87
 -47365.105   503.911   -10.07   48.22
 -46993.958   498.251   -15.25   49.98
 -46622.720   493.667   -12.35   44.93
 -46251.391   493.756     0.24   36.52
 -45879.970   498.874    13.78   35.22
 -45508.459   501.632     7.42   33.72
 -45136.856   486.118   -41.75   43.20
 -44765.162   468.324   -47.87   52.25
 -44393.376   435.369   -88.64   49.83
 -44021.499   406.734   -77.00   32.77
 -43649.530   393.024   -36.86   33.23
 -43277.469   395.562     6.82   41.40
 -42905.317   401.346    15.54   43.70
 -42533.073   389.058   -33.01   44.18
 -42160.737   369.042   -53.76   52.04
 -41788.310   341.891   -72.90   48.64
 -41415.790   327.444   -38.78   30.22
 -41043.178   334.159    18.02   33.94
 -40670.474   362.643    76.42   40.92
 -40297.678   393.438    82.60   47.07
 -39924.789   420.519    72.62   51.16
 -39551.809   442.216    58.17   49.28
 -39178.736   455.261    34.96   42.10
 -38805.570   453.588    -4.48   42.74
 -38432.312   438.670   -39.97   56.74
 -38058.961   435.962    -7.25   61.14
 -37685.518   446.506    28.23   69.08
 -37311.981   472.278    68.99   68.04
 -36938.352   484.514    32.75   59.30
 -36564.630   460.551   -64.12   73.06
 -36190.816   409.802  -135.76   71.00
 -35816.908   363.593  -123.58   41.53
 -35442.907   358.145   -14.57   54.08
 -35068.813   366.693    22.85   62.05
 -34694.626   382.363    41.88   58.33
 -34320.345   393.436    29.58   45.00
 -33945.971   407.510    37.60   31.15
 -33571.504   410.988     9.29   24.78
 -33196.943   403.330   -20.44   35.27
 -32822.288   382.734   -54.97   47.99
 -32447.540   359.546   -61.88   50.57
 -32072.698   345.767   -36.76   56.36
 -31697.763   340.541   -13.94   57.84
 -31322.733   351.348    28.82   51.65
 -30947.610   360.600    24.66   46.55
 -30572.393   368.704    21.60   39.69
 -30197.081   383.374    39.09   40.02
 -29821.676   386.289     7.76   42.06
 -29446.176   373.892   -33.01   54.95
 -29070.582   353.945   -53.11   64.16
 -28694.893   315.897  -101.27   49.86
 -28319.111   292.092   -63.35   38.63
 -27943.233   270.694   -56.93   39.80
 -27567.262   245.710   -66.45   40.22
 -27191.195   226.691   -50.57   36.75
 -26815.034   216.431   -27.28   30.45
 -26438.778   226.112    25.73   42.89
 -26062.428   253.059    71.60   59.44
 -25685.982   286.823    89.69   66.54
 -25309.441   317.115    80.45   67.49
 -24932.806   344.480    72.65   58.77
 -24556.075   359.642    40.25   40.71
 -24179.249   352.286   -19.52   41.46
 -23802.328   328.497   -63.11   52.55
 -23425.311   303.427   -66.50   50.12
 -23048.199   288.240   -40.27   49.05
 -22670.992   273.622   -38.75   48.49
 -22293.689   255.506   -48.01   42.66
 -21916.290   234.740   -55.02   38.90
 -21538.796   213.693   -55.75   38.02
 -21161.206   201.006   -33.60   42.68
 -20783.520   185.392   -41.34   45.30
 -20405.738   168.400   -44.98   49.73
 -20027.860   147.470   -55.39   47.32
 -19649.886   131.745   -41.60   33.65
 -19271.817   125.959   -15.30   32.79
 -18893.650   142.858    44.69   50.47
 -18515.388   163.015    53.29   58.00
 -18137.029   171.162    21.53   59.71
 -17758.574   165.848   -14.04   52.18
 -17380.022   167.944     5.54   44.91
 -17001.374   169.180     3.26   45.98
 -16622.629   169.300     0.32   47.37
 -16243.787   159.428   -26.06   45.74
 -15864.849   141.355   -47.69   44.70
 -15485.814   109.188   -84.86   47.92
 -15106.681    75.816   -88.02   46.16
 -14727.452    52.971   -60.24   33.38
 -14348.126    63.811    28.58   49.79
 -13968.702    99.414    93.83   61.53
 -13589.182   134.155    91.54   49.98
 -13209.564   158.909    65.21   26.60
 -12829.848   160.790     4.95   24.75
 -12450.036   159.429    -3.58   26.76
 -12070.125   145.712   -36.11   35.19
 -11690.117   128.488   -45.33   43.17
 -11310.012   110.399   -47.59   38.92
 -10929.808    96.833   -35.68   28.06
 -10549.507    96.093    -1.95   20.38
 -10169.108   101.585    14.44   21.69
  -9788.611   111.830    26.93   21.59
  -9408.016   120.795    23.55   22.15
  -9027.323   130.050    24.31   21.69
  -8646.532   140.684    27.93   16.87
  -8265.642   146.501    15.27   11.75
  -7884.654   150.091     9.42   10.99
  -7503.568   148.645    -3.79   14.89
  -7122.383   144.758   -10.20   17.55
  -6741.099   139.574   -13.60   18.81
  -6359.717   131.792   -20.40   18.90
  -5978.236   123.567   -21.56   18.11
  -5596.656   115.256   -21.78   17.17
  -5214.978   107.988   -19.04   13.92
  -4833.200   101.962   -15.79   11.91
  -4451.324    95.945   -15.76   10.93
  -4069.348    89.348   -17.27    9.74
  -3687.274    83.869   -14.34    8.31
  -3305.099    76.682   -18.80    9.80
  -2922.826    69.182   -19.62   14.09
  -2548.234    59.231   -26.56   20.08
  -2184.492    44.232   -41.24   25.65
  -1820.663    30.395   -38.03   25.60
  -1456.746    17.024   -36.74   21.18
  -1092.741     6.607   -28.62   13.11
   -728.649     0.927   -15.60    3.56
   -364.468    -0.003    -2.55    0.00
     -0.200    -0.003     0.00    0.00
    364.156     1.599     4.40   13.96
    728.600    43.178   114.09   95.14
   1093.133   102.771   163.48  125.09
   1457.753   169.062   181.81  116.71
   1822.462   213.180   120.97   77.32
   2187.259   229.256    44.07   27.99
   2552.145   211.519   -48.61   23.23
   2917.119   197.972   -37.12   21.13
   3282.181   184.015   -38.23   26.44
   3647.332   164.336   -53.89   31.63
   4012.572   147.781   -45.33   31.11
   4377.900   129.162   -50.97   27.13
   4743.318   121.073   -22.14   19.02
   5108.824   128.162    19.39   25.91
   5474.418   150.023    59.80   37.92
   5840.102   175.336    69.22   36.47
   6205.875   198.720    63.93   21.50
   6571.737   207.333    23.54   13.65
   6937.688   209.359     5.54    9.84
   7303.728   206.034    -9.08    7.46
   7669.858   207.359     3.62    9.06
   8036.077   213.101    15.68   15.57
   8402.385   219.336    17.02   18.30
   8768.783   224.264    13.45   17.65
   9135.270   230.173    16.12   12.82
   9501.847   229.693    -1.31   13.27
   9868.513   230.362     1.83   13.78
  10235.270   231.400     2.83   13.37
  10602.116   235.632    11.53    8.94
  10969.052   239.452    10.41    5.74
  11336.078   239.523     0.19    5.80
  11703.194   238.336    -3.23    7.44
  12070.400   237.942    -1.07    8.00
  12437.696   240.903     8.06    8.28
  12805.082   241.153     0.68    9.52
  13172.559   238.900    -6.13   13.30
  13540.126   235.057   -10.45   17.77
  13907.783   227.795   -19.75   22.46
  14275.531   220.962   -18.58   23.94
  14643.369   211.883   -24.68   24.26
  15011.298   195.395   -44.81   28.33
  15379.318   176.594   -51.09   32.60
  15747.428   158.193   -49.99   34.63
  16115.629   140.342   -48.48   33.73
  16483.921   121.946   -49.95   36.50
  16852.304   104.402   -47.62   41.11
  17220.778    78.506   -70.28   40.39
  17589.343    60.351   -49.26   31.65
  17957.999    55.484   -13.20   31.35
  18326.747    72.700    46.69   46.30
  18695.585   104.151    85.27   54.57
  19064.515   140.743    99.18   45.37
  19433.537   165.749    67.76   19.92
  19802.649   171.057    14.38    9.73
  20171.854   165.294   -15.61   15.46
  20541.150   151.015   -38.66   21.64
  20910.537   140.638   -28.09   19.86
  21280.017   138.432    -5.97   18.79
  21649.588   142.563    11.18   17.61
  22019.251   148.695    16.59   12.56
  22389.006   146.978    -4.64   13.89
  22758.853   141.732   -14.19   14.61
  23128.793   145.849    11.13   19.50
  23498.824   159.031    35.63   25.87
  23868.947   175.672    44.96   24.24
  24239.163   191.370    42.40   14.90
  24609.472   199.768    22.68   13.06
  24979.872   205.664    15.92    7.49
  25350.365   202.523    -8.48    9.75
  25720.951   194.664   -21.21   13.98
  26091.629   181.824   -34.64   19.26
  26462.401   168.799   -35.13   21.33
  26833.264   155.125   -36.87   24.22
  27204.221   140.658   -39.00   27.43
  27575.271   124.709   -42.98   31.25
  27946.413   106.861   -48.09   36.24
  28317.649    87.604   -51.87   32.13
  28688.978    81.023   -17.72   26.90
  29060.400    92.616    31.21   31.79
  29431.915   113.770    56.94   37.13
  29803.524   138.515    66.59   29.48
  30175.226   153.698    40.85   19.66
  30547.021   164.988    30.37   18.39
  30918.910   177.169    32.76   19.78
  31290.893   189.344    32.73   21.08
  31662.969   199.051    26.09   14.41
  32035.139   193.176   -15.79   23.21
  32407.403   172.945   -54.35   39.67
  32779.761   142.402   -82.03   41.03
  33152.213   125.302   -45.91   30.08
  33524.758   127.238     5.20   38.87
  33897.398   157.141    80.25   50.62
  34270.132   186.427    78.57   36.60
  34642.961   203.885    46.83   18.25
  35015.883   206.081     5.89   13.76
  35388.900   206.701     1.66   10.49
  35762.012   210.399     9.91   11.88
  36135.218   216.675    16.82   13.36
  36508.519   223.842    19.20   12.32
  36881.914   227.450     9.66   10.78
  37255.404   225.771    -4.50   12.87
  37628.989   223.047    -7.29   15.62
  38002.669   221.670    -3.69   16.50
  38376.444   219.930    -4.66   13.78
  38750.314   217.531    -6.41   10.73
  39124.279   212.587   -13.22   10.00
  39498.339   210.419    -5.79   11.27
  39872.494   209.751    -1.79   13.39
  40246.745   212.412     7.11   14.24
  40621.091   219.762    19.63   13.20
  40995.533   230.897    29.74   16.40
  41370.070   239.458    22.86   14.94
  41744.703   247.788    22.23   11.75
  42119.431   254.014    16.61    9.65
  42494.256   254.625     1.63   10.88
  42869.176   241.305   -35.53   22.83
  43244.192   222.766   -49.43   31.76
  43619.304   192.390   -80.98   33.70
  43994.512   181.412   -29.26   28.60
  44369.816   194.945    36.06   47.87
  44745.217   232.383    99.73   56.62
  45120.713   271.988   105.48   40.99
  45496.306   298.395    70.31   18.78
  45871.996   303.031    12.34   14.01
  46247.782   294.743   -22.06   19.30
  46623.664   280.065   -39.05   25.51
  46999.643   263.879   -43.05   24.40
  47375.719   249.661   -37.81   21.93
  47751.892   237.567   -32.15   20.76
  48128.162   224.988   -33.43   23.62
  48504.528   208.666   -43.37   27.78
  48880.992   191.256   -46.25   25.20
  49257.552   177.064   -37.69   24.56
  49634.210   162.388   -38.97   24.79
  50010.965   145.064   -45.98   26.25
  50387.818   136.181   -23.57   22.15
  50764.768   157.988    57.85   48.32
  51141.815   198.852   108.38   71.90
  51518.960   258.234   157.46   69.18
  51896.202   302.197   116.54   44.31
  52273.542   327.397    66.79   22.95
  52650.980   329.417     5.35   16.15
  53028.516   321.669   -20.52   17.97
  53406.149   303.039   -49.34   31.25
  53783.881   280.313   -60.17   36.92
  54161.711   258.616   -57.43   34.94
  54539.639   244.872   -36.37   38.66
  54917.665   226.370   -48.95   53.05
  55295.789   196.459   -79.10   63.37
  55674.012   170.894   -67.59   53.28
  56052.333   151.862   -50.31   33.30
  56430.753   142.260   -25.38   21.70
  56809.271   141.936    -0.85   18.27
  57187.888   155.274    35.23   26.60
  57566.604   174.051    49.58   34.34
  57945.419   192.249    48.04   33.02
  58324.332   206.273    37.01   32.30
  58703.345   214.097    20.64   31.06
  59082.456   223.852    25.73   31.04
  59461.667   239.458    41.16   30.06
  59840.977   250.552    29.25   27.63
  60220.386   259.437    23.42   27.05
  60599.895   259.308    -0.34   23.75
  60979.503   262.758     9.09   20.82
  61359.211   269.624    18.08   20.32
  61739.018   279.758    26.68   19.73
  62118.925   289.895    26.69   13.50
  62498.932   294.251    11.46    8.80
  62879.038   290.760    -9.19   10.07
  63259.245   280.468   -27.07   14.76
  63639.551   265.944   -38.19   16.85
  64019.958   251.753   -37.31   16.53
  64400.464   240.528   -29.50   11.83
  64781.071   235.199   -14.00    9.64
  65161.779   236.110     2.39   10.84
  65542.586   243.149    18.49   15.92
  65923.494   255.325    31.96   19.84
  66304.503   272.031    43.85   20.12
  66685.612   285.175    34.49   17.64
  67066.822   295.818    27.92   11.86
  67448.133   295.261    -1.46   16.80
  67829.545   289.096   -16.17   22.74
  68211.057   284.272   -12.65   25.92
  68592.671   280.532    -9.80   25.25
  68974.385   269.294   -29.44   25.33
  69356.201   253.703   -40.83   28.14
  69738.118   229.488   -63.40   26.32
  70120.137   209.647   -51.94   20.77
  70502.257   196.122   -35.40   12.73
  70884.478   192.691    -8.98   11.05
  71266.801   193.188     1.30   12.80
  71649.226   193.205     0.05   13.03
  72031.752   190.032    -8.30   12.98
  72395.386   182.336   -21.17   13.08
  72758.975   172.175   -27.95   14.18
  73122.653   161.776   -28.60   11.94
  73486.421   154.299   -20.55   10.82
  73850.278   150.389   -10.75   11.87
  74214.225   148.725    -4.57   13.69
  74578.261   150.451     4.74   15.14
  74942.387   150.215    -0.65   15.72
  75306.602   149.307    -2.50   16.09
  75670.908   152.930     9.95   17.39
  76035.303   159.701    18.58   18.30
  76399.788   161.938     6.14   15.93
  76764.363   164.297     6.47   13.22
  77129.029   164.216    -0.22   11.15
  77493.784   161.347    -7.87    9.28
  77858.630   163.847     6.85   14.09
  78223.565   170.243    17.53   19.62
  78588.591   190.505    55.51   34.53
  78953.708   220.812    83.01   45.23
  79318.915   257.563   100.64   51.22
  79684.212   288.539    84.80   53.65
  80049.601   311.049    61.61   53.60
  80415.079   328.812    48.60   57.50
  80780.649   341.539    34.81   54.09
  81146.309   352.865    30.98   41.04
  81512.060   341.397   -31.36   44.73
  81877.902   321.931   -53.21   55.94
  82243.835   295.409   -72.48   54.68
  82609.859   273.115   -60.91   35.97
  82975.975   268.140   -13.59   21.92
  83342.181   283.840    42.88   31.31
  83708.479   317.116    90.85   48.07
  84074.868   357.006   108.88   54.55
  84441.348   397.314   109.99   48.11
  84807.920   423.555    71.59   29.99
  85174.584   430.629    19.29   20.15
  85541.339   404.732   -70.61   44.91
  85908.186   370.073   -94.49   54.24
  86275.124   329.753  -109.88   45.36
  86642.154   309.559   -55.02   28.15
  87009.277   317.416    21.40   39.62
  87376.491   344.912    74.88   50.69
  87743.797   367.840    62.42   48.70
  88111.195   378.366    28.65   50.68
  88478.686   351.829   -72.22   63.11
  88846.269   311.597  -109.46   70.58
  89213.944   261.861  -135.28   63.17
  89581.711   225.314   -99.38   45.34
  89949.571   206.123   -52.17   17.12
  90317.523   211.434    14.43   20.32
  90685.568   230.653    52.22   28.50
  91053.706   259.588    78.60   32.38
  91421.936   291.480    86.61   42.15
  91790.259   316.896    69.01   41.75
  92158.675   341.039    65.54   42.42
  92527.184   359.253    49.43   42.08
  92895.786   373.768    39.38   32.30
  93264.481   368.547   -14.16   31.80
  93633.270   345.535   -62.40   45.33
  94002.151   310.736   -94.34   45.91
  94371.126   282.683   -76.03   32.88
  94740.194   280.804    -5.09   31.08
  95109.355   305.972    68.18   50.57
  95478.610   339.947    92.02   48.09
  95847.959   369.626    80.36   23.83
  96217.401   374.261    12.55   17.01
  96586.937   361.832   -33.64   27.79
  96956.566   334.790   -73.16   38.36
  97326.290   309.964   -67.15   36.98
  97696.107   294.277   -42.42   22.75
  98066.019   296.878     7.03   20.61
  98436.025   312.647    42.62   26.59
  98806.124   330.883    49.28   27.57
  99176.318   348.705    48.15   28.57
  99546.606   360.375    31.52   24.10
  99916.989   366.878    17.56   17.22
 100287.466   362.906   -10.72   15.88
 100658.037   356.544   -17.17   14.79
 101028.704   348.790   -20.92   13.60
 101399.464   342.664   -16.53   11.61
 101770.320   336.057   -17.81   12.38
 102141.270   329.792   -16.89   12.49
 102512.315   327.869    -5.18   12.18
 102883.455   333.129    14.17   16.35
 103254.690   339.237    16.45   15.39
 103626.020   342.418     8.57   12.58
 103997.446   324.666   -47.80   31.37
 104368.966   293.358   -84.27   45.75
 104740.582   249.770  -117.30   48.67
 105112.294   224.572   -67.79   31.53
 105484.100   218.278   -16.93   21.71
 105856.002   229.270    29.56   24.57
 106228.000   245.762    44.34   22.45
 106600.094   259.383    36.61   21.86
 106972.283   278.743    52.02   33.03
 107344.568   303.374    66.17   40.04
 107716.949   336.655    89.38   43.36
 108089.426   370.180    90.01   42.14
 108461.999   395.594    68.21   32.24
 108834.668   405.122    25.57   22.09
 109207.433   392.893   -32.81   37.47
 109580.295   364.245   -76.84   51.71
 109953.253   331.755   -87.12   50.94
 110326.307   297.743   -91.18   40.07
 110699.458   274.534   -62.20   27.91
 111072.705   262.447   -32.38   25.89
 111446.049   267.005    12.21   47.69
 111819.490   269.289     6.11   61.10
 112193.028   268.472    -2.19   69.64
 112566.662   251.579   -45.22   69.97
 112940.393   228.523   -61.69   64.12
 113314.222   200.907   -73.88   46.31
 113688.147   182.914   -48.12   30.15
 114062.170   176.624   -16.82   24.87
 114436.290   184.218    20.30   39.03
 114810.507   212.672    76.04   65.10
 115184.821   230.039    46.40   66.11
 115559.233   236.325    16.79   59.49
 115933.743   237.711     3.70   48.16
 116308.350   240.046     6.23   38.38
 116683.055   248.479    22.51   43.97
 117057.858   266.891    49.13   40.98
 117432.758   283.131    43.32   38.13
 117807.757   298.497    40.98   33.24
 118182.853   314.842    43.58   29.27
 118558.048   330.971    42.99   23.93
 118933.340   339.395    22.45   15.89
 119308.731   337.430    -5.23   16.07
 119684.221   328.047   -24.99   16.51
 120059.808   319.039   -23.99   14.34
 120435.494   307.527   -30.64   13.64
 120811.279   294.013   -35.96   19.91
 121187.162   277.226   -44.66   22.72
 121563.144   263.237   -37.21   19.32
 121939.225   256.759   -17.22   16.31
 122315.405   253.539    -8.56   15.29
 122691.683   252.867    -1.79   13.62
 123068.061   248.342   -12.02   11.73
 123444.537   236.874   -30.46   15.14
 123821.113   223.697   -34.99   17.50
 124197.788   207.139   -43.96   18.01
 124574.562   190.344   -44.58   19.33
 124951.436   173.545   -44.58   18.95
 125328.409   157.226   -43.29   17.80
 125705.482   147.404   -26.05   11.71
 126082.655   145.554    -4.90   10.95
 126459.927   150.071    11.97   14.94
 126837.299   157.836    20.58   17.55
 127214.770   161.940    10.87   18.64
 127592.342   162.786     2.24   16.79
 127970.014   161.281    -3.99   14.66
 128347.786   159.639    -4.35   11.32
 128725.658   158.030    -4.26    8.14
 129103.630   156.849    -3.12    9.10
 129481.703   156.588    -0.69   11.21
 129859.876   157.094     1.34   12.14
 130238.150   158.243     3.04   11.13
 130616.524   159.233     2.62    8.15
 130994.999   157.509    -4.55    7.89
 131373.574   151.030   -17.12   12.21
 131752.251   142.574   -22.33   16.09
 132131.028   131.111   -30.27   16.58
 132509.907   122.314   -23.22   12.71
 132888.886   116.289   -15.90    9.28
 133267.967   110.633   -14.92    8.61
 133647.148   109.680    -2.51    9.13
 134026.432   109.896     0.57    9.57
