# NaN NaN NaN ;Mean Elev.(m), Avg Gradient(m/km), RMS Gradient(m/km) - SRTM1     
#   11.000  -1.813  16.314 ;Mean Elev.(m), Avg Gradient(m/km), RMS Gradient(m/km) - ASTER GDEM
#   17.916   1.078  14.246 ;Mean Elev.(m), Avg Gradient(m/km), RMS Gradient(m/km) - GMTED2010 
  7 123.885730  68.454629    21.518    21.434  8 52477.51079307 19.533
  8 123.895758  68.466944    19.433    19.563  9 52512.51073798 26.623
  9 123.884589  68.447993    18.328    18.348  9 52547.51077294 40.356
 10 123.887106  68.457427    18.673    18.859  8 52582.51078224 24.842
 11 123.892226  68.461871    23.703    23.781  9 52617.51075567 15.357
 12 123.889009  68.457588    23.050    22.988  9 52652.51072975 13.808
 13 123.894437  68.463762    22.795    23.208  9 52687.51072823 11.333
 14 123.886452  68.457123    29.770    25.604  9 52722.51077451 10.514
 15 123.887514  68.456969    61.723    61.561  6 52757.51079657  2.333
 16 123.882792  68.450073    20.018    19.997  9 52792.51074717 28.698
 17 123.884542  68.452894    21.340    21.280  9 52827.51081580 25.658
 18 123.886093  68.455503    21.662    21.772  9 52862.51086142 20.400
 19 123.888835  68.459218    21.785    21.883  9 52897.51089175 20.898
 20 123.893455  68.463681    16.989    16.956  9 52932.51083875 46.575
 21 123.885182  68.451114    23.889    23.852  9 52967.51084122 16.160
 22 123.886726  68.454733    24.074    24.016  9 53002.51086715 11.384
 23 123.891728  68.463540    23.073    22.943 10 53037.51081772  9.814
 24 123.880522  68.463196    57.303    55.942  4 53072.51084331  1.091
 25 123.891113  68.467667    58.968    58.531  8 53107.51081913  2.052
 26 123.885179  68.453083    21.236    21.480  9 53142.51085029  7.295
 27 123.888382  68.457457    26.052    25.936  9 53177.51087467 26.124
 28 123.887007  68.457632    22.090    22.226  9 53212.51089486 19.784
 29 123.893134  68.461771    23.805    22.324  9 53247.51086423 18.333
 30 123.885053  68.445601    19.486    19.480  9 53282.51085098 53.345
 31 123.887569  68.456058    21.848    21.845  9 53317.51085580 17.669
 32 123.893695  68.464104    22.617    22.663  9 53352.51082279 13.055
 33 123.885615  68.446787    24.679    24.719  9 53387.51081255 10.576
 34 123.889352  68.463371    23.910    23.893  9 53422.51081665  9.928
 35 123.891257  68.445607    69.178    69.178  2 53457.51081880  0.943
 37 123.889225  68.460634    74.448    75.225  9 53527.51088658  4.397
 38 123.888497  68.457039    23.335    23.302  9 53562.51091513 18.648
 39 123.893787  68.464823    23.197    23.005 10 53597.51085616 18.384
 40 123.885981  68.441935    22.134    21.642  9 53632.51084759 19.399
 41 123.885217  68.454649    16.227    16.174  9 53667.51087215 43.006
 42 123.890265  68.464473    20.047    19.959  9 53702.51081953 17.050
 43 123.899702  68.470926    25.760    23.216 10 53737.51073019 12.469
 47 123.886815  68.455809    16.936    16.916  9 53877.51079552 42.689
 48 123.883396  68.453357    27.489    27.318  9 53912.51084686 13.733
 49 123.886510  68.455020    19.162    19.144  8 53947.51086220 45.409
 50 123.890929  68.463473    23.902    24.120  9 53982.51080603 16.775
 51 123.884714  68.450442    20.990    20.935  9 54017.51083109 32.221
 52 123.890692  68.460525    21.680    21.429  9 54052.51082805 18.000
 53 123.890185  68.462811    22.447    22.309  9 54087.51082034 15.369
 54 123.899264  68.470528    25.535    23.733 10 54122.51074524 11.034
 55 123.887460  68.457717    24.864    24.902  8 54157.51078147 10.129
 56 123.896529  68.466730    24.248    24.330  9 54192.51074402  8.536
 57 123.875428  68.465018    28.786    28.786  2 54227.51079498  6.142
 58 123.886621  68.457325    29.545    29.547  8 54262.51081240 52.396
 59 123.889015  68.459834    22.853    22.555  8 54297.51081753 24.936
 60 123.890173  68.463468    21.882    21.949  9 54332.51080842 23.461
 61 123.893850  68.467151    22.121    22.186  9 54367.51075006 25.179
 62 123.889900  68.459370    16.714    16.666  9 54402.51075057 45.187
 63 123.893040  68.463004    20.836    20.283  9 54437.51070825 11.611
 64 123.887508  68.454692    24.213    24.004  9 54472.51073505  9.396
 65 123.893940  68.466207    61.108    60.927 10 54507.51072010  1.405
 66 123.887997  68.460073    71.694    72.001  4 54542.51075056  0.578
 68 123.889009  68.459223    27.422    27.398  9 54612.51074142 33.871
 69 123.887685  68.458303    25.938    24.647  8 54647.51074823 15.656
 70 123.889509  68.461083    21.367    21.484  9 54682.51074937 19.681
 71 123.894433  68.467045    24.632    23.121  9 54717.51069827 16.900
 72 123.886262  68.455176    18.956    18.974  8 54752.51072059 26.900
 73 123.893742  68.462652    19.570    18.636  9 54787.51068767 17.476
 74 123.886491  68.454296    22.962    22.781  9 54822.51071481 13.922
 75 123.891231  68.465152    21.945    21.412  9 54857.51068421 11.609
 76 123.888181  68.460285    23.275    23.113  9 54892.51071850 10.305
 77 123.895536  68.465468    24.248    21.958  9 54927.51068226  8.990
 78 123.886670  68.456184    18.110    17.660  9 54962.51071721 28.333
 79 123.888092  68.457274    29.262    27.919  9 54997.51073817 15.942
 80 123.888181  68.459398    21.050    21.061  8 55032.51072807 51.758
 81 123.891021  68.463101    22.291    22.426  9 55067.51071735 17.718
 82 123.894264  68.467267    24.388    23.633  9 55102.51065735 18.293
 83 123.885656  68.457943    16.548    16.586  9 55137.51066294 46.078
 84 123.894449  68.463526    18.497    17.960  9 55172.51062522 18.380
 85 123.886822  68.455080    22.817    22.731  8 55207.51065667 14.968
 86 123.893123  68.466778    21.340    21.153  9 55242.51063051 12.639
 87 123.890733  68.460210    22.714    23.261  9 55277.51065135 11.648
 88 123.893881  68.465551    17.245    18.121  9 55312.51061584 15.162
 89 123.889546  68.460694    29.624    29.622  8 55347.51062158 52.219
 90 123.888994  68.462817    22.857    22.822  9 55382.51061298 53.298
 91 123.885688  68.455762    21.080    21.217  9 55417.51063993 18.280
 92 123.892138  68.464152    24.395    22.774 10 55452.51062286 17.172
 93 123.896403  68.468485    16.185    16.087  9 55487.51054554 44.248
