# NaN NaN NaN ;Mean Elev.(m), Avg Gradient(m/km), RMS Gradient(m/km) - SRTM1     
#    5.256  -8.228  22.650 ;Mean Elev.(m), Avg Gradient(m/km), RMS Gradient(m/km) - ASTER GDEM
#   12.000  -7.838  22.293 ;Mean Elev.(m), Avg Gradient(m/km), RMS Gradient(m/km) - GMTED2010 
  7 126.050326  70.242407    18.070    17.484  9 52469.13490588 16.909
  8 126.050440  70.245138    12.985    13.235  9 52504.13489198 19.446
  9 126.054774  70.226863    11.051    11.251 15 52539.13487869 19.269
 10 126.048463  70.239008    10.494    10.538 11 52574.13491957 35.675
 11 126.051834  70.244420    44.579    44.866 10 52609.13487788 12.794
 12 126.042889  70.228772    42.853    43.267 17 52644.13487377 10.467
 13 126.049939  70.242160    44.804    45.060 10 52679.13485087  8.855
 15 126.048995  70.253330    43.421    43.723  8 52749.13491761  6.733
 16 126.042981  70.221117    14.086    14.317 17 52784.13486478 17.066
 18 126.035034  70.221895    10.946    11.002 13 52854.13499040 18.957
 20 126.040105  70.243625    48.875    49.017  4 52924.13497390  9.069
 21 126.046050  70.222630     7.495     7.499 18 52959.13494405 21.141
 22 126.040915  70.228349    23.876    25.036 17 52994.13497331 11.386
 23 126.051666  70.249032    13.815    10.040  9 53029.13493344  8.916
 24 126.041383  70.226354    32.376    32.965 17 53064.13494541  7.567
 25 126.049899  70.252303    34.881    37.485  8 53099.13495277  7.157
 26 126.044839  70.226118    31.067    33.157 17 53134.13494435  7.771
 28 126.049688  70.239079    23.384    22.896 12 53204.13501397 17.845
 29 126.053417  70.244906    16.998    13.649 10 53239.13498123 18.037
 30 126.061138  70.228275    18.245    13.291 14 53274.13494661 15.508
 31 126.054034  70.240922     9.846     9.817 11 53309.13499865 23.847
 32 126.052877  70.245758    11.701     8.933 10 53344.13496420 15.157
 33 126.056035  70.224360    13.044    11.139 16 53379.13491346 10.645
 34 126.040542  70.229998    41.387    42.552 16 53414.13494389  6.611
 35 126.056823  70.225853    26.234    28.578 16 53449.13493480  7.010
 37 126.048012  70.238519    38.344    37.368 11 53519.13501579 25.942
 38 126.051302  70.245422    13.367    13.360  9 53554.13503696 52.747
 39 126.053561  70.244635    20.974    21.849  9 53589.13498389 15.312
 40 126.046878  70.226785    14.966    15.115 10 53624.13496305 38.471
 41 126.042448  70.228624    10.920    11.086 17 53659.13498981 40.937
 42 126.051288  70.246232    10.598    10.848  9 53694.13496433 14.174
 43 126.050811  70.250576    10.663    10.854  8 53729.13488662 10.503
 44 126.046941  70.223619    15.887    10.918 18 53764.13485364  9.259
 45 126.052148  70.246955    35.127    32.884  9 53799.13485683  5.626
 46 126.051026  70.224972    39.465    39.482 16 53834.13485779  6.852
 47 126.043553  70.230489    12.714    12.785 17 53869.13492067 14.865
 48 126.041176  70.232840    31.170    33.116 11 53904.13495372 17.263
 49 126.052510  70.246026    13.562    13.393  9 53939.13498541 20.860
 50 126.050821  70.249812    13.008    13.076  8 53974.13494532 18.517
 52 126.043858  70.225573     8.632     8.641 18 54044.13496274 27.547
 53 126.050006  70.244914     8.052     8.032  9 54079.13495282 25.761
 54 126.049056  70.252725     8.073     8.092  8 54114.13488795 16.695
 56 126.049568  70.251357    35.613    41.327  8 54184.13487819  9.255
 57 126.043001  70.228809    40.129    40.371 17 54219.13491080  8.958
 58 126.048519  70.237507    36.037    37.109 13 54254.13493359 14.541
 59 126.050646  70.239581    25.970    25.507 12 54289.13493654 15.677
 60 126.051540  70.239939    18.873    19.220 12 54324.13493393 25.005
 61 126.049157  70.251042    42.635    42.408  6 54359.13488744 12.813
 62 126.040894  70.230182     8.010     8.015 16 54394.13487614 46.685
 63 126.051041  70.245157    41.063    41.085  9 54429.13483867  9.681
 64 126.041231  70.226289    34.872    38.251 17 54464.13485588  8.888
 65 126.051383  70.243807    37.932    39.765  9 54499.13484929  6.192
 66 126.041875  70.230954    38.940    41.683 17 54534.13486926  7.530
 67 126.050898  70.249899    41.731    41.536  8 54569.13485184  5.546
 68 126.040161  70.230178    28.213    34.701 16 54604.13486389 20.284
 69 126.050389  70.241802    33.246    35.161 11 54639.13487216 12.980
 70 126.053898  70.243717    17.343    19.209  9 54674.13487434 20.290
 71 126.045957  70.243577    48.182    49.255  7 54709.13483228 14.483
 72 126.040417  70.229792    40.126    45.815 17 54744.13484359 16.246
 73 126.051126  70.242331    12.299    12.293 11 54779.13481566 23.682
 74 126.045061  70.229180    10.625    10.724 17 54814.13483691 15.206
 75 126.051109  70.245210    11.377    11.437  9 54849.13481421 12.323
 76 126.042111  70.230920    10.959    10.928 17 54884.13484032  9.955
 77 126.048301  70.252063    22.062    12.707  8 54919.13481529  8.024
 78 126.041626  70.230067    12.368    12.280 17 54954.13483500 17.095
 79 126.045310  70.235757    33.546    32.712  9 54989.13485792 43.087
 80 126.051029  70.242385    12.353    12.478 11 55024.13484841 24.059
 81 126.050708  70.240960    18.168    14.260 12 55059.13484333 19.294
 82 126.050635  70.251678    13.326    13.470  8 55094.13479496 20.138
 83 126.040718  70.231027     9.032     9.029 17 55129.13478677 45.742
 84 126.058158  70.248084     8.450     7.498  8 55164.13475712 16.190
 85 126.042147  70.229640    18.877    11.321 17 55199.13477838 10.372
 87 126.045137  70.234456    24.273    22.991 15 55269.13477217  8.692
 88 126.051602  70.250989    14.820    11.529  8 55304.13474195  8.041
 89 126.044519  70.235551    39.810    39.263  9 55339.13474436 35.883
 90 126.051778  70.242634    13.351    13.349 11 55374.13473450 51.556
 91 126.041944  70.229346    27.877    29.548 17 55409.13475829 17.513
 92 126.040146  70.234375    46.755    48.187  8 55444.13475345 14.436
 93 126.048461  70.251429     8.033     8.069  8 55479.13468751 47.458
