# NaN NaN NaN ;Mean Elev.(m), Avg Gradient(m/km), RMS Gradient(m/km) - SRTM1     
#   15.481  -1.694   3.292 ;Mean Elev.(m), Avg Gradient(m/km), RMS Gradient(m/km) - ASTER GDEM
#   21.270  -1.524   7.053 ;Mean Elev.(m), Avg Gradient(m/km), RMS Gradient(m/km) - GMTED2010 
  8 123.901585  66.263861    37.267    36.931  8 52498.12774876 19.384
 10 123.910020  66.258185    33.368    33.376  8 52568.12776281 43.538
 11 123.899441  66.267777    34.651    35.102 10 52603.12775697 22.058
 12 123.909578  66.257443    33.735    33.659  7 52638.12773216 18.513
 13 123.900964  66.263635    34.197    33.699  8 52673.12773132 16.948
 14 123.910640  66.258966    34.378    34.079  8 52708.12773947 13.839
 15 123.901395  66.267962    36.114    35.931  9 52743.12776864  9.110
 17 123.910204  66.256977    38.569    38.375  8 52813.12779042 25.597
 18 123.911175  66.257689    37.543    37.454  8 52848.12784410 23.556
 19 123.902049  66.262603    36.843    36.814  8 52883.12787963 18.364
 20 123.900847  66.265430    37.285    37.578  8 52918.12783589 19.447
 21 123.919025  66.256474    33.770    33.212  7 52953.12779923 24.523
 22 123.910026  66.256506    36.518    36.703  8 52988.12781021 15.838
 23 123.902925  66.261132    36.034    35.949  8 53023.12779729 12.913
 24 123.912474  66.256749    35.944    35.747  7 53058.12779185 10.530
 25 123.897299  66.272701    36.986    37.039 10 53093.12782735  9.329
 26 123.914613  66.257728    34.802    35.293  7 53128.12780062 11.051
 28 123.904984  66.259825    38.154    38.102  9 53198.12786628 19.218
 29 123.904529  66.258600    37.011    37.225  8 53233.12784121 19.073
 30 123.894777  66.271169    36.189    36.021 10 53268.12780725 23.368
 31 123.902668  66.258973    34.026    34.014  8 53303.12786639 41.484
 32 123.902564  66.264510    35.173    34.963  8 53338.12783498 13.167
 35 123.897034  66.269730    36.298    36.360 10 53443.12779202  7.629
 36 123.904925  66.260454    36.069    35.998  8 53478.12786729  7.862
 37 123.903424  66.260185    41.793    41.789  8 53513.12787747 49.715
 38 123.900858  66.267244    38.252    38.050 10 53548.12789442 22.165
 39 123.900891  66.263017    37.816    37.824  8 53583.12786236 18.000
 40 123.895325  66.271515    37.185    37.178 10 53618.12781699 48.706
 41 123.906983  66.258244    33.967    33.954  8 53653.12784002 22.816
 43 123.900805  66.270523    33.323    32.937 10 53723.12776320 20.219
 44 123.917088  66.255362    33.137    33.061  7 53758.12770203 15.046
 45 123.902416  66.260615    33.190    33.303  8 53793.12772397 14.824
 46 123.917245  66.254890    34.094    34.222  7 53828.12769386 11.541
 47 123.906113  66.258920    34.392    34.382  8 53863.12777766  6.641
 48 123.905814  66.259004    40.142    39.852  8 53898.12780076 28.480
 49 123.900833  66.268669    38.046    38.230 10 53933.12784579 19.283
 50 123.900347  66.268450    37.154    37.135  9 53968.12781874 18.636
 51 123.918845  66.255453    38.154    38.138  6 54003.12778888 48.913
 52 123.908230  66.256805    34.313    34.268  8 54038.12782492 28.994
 53 123.902366  66.260346    34.575    34.363  8 54073.12781902 16.634
 54 123.896066  66.271484    36.144    36.571 10 54108.12776504 12.358
 55 123.908148  66.257833    35.543    35.380  9 54143.12775502  9.368
 56 123.901339  66.269727    36.460    36.435 10 54178.12774853  8.907
 57 123.906298  66.258837    35.855    35.441  8 54213.12776237  7.947
 58 123.903639  66.258445    43.169    43.172  8 54248.12779094 50.627
 60 123.903795  66.262076    37.380    37.394  8 54318.12779717 50.552
 61 123.900717  66.267565    38.249    38.138 10 54353.12776119 20.173
 62 123.904428  66.258406    34.193    34.248  8 54388.12773768 32.028
 63 123.901549  66.265704    32.902    33.034  9 54423.12771142 23.885
 64 123.911920  66.256850    33.731    33.716  7 54458.12771211 18.176
 65 123.901160  66.263587    33.567    33.526  8 54493.12771520 17.042
 66 123.908525  66.257484    33.495    33.458  8 54528.12772489 13.314
 67 123.900389  66.268460    35.522    35.366 10 54563.12772184  8.795
 68 123.905332  66.261635    33.853    33.564  8 54598.12771972 27.953
 69 123.902319  66.260316    39.563    39.533  8 54633.12773325 46.399
 70 123.902872  66.262998    37.142    37.106  8 54668.12773806 20.096
 71 123.900824  66.266451    37.293    37.276  8 54703.12770296 26.741
 72 123.910620  66.259171    37.529    37.312  8 54738.12769990 23.318
 73 123.901567  66.263610    33.101    33.101  8 54773.12768469 39.050
 74 123.909651  66.257121    34.792    34.327  8 54808.12769390 15.717
 75 123.901351  66.262050    34.741    34.447  8 54843.12768211 14.806
 76 123.905182  66.259577    34.471    34.200  8 54878.12769622 12.972
 77 123.900217  66.269438    35.837    36.051  9 54913.12768537 10.766
 78 123.904235  66.258451    34.450    34.339  8 54948.12768867 34.080
 79 123.903187  66.261234    39.737    39.766  7 54983.12771369 24.508
 80 123.904907  66.262169    38.048    37.867  8 55018.12771163 25.039
 81 123.901817  66.261102    34.795    34.800  8 55053.12770737 52.136
 82 123.900951  66.270584    35.355    35.364 10 55088.12766799 37.911
 83 123.908008  66.258289    35.794    35.724  8 55123.12764383 42.409
 84 123.901142  66.266311    34.931    33.979  8 55158.12762959 21.514
 85 123.909128  66.256415    34.525    34.298  8 55193.12763380 17.344
 86 123.900928  66.267166    34.749    34.976 10 55228.12763102 16.808
 87 123.904821  66.259425    33.787    33.780  8 55263.12762893 12.689
 88 123.900635  66.267186    34.690    34.451 10 55298.12761463 11.666
 89 123.902021  66.262760    33.669    33.670  9 55333.12760694 44.470
 90 123.902567  66.262782    38.762    38.647  9 55368.12759888 19.219
 91 123.910076  66.258992    38.248    38.682  8 55403.12761471 18.276
 92 123.903625  66.263954    34.756    34.833  8 55438.12761645 45.370
 93 123.899826  66.269109    37.006    37.184  9 55473.12756415 23.143
