# NaN NaN NaN ;Mean Elev.(m), Avg Gradient(m/km), RMS Gradient(m/km) - SRTM1     
# NaN NaN NaN ;Mean Elev.(m), Avg Gradient(m/km), RMS Gradient(m/km) - ASTER GDEM
# NaN NaN NaN ;Mean Elev.(m), Avg Gradient(m/km), RMS Gradient(m/km) - GMTED2010 
 11     6.296 52615.14232515 17.34 127.437473  72.697475  3.155
 11     5.919 52615.14232580 17.74 127.431713  72.694595  3.155
 11     4.889 52615.14232644 18.53 127.425943  72.691725  3.155
 11     4.204 52615.14232709 18.19 127.420183  72.688845  3.155
 11     2.993 52615.14232773 18.66 127.414433  72.685975  3.155
 11     2.137 52615.14232838 19.20 127.408673  72.683095  3.155
 11     1.989 52615.14232902 20.27 127.402913  72.680225  3.155
 11     2.333 52615.14232967 19.95 127.397163  72.677345  3.155
 11     1.384 52615.14233031 20.26 127.391413  72.674475  3.155
 11     1.704 52615.14233096 19.67 127.385666  72.671600  3.991
 11     1.651 52615.14233160 19.51 127.379916  72.668720  3.991
 15     6.402 52755.14236515  9.67 127.431175  72.697279  2.038
 15     6.199 52755.14236580  9.69 127.425415  72.694409  2.038
 15     5.867 52755.14236644  9.45 127.419645  72.691539  2.038
 15     4.822 52755.14236709  9.61 127.413885  72.688659  2.038
 15     4.854 52755.14236773  9.68 127.408125  72.685789  2.038
 15     4.438 52755.14236838  9.74 127.402375  72.682909  2.038
 15     5.192 52755.14236902 10.04 127.396615  72.680039  2.038
 15     5.430 52755.14236966  9.77 127.390865  72.677159  2.038
 15     6.176 52755.14237031  9.82 127.385115  72.674289  2.416
 15     4.215 52755.14237095 10.67 127.379365  72.671409  2.416
 15     5.148 52755.14237160 10.02 127.373615  72.668529  2.416
 15     5.283 52755.14237224 10.05 127.367865  72.665659  2.416
 15     5.733 52755.14237289  9.98 127.362125  72.662779  2.416
 15     5.650 52755.14237353  9.85 127.356375  72.659909  2.416
 20     2.429 52930.14240879 50.50 127.432916  72.698521 29.093
 20     2.415 52930.14240944 53.06 127.427156  72.695641 29.093
 20     2.590 52930.14241008 40.12 127.421396  72.692771 29.093
 20     2.526 52930.14241073 39.51 127.415636  72.689891 29.093
 20     2.596 52930.14241137 42.73 127.409876  72.687021 29.093
 20     2.571 52930.14241202 47.53 127.404116  72.684141 29.093
 20     2.593 52930.14241266 51.09 127.398366  72.681271 29.093
 20     2.660 52930.14241331 49.48 127.392606  72.678391 29.093
 20     2.680 52930.14241395 50.40 127.386856  72.675521 29.093
 20     2.569 52930.14241460 50.80 127.381106  72.672641 29.093
 20     2.745 52930.14241524 49.97 127.375366  72.669761 29.093
 20     2.658 52930.14241589 50.82 127.369621  72.666887 23.133
 20     2.631 52930.14241653 51.47 127.363871  72.664017 23.133
 20     2.769 52930.14241718 50.42 127.358131  72.661137 23.133
 20     2.782 52930.14241782 41.02 127.352391  72.658257 23.133
 23     1.358 53035.14238323 12.93 127.437518  72.698725  2.934
 23     1.610 53035.14238388 13.58 127.431758  72.695845  2.934
 23     1.527 53035.14238452 13.77 127.425988  72.692975  2.934
 23     1.438 53035.14238517 13.40 127.420228  72.690095  2.934
 23     1.804 53035.14238581 13.70 127.414468  72.687225  2.934
 23     2.201 53035.14238646 13.07 127.408718  72.684345  2.934
 23     2.287 53035.14238710 12.85 127.402958  72.681475  2.934
 23     2.142 53035.14238775 13.48 127.397208  72.678595  2.934
 23     2.273 53035.14238839 12.85 127.391458  72.675725  2.934
 23     1.794 53035.14238904 12.46 127.385706  72.672850  2.827
 23     2.248 53035.14238968 11.96 127.379956  72.669970  2.827
 23     2.268 53035.14239033 12.02 127.374206  72.667100  2.827
 23     1.753 53035.14239097 12.13 127.368466  72.664220  2.827
 25     2.396 53105.14238552  9.92 127.425762  72.696439  2.688
 25     2.239 53105.14238616 10.64 127.420002  72.693569  2.688
 25     1.621 53105.14238680 10.22 127.414242  72.690689  2.688
 25     3.739 53105.14238745 10.08 127.408482  72.687819  2.688
 25     2.460 53105.14238809  9.97 127.402722  72.684939  2.688
 25     3.008 53105.14238874  9.16 127.396972  72.682069  2.688
 25     2.523 53105.14238938  9.65 127.391212  72.679189  2.688
 25     2.292 53105.14239003  9.84 127.385462  72.676319  2.688
 25     2.363 53105.14239067  9.23 127.379716  72.673440  2.585
 25     2.275 53105.14239132  9.40 127.373966  72.670560  2.585
 25     2.730 53105.14239196  8.78 127.368226  72.667690  2.585
 25     2.095 53105.14239261  8.84 127.362476  72.664810  2.585
 25     2.155 53105.14239325  9.00 127.356736  72.661930  2.585
 25     2.427 53105.14239390  8.86 127.350996  72.659060  2.585
 25     2.139 53105.14239454  8.97 127.345256  72.656180  2.585
 43     6.532 53735.14231356 18.45 127.437587  72.698103  3.631
 43     6.153 53735.14231420 18.98 127.431827  72.695223  3.631
 43     5.664 53735.14231485 18.84 127.426067  72.692353  3.631
 43     4.896 53735.14231549 18.93 127.420307  72.689473  3.631
 43     4.420 53735.14231613 19.14 127.414547  72.686603  3.631
 43     3.837 53735.14231678 19.84 127.408797  72.683723  3.631
 43     3.031 53735.14231742 19.56 127.403037  72.680853  3.631
 43     2.597 53735.14231807 19.95 127.397287  72.677973  3.631
 43     3.582 53735.14231871 19.28 127.391537  72.675093  3.631
 43     1.955 53735.14231936 19.63 127.385787  72.672223  3.631
 43     2.346 53735.14232000 19.74 127.380037  72.669343  3.631
 43     5.284 53735.14232065 19.11 127.374297  72.666467  3.701
 49     7.644 53945.14242844 26.44 127.447201  72.698763 17.557
 49     6.937 53945.14243295 23.48 127.406871  72.678643 17.557
 50     7.717 53980.14237618 24.86 127.440587  72.698192 14.293
 50     6.845 53980.14237682 24.07 127.434827  72.695322 14.293
 50     6.487 53980.14237747 22.39 127.429057  72.692442 14.293
 50     6.403 53980.14237811 23.06 127.423297  72.689572 14.293
 50     7.071 53980.14237875 21.00 127.417537  72.686692 14.293
 50     7.115 53980.14237940 20.39 127.411787  72.683822 14.293
 50     7.126 53980.14238004 20.63 127.406027  72.680942 14.293
 50     6.938 53980.14238069 20.73 127.400277  72.678072 14.293
 50     7.560 53980.14238133 22.50 127.394527  72.675192 14.293
 50     7.960 53980.14238198 28.24 127.388777  72.672322 14.293
 54     6.770 54120.14231647 15.06 127.427394  72.698089  3.456
 54     6.409 54120.14231711 15.41 127.421634  72.695219  3.456
 54     5.879 54120.14231776 16.42 127.415874  72.692339  3.456
 54     4.815 54120.14231840 15.99 127.410114  72.689469  3.456
 54     4.896 54120.14231905 15.88 127.404354  72.686589  3.456
 54     2.839 54120.14231969 16.38 127.398604  72.683719  3.456
 54     3.008 54120.14232034 16.42 127.392844  72.680839  3.456
 54     2.466 54120.14232163 16.11 127.381344  72.675089  3.456
 54     2.487 54120.14232227 15.69 127.375604  72.672209  3.456
 54     2.446 54120.14232292 15.83 127.369854  72.669339  3.456
 54     2.441 54120.14232356 16.14 127.364114  72.666459  3.456
 54     2.932 54120.14232421 15.28 127.358364  72.663579  3.456
 54     5.508 54120.14232485 15.85 127.352624  72.660709  3.456
 54     2.226 54120.14232550 15.45 127.346884  72.657829  3.456
 54     2.244 54120.14232614 16.34 127.341154  72.654949  3.456
 56     6.765 54190.14231307 10.62 127.434253  72.697138  1.973
 56     6.544 54190.14231372 10.18 127.428483  72.694268  1.973
 56     5.873 54190.14231436 10.39 127.422723  72.691388  1.973
 56     5.381 54190.14231501 10.27 127.416963  72.688518  1.973
 56     4.316 54190.14231565 10.45 127.411213  72.685638  1.973
 56     3.372 54190.14231630 10.78 127.405453  72.682758  1.973
 56     3.100 54190.14231694 10.54 127.399703  72.679888  1.973
 56     3.001 54190.14231758 10.55 127.393943  72.677015  2.276
 56     3.011 54190.14231823 10.69 127.388193  72.674135  2.276
 56     4.273 54190.14231887 10.12 127.382453  72.671265  2.276
 56     2.768 54190.14231952 10.56 127.376703  72.668385  2.276
 56     2.797 54190.14232016 10.42 127.370953  72.665505  2.276
 61     7.431 54365.14231899 28.63 127.438079  72.699405 15.503
 61     7.258 54365.14231963 23.94 127.432319  72.696535 15.503
 61     6.529 54365.14232028 22.17 127.426559  72.693665 15.503
 61     6.314 54365.14232092 20.79 127.420799  72.690785 15.503
 61     6.483 54365.14232157 21.49 127.415039  72.687915 15.503
 61     5.069 54365.14232221 23.06 127.409279  72.685035 15.503
 61     6.439 54365.14232285 21.76 127.403519  72.682155 15.503
 61     6.583 54365.14232350 22.28 127.397769  72.679285 15.503
 61     7.213 54365.14232414 21.65 127.392016  72.676410 12.032
 61     7.848 54365.14232479 23.45 127.386266  72.673530 12.032
 61     8.031 54365.14232543 25.90 127.380516  72.670650 12.032
 61     8.075 54365.14232608 25.71 127.374776  72.667780 12.032
 61     7.737 54365.14232672 25.74 127.369026  72.664900 12.032
 63     1.843 54435.14227307 14.14 127.442533  72.698244  2.930
 63     1.690 54435.14227372 14.95 127.436773  72.695364  2.930
 63     1.237 54435.14227501 14.50 127.425243  72.689614  2.930
 63     1.547 54435.14227565 14.39 127.419483  72.686744  2.930
 63     1.877 54435.14227629 14.49 127.413733  72.683864  2.930
 63     1.924 54435.14227694 15.17 127.407973  72.680994  2.930
 63     1.984 54435.14227758 14.34 127.402223  72.678114  2.930
 63     2.028 54435.14227823 13.82 127.396473  72.675244  2.930
 63     2.019 54435.14227887 14.05 127.390720  72.672369  3.011
 65     5.696 54505.14228668  9.47 127.445581  72.699724  2.240
 65     5.506 54505.14228732  9.99 127.439811  72.696854  2.240
 65     2.623 54505.14228861 10.14 127.428291  72.691104  2.240
 65     4.482 54505.14228926 10.28 127.422531  72.688224  2.240
 65     3.740 54505.14228990 10.66 127.416771  72.685354  2.240
 65     3.081 54505.14229055 10.43 127.411011  72.682474  2.240
 65     2.627 54505.14229119 10.62 127.405261  72.679604  2.240
 65     2.696 54505.14229183 10.19 127.399501  72.676724  2.240
 65     2.859 54505.14229248 10.09 127.393751  72.673854  2.240
 67     4.841 54575.14228825  8.49 127.438050  72.697102  2.123
 67     5.746 54575.14228889  8.82 127.432290  72.694232  2.123
 67     5.334 54575.14228954  9.02 127.426530  72.691352  2.123
 67     4.612 54575.14229018  8.92 127.420770  72.688482  2.123
 67     4.237 54575.14229083  8.94 127.415010  72.685602  2.123
 67     3.531 54575.14229147  9.22 127.409250  72.682732  2.123
 67     2.989 54575.14229211  8.87 127.403500  72.679852  2.123
 67     2.605 54575.14229276  8.61 127.397746  72.676980  2.122
 67     3.865 54575.14229340  8.40 127.391996  72.674100  2.122
 67     4.023 54575.14229405  8.47 127.386246  72.671220  2.122
 71     7.431 54715.14226623 25.92 127.437258  72.698067 18.994
 71     7.189 54715.14226687 19.92 127.431498  72.695197 18.994
 71     6.600 54715.14226752 20.36 127.425738  72.692317 18.994
 71     6.631 54715.14226816 20.94 127.419978  72.689447 18.994
 71     6.767 54715.14226881 20.99 127.414218  72.686567 18.994
 71     2.796 54715.14226945 26.45 127.408458  72.683697 18.994
 71     5.471 54715.14227010 23.42 127.402708  72.680817 18.994
 71     6.655 54715.14227074 21.42 127.396958  72.677947 18.994
 71     7.557 54715.14227138 21.90 127.391210  72.675071 18.450
 71     7.886 54715.14227203 24.95 127.385460  72.672191 18.450
 71     8.085 54715.14227267 31.44 127.379710  72.669311 18.450
 71     8.085 54715.14227332 27.66 127.373960  72.666441 18.450
 77     6.207 54925.14225082 15.52 127.431750  72.697509  2.867
 77     5.932 54925.14225146 15.64 127.425980  72.694639  2.867
 77     1.923 54925.14225211 16.82 127.420220  72.691759  2.867
 77     2.155 54925.14225275 17.54 127.414460  72.688889  2.867
 77     2.612 54925.14225340 16.54 127.408710  72.686009  2.867
 77     2.526 54925.14225404 16.33 127.402950  72.683129  2.867
 77     2.322 54925.14225469 16.37 127.397200  72.680259  2.867
 77     2.452 54925.14225533 16.37 127.391449  72.677385  4.296
 77     2.561 54925.14225597 16.68 127.385699  72.674505  4.296
 77     2.545 54925.14225662 16.31 127.379949  72.671625  4.296
 77     2.484 54925.14225726 16.40 127.374199  72.668755  4.296
 77     2.190 54925.14225791 17.78 127.368459  72.665875  4.296
 77     2.206 54925.14225855 16.47 127.362709  72.663005  4.296
 77     1.708 54925.14225920 19.18 127.356969  72.660125  4.296
 82     1.967 55100.14222704 33.11 127.430067  72.697841 26.014
 82     2.011 55100.14222769 31.57 127.424297  72.694971 26.014
 82     2.036 55100.14222833 32.11 127.418537  72.692091 26.014
 82     1.953 55100.14222898 37.67 127.412777  72.689221 26.014
 82     1.927 55100.14222962 37.85 127.407027  72.686341 26.014
 82     2.022 55100.14223027 39.10 127.401267  72.683471 26.014
 82     2.041 55100.14223091 34.77 127.395517  72.680591 26.014
 82     1.923 55100.14223156 36.03 127.389767  72.677721 26.014
 82     2.024 55100.14223220 31.55 127.384017  72.674843 10.561
 82     6.644 55100.14223284 31.54 127.378267  72.671963 10.561
 82     7.717 55100.14223349 27.34 127.372517  72.669093 10.561
 82     7.277 55100.14223413 27.35 127.366777  72.666213 10.561
 82     7.239 55100.14223478 28.78 127.361027  72.663333 10.561
 82     7.791 55100.14223542 27.31 127.355287  72.660463 10.561
 82     8.127 55100.14223607 28.16 127.349547  72.657583 10.561
 84     1.067 55170.14219197 16.50 127.443963  72.697961  3.124
 84     2.758 55170.14219519 15.07 127.415163  72.683591  3.124
 84     2.431 55170.14219584 15.23 127.409403  72.680711  3.124
 84     2.250 55170.14219648 15.31 127.403647  72.677832  3.247
 86     3.364 55240.14219873 12.67 127.437989  72.697123  2.394
 86     3.260 55240.14219937 12.28 127.432219  72.694253  2.394
 86     2.460 55240.14220002 12.44 127.426459  72.691373  2.394
 86     2.708 55240.14220066 12.12 127.420699  72.688503  2.394
 86     3.517 55240.14220131 12.56 127.414939  72.685623  2.394
 86     2.786 55240.14220195 12.37 127.409189  72.682753  2.394
 86     2.388 55240.14220260 12.62 127.403429  72.679873  2.394
 86     2.223 55240.14220324 12.66 127.397676  72.677004  2.863
 86     2.342 55240.14220389 12.56 127.391926  72.674124  2.863
 86     2.162 55240.14220453 12.04 127.386176  72.671244  2.863
 88     5.907 55310.14218197  9.40 127.441091  72.698917  2.054
 88     5.773 55310.14218261  9.47 127.435331  72.696047  2.054
 88     5.496 55310.14218326  9.87 127.429561  72.693167  2.054
 88     5.135 55310.14218390  9.46 127.423801  72.690297  2.054
 88     4.793 55310.14218455 10.00 127.418041  72.687417  2.054
 88     4.315 55310.14218519  9.61 127.412291  72.684547  2.054
 88     4.073 55310.14218584  9.60 127.406531  72.681667  2.054
 88     2.973 55310.14218648  9.50 127.400781  72.678797  2.054
 88     3.135 55310.14218712  9.67 127.395030  72.675922  2.475
 88     3.233 55310.14218777 10.16 127.389280  72.673042  2.475
 88     4.238 55310.14218841  9.33 127.383530  72.670162  2.475
 93     1.592 55485.14211522 41.26 127.433456  72.698750 15.634
 93     1.524 55485.14211587 40.69 127.427686  72.695880 15.634
 93     1.650 55485.14211651 36.92 127.421926  72.693000 15.634
 93     1.649 55485.14211716 38.20 127.416166  72.690130 15.634
 93     1.744 55485.14211780 39.74 127.410416  72.687250 15.634
 93     1.769 55485.14211845 36.92 127.404656  72.684380 15.634
 93     1.772 55485.14211909 40.88 127.398906  72.681500 15.634
 93     1.755 55485.14211973 36.88 127.393146  72.678630 15.634
 93     1.833 55485.14212038 40.91 127.387401  72.675753 26.427
 93     1.882 55485.14212102 43.61 127.381651  72.672873 26.427
 93     1.789 55485.14212167 43.73 127.375901  72.670003 26.427
 93     1.882 55485.14212231 42.33 127.370161  72.667123 26.427
 93     1.827 55485.14212296 43.65 127.364411  72.664243 26.427
 93     1.805 55485.14212360 38.60 127.358671  72.661373 26.427
 93     1.965 55485.14212425 34.89 127.352931  72.658493 26.427
