-156705.791   125.831     0.00    3.90
-156330.779   124.045    -4.76    4.35
-155955.833   122.255    -4.77    3.74
-155580.953   120.378    -5.01    3.39
-155206.138   117.889    -6.64    3.72
-154831.389   115.378    -6.70    3.82
-154456.706   112.659    -7.26    2.79
-154082.088   112.001    -1.76    2.72
-153707.537   111.993    -0.02    3.50
-153333.050   113.366     3.67    4.14
-152958.629   115.387     5.40    4.41
-152584.274   116.205     2.19    4.69
-152209.984   116.603     1.06    4.64
-151835.760   116.314    -0.77    4.11
-151461.601   114.526    -4.78    3.89
-151087.507   112.909    -4.32    4.65
-150713.479   111.339    -4.20    4.97
-150339.516   108.627    -7.25    4.48
-149965.619   105.734    -7.74    4.72
-149591.786   103.134    -6.96    4.35
-149218.019   100.959    -5.82    3.00
-148844.317   100.107    -2.28    2.12
-148470.680   100.613     1.35    2.09
-148097.108   101.564     2.55    2.49
-147723.601   103.764     5.89    3.78
-147350.160   106.426     7.13    4.67
-146976.783   111.292    13.03    6.59
-146603.471   116.638    14.32    7.68
-146230.224   123.969    19.65    8.31
-145857.042   130.889    18.55    7.84
-145483.925   137.039    16.48    5.87
-145110.873   140.222     8.53    4.38
-144737.885   142.526     6.18    3.60
-144364.962   143.602     2.88    4.18
-143992.104   145.151     4.16    3.86
-143619.311   146.270     3.00    2.66
-143246.582   146.476     0.55    2.96
-142873.918   146.334    -0.38    3.23
-142501.319   144.783    -4.16    3.92
-142128.784   143.400    -3.71    3.88
-141756.313   144.020     1.67    4.79
-141383.907   147.409     9.10    8.16
-141011.566   153.839    17.27   10.58
-140639.289   159.693    15.73    9.59
-140267.076   162.664     7.98    7.18
-139894.928   163.949     3.45    6.08
-139522.844   163.329    -1.67    4.22
-139150.824   164.513     3.18    3.77
-138778.869   169.376    13.08    8.14
-138406.977   175.907    17.56    9.74
-138035.150   184.450    22.98   10.13
-137663.387   193.188    23.51    9.39
-137291.689   199.356    16.60    8.20
-136920.054   202.644     8.85    5.12
-136548.483   202.439    -0.55    4.48
-136176.976   198.802    -9.79    5.25
-135805.534   193.805   -13.46    6.81
-135434.155   188.045   -15.51    7.94
-135062.840   182.527   -14.86    6.58
-134691.589   178.992    -9.52    4.64
-134320.402   178.289    -1.90    6.19
-133949.279   178.072    -0.58    7.65
-133578.219   176.324    -4.71    6.82
-133207.224   173.669    -7.16    5.29
-132836.292   169.063   -12.42    6.45
-132465.423   165.993    -8.28    6.72
-132094.619   164.601    -3.75    6.83
-131723.878   164.619     0.05    7.30
-131353.200   165.439     2.21    7.64
-130982.586   167.591     5.81    8.13
-130612.036   171.441    10.39    8.14
-130241.549   174.214     7.49    6.21
-129871.125   174.501     0.78    5.67
-129500.765   172.012    -6.72    6.41
-129130.469   167.280   -12.78    7.56
-128760.235   164.716    -6.92    7.40
-128390.065   164.226    -1.32    6.60
-128019.959   164.863     1.72    6.17
-127649.915   164.401    -1.25    5.77
-127279.935   161.526    -7.77    7.05
-126910.018   156.426   -13.79    7.52
-126540.164   150.032   -17.29    8.59
-126170.373   141.626   -22.73   10.26
-125800.646   134.227   -20.01    9.41
-125430.981   127.889   -17.15    7.92
-125061.379   122.654   -14.16    8.88
-124691.841   115.926   -18.21   10.70
-124322.365   109.501   -17.39    9.18
-123952.953   102.576   -18.75    7.13
-123583.603    96.500   -16.45    6.72
-123214.316    91.039   -14.79    5.94
-122845.092    86.911   -11.18    5.23
-122475.931    83.001   -10.59    3.91
-122106.832    80.810    -5.94    4.44
-121737.796    79.008    -4.88    3.76
-121368.823    78.089    -2.49    3.75
-120999.913    76.141    -5.28    4.32
-120631.065    74.346    -4.87    4.65
-120262.280    71.641    -7.34    4.40
-119893.558    69.289    -6.38    2.97
-119524.898    67.304    -5.38    3.43
-119156.300    65.626    -4.55    5.46
-118787.765    81.982    44.38   36.47
-118419.292   108.176    71.10   50.25
-118050.882   138.357    81.93   43.92
-117682.534   154.439    43.66   23.10
-117314.249   149.868   -12.41   17.46
-116946.026   142.210   -20.80   15.56
-116577.865   139.832    -6.46   15.57
-116209.767   138.051    -4.84   15.37
-115841.730   135.435    -7.11   16.08
-115473.756   133.415    -5.49   16.26
-115105.844   128.065   -14.54   15.08
-114737.994   121.058   -19.05   16.30
-114370.207   117.131   -10.68   15.34
-114002.481   126.326    25.01   24.10
-113634.817   138.645    33.51   28.85
-113267.216   153.959    41.66   25.21
-112899.676   169.904    43.39   19.51
-112532.198   178.716    23.98   20.84
-112164.782   182.526    10.37   17.78
-111797.428   176.564   -16.23   20.93
-111430.136   169.045   -20.47   20.47
-111062.906   174.151    13.91   25.63
-110695.737   188.407    38.83   29.07
-110315.825   202.564    37.27   18.55
-109935.913   205.162     6.84   12.72
-109556.067   195.464   -25.53   15.76
-109176.287   183.093   -32.58   12.72
-108796.574   174.451   -22.76    9.15
-108416.928   170.223   -11.14    5.33
-108037.349   167.488    -7.21    6.19
-107657.836   160.500   -18.41   12.15
-107278.389   149.477   -29.05   16.16
-106899.009   135.614   -36.55   16.16
-106519.695   123.782   -31.19   14.13
-106140.448   113.889   -26.09   10.26
-105761.267   110.318    -9.42    9.02
-105382.152   116.251    15.65   16.41
-105003.104   124.201    20.97   18.54
-104624.121   129.552    14.12   14.80
-104245.205   131.620     5.46   10.49
-103866.356   138.835    19.05   17.54
-103487.572   148.447    25.38   20.80
-103108.854   160.951    33.02   18.03
-102730.203   169.941    23.74    9.56
-102351.618   166.301    -9.62   13.60
-101973.098   157.526   -23.18   17.45
-101594.645   148.693   -23.34   13.98
-101216.257   143.627   -13.39    8.65
-100837.935   145.795     5.73   12.13
-100459.680   151.703    15.62   14.88
-100081.490   157.850    16.26   15.50
 -99703.366   166.064    21.72   16.06
 -99325.307   173.592    19.91   16.64
 -98947.314   181.026    19.67   16.22
 -98569.387   188.377    19.45   15.51
 -98191.526   198.376    26.47   16.65
 -97813.730   207.657    24.57   14.47
 -97436.000   212.248    12.15   10.37
 -97058.336   211.488    -2.01    8.92
 -96680.737   205.551   -15.72   10.41
 -96303.203   198.462   -18.78   10.89
 -95925.735   191.885   -17.43   11.38
 -95548.332   183.552   -22.08    9.38
 -95170.995   182.682    -2.31   10.04
 -94793.723   189.654    18.48   14.70
 -94416.516   197.589    21.04   12.90
 -94039.375   203.994    16.98    7.45
 -93662.299   203.381    -1.63    7.87
 -93285.288   198.326   -13.41   11.81
 -92908.342   188.909   -24.99   19.62
 -92531.461   172.276   -44.14   25.45
 -92154.646   156.485   -41.91   19.49
 -91777.895   149.227   -19.27   10.64
 -91401.210   153.863    12.31   15.82
 -91024.589   170.324    43.71   22.25
 -90648.034   185.091    39.22   18.32
 -90271.543   194.151    24.07   12.10
 -89895.118   197.915    10.00    9.94
 -89518.757   198.308     1.04   11.65
 -89142.461   196.414    -5.03   14.73
 -88766.230   193.101    -8.81   16.69
 -88390.064   183.231   -26.24   19.28
 -88013.962   171.539   -31.09   18.31
 -87637.925   162.751   -23.37   13.74
 -87261.953   164.939     5.82   17.48
 -86886.045   173.691    23.28   21.60
 -86510.202   186.876    35.09   19.47
 -86134.424   195.721    23.54   10.67
 -85758.710   195.214    -1.35   13.39
 -85383.061   184.689   -28.02   20.97
 -85007.476   169.444   -40.59   21.38
 -84631.955   153.934   -41.31   18.24
 -84256.499   144.296   -25.67    9.59
 -83881.108   151.539    19.30   20.68
 -83505.780   161.721    27.13   21.85
 -83130.517   170.689    23.90   17.85
 -82755.318   175.894    13.87   15.74
 -82380.184   176.014     0.32   16.24
 -82005.113   179.436     9.13   16.86
 -81630.107   182.754     8.85   17.75
 -81255.165   188.808    16.15   18.14
 -80880.287   195.414    17.62   21.30
 -80505.473   207.414    32.02   24.85
 -80130.723   221.218    36.84   21.68
 -79756.037   226.962    15.33   17.78
 -79381.415   219.420   -20.13   25.39
 -79006.857   204.134   -40.82   24.73
 -78632.363   195.564   -22.88   15.10
 -78257.933   198.526     7.91   13.89
 -77883.567   207.476    23.91   16.74
 -77509.264   217.286    26.21   15.63
 -77135.025   225.592    22.20   14.63
 -76760.850   233.064    19.97   14.11
 -76386.739   239.026    15.94   12.93
 -76012.691   246.889    21.02   12.04
 -75638.707   256.620    26.02   11.26
 -75264.787   267.928    30.25   15.40
 -74890.930   277.339    25.17   14.19
 -74517.136   283.426    16.29   10.01
 -74143.407   285.390     5.26    7.22
 -73769.740   280.864   -12.11    7.75
 -73396.137   275.676   -13.89    7.52
 -73022.598   273.119    -6.85    7.46
 -72649.122   272.998    -0.32    8.53
 -72275.709   272.643    -0.95    9.38
 -71902.359   270.812    -4.91    9.71
 -71529.073   268.817    -5.34    8.47
 -71155.850   266.992    -4.89    6.95
 -70782.690   268.476     3.98    7.82
 -70409.594   272.605    11.07    9.56
 -70036.561   275.627     8.10    9.36
 -69663.590   277.656     5.44   10.11
 -69290.683   278.159     1.35   11.70
 -68917.839   278.007    -0.41   12.57
 -68545.058   279.993     5.33   12.78
 -68172.340   286.993    18.78   14.10
 -67799.685   293.103    16.40   12.49
 -67427.092   294.617     4.06   11.28
 -67054.563   293.244    -3.69   12.67
 -66682.096   287.564   -15.25   14.20
 -66309.693   281.805   -15.47   12.73
 -65937.352   277.701   -11.02   10.74
 -65565.074   274.154    -9.53    9.44
 -65192.858   271.244    -7.82    9.04
 -64820.706   268.262    -8.01    8.00
 -64448.616   266.257    -5.39    6.53
 -64076.588   266.123    -0.36    5.31
 -63704.624   269.703     9.63    7.82
 -63332.721   274.412    12.66    8.66
 -62960.882   277.526     8.37    8.32
 -62589.104   278.993     3.95    6.89
 -62217.390   279.893     2.42    7.86
 -61845.738   283.292     9.15   10.05
 -61474.148   287.476    11.26    9.96
 -61102.620   290.257     7.49    8.00
 -60731.155   289.039    -3.28    7.25
 -60359.752   284.121   -13.24    8.71
 -59988.412   277.336   -18.27   10.32
 -59617.134   268.762   -23.09   12.23
 -59245.918   258.969   -26.38   13.54
 -58874.764   252.013   -18.74   10.50
 -58503.672   248.589    -9.23    6.19
 -58132.643   252.973    11.82   11.02
 -57761.675   264.321    30.59   16.97
 -57390.770   277.962    36.78   18.72
 -57019.926   289.982    32.41   15.15
 -56649.145   295.210    14.10   14.51
 -56278.426   293.615    -4.30   14.26
 -55907.768   291.434    -5.88   11.84
 -55537.173   298.089    17.96   13.58
 -55166.639   307.072    24.25   13.00
 -54796.167   320.718    36.84   17.03
 -54425.757   331.334    28.66   17.32
 -54055.409   338.552    19.49   14.35
 -53685.123   341.631     8.32   11.63
 -53314.898   333.830   -21.07   13.97
 -52944.735   322.289   -31.18   15.90
 -52574.633   313.339   -24.18   15.90
 -52204.594   305.685   -20.68   12.17
 -51834.615   308.218     6.85   12.87
 -51464.699   315.409    19.44   16.85
 -51094.844   325.657    27.71   20.03
 -50725.050   332.032    17.24   16.79
 -50355.318   333.270     3.35   13.07
 -49985.647   329.841    -9.27   12.60
 -49616.038   321.564   -22.40   11.88
 -49246.490   316.499   -13.71    9.81
 -48877.004   315.846    -1.77   10.03
 -48507.579   318.799     7.99   10.93
 -48138.215   323.411    12.49   10.02
 -47768.912   325.770     6.39   10.91
 -47399.670   326.876     3.00   11.35
 -47030.490   328.131     3.40   10.77
 -46661.371   330.222     5.67    9.64
 -46292.313   332.302     5.64    8.10
 -45923.316   333.859     4.22    7.52
 -45554.380   333.461    -1.08    8.41
 -45185.506   334.077     1.67   11.23
 -44816.692   334.222     0.39   12.22
 -44447.939   332.026    -5.96   11.70
 -44079.247   328.872    -8.55   13.21
 -43710.616   322.240   -17.99   13.43
 -43342.046   314.210   -21.79    9.35
 -42973.537   309.236   -13.50   10.12
 -42605.089   304.006   -14.19   10.64
 -42236.701   298.747   -14.28    8.93
 -41868.374   295.936    -7.63    9.37
 -41500.108   287.159   -23.83   17.64
 -41131.903   269.604   -47.68   34.81
 -40763.758   244.253   -68.86   43.90
 -40395.674   223.298   -56.93   39.46
 -40027.651   212.370   -29.70   30.93
 -39659.688   219.032    18.11   39.90
 -39291.786   241.885    62.12   47.43
 -38923.944   268.808    73.19   41.00
 -38556.163   287.500    50.82   24.55
 -38188.442   285.422    -5.65   26.24
 -37820.781   268.499   -46.03   33.21
 -37453.181   250.141   -49.94   30.41
 -37085.642   239.187   -29.80   20.56
 -36718.162   244.401    14.19   27.99
 -36350.743   260.333    43.36   38.39
 -35983.385   283.939    64.26   37.86
 -35606.517   307.046    61.31   20.67
 -35226.740   317.157    26.63   14.70
 -34847.027   323.279    16.12   18.55
 -34467.379   331.552    21.79   15.71
 -34087.796   340.578    23.78   12.45
 -33708.278   345.459    12.86   15.30
 -33328.825   343.729    -4.56   19.21
 -32949.436   337.355   -16.80   18.82
 -32570.113   329.134   -21.67   16.30
 -32190.853   320.363   -23.13   12.51
 -31811.659   311.605   -23.10   11.33
 -31432.529   303.402   -21.64    9.42
 -31053.464   294.776   -22.76   10.76
 -30674.463   280.859   -36.72   19.62
 -30295.527   266.096   -38.96   22.82
 -29916.656   255.315   -28.46   18.13
 -29537.849   256.175     2.27   19.81
 -29159.106   274.928    49.52   29.87
 -28780.428   294.136    50.72   26.97
 -28401.814   308.149    37.01   17.34
 -28023.264   314.422    16.57   10.89
 -27644.779   313.734    -1.82   11.25
 -27266.358   311.196    -6.71   10.43
 -26888.001   311.601     1.07    8.87
 -26509.708   313.895     6.06    8.12
 -26131.480   315.601     4.51    6.11
 -25753.315   317.805     5.83    4.49
 -25375.215   317.090    -1.89    6.77
 -24997.179   314.139    -7.81    9.18
 -24619.207   308.305   -15.43   14.05
 -24241.299   300.792   -19.88   17.23
 -23863.455   295.653   -13.60   16.33
 -23485.675   289.786   -15.53   12.81
 -23107.958   281.131   -22.91   18.71
 -22730.306   267.767   -35.39   20.03
 -22352.717   258.660   -24.12   13.57
 -21975.192   259.951     3.42   13.27
 -21597.731   267.120    18.99   13.42
 -21220.334   268.841     4.56   10.42
 -20843.001   267.155    -4.47    9.86
 -20465.731   262.980   -11.07    8.66
 -20088.524   259.289    -9.79    7.04
 -19711.382   257.090    -5.83    7.15
 -19334.303   253.328    -9.98    7.89
 -18957.287   250.744    -6.85    8.84
 -18580.335   248.907    -4.87    9.45
 -18203.447   248.365    -1.44    9.76
 -17826.622   247.643    -1.92   10.69
 -17449.860   245.383    -6.00   11.60
 -17073.162   240.539   -12.86   13.59
 -16696.527   233.210   -19.46   15.12
 -16319.955   225.175   -21.34   12.82
 -15943.447   224.032    -3.04   12.91
 -15567.002   231.026    18.58   17.09
 -15190.620   242.414    30.26   14.87
 -14814.301   250.326    21.03    8.29
 -14438.046   250.799     1.26    6.87
 -14061.853   245.321   -14.56    9.75
 -13685.724   238.170   -19.01   12.23
 -13309.658   234.855    -8.82   11.52
 -12933.655   231.065   -10.08   11.35
 -12557.715   229.802    -3.36   12.17
 -12181.837   226.292    -9.34   12.40
 -11806.023   219.435   -18.25   11.48
 -11430.272   212.487   -18.49   12.43
 -11054.583   205.118   -19.62   12.15
 -10678.957   196.248   -23.61   11.46
 -10303.394   190.059   -16.48   11.01
  -9927.894   187.129    -7.80   11.64
  -9552.457   185.912    -3.24   13.88
  -9177.082   181.448   -11.89   17.41
  -8801.770   175.826   -14.98   17.29
  -8426.521   174.197    -4.34   13.55
  -8051.334   178.633    11.83   13.78
  -7676.210   186.151    20.04    9.55
  -7301.149   188.955     7.48    5.76
  -6926.149   188.414    -1.44    6.58
  -6551.213   188.498     0.23    6.13
  -6176.339   189.782     3.43    6.71
  -5801.527   190.881     2.93    8.37
  -5426.778   187.236    -9.73   14.48
  -5052.091   177.802   -25.18   23.88
  -4677.466   163.078   -39.30   30.59
  -4302.904   141.461   -57.71   34.69
  -3928.404   122.630   -50.28   35.19
  -3553.966   100.979   -57.82   36.35
  -3179.590    82.289   -49.92   32.20
  -2805.277    61.210   -56.31   27.06
  -2431.026    47.065   -37.79   23.29
  -2056.836    31.577   -41.39   18.39
  -1682.709    20.762   -28.91   14.58
  -1308.644    12.539   -21.98   11.26
   -934.641     7.805   -12.66    8.00
   -560.700     4.205    -9.63    6.39
   -186.821     1.512    -7.20    5.18
    186.996    -0.871    -6.38    3.79
    560.751     8.761    25.77   39.99
    934.445    64.653   149.57  111.59
   1308.077   132.789   182.36  141.17
   1681.646   212.564   213.55  141.56
   2055.154   295.046   220.83   91.28
   2428.601   342.236   126.36   59.32
   2801.985   373.073    82.59   26.25
   3175.308   378.262    13.90   28.88
   3548.570   382.605    11.64   28.35
   3921.769   385.526     7.83   19.90
   4294.907   388.352     7.57    8.94
   4667.984   383.792   -12.22   10.33
   5040.999   376.958   -18.32   12.35
   5413.952   370.640   -16.94   12.54
   5786.844   363.170   -20.03   12.59
   6159.675   358.526   -12.46   15.43
   6532.444   356.227    -6.17   18.39
   6905.152   354.799    -3.83   19.33
   7277.799   352.398    -6.44   18.24
   7650.384   347.383   -13.46   17.32
   8022.908   337.734   -25.90   16.96
   8395.371   329.605   -21.82   13.86
   8767.772   319.499   -27.14   13.71
   9140.113   310.792   -23.38   15.67
   9512.392   298.141   -33.98   19.12
   9884.610   280.381   -47.71   23.95
  10256.767   254.731   -68.92   31.04
  10628.863   238.739   -42.98   25.82
  11000.898   243.118    11.77   33.37
  11372.872   266.232    62.14   50.69
  11744.785   302.809    98.35   49.01
  12116.637   328.289    68.52   32.01
  12488.428   339.821    31.02   23.39
  12860.158   333.877   -15.99   28.81
  13231.827   326.817   -18.99   28.69
  13603.436   324.539    -6.13   23.56
  13974.983   331.464    18.64   20.61
  14346.470   340.093    23.23   19.12
  14717.897   347.850    20.89   17.84
  15089.262   351.701    10.37   18.35
  15460.567   353.789     5.62   18.11
  15831.811   353.325    -1.25   15.50
  16202.995   355.526     5.93   15.90
  16574.118   359.552    10.85   16.94
  16945.181   366.315    18.22   15.89
  17316.183   372.361    16.30   12.70
  17687.124   376.450    11.02    8.89
  18058.006   378.733     6.16    6.17
  18428.826   374.627   -11.07   12.22
  18799.586   366.650   -21.52   18.99
  19170.286   359.315   -19.79   22.23
  19540.926   348.731   -28.56   25.28
  19911.505   336.855   -32.05   28.55
  20282.024   321.796   -40.64   28.21
  20652.483   304.328   -47.15   23.72
  21022.882   291.692   -34.12   14.79
  21393.220   288.249    -9.29   14.16
  21763.498   285.881    -6.40   14.59
  22133.716   290.349    12.07   13.74
  22503.874   299.150    23.78   17.88
  22873.972   312.989    37.39   21.54
  23244.010   326.219    35.75   15.57
  23613.988   329.654     9.28   10.26
  23983.906   321.347   -22.46   18.97
  24353.764   301.815   -52.81   29.71
  24723.562   275.139   -72.14   32.11
  25093.300   245.672   -79.69   37.41
  25462.978   217.651   -75.80   32.01
  25832.596   210.197   -20.17   28.63
  26202.155   224.361    38.33   46.18
  26571.654   253.227    78.12   53.62
  26941.093   287.455    92.65   39.55
  27310.473   306.139    50.58   21.31
  27679.792   312.442    17.07   10.18
  28049.052   308.159   -11.60   14.05
  28418.253   298.032   -27.43   18.73
  28787.394   284.947   -35.45   18.41
  29156.475   277.261   -20.82   13.96
  29525.497   276.815    -1.21   11.91
  29894.459   284.696    21.36   17.62
  30263.362   298.684    37.92   22.90
  30632.205   311.817    35.61   21.27
  31000.989   322.894    30.04   15.54
  31369.714   332.942    27.25    8.95
  31738.379   337.376    12.03    8.71
  32106.985   340.705     9.03    9.48
  32475.531   341.893     3.22    9.46
  32844.018   341.664    -0.62    7.91
  33212.446   341.967     0.82    5.93
  33580.815   340.799    -3.17    5.79
  33949.125   336.947   -10.46    9.58
  34317.375   330.067   -18.68   12.35
  34685.567   318.645   -31.02   15.13
  35053.699   306.285   -33.57   16.06
  35421.772   291.920   -39.03   18.54
  35789.786   284.854   -19.20   14.22
  36157.741   285.039     0.50   16.86
  36525.637   290.079    13.70   21.10
  36893.474   295.336    14.29   21.58
  37261.253   291.498   -10.44   22.15
  37628.972   279.526   -32.56   25.61
  37996.632   264.985   -39.55   24.81
  38364.234   262.282    -7.35   25.16
  38731.777   275.352    35.56   42.84
  39105.856   309.992    92.60   49.94
  39485.500   338.858    76.03   31.10
  39865.081   349.445    27.89   12.01
  40244.598   340.282   -24.15   15.00
  40624.053   324.420   -41.80   22.78
  41003.444   304.971   -51.26   25.57
  41382.772   291.359   -35.88   24.42
  41762.037   284.872   -17.10   30.64
  42141.239   285.272     1.05   40.05
  42520.378   286.045     2.04   44.58
  42899.454   280.998   -13.31   41.62
  43278.468   271.603   -24.79   31.12
  43657.418   269.350    -5.95   23.22
  44036.305   276.460    18.77   25.81
  44415.130   290.622    37.38   28.48
  44793.892   307.973    45.81   25.74
  45172.591   321.116    34.70   23.86
  45551.227   330.306    24.27   22.04
  45929.801   336.444    16.21   21.18
  46308.312   338.552     5.57   19.46
  46686.760   338.136    -1.10   20.00
  47065.146   339.659     4.02   18.77
  47443.469   345.667    15.88   18.03
  47821.729   354.390    23.06   15.90
  48199.927   363.032    22.85   12.83
  48578.063   368.914    15.55    8.27
  48956.136   370.257     3.55    8.28
  49334.147   370.955     1.85    9.60
  49712.095   374.072     8.25    8.97
  50089.981   376.484     6.38    8.17
  50467.805   379.809     8.80    6.55
  50845.566   381.392     4.19    6.13
  51223.265   383.072     4.45    7.58
  51600.902   380.889    -5.78   12.37
  51978.476   375.105   -15.32   18.08
  52355.989   364.762   -27.39   20.99
  52733.439   354.672   -26.73   17.84
  53110.827   349.846   -12.79   12.15
  53488.154   352.782     7.78   14.86
  53865.418   360.276    19.86   18.15
  54242.620   371.053    28.57   19.44
  54619.760   385.266    37.69   18.60
  54996.838   397.744    33.09   14.95
  55373.854   408.084    27.42   10.40
  55750.808   411.647     9.45    8.44
  56127.701   408.419    -8.56   13.47
  56504.532   397.912   -27.88   19.00
  56881.300   382.965   -39.67   22.13
  57258.007   366.381   -44.02   21.76
  57634.653   354.078   -32.66   17.56
  58011.236   349.355   -12.54   12.46
  58387.758   352.605     8.63   13.63
  58764.219   358.396    15.38   14.34
  59140.617   367.059    23.02   18.31
  59516.955   374.994    21.08   21.92
  59893.230   384.303    24.74   21.25
  60269.444   389.070    12.67   17.57
  60645.597   390.678     4.27   13.41
  61021.688   389.201    -3.93   10.21
  61397.717   384.325   -12.97   11.15
  61773.686   379.947   -11.65   11.99
  62149.593   380.039     0.25   10.97
  62525.438   383.958    10.43   11.70
  62901.222   391.059    18.90    9.82
  63276.945   391.710     1.73    9.74
  63652.607   383.999   -20.52   17.24
  64028.207   368.431   -41.45   22.57
  64403.747   350.318   -48.23   20.42
  64779.225   339.039   -30.04   14.92
  65154.642   337.462    -4.20   13.81
  65529.998   342.942    14.60   14.76
  65905.293   352.615    25.77   12.63
  66280.527   363.261    28.37   10.82
  66655.699   372.450    24.49   12.48
  67030.811   380.761    22.15   12.43
  67405.862   388.276    20.04   12.50
  67780.852   391.633     8.95   12.04
  68155.781   386.645   -13.30   15.41
  68530.650   381.552   -13.59   16.84
  68905.457   376.755   -12.80   13.99
  69280.204   378.714     5.23   12.78
  69654.890   386.392    20.49   15.37
  70029.515   397.710    30.21   16.39
  70404.079   409.136    30.50   16.25
  70778.583   422.631    36.03   12.45
  71153.026   431.789    24.46   12.56
  71527.409   439.936    21.76    9.99
  71901.731   445.404    14.61    8.81
  72275.992   450.513    13.65    8.05
  72650.193   453.755     8.66    6.84
  73024.333   452.513    -3.32    7.78
  73398.413   450.317    -5.87    8.29
  73772.433   447.012    -8.83    6.85
  74146.392   444.136    -7.69    6.55
  74520.290   441.657    -6.63    7.31
  74894.129   438.678    -7.97    8.56
  75267.907   434.460   -11.28    8.54
  75641.625   430.525   -10.53    9.77
  76015.282   426.458   -10.88   10.15
  76388.879   422.714   -10.02    8.97
  76762.416   419.511    -8.57    7.45
  77135.893   415.758   -10.05    8.17
  77509.310   410.026   -15.35    9.90
  77882.667   401.045   -24.05   13.47
  78255.963   392.219   -23.64   15.73
  78629.200   385.432   -18.18   12.99
  79002.376   387.459     5.43   16.53
  79375.493   396.701    24.77   20.18
  79748.550   410.025    35.71   17.47
  80121.546   420.448    27.94   11.06
  80494.483   423.012     6.87    9.06
  80867.360   419.590    -9.18   11.32
  81240.177   408.672   -29.28   19.72
  81612.934   389.110   -52.48   26.37
  81985.631   373.093   -42.97   21.94
  82358.269   363.299   -26.28   12.11
  82730.847   366.400     8.32   14.70
  83103.365   374.672    22.20   18.57
  83475.824   384.325    25.91   20.40
  83848.223   389.872    14.90   20.31
  84220.562   393.582     9.96   20.26
  84592.842   396.762     8.54   17.96
  84965.062   400.867    11.03   16.56
  85337.223   403.934     8.24   15.35
  85709.324   409.933    16.12   13.69
  86081.366   413.762    10.29   10.84
  86453.348   418.130    11.74   10.72
  86825.271   425.654    20.23   13.37
  87197.134   434.120    22.76   13.64
  87568.939   441.734    20.48   10.70
  87940.683   446.772    13.55    7.56
  88312.369   448.757     5.34    7.94
  88683.995   449.498     2.00    9.54
  89055.562   448.149    -3.63   10.69
  89427.070   446.133    -5.43   11.94
  89798.519   443.605    -6.81   12.92
  90169.908   440.347    -8.77   12.92
  90541.239   436.971    -9.09   12.46
  90912.510   435.971    -2.69   11.53
  91283.722   434.714    -3.39    9.97
  91654.876   436.005     3.48   10.32
  92025.970   438.336     6.28   10.63
  92397.005   441.259     7.88   11.79
  92767.982   442.091     2.24   12.10
  93138.899   442.619     1.42   11.84
  93509.757   443.742     3.03   10.50
  93880.557   445.368     4.39    8.06
  94251.298   449.419    10.93    9.15
  94621.980   456.566    19.28   10.51
  94992.603   463.106    17.65    9.28
  95363.168   467.431    11.67    6.76
  95733.674   467.323    -0.29    7.33
  96104.121   462.341   -13.45   10.15
  96474.509   455.147   -19.42   12.04
  96844.839   447.299   -21.19   11.36
  97215.110   444.032    -8.82    9.20
  97585.323   445.907     5.06    9.81
  97955.477   448.444     6.85    8.50
  98325.573   447.836    -1.64    8.05
  98695.610   446.279    -4.21    7.80
  99065.588   445.854    -1.15    7.07
  99435.508   447.731     5.07    7.15
  99805.370   448.183     1.22    7.99
 100175.174   442.279   -15.96   12.69
 100544.919   428.374   -37.60   20.61
 100914.606   411.018   -46.94   25.31
 101284.234   393.285   -47.97   20.84
 101653.804   385.377   -21.40   12.70
 102023.316   393.902    23.07   23.08
 102392.770   407.742    37.45   25.33
 102762.166   416.526    23.78   22.15
 103131.503   413.388    -8.49   25.30
 103500.782   403.084   -27.90   23.97
 103870.003   396.317   -18.33   15.02
 104239.167   404.381    21.84   20.30
 104608.272   421.803    47.20   24.29
 104977.319   437.331    42.07   18.29
 105346.308   442.100    12.92   15.12
 105715.239   430.474   -31.51   24.68
 106084.112   414.674   -42.83   24.82
 106452.928   401.591   -35.47   15.23
 106821.685   400.093    -4.06   14.25
 107190.385   405.885    15.71   17.62
 107559.026   409.457     9.69   18.77
 107927.610   409.237    -0.59   18.99
 108296.137   407.963    -3.46   15.66
 108664.605   409.950     5.39   13.90
 109033.016   419.983    27.23   20.91
 109401.369   434.511    39.44   22.83
 109769.665   446.607    32.84   17.85
 110137.903   451.320    12.80   14.33
 110506.083   447.416   -10.60   18.90
 110874.205   440.152   -19.73   21.80
 111242.271   431.498   -23.51   22.40
 111610.278   424.960   -17.77   19.85
 111978.228   421.979    -8.10   13.99
 112346.121   426.697    12.82   15.11
 112713.956   437.228    28.63   19.71
 113081.734   450.776    36.83   17.25
 113449.455   457.147    17.32   12.71
 113820.984   451.723   -14.60   20.27
 114200.498   435.580   -42.53   30.39
 114579.950   413.757   -57.51   29.89
 114959.341   399.636   -37.22   16.22
 115338.670   404.565    12.99   17.76
 115717.938   420.733    42.62   23.90
 116097.144   443.184    59.20   25.68
 116476.289   459.377    42.71   16.06
 116855.372   462.184     7.40   13.06
 117234.394   457.471   -12.43   16.16
 117613.355   451.242   -16.44   16.40
 117992.255   443.689   -19.93   15.55
 118371.093   436.320   -19.45   18.25
 118749.870   423.632   -33.49   19.52
 119128.586   412.296   -29.93   14.74
 119507.241   404.139   -21.54   12.51
 119885.835   399.328   -12.71   12.61
 120264.368   399.242    -0.23   11.93
 120642.839   403.868    12.22   15.00
 121021.250   415.133    29.77   18.19
 121399.599   431.025    42.00   19.96
 121777.888   439.936    23.55   19.80
 122156.116   441.907     5.21   22.35
 122534.282   434.991   -18.29   24.98
 122912.388   427.872   -18.83   19.71
 123290.433   424.482    -8.97   13.19
 123668.417   429.685    13.76   14.67
 124046.341   438.386    23.02   15.00
 124424.204   443.240    12.84   14.10
 124802.006   449.705    17.11   14.34
 125179.747   456.434    17.81   14.85
 125557.427   465.255    23.35   15.30
 125935.047   473.890    22.86   14.69
 126312.607   482.836    23.69   13.96
 126690.105   492.633    25.95   17.25
 127067.544   506.999    38.06   20.05
 127444.921   520.607    36.06   17.73
 127822.239   531.725    29.46   10.81
 128199.495   535.623    10.33    7.20
 128576.692   537.078     3.86    5.74
 128953.828   535.906    -3.11    5.77
 129330.903   532.214    -9.79    7.18
 129707.918   526.785   -14.40    8.48
 130084.873   520.443   -16.82    8.70
 130461.768   515.160   -14.01    7.85
 130838.602   512.714    -6.49    9.08
 131215.376   514.025     3.48   11.67
 131592.090   516.539     6.67   13.12
 131968.744   519.046     6.65   12.09
 132345.338   516.817    -5.92   12.22
 132721.871   510.404   -17.03   13.78
 133098.345   502.466   -21.08   14.01
 133474.758   499.552    -7.74   13.50
 133851.112   497.818    -4.61   16.61
 134227.405   499.139     3.51   18.38
 134603.639   498.400    -1.96   19.84
 134979.812   496.742    -4.41   19.94
 135355.926   492.333   -11.72   21.13
 135731.980   486.792   -14.73   21.71
 136107.974   481.985   -12.78   20.97
 136483.908   477.525   -11.86   20.56
 136859.782   474.672    -7.59   21.01
 137235.597   470.187   -11.93   20.08
 137611.351   465.381   -12.79   17.73
 137987.047   459.428   -15.84   13.25
 138362.682   456.618    -7.48   10.63
 138738.258   455.666    -2.53   10.91
 139113.774   456.106     1.17   13.46
 139489.231   456.164     0.15   16.13
 139864.628   451.917   -11.31   15.86
 140239.966   448.637    -8.74   14.70
 140615.244   443.947   -12.50   11.97
 140990.462   441.969    -5.27   12.28
 141365.622   438.934    -8.09   12.59
 141740.721   435.917    -8.04   12.63
 142115.762   433.299    -6.98   12.13
 142490.743   430.662    -7.03   13.44
 142865.665   429.566    -2.92   14.46
 143240.527   427.672    -5.05   15.30
 143615.330   428.079     1.09   18.02
 143990.074   430.282     5.88   23.33
 144364.759   434.292    10.70   27.56
 144739.384   438.160    10.32   30.98
 145113.951   440.597     6.50   32.61
 145488.458   443.245     7.07   33.71
 145862.906   442.304    -2.52   33.30
 146237.296   439.019    -8.77   29.67
 146611.626   427.626   -30.43   27.03
 146985.897   411.539   -42.98   29.46
 147360.109   395.153   -43.78   21.05
 147734.262   390.059   -13.61   14.14
 148108.356   394.849    12.80   16.74
 148482.392   409.511    39.20   20.87
 148856.368   431.136    57.82   23.87
 149230.286   452.323    56.65   27.25
 149604.145   478.245    69.33   27.46
 149977.945   495.877    47.16   23.03
 150351.686   510.687    39.62   13.18
 150725.369   514.160     9.29   10.08
 151098.993   509.998   -11.14   14.83
 151472.558   498.580   -30.56   20.37
 151846.065   480.998   -47.07   24.62
 152219.513   461.440   -52.36   23.65
 152592.902   444.525   -45.29   21.37
 152966.233   432.967   -30.95   16.09
 153339.505   426.699   -16.79   20.20
 153712.719   421.848   -13.00   23.78
 154085.874   410.986   -29.10   26.03
 154458.971   396.910   -37.72   25.05
 154832.010   384.019   -34.55   23.37
 155204.990   377.719   -16.89   21.97
 155577.912   378.285     1.52   30.24
 155950.775   386.648    22.43   39.22
 156323.580   387.912     3.39   40.97
 156696.327   384.648    -8.75   43.69
 157069.016   373.125   -30.91   44.53
 157441.646   353.012   -53.97   45.57
 157814.219   331.032   -58.99   40.93
 158186.733   310.593   -54.86   30.25
 158559.189   300.579   -26.88   20.23
 158931.586   296.282   -11.54   15.57
 159303.926   297.823     4.14   17.42
 159676.208   297.755    -0.18   18.25
 160048.432   297.606    -0.40   19.05
 160420.597   296.605    -2.69   18.82
 160792.705   296.687     0.22   20.66
 161164.755   299.405     7.30   21.67
 161536.747   306.361    18.69   23.37
 161908.681   316.619    27.58   24.16
 162280.557   329.922    35.77   25.06
 162652.375   346.309    44.07   30.25
 163024.136   365.844    52.54   32.48
 163395.838   392.419    71.48   39.15
 163767.483   420.610    75.84   36.50
 164139.071   438.659    48.56   29.15
 164510.600   449.892    30.23   16.76
 164882.072   442.157   -20.82   22.17
 165253.487   429.906   -32.98   23.04
 165624.843   419.269   -28.64   23.17
 165996.142   413.951   -14.32   23.34
 166367.384   416.201     6.06   25.81
 166738.568   420.759    12.28   27.28
 167109.694   433.498    34.32   27.10
 167480.764   447.653    38.14   26.87
 167851.775   464.282    44.81   26.42
 168222.729   479.032    39.76   24.39
 168593.626   485.971    18.71   23.01
 168964.466   490.936    13.39   21.34
 169335.248   494.457     9.49   21.09
 169705.973   501.498    18.99   18.90
 170076.640   508.731    19.51   15.35
 170447.250   513.826    13.75   13.43
 170817.803   513.073    -2.03   15.59
 171188.299   508.192   -13.17   18.62
 171558.738   497.142   -29.83   23.15
 171929.119   483.717   -36.24   23.62
 172299.444   476.498   -19.49   23.40
 172669.711   483.087    17.79   29.18
 173039.921   497.498    38.92   32.04
 173410.075   519.125    58.42   28.49
 173780.171   531.404    33.17   23.38
 174150.210   543.685    33.19   15.66
 174520.192   547.085     9.19   11.55
 174890.118   545.850    -3.34   13.92
 175259.986   539.485   -17.20   18.72
 175629.798   527.470   -32.48   21.37
 175999.553   514.379   -35.40   23.68
 176369.250   498.402   -43.21   24.49
 176738.892   486.455   -32.31   22.57
 177108.476   482.909    -9.60   21.29
 177478.003   485.511     7.04   24.28
 177847.474   495.333    26.58   26.25
 178216.889   498.955     9.80   25.75
 178586.246   499.881     2.51   24.62
 178955.547   497.553    -6.30   24.54
 179324.791   498.566     2.74   25.53
 179693.979   499.858     3.50   27.02
 180063.110   504.963    13.83   25.80
 180432.185   506.358     3.78   23.96
 180801.203   513.210    18.56   23.72
 181170.165   518.983    15.64   23.70
 181539.070   525.826    18.55   21.24
 181907.919   528.775     7.99   21.01
 182276.711   529.402     1.70   19.63
 182645.447   527.142    -6.13   19.49
 183014.127   527.100    -0.11   19.76
 183382.750   528.443     3.64   19.53
 183751.317   532.909    12.11   18.43
 184119.828   537.676    12.93   17.33
 184488.283   541.374    10.04   16.46
 184856.681   541.539     0.45   16.04
 185225.024   539.854    -4.57   15.58
 185593.310   541.169     3.57   13.52
 185961.539   546.128    13.46   12.81
 186329.713   554.594    22.99   14.28
 186697.831   564.128    25.90   12.38
 187065.893   568.361    11.50    8.49
 187433.898   565.785    -7.00   11.39
 187801.848   560.059   -15.56   12.52
 188169.742   552.457   -20.66   12.19
 188538.941   548.032   -11.98   12.78
 188918.327   543.471   -12.02   14.04
 189297.654   536.568   -18.20   17.56
 189676.920   527.619   -23.59   23.19
 190056.127   514.951   -33.40   27.01
 190435.274   501.269   -36.08   28.79
 190814.361   485.858   -40.64   27.67
 191193.388   473.059   -33.76   26.13
 191572.355   462.511   -27.83   29.66
 191951.263   458.469   -10.67   35.11
 192330.111   451.087   -19.48   39.50
 192708.900   445.525   -14.68   40.73
 193087.628   429.863   -41.35   38.97
 193466.298   410.142   -52.07   30.86
 193844.907   395.659   -38.25   20.20
 194223.457   390.379   -13.94   11.26
 194601.948   401.662    29.80   21.92
 194980.379   425.648    63.37   34.04
 195358.751   453.758    74.28   42.14
 195737.063   484.032    80.01   41.99
 196115.316   507.164    61.14   38.83
 196493.509   524.374    45.50   34.57
 196871.644   536.967    33.30   29.78
 197249.718   546.228    24.49   25.40
 197627.734   557.715    30.38   23.06
 198005.690   564.992    19.25   19.45
 198383.587   570.394    14.29   17.93
 198761.425   568.142    -5.96   18.06
 199139.204   565.330    -7.44   15.46
 199516.924   565.635     0.81   11.40
 199894.584   564.676    -2.54    8.30
 200272.185   563.100    -4.17    9.27
 200649.728   563.251     0.40   10.74
 201027.211   567.122    10.25   12.22
 201404.635   574.052    18.36   11.80
 201782.001   579.877    15.43   10.59
 202159.307   578.725    -3.05   14.29
 202536.555   576.906    -4.82   16.42
 202913.743   575.363    -4.09   16.00
 203290.873   577.778     6.40   14.38
 203667.944   583.689    15.67   12.20
 204044.956   589.100    14.35    8.38
 204421.909   590.922     4.83    7.89
 204798.804   590.511    -1.09   13.25
 205175.640   587.116    -9.01   19.77
 205552.417   579.868   -19.24   27.76
 205929.136   567.696   -32.30   33.48
 206305.796   549.392   -48.59   35.22
 206682.397   528.642   -55.09   33.22
 207058.940   510.365   -48.53   27.90
 207435.424   495.655   -39.07   16.78
 207811.850   490.306   -14.21   12.99
 208188.217   493.651     8.89   21.10
 208564.525   502.813    24.34   29.48
 208940.776   513.356    28.02   32.99
 209316.968   518.142    12.72   30.35
 209693.101   513.758   -11.65   24.48
 210069.176   506.694   -18.78   20.50
 210445.193   496.279   -27.69   17.02
 210821.152   487.482   -23.39   15.79
 211197.052   476.525   -29.14   16.04
 211572.894   465.392   -29.62   16.62
 211948.678   452.565   -34.13   16.10
 212324.403   441.906   -28.36   11.38
 212700.071   434.944   -18.53    6.49
 213075.680   434.336    -1.62    7.39
 213451.231   443.635    24.76   17.86
 213826.725   461.018    46.29   27.18
 214202.160   480.648    52.28   30.07
 214577.537   501.261    54.90   28.81
 214952.856   515.635    38.29   26.08
 215328.117   524.648    24.02   20.27
 215703.320   526.553     5.07   13.87
 216078.466   522.950    -9.60   13.03
 216453.553   514.130   -23.51   16.05
 216828.583   499.444   -39.15   18.80
 217203.554   484.068   -41.00   17.93
 217578.468   470.472   -36.26   15.54
 217953.325   461.686   -23.43   10.18
 218328.123   459.025    -7.10    9.70
 218702.864   461.655     7.02   15.10
 219077.547   469.471    20.86   20.31
 219452.172   477.067    20.27   20.52
 219826.740   480.955    10.38   16.68
 220201.250   477.525    -9.16   15.55
 220575.702   467.928   -25.63   19.83
 220950.097   450.261   -47.18   22.89
 221324.435   433.622   -44.44   21.05
 221698.715   419.497   -37.73   13.33
 222072.937   411.680   -20.89    6.14
 222447.102   410.813    -2.32    4.85
 222821.210   414.853    10.80    9.68
 223195.260   426.635    31.49   18.70
 223569.253   443.626    45.42   24.22
 223943.189   468.933    67.67   34.11
 224317.067   497.377    76.06   36.52
 224690.888   525.863    76.19   34.49
 225064.652   547.215    57.12   20.32
 225438.358   554.053    18.29   12.09
 225812.007   550.428    -9.70   16.64
 226185.599   538.133   -32.90   24.08
 226559.134   520.823   -46.33   27.80
 226932.612   508.012   -34.29   24.37
 227306.033   499.772   -22.06   17.77
 227679.397   497.881    -5.06   14.23
 228052.703   501.100     8.62   14.15
 228425.953   505.470    11.71   14.17
 228799.145   510.174    12.60   13.55
 229172.281   513.664     9.35   13.85
 229545.360   517.498    10.27   11.75
 229918.382   520.637     8.42   10.72
 230291.347   525.289    12.47    9.76
 230664.255   531.975    17.93   10.96
 231037.106   540.525    22.93   13.39
 231409.901   551.465    29.34   15.33
 231782.638   562.066    28.43   17.44
 232155.319   575.774    36.78   20.06
 232527.943   587.133    30.48   19.14
 232900.511   593.980    18.37   14.84
 233273.022   591.958    -5.43   13.39
 233645.476   583.467   -22.79   15.52
 234017.874   576.769   -17.98   15.31
 234390.215   571.525   -14.08   16.19
 234762.499   568.306    -8.64   19.15
 235134.727   563.398   -13.18   21.30
 235506.899   557.484   -15.89   20.04
 235879.014   555.650    -4.93   16.86
 236251.072   560.100    11.96   17.13
 236623.074   570.251    27.28   16.67
 236995.020   573.840     9.65   16.87
 237366.909   571.265    -6.92   21.52
 237738.742   559.820   -30.77   25.44
 238110.519   542.744   -45.92   27.48
 238482.239   529.694   -35.10   24.12
 238853.903   523.251   -17.33   16.33
 239225.511   526.925     9.88   17.81
 239597.063   540.470    36.45   22.03
 239968.558   555.396    40.17   19.26
 240339.998   568.390    34.98   14.71
 240711.381   577.379    24.20   12.20
 241082.708   584.931    20.33   10.64
 241453.979   589.642    12.69   10.24
 241825.194   590.998     3.65   13.16
 242196.352   588.877    -5.71   17.88
 242567.455   584.402   -12.06   19.67
 242938.502   581.686    -7.32   19.78
 243309.493   583.621     5.21   19.55
 243680.428   588.421    12.94   20.41
 244051.307   594.384    16.07   20.42
 244422.130   603.282    23.99   20.81
 244792.898   611.692    22.68   22.00
 245163.609   626.975    41.22   26.51
 245534.265   639.635    34.15   27.50
 245904.865   658.454    50.77   27.45
 246275.409   680.079    58.35   34.40
 246645.897   710.011    80.77   38.61
 247016.330   741.728    85.60   46.64
 247386.707   790.136   130.67   58.53
 247757.029   835.552   122.61   62.65
 248127.295   876.567   110.74   47.41
 248497.505   899.469    61.85   28.27
 248867.660   907.275    21.08   19.05
 249237.759   898.358   -24.09   31.02
 249607.802   881.553   -45.40   41.47
 249977.790   861.201   -55.00   48.78
 250347.723   835.637   -69.09   50.85
 250717.600   812.694   -62.02   52.48
 251087.422   786.344   -71.23   48.27
 251457.189   770.778   -42.09   46.23
 251826.900   762.955   -21.15   39.56
 252196.555   773.761    29.22   36.64
 252566.156   793.333    52.94   35.62
 252935.701   809.356    43.35   27.86
 253305.191   805.813    -9.59   32.20
 253674.626   781.919   -64.66   48.50
 254044.005   743.224  -104.73   49.45
 254413.329   718.778   -66.17   37.37
 254782.598   720.868     5.66   43.99
 255151.812   738.053    46.54   48.27
 255520.971   750.361    33.33   41.32
 255890.075   750.039    -0.87   39.09
 256259.124   740.844   -24.91   39.18
 256628.117   740.553    -0.79   38.44
 256997.056   756.497    43.21   44.57
 257365.940   787.271    83.41   51.67
 257734.769   829.789   115.25   61.62
 258103.542   871.939   114.27   53.05
 258472.261   905.623    91.33   33.00
 258840.925   921.953    44.28   11.88
 259209.535   916.858   -13.82   19.30
 259578.089   901.510   -41.63   31.82
 259946.589   867.990   -90.94   47.02
 260315.033   833.910   -92.47   48.78
 260683.423   789.961  -119.27   45.43
 261051.759   758.996   -84.05   41.09
 261420.039   732.764   -71.21   39.39
 261788.265   718.510   -38.70   48.29
 262156.437   706.201   -33.43   52.41
 262524.553   695.133   -30.06   57.13
 262892.615   674.872   -55.03   51.78
 263260.623   654.988   -54.02   40.56
 263638.956   640.025   -39.54   29.88
 264018.160   629.789   -26.99   26.23
 264397.305   630.485     1.84   30.49
 264776.393   636.510    15.89   40.00
 265155.422   645.983    24.99   50.57
 265534.392   649.854    10.21   47.44
 265913.305   645.806   -10.68   39.46
 266292.160   636.114   -25.58   31.30
 266670.956   627.039   -23.95   25.09
 267049.694   612.998   -37.06   22.91
 267428.374   599.274   -36.23   24.26
 267806.996   577.863   -56.54   29.07
 268185.560   562.162   -41.47   26.82
 268564.066   553.705   -22.34   28.34
 268942.514   553.990     0.75   34.39
 269320.905   555.891     5.02   38.02
 269699.237   561.900    15.88   39.41
 270077.511   564.877     7.87   41.24
 270455.728   567.969     8.17   43.81
 270833.886   570.996     8.00   44.31
 271211.987   569.785    -3.20   40.70
 271590.030   557.452   -32.62   41.10
 271968.015   543.839   -36.01   34.81
 272345.943   524.896   -50.11   28.07
 272723.812   503.647   -56.22   26.24
 273101.625   480.414   -61.48   25.86
 273479.379   459.594   -55.10   23.70
 273857.076   441.900   -46.84   18.52
 274234.715   433.539   -22.14   14.39
 274612.297   432.358    -3.13   15.86
 274989.821   436.965    12.20   21.02
 275367.288   445.904    23.67   24.06
 275744.697   458.245    32.69   21.66
 276122.049   466.228    21.15   18.37
 276499.343   476.125    26.22   18.83
 276876.580   486.689    28.00   25.79
 277253.759   504.116    46.19   34.45
 277630.881   525.215    55.93   40.18
 278007.946   546.858    57.39   41.91
 278384.954   555.896    23.97   38.67
 278761.904   544.648   -29.83   43.33
 279138.797   519.259   -67.35   48.37
 279515.633   486.985   -85.63   46.68
 279892.411   456.568   -80.71   29.88
 280269.133   438.416   -48.17   29.59
 280645.797   423.367   -39.94   29.92
 281022.404   412.303   -29.37   28.04
 281398.954   407.872   -11.76   27.14
 281775.447   405.990    -5.00   23.34
 282151.883   405.792    -0.52   22.35
 282528.262   408.580     7.41   24.46
 282904.584   416.755    21.72   32.73
 283280.849   428.782    31.96   41.06
 283657.057   437.722    23.76   40.32
 284033.209   444.745    18.67   38.81
 284409.303   441.667    -8.18   31.68
 284785.341   442.259     1.57   30.10
 285161.321   454.178    31.69   35.32
 285537.245   466.439    32.61   39.72
 285913.112   484.053    46.85   43.38
 286288.923   506.162    58.82   46.72
 286664.677   533.622    73.06   51.24
 287040.374   569.817    96.31   47.96
 287416.014   586.004    43.08   39.45
 287791.598   588.594     6.89   37.51
 288167.125   581.796   -18.10   40.14
 288542.595   573.320   -22.57   38.72
 288918.009   579.627    16.80   39.31
 289293.367   596.633    45.30   44.10
 289668.668   615.598    50.52   38.59
 290043.912   624.025    22.45   31.44
 290419.100   622.655    -3.65   28.02
 290794.232   614.694   -21.22   24.32
 291169.307   601.370   -35.51   23.22
 291544.326   586.623   -39.31   20.06
 291919.289   569.088   -46.75   18.79
 292294.195   554.849   -37.97   18.78
 292669.045   545.609   -24.64   15.22
 293043.839   545.733     0.33   17.81
 293418.576   557.680    31.87   25.79
 293793.257   575.116    46.52   28.41
 294167.882   587.692    33.56   21.27
 294542.451   589.365     4.47   17.38
 294916.964   577.296   -32.22   22.37
 295291.420   560.509   -44.82   19.40
 295665.821   552.179   -22.24   12.90
 296040.165   551.375    -2.15   11.30
 296414.454   560.909    25.47   13.76
 296788.686   573.696    34.16   13.47
 297162.863   587.758    37.57   16.84
 297536.983   605.640    47.79   20.38
 297911.048   623.789    48.50   22.92
 298285.056   643.299    52.15   21.47
 298659.009   659.046    42.10   21.00
 299032.906   670.942    31.81   14.56
 299406.747   674.116     8.49   10.63
 299780.533   670.761    -8.97   12.76
 300154.262   663.597   -19.16   13.25
 300527.936   654.382   -24.65   14.22
 300901.554   646.703   -20.55   15.26
 301275.117   637.742   -23.98   16.43
 301648.623   627.554   -27.27   14.77
 302022.074   620.582   -18.66   15.32
 302395.470   608.789   -31.57   20.53
 302768.810   586.594   -59.43   35.44
 303142.094   559.597   -72.30   38.06
 303515.323   539.414   -54.06   26.77
 303888.496   534.482   -13.21   18.62
 304261.614   548.636    37.93   27.29
 304634.676   569.525    55.98   28.52
 305007.683   585.961    44.05   28.51
 305380.635   600.820    39.83   26.64
 305753.531   608.032    19.33   23.63
 306126.371   614.581    17.56   23.85
 306499.157   617.967     9.08   22.49
 306871.887   623.004    13.51   20.96
 307244.562   632.367    25.12   19.33
 307617.181   645.919    36.36   21.10
 307989.745   657.348    30.67   14.39
 308362.254   661.684    11.64    9.27
 308734.708   660.139    -4.15   11.66
 309107.107   655.061   -13.63   13.12
 309479.451   650.201   -13.05   17.83
 309851.739   640.088   -27.16   19.22
 310223.972   630.379   -26.08   20.22
 310596.151   621.886   -22.81   13.91
 310968.274   622.553     1.79   11.84
 311340.342   633.358    29.03   20.92
 311712.356   652.582    51.66   24.88
 312084.314   671.402    50.58   23.01
 312456.218   688.215    45.20   16.57
 312828.066   697.747    25.63   11.87
 313199.860   707.313    25.72   13.93
 313571.598   717.370    27.04   15.73
 313943.282   729.580    32.84   16.07
 314314.912   737.618    21.62   12.62
 314686.486   743.130    14.83    9.32
