-196217.658   354.889     0.00    8.07
-195852.346   349.567   -14.56    5.82
-195486.957   344.880   -12.83    6.47
-195121.490   339.826   -13.83    7.20
-194755.946   334.140   -15.55    8.23
-194390.325   328.268   -16.06    8.36
-194024.627   322.110   -16.84    6.74
-193658.851   318.293   -10.43    5.22
-193292.997   317.029    -3.46    4.32
-192927.067   316.755    -0.75    4.38
-192561.058   316.095    -1.80    5.38
-192194.972   313.343    -7.52    7.57
-191828.809   309.174   -11.38    8.87
-191462.568   304.885   -11.71    8.91
-191096.249   302.406    -6.77    8.30
-190729.852   300.591    -4.95    8.00
-190363.377   302.366     4.84    8.96
-189996.825   307.160    13.08   10.38
-189630.194   309.053     5.16   10.07
-189263.486   309.477     1.16   12.99
-188896.700   309.651     0.47   12.91
-188529.835   310.685     2.82   10.36
-188162.892   308.157    -6.89   10.57
-187795.872   303.798   -11.88   12.12
-187428.773   295.271   -23.22   12.04
-187061.595   289.208   -16.51   11.21
-186694.340   284.841   -11.89   10.64
-186327.006   284.151    -1.88    9.26
-185959.593   284.049    -0.28    8.92
-185592.102   281.293    -7.50   12.91
-185224.533   278.640    -7.22   15.48
-184856.885   270.422   -22.35   17.14
-184489.158   267.033    -9.21   14.89
-184121.353   270.203     8.62   14.88
-183753.469   273.238     8.25   14.55
-183385.506   278.174    13.41   12.54
-183017.465   281.348     8.62   11.56
-182649.344   282.372     2.78   11.67
-182281.145   282.789     1.13    9.29
-181912.866   284.083     3.51    8.08
-181544.509   284.987     2.45    7.28
-181176.073   288.679    10.02    8.64
-180807.557   293.573    13.28    6.84
-180438.962   296.659     8.37    5.64
-180070.288   297.823     3.16    4.91
-179701.535   299.936     5.73    4.72
-179332.702   302.356     6.56    4.70
-178963.790   306.205    10.43    5.88
-178594.799   309.384     8.62    5.52
-178225.728   312.081     7.31    3.63
-177856.577   311.838    -0.66    4.14
-177487.347   309.932    -5.16    5.36
-177118.038   308.788    -3.10    5.73
-176748.648   308.869     0.22    5.61
-176379.179   310.314     3.91    6.60
-176009.630   313.258     7.97    7.46
-175640.002   319.258    16.23    7.18
-175270.293   325.790    17.67    8.60
-174900.505   332.887    19.19    9.70
-174530.636   339.225    17.13    9.06
-174160.687   345.605    17.25    7.68
-173790.659   351.108    14.87    7.64
-173420.550   356.040    13.33    6.35
-173050.361   360.948    13.25    6.96
-172680.092   363.188     6.05    6.82
-172309.742   367.881    12.67    7.57
-171939.312   371.982    11.07    9.15
-171568.802   376.308    11.67    8.49
-171198.211   381.497    14.00    7.65
-170827.540   387.250    15.52    8.93
-170456.788   393.316    16.36    9.61
-170085.955   400.040    18.13    7.37
-169715.042   404.868    13.01    6.84
-169344.049   408.887    10.83    7.48
-168972.974   414.218    14.36   10.08
-168601.819   420.926    18.07   10.81
-168230.582   428.253    19.73   10.03
-167859.265   433.758    14.82    9.75
-167487.867   439.628    15.80    9.57
-167116.388   443.977    11.71    9.26
-166744.827   450.887    18.59    7.81
-166373.186   456.278    14.50    9.56
-166001.463   462.051    15.53   10.14
-165629.659   467.148    13.71    7.84
-165257.774   470.529     9.09    6.28
-164885.808   471.032     1.35    5.88
-164513.760   471.212     0.48    5.57
-164141.630   468.881    -6.26    7.20
-163769.420   464.588   -11.53    8.15
-163397.127   459.689   -13.16    7.36
-163024.753   456.174    -9.44    5.82
-162652.297   452.405   -10.12    8.47
-162279.760   449.548    -7.67    8.40
-161907.141   446.914    -7.07    8.63
-161534.440   443.598    -8.90    7.86
-161161.657   436.723   -18.44   13.25
-160788.792   421.982   -39.53   21.35
-160415.846   411.002   -29.44   18.16
-160042.817   404.308   -17.94   14.19
-159669.706   399.631   -12.53   11.04
-159296.513   396.448    -8.53    9.94
-158923.238   385.702   -28.79   14.63
-158549.880   372.957   -34.13   18.51
-158176.440   364.398   -22.92   18.43
-157802.918   355.053   -25.01   17.71
-157429.314   352.275    -7.43   17.89
-157055.627   351.804    -1.26   17.15
-156681.857   351.904     0.27   15.21
-156308.005   348.444    -9.25   14.73
-155934.070   344.112   -11.58   16.25
-155560.053   340.269   -10.27   15.26
-155185.953   339.498    -2.06   15.63
-154811.770   341.157     4.43   18.36
-154437.504   335.780   -14.36   21.81
-154063.155   328.885   -18.42   23.22
-153688.724   317.230   -31.12   24.41
-153314.209   305.181   -32.17   22.78
-152939.611   289.316   -42.35   20.14
-152564.931   276.428   -34.39   16.94
-152190.167   264.048   -33.03   13.14
-151815.319   254.790   -24.69   11.09
-151440.389   246.273   -22.72    7.90
-151065.375   240.359   -15.77    8.59
-150690.278   233.101   -19.35   10.32
-150315.097   225.417   -20.48   11.74
-149939.833   218.242   -19.12   10.58
-149564.485   212.698   -14.77    9.87
-149189.054   210.127    -6.85   10.56
-148813.539   213.884    10.00   14.45
-148437.940   218.359    11.91   16.23
-148062.258   224.369    16.00   14.83
-147686.492   230.799    17.11    9.69
-147310.642   231.628     2.20    6.94
-146934.707   227.222   -11.72   10.59
-146558.689   218.042   -24.41   13.18
-146182.587   210.205   -20.84   10.67
-145806.401   204.902   -14.10    7.57
-145430.130   201.628    -8.70    5.37
-145053.776   200.114    -4.02    3.95
-144677.337   197.258    -7.59    4.61
-144300.814   193.374   -10.31    4.76
-143924.206   190.619    -7.31    4.38
-143547.514   187.059    -9.45    4.11
-143170.737   183.648    -9.05    5.67
-142793.876   179.487   -11.04    5.96
-142416.930   175.448   -10.72    6.74
-142039.900   169.880   -14.77    7.68
-141662.785   164.358   -14.64    8.42
-141285.585   158.674   -15.07    7.33
-140908.300   153.408   -13.96    7.31
-140530.931   149.051   -11.54    6.49
-140153.476   145.268   -10.02    5.89
-139775.936   141.476   -10.04    5.34
-139398.312   139.033    -6.47    4.72
-139020.602   137.486    -4.09    3.22
-138642.807   136.708    -2.06    2.07
-138264.927   136.518    -0.50    1.76
-137886.962   136.458    -0.16    1.84
-137508.911   135.375    -2.86    3.66
-137130.775   133.378    -5.28    5.01
-136752.553   130.588    -7.37    6.12
-136374.246   124.788   -15.33   10.68
-135995.853   118.938   -15.46   13.28
-135617.375   110.938   -21.14   17.03
-135238.810   103.314   -20.14   16.71
-134860.161    96.838   -17.10   14.45
-134481.425    94.288    -6.73   11.04
-134102.604    91.948    -6.18    7.26
-133723.696    92.184     0.62    7.34
-133344.703    91.322    -2.28    8.23
-132965.623    91.398     0.20    8.21
-132586.458    92.686     3.40    9.54
-132207.206    96.898    11.10   12.92
-131827.868   108.922    31.69   22.93
-131448.444   123.418    38.20   27.85
-131068.934   141.497    47.64   29.80
-130689.337   158.195    43.98   31.15
-130309.654   178.215    52.72   28.52
-129929.884   192.841    38.51   24.30
-129550.028   206.202    35.17   24.64
-129170.085   218.718    32.94   27.08
-128790.055   238.140    51.10   28.69
-128409.939   257.577    51.13   27.75
-128029.736   273.906    42.94   20.15
-127649.446   281.636    20.33   14.01
-127269.069   285.951    11.34   10.36
-126888.605   286.725     2.04    9.11
-126508.055   286.664    -0.16    8.49
-126127.417   287.214     1.44    8.57
-125746.692   290.528     8.71    9.45
-125365.879   294.419    10.21   13.40
-124984.980   301.706    19.13   15.80
-124603.993   310.674    23.54   15.34
-124222.919   318.174    19.68   14.97
-123841.757   323.320    13.50   12.69
-123460.508   328.174    12.73    8.46
-123079.171   329.151     2.56    5.64
-122702.124   328.497    -1.74    5.26
-122337.280   325.567    -8.03    5.73
-121972.357   322.265    -9.05    5.65
-121607.356   318.888    -9.25    5.34
-121242.276   315.250    -9.96    5.99
-120877.117   310.895   -11.92    5.00
-120511.878   307.597    -9.03    5.39
-120146.561   303.268   -11.85    4.71
-119781.165   299.165   -11.23    5.51
-119415.690   295.720    -9.42    5.88
-119050.135   291.676   -11.06    6.83
-118684.501   289.280    -6.55    7.77
-118318.788   285.957    -9.09    8.71
-117952.996   283.165    -7.63    8.93
-117587.124   281.297    -5.10    8.87
-117221.173   278.948    -6.42    7.04
-116855.142   276.962    -5.42    6.83
-116489.032   273.228   -10.20    8.40
-116122.842   271.938    -3.52    7.89
-115756.573   274.209     6.20    9.43
-115390.223   280.052    15.95   11.28
-115023.795   287.551    20.46    8.31
-114657.286   292.919    14.65    5.26
-114290.697   296.028     8.48    4.99
-113924.029   299.144     8.50    5.19
-113557.281   302.608     9.44    5.30
-113190.452   306.334    10.16    4.73
-112823.544   310.782    12.12    5.88
-112456.555   315.737    13.50    7.80
-112089.486   322.848    19.37    9.84
-111722.338   327.858    13.64    7.97
-111355.108   330.171     6.30    5.49
-110987.799   329.300    -2.37    6.67
-110620.409   325.079   -11.49    7.48
-110252.939   320.290   -13.03    8.42
-109885.388   314.776   -15.00    8.42
-109517.757   307.792   -19.00    9.22
-109150.045   302.273   -15.01    8.61
-108782.253   297.253   -13.65    7.15
-108414.379   294.341    -7.91    5.37
-108046.426   293.801    -1.47    5.78
-107678.391   293.008    -2.15    6.24
-107310.275   292.643    -0.99    6.63
-106942.079   293.300     1.78    7.09
-106573.802   291.539    -4.78    8.02
-106205.443   290.037    -4.08    9.39
-105837.004   288.191    -5.01   10.23
-105468.484   285.958    -6.06    9.87
-105099.882   287.389     3.88   14.79
-104731.199   294.685    19.79   22.62
-104362.435   305.527    29.40   25.61
-103993.590   315.551    27.17   21.20
-103624.663   318.106     6.93   15.22
-103255.655   317.028    -2.92   11.18
-102886.565   309.538   -20.29   10.14
-102517.394   301.898   -20.69    6.17
-102148.141   296.033   -15.88    6.03
-101778.806   290.615   -14.67    6.81
-101409.390   284.446   -16.70    7.94
-101039.893   275.047   -25.44   12.79
-100670.313   265.820   -24.96   14.52
-100300.651   254.910   -29.51   14.09
 -99930.908   245.851   -24.50   11.17
 -99561.083   236.419   -25.50   12.91
 -99191.175   227.765   -23.39   14.74
 -98821.186   216.844   -29.51   13.16
 -98451.114   207.498   -25.25   11.93
 -98080.961   198.069   -25.47   10.48
 -97710.725   188.894   -24.78    9.80
 -97340.406   180.695   -22.14    7.84
 -96970.006   173.488   -19.46    8.12
 -96599.523   168.188   -14.31    7.92
 -96228.957   164.815    -9.10    5.36
 -95858.310   162.841    -5.32    5.28
 -95487.579   160.814    -5.47    6.60
 -95116.766   159.086    -4.66    7.15
 -94745.870   156.497    -6.98    6.86
 -94374.892   153.596    -7.82    6.11
 -94003.831   151.215    -6.42    6.84
 -93632.687   148.165    -8.22    5.81
 -93261.460   146.134    -5.47    4.33
 -92890.150   149.666     9.51    9.30
 -92518.757   159.410    26.23   16.53
 -92147.281   172.864    36.22   17.49
 -91775.722   182.880    26.96   12.85
 -91404.080   188.268    14.50    6.05
 -91032.354   187.139    -3.04    6.16
 -90660.546   184.497    -7.10    6.41
 -90288.654   181.478    -8.12    5.07
 -89916.679   179.700    -4.78    3.17
 -89544.620   180.725     2.76    3.71
 -89172.477   179.782    -2.53    5.36
 -88800.252   180.418     1.71    8.00
 -88427.942   186.886    17.37   14.11
 -88055.549   196.409    25.57   16.98
 -87683.072   207.275    29.17   14.51
 -87310.512   217.099    26.37    8.50
 -86937.867   220.782     9.88    8.60
 -86565.139   225.987    13.96    7.06
 -86192.327   229.280     8.83    4.59
 -85819.431   230.578     3.48    4.39
 -85446.451   231.834     3.37    4.43
 -85073.386   232.704     2.33    3.90
 -84700.238   232.358    -0.93    4.20
 -84327.005   230.100    -6.05    4.90
 -83953.688   225.755   -11.64    4.97
 -83580.287   223.979    -4.76    4.16
 -83206.801   223.147    -2.23    4.13
 -82833.231   222.517    -1.68    4.22
 -82459.576   221.893    -1.67    4.51
 -82085.837   218.567    -8.90    4.61
 -81712.013   214.760   -10.18    4.88
 -81338.105   210.410   -11.63    5.36
 -80964.112   206.248   -11.13    5.38
 -80590.034   201.625   -12.36    5.50
 -80215.871   197.824   -10.16    5.30
 -79841.623   193.230   -12.27    5.40
 -79467.291   187.919   -14.19    6.57
 -79092.873   182.215   -15.24    7.11
 -78718.370   176.978   -13.98    6.80
 -78343.782   171.278   -15.22    6.06
 -77969.109   165.230   -16.14    6.96
 -77594.351   158.069   -19.11    8.28
 -77219.508   146.488   -30.89   15.60
 -76844.579   134.075   -33.11   18.51
 -76469.564   118.910   -40.44   19.07
 -76094.464   108.768   -27.04   12.86
 -75719.279   113.954    13.82   22.36
 -75344.008   127.168    35.21   29.13
 -74968.652   147.808    54.98   29.02
 -74593.209   165.668    47.57   19.13
 -74217.681   175.958    27.40    7.50
 -73842.068   180.284    11.52    5.93
 -73466.368   184.686    11.71    9.95
 -73090.582   190.566    15.65   12.50
 -72714.711   195.613    13.43   11.04
 -72338.753   196.152     1.43    9.22
 -71962.709   191.956   -11.16   10.11
 -71586.579   185.119   -18.17    8.70
 -71210.363   179.316   -15.43    7.64
 -70834.060   177.106    -5.87    8.61
 -70457.672   176.245    -2.29    9.85
 -70081.196   173.557    -7.14    9.51
 -69704.635   170.568    -7.94    7.76
 -69327.987   168.527    -5.42    5.42
 -68951.252   167.411    -2.96    4.41
 -68574.431   168.181     2.04    4.08
 -68197.522   169.644     3.88    3.66
 -67820.528   171.048     3.72    3.53
 -67443.446   170.733    -0.83    3.73
 -67066.277   168.068    -7.07    5.68
 -66689.022   163.469   -12.19    6.78
 -66311.680   158.599   -12.91    5.75
 -65934.250   154.258   -11.50    4.90
 -65556.734   151.327    -7.76    3.35
 -65179.130   148.413    -7.72    4.50
 -64801.439   145.539    -7.61    5.80
 -64423.661   142.090    -9.13    6.00
 -64045.795   138.376    -9.83    4.09
 -63667.842   135.964    -6.38    3.41
 -63289.801   134.306    -4.39    3.69
 -62911.673   131.645    -7.04    4.37
 -62533.458   129.407    -5.92    4.83
 -62155.155   126.595    -7.43    5.42
 -61776.764   124.577    -5.33    5.06
 -61398.285   122.799    -4.70    4.38
 -61019.718   121.141    -4.38    4.68
 -60641.064   116.723   -11.67    8.65
 -60262.322   109.646   -18.68   11.93
 -59883.491   100.666   -23.70   12.39
 -59504.573    92.838   -20.66   10.87
 -59125.566    85.230   -20.07    7.66
 -58746.472    81.354   -10.23    6.25
 -58367.289    81.649     0.78   11.17
 -57988.017    83.135     3.92   15.34
 -57608.658    84.910     4.68   17.17
 -57229.210    86.275     3.60   16.92
 -56849.673    88.245     5.19   14.62
 -56470.048    91.178     7.72   12.05
 -56090.334    95.293    10.84   12.66
 -55710.532   102.765    19.67   13.27
 -55330.640   109.866    18.69    9.95
 -54950.660   115.061    13.67   11.37
 -54570.592   120.722    14.89   11.65
 -54190.434   124.763    10.63   10.46
 -53810.187   126.702     5.10    8.10
 -53429.851   123.623    -8.09    7.64
 -53049.427   120.642    -7.84    6.59
 -52668.913   119.988    -1.72    8.17
 -52288.309   119.610    -0.99    8.08
 -51907.617   119.113    -1.30    6.44
 -51526.835   117.230    -4.94    4.38
 -51145.964   115.100    -5.59    3.26
 -50765.003   112.890    -5.80    3.12
 -50383.952   111.430    -3.83    3.37
 -50002.812   109.798    -4.28    3.88
 -49621.583   108.576    -3.21    3.63
 -49240.264   110.741     5.68    7.22
 -48858.855   116.815    15.93   10.04
 -48477.356   123.380    17.21    9.33
 -48095.767   127.008     9.51    6.86
 -47729.240   124.772    -6.10    9.97
 -47364.559   116.998   -21.32   14.69
 -46999.799   107.431   -26.23   14.82
 -46634.957    97.742   -26.55    8.99
 -46270.035    91.908   -15.99    5.61
 -45905.032    87.148   -13.04    6.12
 -45539.948    81.243   -16.18    8.79
 -45174.784    76.075   -14.15    8.36
 -44809.538    71.876   -11.50    5.27
 -44444.212    69.661    -6.06    4.07
 -44078.804    67.258    -6.58    5.12
 -43713.316    63.181   -11.15    7.20
 -43347.746    59.286   -10.65    6.83
 -42982.095    55.824    -9.47    3.96
 -42616.363    53.799    -5.54    4.27
 -42250.549    51.487    -6.32    5.26
 -41884.655    48.380    -8.49    6.26
 -41518.679    45.978    -6.56    5.44
 -41152.621    47.624     4.50    8.63
 -40786.482    54.212    17.99   14.55
 -40420.261    63.355    24.96   16.00
 -40053.959    71.051    21.01   13.47
 -39687.575    74.815    10.27    7.64
 -39321.109    74.983     0.46    4.72
 -38954.562    73.949    -2.82    3.60
 -38587.932    73.068    -2.40    3.88
 -38221.221    71.911    -3.15    4.48
 -37854.428    70.865    -2.85    5.79
 -37487.553    66.844   -10.96    9.05
 -37120.596    61.906   -13.46   10.94
 -36753.557    56.537   -14.63   11.13
 -36386.435    51.974   -12.43    8.38
 -36019.232    49.558    -6.58    4.60
 -35651.946    50.942     3.77    4.42
 -35284.577    54.436     9.51    5.09
 -34917.127    58.681    11.55    6.61
 -34549.594    59.694     2.76    9.93
 -34181.978    58.304    -3.78   12.78
 -33814.280    59.383     2.93   12.14
 -33446.500    61.158     4.83   10.22
 -33078.636    61.190     0.09    7.44
 -32710.690    60.038    -3.13    5.44
 -32342.661    55.017   -13.64    8.29
 -31974.550    50.488   -12.30    8.94
 -31606.355    46.812    -9.99    8.27
 -31238.078    44.682    -5.78    5.51
 -30869.718    42.649    -5.52    3.34
 -30501.274    43.207     1.51    3.23
 -30132.748    44.366     3.15    2.96
 -29764.138    43.595    -2.09    2.93
 -29395.445    41.478    -5.74    4.19
 -29026.669    38.246    -8.77    5.81
 -28657.809    35.717    -6.85    6.34
 -28288.867    33.838    -5.09    6.04
 -27919.840    30.898    -7.97    5.88
 -27550.731    27.487    -9.24    5.89
 -27181.537    25.094    -6.48    4.81
 -26812.260    23.772    -3.58    3.66
 -26442.900    23.772     0.00    3.64
 -26073.455    24.265     1.33    3.64
 -25703.927    24.745     1.30    3.35
 -25334.316    24.584    -0.44    2.77
 -24964.620    24.263    -0.87    2.30
 -24594.840    23.184    -2.92    3.16
 -24224.976    21.236    -5.27    4.58
 -23855.029    17.479   -10.15    5.84
 -23484.997    14.877    -7.03    4.73
 -23114.881    14.221    -1.77    3.95
 -22744.681    15.955     4.69    5.49
 -22374.396    19.334     9.13    6.82
 -22004.027    23.355    10.86    8.96
 -21633.574    26.072     7.33    9.33
 -21263.036    25.911    -0.43   10.04
 -20892.414    24.207    -4.60   11.20
 -20521.707    23.204    -2.71   11.62
 -20150.916    21.336    -5.04   11.49
 -19780.040    21.795     1.24   11.33
 -19409.079    24.545     7.41   11.56
 -19038.034    27.693     8.48   10.46
 -18666.903    31.460    10.15    8.70
 -18295.688    34.429     8.00    6.58
 -17924.388    34.041    -1.05    6.80
 -17553.002    33.222    -2.21    8.02
 -17181.532    33.381     0.43    9.09
 -16809.976    33.130    -0.68    9.14
 -16438.336    32.397    -1.97    9.30
 -16066.610    31.055    -3.61    9.42
 -15694.798    28.232    -7.59    7.93
 -15322.902    25.955    -6.12    5.41
 -14950.920    24.914    -2.80    3.74
 -14578.852    25.673     2.04    5.47
 -14206.699    26.508     2.24    8.71
 -13834.460    23.566    -7.90   13.28
 -13462.136    16.989   -17.66   15.00
 -13089.725     9.528   -20.03   11.63
 -12717.230     8.158    -3.68    7.59
 -12344.648    14.069    15.86   11.40
 -11971.980    22.488    22.59   16.55
 -11599.227    29.686    19.31   18.65
 -11226.387    32.556     7.70   21.08
 -10853.461    32.721     0.44   23.07
 -10480.449    28.296   -11.86   23.35
 -10107.351    25.489    -7.52   21.11
  -9734.167    26.834     3.61   19.71
  -9360.896    34.393    20.25   21.86
  -8987.540    50.651    43.54   20.93
  -8614.096    67.225    44.38   16.18
  -8240.566    74.854    20.43   13.18
  -7866.950    79.117    11.41   16.89
  -7493.247    81.605     6.66   20.61
  -7119.457    84.556     7.89   22.99
  -6745.581    92.139    20.28   18.74
  -6371.618    94.343     5.89   13.44
  -5997.568    94.488     0.39    9.22
  -5623.431    91.895    -6.93   10.54
  -5249.207    87.993   -10.43   10.25
  -4874.896    83.048   -13.21   11.11
  -4500.498    74.923   -21.70   13.82
  -4126.013    67.974   -18.56   19.62
  -3751.440    60.860   -18.99   27.82
  -3376.781    53.354   -20.03   35.57
  -3002.034    44.110   -24.67   40.49
  -2627.199    30.178   -37.17   38.87
  -2252.278    18.062   -32.31   31.53
  -1877.268     7.431   -28.35   20.14
  -1502.171     2.092   -14.23   10.64
  -1126.987    -0.492    -6.89    0.00
   -751.715    -0.492     0.00    0.00
   -376.355    -0.492     0.00    0.00
     -0.907    -0.492     0.00    0.00
    374.628    -0.492     0.00    0.00
    750.252    -0.492     0.00    0.00
   1125.964    -0.492     0.00    0.00
   1501.763    -0.435     0.15    0.41
   1877.651     1.094     4.07    4.91
   2253.627     3.575     6.60    6.85
   2629.691     6.429     7.59    6.77
   3005.843     8.498     5.50    6.07
   3382.084     9.418     2.44    5.58
   3758.413     9.262    -0.41    5.97
   4134.831     9.304     0.11    6.70
   4511.337    10.187     2.35    9.09
   4887.932    11.973     4.74   11.58
   5264.615    14.199     5.91   12.52
   5641.387    16.142     5.16   12.16
   6018.248    19.489     8.88   10.80
   6395.198    19.917     1.14    8.31
   6772.237    19.927     0.03    5.24
   7149.365    19.193    -1.94    4.56
   7526.581    18.925    -0.71    4.40
   7903.887    18.012    -2.42    5.20
   8281.282    16.508    -3.99    6.59
   8658.767    15.310    -3.17    8.32
   9036.340    13.798    -4.00    8.59
   9414.003    12.602    -3.17    8.16
   9791.755    11.946    -1.74    7.74
  10169.597    11.687    -0.69    7.49
  10547.528    11.706     0.05    7.51
  10925.549    13.517     4.79    7.24
  11303.660    16.879     8.89    5.54
  11681.860    20.498     9.57    3.63
  12060.150    22.070     4.15    2.75
  12438.530    22.800     1.93    2.68
  12817.000    23.027     0.60    3.11
  13195.560    22.412    -1.62    3.24
  13574.210    21.831    -1.53    3.62
  13952.950    20.022    -4.78    3.84
  14331.780    18.093    -5.09    3.29
  14710.700    15.988    -5.55    2.29
  15089.711    14.904    -2.86    2.71
  15468.812    14.718    -0.49    3.70
  15848.004    15.008     0.76    3.94
  16227.285    15.661     1.72    3.20
  16606.658    15.715     0.14    2.87
  16986.121    15.202    -1.35    2.33
  17365.675    14.424    -2.05    2.42
  17745.319    13.716    -1.86    3.18
  18125.055    11.563    -5.67    4.56
  18504.881     9.306    -5.94    4.28
  18884.798     7.187    -5.58    3.98
  19264.806     5.517    -4.39    3.87
  19644.905     3.602    -5.04    3.54
  20025.096     2.291    -3.45    2.75
  20405.377     1.130    -3.05    1.10
  20785.750     1.003    -0.33    0.90
  21166.214     1.758     1.98    1.49
  21546.770     2.536     2.05    1.57
  21927.417     3.282     1.96    1.61
  22308.155     4.781     3.94    3.41
  22688.985     7.575     7.34    5.59
  23069.907    11.079     9.20    6.22
  23450.920    15.086    10.52    5.01
  23832.025    17.950     7.51    2.98
  24213.222    19.566     4.24    1.97
  24594.511    20.876     3.43    2.24
  24975.892    21.681     2.11    2.67
  25357.365    21.753     0.19    2.99
  25738.930    20.753    -2.62    3.77
  26120.587    18.784    -5.16    4.15
  26502.337    16.885    -4.97    3.26
  26875.384    16.563    -0.86    2.90
  27239.820    17.784     3.35    2.66
  27604.339    20.031     6.17    3.12
  27968.941    22.265     6.13    3.19
  28333.625    24.069     4.95    2.63
  28698.391    25.676     4.41    2.68
  29063.240    27.246     4.30    2.85
  29428.172    29.253     5.50    3.34
  29793.187    31.894     7.24    4.11
  30158.284    35.320     9.38    4.64
  30523.464    39.386    11.14    5.42
  30888.727    43.354    10.86    4.76
  31254.072    46.612     8.92    3.37
  31619.501    48.583     5.39    3.16
  31985.013    48.668     0.23    4.43
  32350.608    47.248    -3.88    5.40
  32716.286    46.372    -2.40    5.75
  33082.047    48.206     5.01    6.19
  33447.892    51.651     9.42    6.75
  33813.820    56.459    13.14    5.91
  34179.831    61.040    12.52    4.96
  34545.926    64.788    10.24    4.52
  34912.104    67.847     8.36    3.70
  35278.366    69.847     5.46    2.81
  35644.711    72.171     6.34    2.84
  36011.140    74.743     7.02    4.03
  36377.653    77.385     7.21    5.01
  36744.249    80.349     8.08    4.86
  37110.930    82.784     6.64    4.59
  37477.694    84.206     3.88    4.95
  37844.542    84.087    -0.32    5.92
  38211.474    83.112    -2.66    6.58
  38578.491    82.603    -1.39    5.96
  38945.591    82.389    -0.58    4.90
  39312.775    83.592     3.28    4.59
  39680.044    85.272     4.57    3.69
  40047.397    86.555     3.49    3.18
  40414.835    86.897     0.93    3.05
  40782.357    87.548     1.77    2.86
  41149.963    88.184     1.73    3.07
  41517.654    89.104     2.50    3.22
  41885.429    91.171     5.62    4.42
  42253.289    93.734     6.97    5.09
  42621.234    97.086     9.11    4.52
  42989.263    98.975     5.13    3.63
  43357.377   100.027     2.86    2.68
  43725.577   100.876     2.30    2.88
  44093.861   101.810     2.54    3.57
  44462.230   103.604     4.87    3.98
  44830.684   104.989     3.76    3.84
  45199.223   105.310     0.87    4.12
  45567.847   106.184     2.37    3.89
  45936.557   107.421     3.36    3.56
  46305.352   109.199     4.82    3.61
  46674.232   111.442     6.08    3.65
  47043.198   114.315     7.79    3.46
  47412.249   115.695     3.74    3.66
  47781.385   115.565    -0.35    4.82
  48150.608   114.106    -3.95    5.39
  48519.915   112.508    -4.33    5.49
  48889.309   110.774    -4.69    5.05
  49258.788   109.470    -3.53    4.61
  49628.353   109.803     0.90    4.58
  49998.004   111.063     3.41    3.46
  50367.741   109.945    -3.03    4.69
  50737.564   108.121    -4.93    5.09
  51107.473   107.134    -2.67    6.05
  51477.468   108.327     3.22    8.51
  51847.549   112.610    11.58   10.73
  52217.716   120.181    20.45    9.85
  52587.970   126.258    16.41    8.40
  52958.310   130.960    12.70    5.66
  53328.736   132.423     3.95    5.44
  53699.249   129.975    -6.61    8.75
  54069.848   125.913   -10.96   11.39
  54440.534   119.928   -16.15   14.38
  54811.307   114.661   -14.21   16.97
  55182.166   113.647    -2.74   15.46
  55553.112   115.277     4.40   12.31
  55924.145   116.234     2.58    9.14
  56295.265   118.835     7.01    6.90
  56666.472   119.489     1.76    5.22
  57037.766   117.141    -6.32    6.96
  57409.146   113.225   -10.54   10.59
  57780.614   106.209   -18.89   13.14
  58152.169    92.767   -36.18   20.15
  58523.812    75.885   -45.43   28.25
  58895.542    58.451   -46.90   33.16
  59267.359    39.526   -50.90   28.17
  59639.263    27.083   -33.46   17.25
  60011.255    23.946    -8.43   13.20
  60383.335    29.124    13.92   17.00
  60755.502    34.508    14.46   21.17
  61127.757    39.572    13.61   24.51
  61500.099    40.659     2.92   26.31
  61872.530    38.887    -4.76   25.12
  62245.048    35.149   -10.04   21.15
  62617.654    31.960    -8.56   15.39
  62990.348    29.405    -6.86   10.77
  63363.130    28.622    -2.10    8.96
  63736.001    28.287    -0.90    9.65
  64108.959    28.439     0.41   10.91
  64482.006    26.737    -4.56   11.68
  64855.141    23.661    -8.24   10.45
  65228.364    20.844    -7.55    7.65
  65601.676    19.230    -4.32    4.70
  65975.076    19.593     0.97    3.61
  66348.565    21.535     5.20    2.48
  66722.143    22.765     3.29    0.96
  67095.809    22.934     0.45    1.40
  67469.563    23.038     0.28    2.76
  67843.407    24.297     3.37    5.08
  68217.339    26.432     5.71    7.39
  68591.361    30.096     9.80    9.38
  68965.471    33.601     9.37    9.72
  69339.671    36.762     8.45    8.97
  69713.959    39.581     7.53    8.87
  70088.337    42.407     7.55    9.20
  70462.804    45.433     8.08    8.97
  70837.360    47.957     6.74    7.50
  71212.005    48.920     2.57    6.13
  71586.740    49.300     1.01    6.53
  71961.565    48.349    -2.54    8.97
  72336.479    46.776    -4.19   11.00
  72711.482    41.736   -13.44   13.10
  73086.576    36.887   -12.93   12.10
  73461.759    32.663   -11.26    8.21
  73837.031    32.544    -0.32    7.91
  74212.394    36.032     9.29   10.12
  74587.847    45.535    25.31   14.68
  74963.389    57.231    31.15   16.41
  75339.022    70.906    36.41   14.81
  75714.745    81.810    29.02   12.29
  76090.558    92.433    28.27   11.76
  76466.461    99.656    19.22   10.14
  76842.455   105.168    14.66    6.59
  77218.538   104.657    -1.36    7.82
  77594.713   101.392    -8.68   10.46
  77970.978    97.313   -10.84    9.81
  78347.333    95.411    -5.05    7.33
  78723.779    99.582    11.08    9.45
  79100.316   105.975    16.98   13.02
  79476.943   115.424    25.09   15.87
  79853.662   122.349    18.38   14.08
  80230.471   127.003    12.35   12.34
  80607.371   126.804    -0.53   11.18
  80984.362   125.762    -2.76    7.68
  81361.445   124.985    -2.06    4.55
  81738.618   126.949     5.21    4.22
  82115.883   129.424     6.56    4.30
  82493.239   131.569     5.68    4.33
  82870.686   132.508     2.49    3.46
  83248.225   131.945    -1.49    4.34
  83625.855   129.297    -7.01    7.60
  84003.577   125.772    -9.33    9.64
  84381.391   119.961   -15.38   10.55
  84759.296   115.134   -12.78   10.87
  85137.292   108.050   -18.74   11.79
  85515.381   101.258   -17.97   11.96
  85893.562    93.753   -19.85   10.40
  86271.834    88.218   -14.63    9.42
  86650.198    82.159   -16.02    7.27
  87028.655    78.387    -9.97    5.51
  87407.204    77.181    -3.19    4.87
  87785.845    80.944     9.94    8.71
  88164.578    87.051    16.12   10.72
  88543.403    94.728    20.27   10.23
  88922.321   101.546    17.99    7.15
  89301.332   106.026    11.82    4.92
  89680.435   108.915     7.62    5.31
  90059.630   114.600    14.99   11.66
  90438.918   120.638    15.92   16.17
  90818.299   127.153    17.17   17.95
  91197.773   132.035    12.87   17.08
  91577.340   133.806     4.66   15.23
  91956.999   132.670    -2.99   14.68
  92336.752   127.420   -13.82   12.70
  92716.597   120.361   -18.59   11.88
  93096.536   113.892   -17.03    9.58
  93476.568   107.880   -15.82   10.23
  93856.694   101.363   -17.15   12.92
  94236.912    92.248   -23.97   18.99
  94617.224    84.366   -20.73   20.25
  94997.630    74.128   -26.92   20.50
  95378.129    65.695   -22.17   15.94
  95758.722    60.306   -14.16    8.30
  96139.408    58.078    -5.85    4.30
  96520.188    57.168    -2.39    4.55
  96901.062    57.657     1.28    5.77
  97282.030    59.199     4.05    6.38
  97663.092    60.209     2.65    5.90
  98044.248    60.536     0.86    6.08
  98425.498    59.762    -2.03    7.46
  98806.842    57.679    -5.46    8.29
  99188.281    55.948    -4.54    8.50
  99569.813    56.661     1.87   11.05
  99951.440    60.508    10.08   11.70
 100333.162    64.085     9.37   11.11
 100714.978    63.617    -1.23   10.83
 101096.889    61.411    -5.77   12.10
 101476.966    57.040   -11.50   11.58
 101841.156    55.227    -4.98   10.63
 102205.429    55.165    -0.17   10.81
 102569.787    57.180     5.53   11.34
 102934.230    58.578     3.84   13.30
 103298.756    62.122     9.72   15.40
 103663.367    66.835    12.93   17.29
 104028.062    74.147    20.05   17.02
 104392.842    77.102     8.10   15.86
 104757.707    79.123     5.54   15.94
 105122.655    85.324    16.99   20.66
 105487.689    86.719     3.82   21.24
 105852.807    90.424    10.15   23.79
 106218.010    90.682     0.71   23.74
 106583.298    90.325    -0.98   20.24
 106948.671    88.099    -6.09   16.99
 107314.129    87.187    -2.50   14.17
 107679.672    86.934    -0.69   12.76
 108045.300    87.399     1.27   14.31
 108411.013    89.068     4.56   15.59
 108776.811    95.086    16.45   17.02
 109142.694   103.628    23.35   16.97
 109508.663   115.132    31.44   13.10
 109874.717   123.627    23.21    9.88
 110240.856   129.921    17.19    9.53
 110607.081   132.926     8.21   13.36
 110973.392   134.322     3.81   18.59
 111339.788   136.063     4.75   19.54
 111706.270   136.021    -0.11   19.64
 112072.837   136.468     1.22   17.68
 112439.490   127.235   -25.18   18.04
 112806.229   119.063   -22.28   17.85
 113173.054   110.832   -22.44   17.20
 113539.965   106.129   -12.82   13.30
 113906.962   103.536    -7.07    7.48
 114274.045   105.262     4.70    6.15
 114641.215   109.341    11.11    8.43
 115008.470   114.031    12.77   10.09
 115375.812   118.708    12.73   10.70
 115743.240   124.008    14.43   10.97
 116110.754   131.967    21.66   13.41
 116478.355   140.322    22.73   16.82
 116846.042   149.242    24.26   16.26
 117213.816   156.434    19.56   12.69
 117581.677   159.517     8.38   11.64
 117949.624   159.808     0.79   10.97
 118317.658   160.638     2.26   10.92
 118685.778   163.598     8.04   11.27
 119053.986   167.291    10.03   13.14
 119422.281   169.517     6.04   16.03
 119790.662   171.117     4.34   18.13
 120159.131   172.315     3.25   20.66
 120527.686   172.902     1.59   23.80
 120896.329   172.271    -1.71   26.23
 121265.059   168.684    -9.73   25.13
 121633.877   167.517    -3.16   22.24
 122002.782   162.854   -12.64   15.39
 122371.774   160.399    -6.65    9.83
 122740.853   159.804    -1.61    7.86
 123110.021   159.370    -1.18    8.32
 123479.275   157.931    -3.90    9.92
 123848.618   155.222    -7.34   11.75
 124218.048   153.219    -5.42   10.35
 124587.566   151.003    -6.00    7.44
 124957.172   149.035    -5.32    4.69
 125326.866   147.150    -5.10    5.72
 125696.647   144.535    -7.07    8.46
 126066.517   141.417    -8.43    8.31
 126436.475   139.383    -5.50    6.15
 126806.521   141.427     5.52    6.09
 127176.656   144.389     8.01    5.33
 127546.878   148.278    10.50    4.76
 127917.189   151.387     8.40    6.10
 128287.588   157.649    16.91    8.99
 128658.076   164.427    18.29    8.41
 129028.653   169.908    14.79    6.04
 129399.318   172.454     6.87    3.87
 129770.071   171.471    -2.65    4.39
 130140.914   166.489   -13.44    7.85
 130511.845   162.048   -11.97    7.95
 130882.865   158.479    -9.62    4.74
 131253.974   159.740     3.40    5.66
 131625.172   163.904    11.22    6.82
 131996.459   168.443    12.23    5.31
 132367.835   171.480     8.18    3.82
 132739.300   174.283     7.55    4.65
 133110.855   176.490     5.94    5.53
 133482.498   178.597     5.67    5.13
 133854.232   180.149     4.18    3.57
