# NaN NaN NaN ;Mean Elev.(m), Avg Gradient(m/km), RMS Gradient(m/km) - SRTM1     
#    8.275  -0.034   1.637 ;Mean Elev.(m), Avg Gradient(m/km), RMS Gradient(m/km) - ASTER GDEM
#    1.000  -0.129   2.495 ;Mean Elev.(m), Avg Gradient(m/km), RMS Gradient(m/km) - GMTED2010 
  6 128.072521  72.279248     3.810     3.803  4 52437.13845483 44.202
  7 128.069220  72.278350     1.573     1.598  4 52472.13845638 28.624
  8 128.070016  72.279830    -6.218    -6.221  4 52507.13843152 41.893
  9 128.097988  72.276010     1.801     1.801  2 52542.13841372 38.131
 10 128.077607  72.279593     1.835     1.828  4 52577.13846362 29.322
 11 128.067523  72.280720     1.822     1.835  4 52612.13842724 25.229
 12 128.084203  72.278118     1.764     1.731  3 52647.13841214 23.761
 13 128.075301  72.278836     1.795     1.836  4 52682.13838249 22.628
 14 128.081873  72.278533     1.908     1.837  3 52717.13844148 20.193
 15 128.053878  72.280738     1.813     1.805  4 52752.13846714 17.642
 17 128.088941  72.275802     4.296     2.277  3 52822.13848447 17.269
 18 128.085924  72.275956     1.510     1.521  3 52857.13853165 36.678
 19 128.075064  72.279423     1.628     1.634  4 52892.13856358 43.328
 20 128.054198  72.279936     1.539     1.390  3 52927.13851600 26.543
 22 128.074179  72.277937     1.875     1.857  4 52997.13852730 25.710
 23 128.055915  72.279274     1.836     1.836  4 53032.13848612 26.729
 24 128.085200  72.278610     1.884     1.915  3 53067.13849572 23.628
 25 128.053145  72.280094     1.843     1.796  3 53102.13849071 19.708
 26 128.086744  72.276812     1.867     1.904  3 53137.13849852 11.011
 27 128.082316  72.279451     9.508     9.444  3 53172.13854619 22.823
 28 128.074020  72.279564     2.437     2.111  4 53207.13856080 20.993
 29 128.071585  72.280224     1.524     1.503  4 53242.13852845 37.534
 30 128.098772  72.276687     1.690     1.690  2 53277.13850094 34.462
 31 128.078039  72.278798     2.032     2.030  4 53312.13853747 30.104
 32 128.071762  72.278860     2.092     2.097  4 53347.13850347 21.824
 33 128.096538  72.276485     1.836     1.836  2 53382.13846562 20.373
 34 128.083208  72.279306     1.831     1.808  3 53417.13848164 18.525
 36 128.073587  72.278579     1.972     1.970  4 53487.13856709 13.848
 37 128.079232  72.279262     3.679     3.669  3 53522.13855805 52.413
 38 128.066341  72.278745     1.994     1.953  4 53557.13858351 25.407
 39 128.070105  72.279353     5.083     6.476  5 53592.13852021 18.568
 40 128.091386  72.275484     1.643     1.892  3 53627.13851037 32.838
 41 128.082399  72.279624     4.036     1.808  3 53662.13853533 22.242
 42 128.066673  72.279099     1.628     1.630  4 53697.13850209 18.594
 43 128.059017  72.279000     1.738     1.766  4 53732.13842494 16.779
 44 128.086881  72.276109     1.398     1.343  4 53767.13839951 15.507
 45 128.067554  72.280169     1.401     1.343  4 53802.13839979 15.089
 46 128.089207  72.273698     1.571     1.571  2 53837.13841078 13.936
 47 128.081624  72.278272     4.094     2.028  3 53872.13846355 13.920
 48 128.079521  72.279307     3.091     3.057  3 53907.13850354 46.956
 49 128.067227  72.279129     1.482     1.460  4 53942.13853116 25.332
 50 128.058274  72.279344     1.600     1.588  4 53977.13848527 40.917
 51 128.099005  72.276049     2.204     2.204  2 54012.13848979 42.179
 52 128.084622  72.277153     4.096     2.242  3 54047.13850188 22.038
 54 128.054057  72.280419     2.084     2.094  4 54117.13842682 20.122
 55 128.075545  72.278242     2.053     2.043  4 54152.13844663 14.075
 56 128.057427  72.279811     2.091     2.108  4 54187.13842005 13.288
 57 128.082018  72.277451     2.247     2.265  3 54222.13845628 11.621
 58 128.074144  72.277828     5.765     5.739  4 54257.13847884 44.176
 59 128.080106  72.279585     9.087     9.154  3 54292.13848067 20.933
 60 128.075324  72.280197     2.046     2.025  4 54327.13847717 29.907
 61 128.053554  72.279298     1.705     1.708  3 54362.13842792 40.817
 62 128.081366  72.277817     3.723     1.613  3 54397.13841727 27.900
 63 128.064255  72.279945     2.894     1.976  5 54432.13837738 14.232
 64 128.083933  72.275420     1.562     1.558  3 54467.13839900 15.170
 65 128.068224  72.279695     1.715     1.731  4 54502.13839192 14.893
 66 128.073664  72.277190     1.662     1.655  4 54537.13841441 13.763
 67 128.059812  72.278766     1.916     1.905  4 54572.13839394 10.974
 68 128.078035  72.278582     1.771     1.768  3 54607.13840749 11.997
 69 128.070367  72.278232     6.916     7.029  4 54642.13841678 12.984
 70 128.076991  72.279856     1.665     1.630  4 54677.13841821 42.640
 71 128.060383  72.279751     6.746     7.244  5 54712.13837298 18.229
 72 128.083133  72.279594     1.854     1.863  3 54747.13838659 45.707
 73 128.071518  72.279011     1.942     1.893  4 54782.13835896 26.523
 74 128.084035  72.278690     1.891     1.903  3 54817.13837952 22.756
 75 128.068823  72.279197     1.884     1.878  4 54852.13835652 24.463
 76 128.076698  72.278326     1.861     1.884  3 54887.13838420 24.686
 77 128.050727  72.279223     1.958     1.948  3 54922.13835771 19.779
 78 128.084402  72.278939     2.056     2.061  3 54957.13837996  8.809
 79 128.073722  72.278508     4.941     4.938  4 54992.13840337 44.185
 80 128.071301  72.279103     2.403     2.104  4 55027.13839401 19.405
 81 128.074951  72.279093     1.766     1.760  4 55062.13838666 51.938
 82 128.050821  72.279105     1.691     1.677  3 55097.13833575 42.555
 84 128.069597  72.279423     2.001     2.017  5 55167.13829742 14.487
 85 128.082280  72.279272     1.842     1.835  3 55202.13832191 14.223
 86 128.064809  72.280672     1.911     1.918  4 55237.13830442 14.755
 87 128.076417  72.279922     1.769     1.768  4 55272.13831624 13.581
 88 128.060129  72.280954     1.886     1.899  3 55307.13828641 12.853
 89 128.079302  72.279493     7.172     9.028  3 55342.13828596 27.550
 90 128.069964  72.279599     4.223     3.715  4 55377.13827991 17.430
 91 128.084042  72.278743     1.406     1.322  3 55412.13830309 36.221
 92 128.070568  72.278126     1.646     1.661  4 55447.13829475 44.416
 93 128.051952  72.280005     1.726     1.742  3 55482.13822574 24.933
