# NaN NaN NaN ;Mean Elev.(m), Avg Gradient(m/km), RMS Gradient(m/km) - SRTM1     
#    8.048  -0.345   7.318 ;Mean Elev.(m), Avg Gradient(m/km), RMS Gradient(m/km) - ASTER GDEM
#    1.000  -0.003   0.508 ;Mean Elev.(m), Avg Gradient(m/km), RMS Gradient(m/km) - GMTED2010 
  7     1.722 52456.14036639 29.32 128.028555  72.624885 23.585
  7     1.570 52456.14036704 25.66 128.022835  72.622005 23.585
  7     5.054 52456.14036768 21.06 128.017115  72.619125 23.585
  7     5.681 52456.14036833 26.22 128.011395  72.616245 23.585
 10     1.279 52561.14036797 39.78 128.041656  72.624131 19.214
 10     1.216 52561.14036861 44.15 128.035936  72.621261 19.214
 10     1.163 52561.14036926 45.88 128.030206  72.618381 19.214
 10     1.150 52561.14036990 50.47 128.024486  72.615501 19.214
 10     1.233 52561.14037055 49.63 128.018776  72.612621 19.214
 11    -0.392 52596.14037873 24.33 128.028321  72.627873  5.149
 11    -0.297 52596.14037937 25.84 128.022591  72.624993  5.149
 11    -0.238 52596.14038002 25.66 128.016871  72.622113  5.149
 11    -0.253 52596.14038066 26.33 128.011151  72.619243  5.149
 11    -0.307 52596.14038131 26.04 128.005431  72.616363  5.149
 12     0.127 52631.14031695 19.76 128.044529  72.622205  4.042
 12     0.170 52631.14031760 21.33 128.038809  72.619325  4.042
 12     0.106 52631.14031824 20.57 128.033089  72.616445  4.042
 12     0.094 52631.14031889 19.44 128.027369  72.613565  4.042
 15     1.417 52736.14034932 12.53 128.031532  72.626456  1.938
 15     1.319 52736.14034997 12.81 128.025812  72.623576  1.938
 15     0.650 52736.14035061 12.68 128.020092  72.620696  1.938
 15     0.440 52736.14035126 12.53 128.014372  72.617816  1.938
 15     0.916 52736.14035190 12.18 128.008652  72.614946  1.938
 17     3.512 52806.14037306 23.00 128.049132  72.623662 24.578
 17     3.433 52806.14037370 24.58 128.043402  72.620782 24.578
 17     3.327 52806.14037435 26.48 128.037682  72.617902 24.578
 17     3.510 52806.14037499 30.36 128.031962  72.615022 24.578
 17     3.581 52806.14037564 39.91 128.026242  72.612152 24.578
 18     2.092 52841.14043327 21.17 128.044457  72.623045 16.597
 18     1.695 52841.14043392 21.96 128.038737  72.620165 16.597
 18     1.214 52841.14043456 23.71 128.033017  72.617285 16.597
 18     4.382 52841.14043521 23.39 128.027297  72.614405 16.597
 18     5.260 52841.14043585 21.54 128.021577  72.611535 16.597
 19     2.069 52876.14047220 23.04 128.038133  72.623859 10.071
 19     1.711 52876.14047285 21.99 128.032413  72.620979 10.071
 19     1.417 52876.14047349 21.51 128.026693  72.618099 10.071
 19     5.117 52876.14047414 21.00 128.020963  72.615219 10.071
 19     5.639 52876.14047478 22.46 128.015253  72.612349 10.071
 20     1.571 52911.14043675 25.66 128.026868  72.625776  8.731
 20     1.532 52911.14043739 22.81 128.021148  72.622896  8.731
 20     4.816 52911.14043804 20.81 128.015438  72.620016  8.731
 20     5.460 52911.14043868 22.68 128.009718  72.617146  8.731
 20     5.486 52911.14043933 31.02 128.003998  72.614266  8.731
 23     0.907 53016.14042530 16.61 128.023976  72.627159  3.397
 23     0.056 53016.14042595 17.22 128.018256  72.624279  3.397
 23     0.279 53016.14042659 17.78 128.012536  72.621399  3.397
 23     0.055 53016.14042724 17.83 128.006816  72.618519  3.397
 23    -0.087 53016.14042788 17.94 128.001096  72.615649  3.397
 24    -0.178 53051.14040185 16.69 128.050023  72.623572  3.908
 24     0.130 53051.14040250 17.82 128.044293  72.620702  3.908
 24     0.192 53051.14040314 17.63 128.038573  72.617822  3.908
 24     0.126 53051.14040378 17.92 128.032853  72.614942  3.908
 24     0.130 53051.14040443 17.19 128.027133  72.612062  3.908
 25     1.437 53086.14043840 13.24 128.019899  72.628560  3.135
 25     1.126 53086.14043905 13.54 128.014179  72.625680  3.135
 25     0.799 53086.14043969 13.64 128.008459  72.622800  3.135
 26     1.459 53121.14040877  9.65 128.040620  72.623110  2.269
 26     0.387 53121.14040941 11.18 128.034900  72.620230  2.269
 26     0.313 53121.14041006  9.91 128.029170  72.617350  2.269
 26     0.238 53121.14041070  9.24 128.023450  72.614480  2.269
 28     2.342 53191.14045472 24.78 128.035382  72.623501 21.143
 28     2.255 53191.14045536 20.51 128.029662  72.620631 21.143
 28     5.084 53191.14045601 18.81 128.023942  72.617751 21.143
 28     5.559 53191.14045665 23.06 128.018222  72.614871 21.143
 29     1.744 53226.14046028 25.39 128.027926  72.624207 19.399
 29     1.455 53226.14046093 22.19 128.022206  72.621327 19.399
 29     4.855 53226.14046157 22.81 128.016486  72.618447 19.399
 29     5.759 53226.14046222 27.12 128.010776  72.615577 19.399
 30     2.053 53261.14043388 29.80 128.017143  72.628485 15.188
 30     1.412 53261.14043453 28.35 128.011423  72.625605 15.188
 30     0.865 53261.14043517 28.90 128.005703  72.622725 15.188
 31     2.325 53296.14046594 37.43 128.037111  72.625792 13.093
 31     2.450 53296.14046659 33.97 128.031381  72.622912 13.093
 31     2.513 53296.14046723 34.05 128.025661  72.620032 13.093
 31     2.469 53296.14046788 30.98 128.019941  72.617162 13.093
 31     2.557 53296.14046852 31.37 128.014221  72.614282 13.093
 32     1.704 53331.14043894 24.08 128.030846  72.623870  4.580
 32     1.225 53331.14043958 24.90 128.025126  72.620990  4.580
 32     0.598 53331.14044023 25.47 128.019406  72.618120  4.580
 32     0.431 53331.14044087 24.99 128.013686  72.615240  4.580
 35     1.795 53436.14040218 20.30 128.024314  72.626704  4.465
 35     1.433 53436.14040283 21.04 128.018594  72.623824  4.465
 35     1.104 53436.14040347 22.16 128.012874  72.620954  4.465
 35     0.500 53436.14040412 22.47 128.007164  72.618074  4.465
 35     0.374 53436.14040476 22.46 128.001444  72.615194  4.465
 36     2.083 53471.14045137 15.91 128.039689  72.623425  3.544
 36     1.848 53471.14045202 17.14 128.033959  72.620555  3.544
 36     0.986 53471.14045266 17.24 128.028239  72.617675  3.544
 36     0.489 53471.14045331 17.75 128.022519  72.614795  3.544
 37     1.452 53506.14048646 15.90 128.027800  72.624481  5.377
 37     1.279 53506.14048710 14.58 128.022080  72.621601  5.377
 37     1.004 53506.14048775 13.80 128.016360  72.618721  5.377
 37     0.883 53506.14048839 14.70 128.010640  72.615851  5.377
 38     1.892 53541.14048984 27.34 128.030075  72.625605 28.731
 38     1.648 53541.14049049 23.30 128.024355  72.622725 28.731
 38     5.392 53541.14049113 19.44 128.018625  72.619845 28.731
 38     5.559 53541.14049178 24.42 128.012915  72.616975 28.731
 38     3.806 53541.14049242 41.97 128.007195  72.614095 28.731
 39     1.412 53576.14048029 37.49 128.026631  72.628946 20.141
 39     1.404 53576.14048093 34.90 128.020911  72.626066 20.141
 39     1.128 53576.14048158 26.43 128.015191  72.623186 20.141
 39     5.045 53576.14048222 24.24 128.009471  72.620306 20.141
 39     5.833 53576.14048287 26.93 128.003751  72.617436 20.141
 40     1.630 53611.14043205 30.53 128.016894  72.628757 17.315
 40     1.285 53611.14043270 29.48 128.011174  72.625877 17.315
 40     0.799 53611.14043334 28.48 128.005454  72.623007 17.315
 41     2.022 53646.14043631 21.09 128.045158  72.622147 13.612
 41     2.052 53646.14043695 19.76 128.039428  72.619267 13.612
 41     3.060 53646.14043760 18.32 128.033708  72.616387 13.612
 41     4.466 53646.14043824 19.24 128.027988  72.613517 13.612
 42     1.769 53681.14045226 17.85 128.028355  72.628346  3.925
 42     1.566 53681.14045291 18.55 128.022635  72.625466  3.925
 42     1.175 53681.14045355 18.37 128.016915  72.622586  3.925
 42     0.517 53681.14045420 19.79 128.011195  72.619716  3.925
 42     0.202 53681.14045484 24.89 128.005475  72.616836  3.925
 43     1.772 53716.14038027 17.65 128.025057  72.627174  3.260
 43     1.447 53716.14038092 17.93 128.019337  72.624294  3.260
 43     1.010 53716.14038156 17.58 128.013617  72.621424  3.260
 43     0.334 53716.14038221 17.83 128.007897  72.618544  3.260
 43     0.270 53716.14038285 17.55 128.002177  72.615664  3.260
 44     1.545 53751.14029812 15.51 128.054489  72.621988  3.328
 44     1.032 53751.14029877 15.31 128.048769  72.619108  3.328
 44     0.472 53751.14029941 15.52 128.043039  72.616228  3.328
 44     0.291 53751.14030006 15.31 128.037319  72.613358  3.328
 44    -0.002 53751.14030070 15.32 128.031599  72.610478  3.328
 45     1.915 53786.14032833 17.69 128.033167  72.625981  3.813
 45     1.624 53786.14032898 18.14 128.027447  72.623101  3.813
 45     1.201 53786.14032962 17.94 128.021727  72.620231  3.813
 45     0.489 53786.14033027 18.01 128.016007  72.617351  3.813
 45     0.345 53786.14033091 17.73 128.010287  72.614471  3.813
 46     1.697 53821.14028532 17.61 128.013874  72.628361  3.332
 46     1.308 53821.14028596 16.98 128.008154  72.625481  3.332
 46     0.784 53821.14028661 16.45 128.002434  72.622601  3.332
 47     1.670 53856.14037284 11.72 128.036394  72.623775  2.563
 47     1.371 53856.14037348 11.64 128.030674  72.620905  2.563
 47     0.718 53856.14037413 11.95 128.024954  72.618025  2.563
 47     0.373 53856.14037477 12.04 128.019234  72.615145  2.563
 48     3.371 53891.14038413 47.69 128.042064  72.624348 31.265
 48     3.215 53891.14038478 27.68 128.036344  72.621468 31.265
 48     3.083 53891.14038542 25.08 128.030624  72.618598 31.265
 48     3.493 53891.14038607 29.47 128.024904  72.615718 31.265
 48     4.237 53891.14038671 30.64 128.019184  72.612838 31.265
 49     1.929 53926.14044695 23.90 128.027898  72.625750 30.490
 49     1.700 53926.14044760 21.08 128.022173  72.622874 19.872
 49     5.077 53926.14044824 21.03 128.016443  72.619994 19.872
 49     5.772 53926.14044888 25.13 128.010723  72.617114 19.872
 49     5.697 53926.14044953 34.23 128.005013  72.614234 19.872
 50     1.804 53961.14043325 25.27 128.021528  72.628427 21.848
 50     1.472 53961.14043390 26.22 128.015808  72.625547 21.848
 50     4.474 53961.14043454 24.67 128.010088  72.622667 21.848
 51     2.248 53996.14037335 18.58 128.058853  72.619671  8.474
 51     1.905 53996.14037400 17.38 128.053123  72.616791  8.474
 51     1.698 53996.14037464 18.37 128.047403  72.613921  8.474
 51     2.729 53996.14037529 16.70 128.041683  72.611041  8.474
 52     1.516 54031.14042750 26.32 128.042935  72.621864  8.392
 52     1.532 54031.14042815 27.04 128.037217  72.618981  8.249
 52     1.398 54031.14042879 28.68 128.031497  72.616111  8.249
 52     1.205 54031.14042944 30.02 128.025777  72.613231  8.249
 53     1.682 54066.14042148 18.40 128.028420  72.624090  3.054
 53     1.254 54066.14042212 19.10 128.022690  72.621220  3.054
 53     0.754 54066.14042276 18.83 128.016980  72.618340  3.054
 53     0.332 54066.14042341 18.61 128.011260  72.615460  3.054
 54     1.990 54101.14038336 19.68 128.023331  72.628944  2.969
 54     1.784 54101.14038400 19.41 128.017611  72.626064  2.969
 54     1.175 54101.14038465 19.31 128.011891  72.623184  2.969
 55     1.601 54136.14034795 14.97 128.042317  72.622542  2.568
 55     1.356 54136.14034859 15.42 128.036597  72.619672  2.568
 55     0.836 54136.14034924 15.49 128.030877  72.616792  2.568
 55     0.548 54136.14034988 14.64 128.025157  72.613912  2.568
 57     1.753 54206.14035307 11.86 128.041908  72.621997  2.190
 57     1.272 54206.14035372 12.70 128.036188  72.619117  2.190
 57     0.973 54206.14035436 11.67 128.030468  72.616247  2.190
 57     0.534 54206.14035501 11.39 128.024748  72.613367  2.190
 59     3.187 54276.14040143 18.32 128.030778  72.623462 26.443
 59     4.383 54276.14040207 17.23 128.025054  72.620583 22.505
 59     5.237 54276.14040272 20.62 128.019334  72.617703 22.505
 59     5.356 54276.14040336 27.96 128.013614  72.614823 22.505
 61     1.783 54346.14037627 25.50 128.021169  72.627866 25.305
 61     1.451 54346.14037691 21.81 128.015439  72.624986 25.305
 61     4.843 54346.14037756 21.07 128.009719  72.622106 25.305
 62     2.150 54381.14033881 21.28 128.042766  72.623840  9.798
 62     1.985 54381.14033946 21.51 128.037036  72.620960  9.798
 62     2.759 54381.14034010 20.64 128.031316  72.618080  9.798
 62     4.174 54381.14034075 21.33 128.025596  72.615200  9.798
 62     4.600 54381.14034139 21.86 128.019876  72.612330  9.798
 63     1.350 54416.14032493 18.08 128.029644  72.627793  2.658
 63     1.257 54416.14032557 17.80 128.023914  72.624913  2.658
 63     0.812 54416.14032622 17.84 128.018194  72.622043  2.658
 63     0.412 54416.14032686 18.39 128.012474  72.619163  2.658
 63     0.175 54416.14032751 18.18 128.006764  72.616283  2.658
 64     0.881 54451.14030737 14.34 128.046413  72.622945  2.172
 64     0.716 54451.14030801 14.20 128.040693  72.620065  2.172
 64     0.478 54451.14030866 14.37 128.034963  72.617195  2.172
 64    -0.048 54451.14030930 14.55 128.029243  72.614315  2.172
 64    -0.098 54451.14030995 14.11 128.023525  72.611437  2.104
 65     1.530 54486.14032125 13.90 128.035920  72.625511  2.298
 65     1.283 54486.14032190 14.06 128.030190  72.622631  2.298
 65     0.672 54486.14032254 14.01 128.024470  72.619753  2.322
 65     0.363 54486.14032319 14.47 128.018750  72.616873  2.322
 65     0.238 54486.14032383 13.78 128.013040  72.613993  2.322
 66     1.200 54521.14032116 13.35 128.038573  72.621922  2.655
 66     0.889 54521.14032180 13.07 128.032853  72.619042  2.655
 66     0.457 54521.14032245 12.96 128.027133  72.616162  2.655
 66     0.268 54521.14032309 12.96 128.021413  72.613282  2.655
 67     1.328 54556.14033228 11.55 128.022214  72.625998  2.491
 67     0.958 54556.14033293 11.53 128.016484  72.623128  2.491
 67     0.796 54556.14033357 11.53 128.010764  72.620248  2.491
 67     0.564 54556.14033422 11.41 128.005054  72.617368  2.491
 68     1.495 54591.14031686 10.37 128.035179  72.623538  2.341
 68     1.249 54591.14031750 10.52 128.029459  72.620668  2.341
 68     0.698 54591.14031814 10.60 128.023739  72.617788  2.341
 68     0.338 54591.14031879 10.78 128.018019  72.614908  2.341
 69     3.366 54626.14033256 16.58 128.032783  72.626896 14.716
 69     4.290 54626.14033320 16.37 128.027063  72.624016 14.716
 69     4.834 54626.14033385 17.61 128.021343  72.621146 14.716
 69     5.504 54626.14033449 21.49 128.015623  72.618266 14.716
 69     5.709 54626.14033514 30.32 128.009903  72.615386 14.716
 70     1.552 54661.14034120 25.18 128.030186  72.623569 17.036
 70     1.380 54661.14034184 22.05 128.024466  72.620689 17.036
 70     5.030 54661.14034249 19.47 128.018746  72.617819 17.036
 70     5.559 54661.14034313 25.51 128.013026  72.614939 17.036
 71     1.346 54696.14031807 30.65 128.024613  72.626104 20.419
 71     1.174 54696.14031871 23.13 128.018893  72.623234 20.419
 71     5.149 54696.14031936 20.22 128.013173  72.620354 20.419
 71     5.635 54696.14032000 25.08 128.007453  72.617474 20.419
 71     4.006 54696.14032065 37.74 128.001743  72.614594 20.419
 72     2.047 54731.14029670 24.33 128.040394  72.622654 19.957
 72     2.030 54731.14029735 19.71 128.034664  72.619784 19.957
 72     4.642 54731.14029799 17.31 128.028944  72.616904 19.957
 72     5.380 54731.14029864 19.29 128.023224  72.614024 19.957
 73     1.638 54766.14029668 25.02 128.034367  72.625947  7.512
 73     1.204 54766.14029732 27.57 128.028647  72.623067  7.512
 73     0.864 54766.14029797 29.89 128.022927  72.620197  7.512
 73     0.843 54766.14029861 29.80 128.017207  72.617317  7.512
 73     0.776 54766.14029926 30.73 128.011487  72.614437  7.512
 76     1.523 54871.14028863 20.12 128.042325  72.622123  3.622
 76     1.243 54871.14028927 19.65 128.036605  72.619243  3.622
 76     0.493 54871.14028992 19.45 128.030885  72.616363  3.622
 76     0.315 54871.14029056 20.05 128.025165  72.613483  3.622
 77     1.611 54906.14029693 17.02 128.019736  72.627662  2.983
 77     1.337 54906.14029757 16.31 128.014006  72.624792  2.983
 77     0.816 54906.14029822 16.32 128.008296  72.621912  2.983
 78     1.554 54941.14028068 13.91 128.040256  72.623263  2.827
 78     1.245 54941.14028132 13.55 128.034536  72.620383  2.827
 78     0.621 54941.14028197 13.96 128.028816  72.617503  2.827
 78     0.421 54941.14028261 13.68 128.023096  72.614623  2.827
 79     1.566 54976.14030926 35.04 128.035281  72.625320 16.971
 79     1.408 54976.14030990 29.45 128.029561  72.622440 16.971
 79     1.972 54976.14031055 27.51 128.023841  72.619570 16.971
 79     1.992 54976.14031119 28.84 128.018121  72.616690 16.971
 79     1.780 54976.14031184 26.93 128.012401  72.613810 16.971
 80     1.934 55011.14031955 22.80 128.028521  72.625319 26.738
 80     1.698 55011.14032019 21.81 128.022801  72.622449 26.738
 80     5.186 55011.14032084 18.92 128.017081  72.619569 26.738
 80     5.619 55011.14032148 24.75 128.011361  72.616689 26.738
 81     1.767 55046.14031073 23.61 128.035560  72.624848 11.222
 81     1.489 55046.14031138 24.62 128.029840  72.621978 11.222
 81     1.195 55046.14031202 22.20 128.024120  72.619098 11.222
 81     5.019 55046.14031267 21.92 128.018400  72.616218 11.222
 81     5.607 55046.14031331 23.01 128.012680  72.613338 11.222
 82     1.681 55081.14028391 26.10 128.023751  72.628868 13.893
 82     1.383 55081.14028455 25.61 128.018031  72.625988 13.893
 82     1.151 55081.14028520 25.84 128.012311  72.623118 13.893
 83     1.130 55116.14024326 29.40 128.037797  72.622016 17.675
 83     1.070 55116.14024390 36.76 128.032077  72.619146 17.675
 83     1.039 55116.14024455 40.07 128.026357  72.616266 17.675
 83     1.224 55116.14024519 42.14 128.020637  72.613386 17.675
 84     1.433 55151.14024157 15.61 128.030558  72.625851  2.892
 84     1.098 55151.14024221 16.29 128.024838  72.622971  2.892
 84     0.639 55151.14024286 15.86 128.019118  72.620101  2.892
 84     0.283 55151.14024350 15.78 128.013398  72.617221  2.892
 84     0.081 55151.14024414 15.78 128.007678  72.614341  2.892
 85     1.485 55186.14022828 15.53 128.043832  72.623602  2.676
 85     1.180 55186.14022893 15.69 128.038102  72.620732  2.676
 85     0.774 55186.14022957 15.35 128.032382  72.617852  2.676
 85     0.299 55186.14023022 15.87 128.026662  72.614972  2.676
 85     0.091 55186.14023086 14.91 128.020942  72.612092  2.676
 86     1.659 55221.14023980 14.55 128.029240  72.626104  2.801
 86     1.265 55221.14024044 14.98 128.023520  72.623234  2.801
 86     0.866 55221.14024109 15.70 128.017800  72.620354  2.801
 86     0.536 55221.14024173 15.89 128.012080  72.617474  2.801
 86     0.616 55221.14024237 14.55 128.006360  72.614594  2.801
 87     1.330 55256.14022486 12.94 128.037485  72.622208  2.696
 87     0.826 55256.14022550 13.39 128.031765  72.619328  2.696
 87     0.450 55256.14022615 13.52 128.026045  72.616448  2.696
 87     0.299 55256.14022679 12.53 128.020325  72.613568  2.696
 88     1.427 55291.14022832 12.55 128.022291  72.628318  2.679
 88     1.294 55291.14022897 12.33 128.016571  72.625438  2.679
 88     0.950 55291.14022961 11.58 128.010851  72.622568  2.679
 89     1.879 55326.14020951  8.76 128.032098  72.624810  2.972
 89     1.509 55326.14021016  8.50 128.026378  72.621930  2.972
 89     1.044 55326.14021080  8.83 128.020658  72.619060  2.972
 89     2.763 55326.14021145  8.08 128.014938  72.616180  2.972
 89     3.675 55326.14021209  8.20 128.009218  72.613300  2.972
 90     2.015 55361.14020645 22.43 128.027561  72.625721 18.617
 90     4.340 55361.14020710 21.25 128.021841  72.622841 18.617
 90     5.231 55361.14020774 21.26 128.016121  72.619971 18.617
 90     5.654 55361.14020839 25.29 128.010401  72.617091 18.617
 90     5.691 55361.14020903 35.10 128.004681  72.614211 18.617
 91     1.684 55396.14021270 24.77 128.040391  72.623462 13.391
 91     1.192 55396.14021334 26.07 128.034671  72.620592 13.391
 91     0.921 55396.14021399 22.35 128.028951  72.617712 13.391
 91     4.727 55396.14021463 21.55 128.023231  72.614832 13.391
 91     5.513 55396.14021528 21.09 128.017511  72.611952 13.391
 92     1.474 55431.14022191 22.93 128.032093  72.623200 13.205
 92     3.888 55431.14022256 19.94 128.026373  72.620320 13.205
 92     4.997 55431.14022320 19.61 128.020653  72.617450 13.205
 92     5.526 55431.14022384 20.60 128.014933  72.614570 13.205
 93     1.872 55466.14018206 20.53 128.020654  72.628783 17.430
 93     1.535 55466.14018270 20.61 128.014934  72.625903 17.430
 93     2.794 55466.14018335 23.03 128.009214  72.623033 17.430
