-301593.921   541.754     0.00   36.24
-301224.817   549.895    22.05   37.45
-300855.660   559.639    26.39   37.39
-300486.449   560.982     3.64   45.80
-300117.183   561.922     2.55   52.00
-299747.864   558.054   -10.47   57.63
-299378.490   541.493   -44.83   66.97
-299009.063   514.996   -71.70   70.21
-298639.581   485.767   -79.09   71.61
-298270.045   466.844   -51.19   70.19
-297900.455   448.968   -48.35   76.75
-297530.811   426.924   -59.62   80.20
-297161.113   398.160   -77.78   76.56
-296791.360   366.115   -86.64   65.32
-296421.553   340.090   -70.36   54.05
-296051.692   322.949   -46.33   44.92
-295681.777   323.715     2.07   46.17
-295311.807   333.033    25.18   57.02
-294941.783   336.864    10.35   61.53
-294571.704   340.414     9.59   59.89
-294201.572   337.529    -7.79   44.61
-293831.384   337.540     0.03   38.66
-293461.142   360.033    60.74   56.92
-293090.846   405.676   123.23   73.33
-292720.495   452.429   126.21   76.56
-292350.090   491.794   106.25   60.80
-291979.630   514.087    60.16   42.78
-291609.116   526.739    34.14   31.45
-291238.547   533.794    19.03   21.33
-290867.923   537.356     9.61   20.42
-290497.245   542.872    14.88   22.55
-290126.512   547.058    11.29   22.78
-289755.724   553.977    18.66   23.53
-289384.882   549.634   -11.71   28.69
-289013.985   541.727   -21.31   31.59
-288643.033   540.129    -4.31   30.45
-288272.026   540.948     2.21   28.09
-287900.965   552.286    30.55   24.72
-287529.848   559.624    19.77   19.80
-287158.677   563.044     9.21   18.13
-286787.451   565.644     7.00   16.16
-286416.170   571.906    16.86   18.46
-286044.833   578.215    16.98   17.31
-285673.442   581.484     8.80   16.29
-285301.996   582.344     2.31   14.95
-284930.495   583.019     1.82   13.89
-284558.939   587.402    11.79   15.81
-284187.328   592.216    12.95   17.36
-283815.662   594.359     5.76   15.02
-283443.940   590.718    -9.79   13.73
-283072.164   581.554   -24.64   15.42
-282700.332   571.019   -28.33   16.42
-282328.445   555.634   -41.36   17.49
-281956.502   543.736   -31.98   16.52
-281584.505   531.526   -32.81   15.58
-281212.452   524.129   -19.88   14.55
-280840.344   520.371   -10.10   15.87
-280468.181   520.172    -0.53   18.36
-280095.962   523.498     8.93   18.88
-279723.688   525.629     5.72   17.49
-279351.358   525.228    -1.08   14.89
-278978.973   518.122   -19.08   15.76
-278606.533   505.401   -34.15   20.83
-278234.037   488.154   -46.29   23.52
-277861.485   471.996   -43.36   22.67
-277488.878   461.881   -27.14   16.55
-277116.216   465.568     9.89   16.94
-276743.498   473.489    21.25   16.35
-276370.724   474.906     3.80   13.31
-275997.895   464.852   -26.96   19.93
-275625.009   446.104   -50.27   24.62
-275252.069   420.501   -68.63   27.29
-274879.072   398.245   -59.65   29.62
-274506.020   365.981   -86.46   38.55
-274132.912   342.921   -61.79   38.01
-273759.748   324.219   -50.10   32.25
-273386.529   314.901   -24.96   25.47
-273013.253   320.945    16.19   29.22
-272639.922   316.344   -12.32   29.30
-272266.535   317.449     2.96   25.49
-271893.091   322.083    12.41   26.29
-271519.592   338.273    43.34   35.79
-271146.037   365.227    72.14   33.09
-270772.426   390.401    67.36   35.94
-270398.759   401.095    28.61   43.68
-270025.036   410.558    25.31   54.49
-269651.257   420.286    26.02   61.89
-269277.421   432.767    33.38   61.39
-268903.530   448.399    41.80   53.78
-268529.582   461.794    35.81   48.18
-268155.579   483.370    57.68   42.18
-267781.518   500.723    46.38   40.77
-267407.402   523.593    61.11   38.69
-267033.230   545.822    59.40   36.19
-266659.001   563.921    48.35   31.13
-266284.716   575.672    31.39   22.90
-265910.374   580.125    11.89   22.00
-265535.976   577.021    -8.29   28.64
-265161.522   570.714   -16.84   28.53
-264787.012   566.922   -10.12   22.28
-264412.445   574.328    19.77   20.94
-264037.821   584.952    28.35   17.96
-263663.141   596.342    30.39   17.24
-263288.404   606.158    26.19   17.02
-262913.611   610.245    10.90   17.52
-262538.761   610.029    -0.58   18.16
-262163.855   606.398    -9.68   17.37
-261788.892   605.653    -1.99   15.52
-261413.873   608.597     7.85   12.63
-261038.796   610.468     4.99    9.98
-260663.663   603.568   -18.39   17.43
-260288.474   581.301   -59.34   31.18
-259913.227   556.672   -65.62   32.86
-259537.924   534.215   -59.82   26.37
-259162.564   517.736   -43.89   22.92
-258787.147   512.372   -14.28   21.35
-258411.673   511.918    -1.21   17.80
-258036.142   513.230     3.49   14.17
-257660.555   525.118    31.64   21.71
-257284.910   539.634    38.64   27.18
-256909.209   555.926    43.35   28.37
-256533.450   567.188    29.97   26.81
-256157.634   576.051    23.58   25.42
-255781.762   584.501    22.48   24.21
-255405.832   592.176    20.41   23.02
-255029.845   600.968    23.38   19.41
-254653.801   607.909    18.45   16.27
-254277.700   613.525    14.93   13.46
-253901.542   617.208     9.79   13.91
-253525.326   617.589     1.01   18.26
-253149.054   609.369   -21.84   24.85
-252772.724   594.472   -39.58   27.49
-252396.336   581.424   -34.66   22.61
-252019.892   577.935    -9.27   14.17
-251643.390   583.547    14.90   16.57
-251266.830   598.523    39.76   20.75
-250890.213   609.615    29.45   17.72
-250513.539   612.033     6.42   19.26
-250136.807   603.815   -21.81   25.87
-249760.018   592.690   -29.52   22.22
-249383.172   587.021   -15.04   18.38
-249006.267   591.587    12.11   20.90
-248629.306   596.301    12.50   25.51
-248252.286   594.892    -3.73   26.66
-247875.209   591.662    -8.57   25.79
-247498.075   590.009    -4.38   22.24
-247120.882   592.801     7.40   22.92
-246743.632   600.523    20.47   26.51
-246366.324   612.977    33.00   30.47
-245988.959   625.844    34.09   36.89
-245611.536   638.160    32.63   37.91
-245234.055   654.301    42.75   41.38
-244856.516   670.752    43.56   44.78
-244478.919   692.477    57.52   46.08
-244101.264   719.468    71.45   50.83
-243723.552   750.667    82.58   48.82
-243345.781   781.106    80.56   48.35
-242967.952   817.766    97.01   39.23
-242590.066   840.540    60.26   28.10
-242212.121   850.079    25.23   18.75
-241834.119   840.229   -26.05   31.56
-241456.058   806.463   -89.30   48.16
-241077.939   763.167  -114.48   47.90
-240699.762   717.981  -119.46   50.60
-240321.527   675.713  -111.73   41.17
-239943.234   643.301   -85.66   34.73
-239564.882   616.611   -70.53   27.29
-239186.472   600.671   -42.11   21.80
-238808.004   591.739   -23.59   12.60
-238429.478   596.554    12.72   16.48
-238050.893   619.520    60.65   33.00
-237672.250   649.301    78.63   41.23
-237293.548   687.206   100.07   45.45
-236914.788   725.933   102.23   44.82
-236535.970   773.774   126.26   57.73
-236157.093   821.458   125.83   56.07
-235778.158   860.104   101.96   41.38
-235399.164   877.509    45.92   20.52
-235020.112   860.565   -44.69   41.51
-234641.001   818.759  -110.25   59.66
-234261.831   770.681  -126.77   59.59
-233882.603   718.218  -138.31   48.94
-233513.877   681.301  -100.10   43.28
-233145.911   647.794   -91.04   38.66
-232777.890   621.864   -70.44   29.12
-232409.814   600.760   -57.32   21.82
-232041.683   588.090   -34.41   17.65
-231673.498   578.606   -25.75   17.65
-231305.257   574.558   -10.99   19.70
-230936.961   571.245    -8.99   21.22
-230568.611   568.787    -6.67   22.40
-230200.205   563.204   -15.15   20.98
-229831.744   559.047   -11.28   20.76
-229463.229   552.134   -18.76   16.44
-229094.658   545.098   -19.09   13.69
-228726.032   539.882   -14.15   11.41
-228357.350   534.866   -13.60    8.44
-227988.614   529.544   -14.43    8.91
-227619.822   524.692   -13.15    8.92
-227250.975   520.287   -11.94    9.02
-226882.073   518.639    -4.47   11.13
-226513.116   520.801     5.86   12.87
-226144.103   525.257    12.07   10.85
-225775.035   526.341     2.94    7.58
-225405.911   525.654    -1.86    6.37
-225036.732   522.354    -8.94    7.92
-224667.498   519.644    -7.34    9.72
-224298.208   516.994    -7.17   12.24
-223928.863   514.861    -5.77   14.13
-223559.462   512.328    -6.86   16.07
-223190.006   508.058   -11.55   15.86
-222820.494   504.048   -10.85   14.85
-222450.926   501.654    -6.48   13.38
-222081.303   506.674    13.58   15.57
-221711.625   514.374    20.83   18.51
-221341.890   528.436    38.02   23.11
-220972.100   540.580    32.83   24.28
-220602.255   544.814    11.45   21.15
-220232.353   538.170   -17.96   21.84
-219862.396   519.936   -49.28   26.02
-219492.383   496.287   -63.90   24.70
-219122.314   473.720   -60.97   25.87
-218752.189   451.174   -60.90   23.01
-218382.009   435.246   -43.02   17.45
-218011.773   425.176   -27.19    7.70
-217641.480   427.190     5.44   10.43
-217271.132   439.202    32.43   19.84
-216900.728   457.273    48.78   25.19
-216530.267   481.273    64.77   27.35
-216159.751   505.065    64.20   29.45
-215789.179   532.426    73.82   31.64
-215418.551   549.125    45.05   25.58
-215047.866   550.013     2.40   26.65
-214677.125   532.465   -47.32   33.62
-214306.329   506.150   -70.96   29.47
-213935.476   486.383   -53.29   22.84
-213564.567   471.821   -39.25   19.37
-213193.601   461.589   -27.58   18.53
-212822.580   451.704   -26.64   18.90
-212451.502   442.999   -23.45   18.10
-212080.368   435.247   -20.89   14.99
-211709.177   431.534   -10.00   10.88
-211337.930   432.977     3.89   11.02
-210966.627   438.709    15.44   16.25
-210595.267   452.328    36.67   25.59
-210223.851   471.259    50.96   35.63
-209852.378   498.342    72.89   45.98
-209480.849   523.972    68.97   49.94
-209109.264   543.493    52.52   47.51
-208737.621   562.727    51.75   44.41
-208365.923   578.904    43.51   44.18
-207994.167   599.860    56.36   43.62
-207622.355   625.112    67.90   43.08
-207250.487   649.860    66.54   31.55
-206878.561   655.382    14.85   33.11
-206506.579   650.243   -13.81   42.50
-206134.540   639.125   -29.88   51.71
-205762.445   633.639   -14.74   51.15
-205390.293   624.246   -25.23   52.88
-205018.084   605.676   -49.88   56.14
-204645.818   577.079   -76.81   61.01
-204273.495   535.176  -112.52   51.21
-203901.115   503.999   -83.71   35.78
-203528.678   480.709   -62.52   20.61
-203156.185   469.986   -28.78   13.61
-202783.634   463.945   -16.21    6.58
-202411.027   463.162    -2.10    3.81
-202038.362   465.219     5.52    4.06
-201665.640   468.551     8.94    4.53
-201292.862   472.726    11.20    4.92
-200920.026   476.501    10.12    4.99
-200547.133   481.027    12.14    5.18
-200174.183   485.458    11.88    5.38
-199801.175   490.328    13.05    5.88
-199428.111   495.492    13.84    5.92
-199054.989   501.288    15.53    7.89
-198681.810   506.977    15.24    8.12
-198308.574   512.808    15.62    9.09
-197935.280   518.595    15.50    8.35
-197561.929   524.071    14.67    8.76
-197188.521   530.401    16.95   10.02
-196815.055   537.191    18.18   12.93
-196441.532   545.188    21.41   14.72
-196067.951   553.383    21.93   15.52
-195694.313   563.498    27.07   16.32
-195320.617   575.794    32.90   23.02
-194946.864   594.768    50.76   34.24
-194573.053   606.260    30.74   35.51
-194199.185   618.589    32.97   35.97
-193825.258   628.583    26.72   35.21
-193451.275   632.876    11.48   31.78
-193077.233   650.146    46.16   34.84
-192703.134   676.260    69.79   42.67
-192328.978   692.649    43.79   40.60
-191954.763   700.768    21.69   32.85
-191580.491   700.904     0.36   31.30
-191206.161   709.021    21.68   43.79
-190831.773   720.639    31.03   57.37
-190457.327   734.936    38.18   67.75
-190082.823   757.090    59.14   74.12
-189708.261   765.109    21.41   72.52
-189333.642   762.921    -5.84   69.17
-188958.964   746.849   -42.89   63.35
-188584.228   709.009  -100.96   58.93
-188209.435   671.808   -99.24   50.97
-187834.583   635.205   -97.63   37.83
-187459.673   608.218   -71.97   34.47
-187084.705   580.424   -74.11   34.59
-186709.679   554.079   -70.24   32.32
-186334.595   533.152   -55.78   23.31
-185959.452   519.881   -35.37   17.74
-185584.251   519.394    -1.30   29.58
-185208.993   522.536     8.37   39.21
-184833.675   510.421   -32.27   39.40
-184458.300   498.127   -32.75   36.74
-184082.866   492.760   -14.29   32.91
-183707.374   494.864     5.60   39.09
-183331.823   496.027     3.10   41.83
-182956.214   489.726   -16.77   39.20
-182580.546   475.684   -37.37   33.21
-182204.820   464.767   -29.05   22.94
-181829.036   465.093     0.87   21.54
-181453.193   476.013    29.05   24.95
-181077.291   484.759    23.26   18.89
-180701.331   478.585   -16.42   25.17
-180325.312   462.228   -43.49   30.21
-179949.235   450.141   -32.14   22.35
-179573.098   448.977    -3.09   21.45
-179196.903   463.395    38.32   26.69
-178820.650   481.808    48.93   25.74
-178444.338   499.936    48.16   30.00
-178067.966   517.917    47.77   28.54
-177691.536   523.990    16.13   22.36
-177315.048   523.981    -0.02   17.63
-176938.500   516.218   -20.62   20.76
-176561.893   504.868   -30.13   24.80
-176185.228   494.397   -27.80   27.49
-175808.503   479.862   -38.57   25.29
-175431.720   469.015   -28.78   20.10
-175054.877   462.314   -17.78   20.97
-174677.976   461.624    -1.83   26.68
-174301.015   464.248     6.96   30.71
-173923.996   466.344     5.56   31.77
-173546.917   473.490    18.95   32.71
-173169.779   483.794    27.32   35.51
-172792.582   497.760    37.02   30.89
-172415.325   497.968     0.55   21.87
-172038.010   486.912   -29.30   27.56
-171660.635   461.931   -66.19   34.09
-171283.201   442.616   -51.17   24.18
-170905.707   432.085   -27.89   17.58
-170528.154   427.982   -10.86   17.44
-170150.542   425.288    -7.13   16.15
-169772.870   417.492   -20.64   17.92
-169395.139   403.855   -36.10   22.88
-169017.348   386.218   -46.68   23.87
-168639.498   370.356   -41.97   21.60
-168261.589   357.370   -34.36   14.73
-167883.620   354.612    -7.30   14.12
-167505.591   360.301    15.05   21.06
-167127.502   367.037    17.81   23.25
-166749.354   372.397    14.17   22.18
-166371.147   375.344     7.79   20.93
-165992.879   382.101    17.86   19.14
-165614.552   388.895    17.96   18.14
-165236.165   395.954    18.65   15.34
-164857.718   398.752     7.39   16.56
-164479.212   394.520   -11.18   18.68
-164100.646   384.995   -25.16   18.68
-163722.019   376.395   -22.71   17.06
-163343.333   369.410   -18.44   15.19
-162964.587   370.709     3.43   17.08
-162585.781   378.794    21.34   18.66
-162206.915   387.301    22.45   16.51
-161827.989   390.061     7.28   16.30
-161449.003   383.001   -18.63   24.36
-161069.957   362.621   -53.76   33.94
-160690.851   334.977   -72.91   34.35
-160311.684   314.273   -54.59   26.60
-159932.458   298.589   -41.35   12.33
-159553.171   294.794   -10.00    4.05
-159173.824   301.328    17.22   12.03
-158802.442   310.843    25.61   17.11
-158434.649   323.424    34.20   18.04
-158066.800   332.329    24.20   15.30
-157698.895   339.424    19.28   14.39
-157330.933   345.662    16.95   13.92
-156962.915   353.247    20.61   13.55
-156594.841   362.109    24.07   14.88
-156226.710   374.855    34.62   19.00
-155858.523   390.693    43.01   22.71
-155490.280   408.666    48.80   21.57
-155121.980   420.517    32.17   15.30
-154753.623   424.085     9.68   11.77
-154385.210   419.247   -13.13   14.71
-154016.741   410.945   -22.53   15.40
-153648.215   404.068   -18.66   17.48
-153279.632   399.041   -13.64   19.71
-152910.993   391.954   -19.22   19.22
-152542.297   386.945   -13.58   17.53
-152173.545   382.273   -12.67   15.02
-151804.735   384.861     7.02   18.56
-151435.869   390.136    14.30   22.41
-151066.947   400.461    27.98   25.68
-150697.967   409.835    25.40   25.91
-150328.931   421.634    31.97   26.40
-149959.838   430.534    24.11   25.68
-149590.688   441.558    29.86   22.94
-149221.481   449.589    21.75   17.51
-148852.217   453.421    10.38   11.52
-148482.897   453.206    -0.58    9.64
-148113.519   448.968   -11.47   12.17
-147744.085   444.814   -11.24   14.05
-147374.593   441.168    -9.87   16.27
-147005.044   438.671    -6.76   19.00
-146635.439   431.985   -18.09   23.35
-146265.776   423.690   -22.44   27.65
-145896.056   409.551   -38.24   29.55
-145526.279   394.231   -41.42   24.92
-145156.444   381.985   -33.11   21.90
-144786.553   372.773   -24.90   17.54
-144416.604   366.954   -15.73   15.42
-144046.598   362.384   -12.35   11.42
-143676.535   359.914    -6.67   11.10
-143306.414   360.808     2.41   14.62
-142936.237   360.288    -1.41   19.48
-142566.001   357.191    -8.36   20.08
-142195.709   352.341   -13.10   21.69
-141825.358   344.836   -20.26   18.23
-141454.951   339.208   -15.19   16.80
-141084.486   334.069   -13.87   13.54
-140713.963   332.141    -5.20   13.17
-140343.383   329.051    -8.34   12.24
-139972.746   327.656    -3.76   12.46
-139602.051   324.816    -7.66   12.18
-139231.298   322.381    -6.57   11.96
-138860.487   320.066    -6.24   12.39
-138489.619   319.074    -2.67   12.66
-138118.693   321.007     5.21   14.55
-137747.710   325.128    11.11   14.39
-137376.668   334.201    24.45   15.34
-137005.569   346.355    32.75   20.83
-136634.412   365.987    52.89   29.15
-136263.198   389.166    62.43   35.77
-135891.925   411.968    61.41   34.20
-135520.595   429.589    47.45   29.03
-135149.206   445.639    43.21   22.37
-134777.760   457.123    30.91   15.42
-134406.256   461.498    11.78   11.09
-134034.693   455.246   -16.82   16.79
-133663.073   440.690   -39.17   19.13
-133291.395   430.855   -26.46   13.35
-132919.658   431.452     1.60   14.26
-132547.864   439.558    21.80   17.75
-132176.011   448.671    24.50   13.44
-131804.100   447.977    -1.87   13.07
-131432.131   440.220   -20.85   13.46
-131060.103   430.890   -25.08   12.95
-130688.018   422.181   -23.40   13.18
-130315.874   415.287   -18.52   13.56
-129943.672   409.541   -15.44   10.77
-129571.411   406.726    -7.56    6.08
-129199.093   409.248     6.77    7.79
-128826.715   416.534    19.56   11.12
-128454.280   425.249    23.40   12.80
-128081.786   433.643    22.53   12.19
-127709.233   436.972     8.93   10.02
-127336.622   435.301    -4.48   11.39
-126963.952   432.261    -8.16   13.31
-126591.224   430.370    -5.07   17.54
-126218.437   443.074    34.07   28.04
-125845.592   459.023    42.77   26.46
-125472.688   468.156    24.49   17.81
-125099.725   469.537     3.70   12.87
-124726.704   458.353   -29.98   15.73
-124353.623   446.041   -33.00   16.58
-123980.485   432.880   -35.27   17.55
-123607.287   418.602   -38.25   20.56
-123234.030   404.194   -38.60   24.37
-122860.715   390.368   -37.03   26.42
-122487.341   382.114   -22.10   26.98
-122113.908   374.260   -21.03   25.23
-121740.416   363.247   -29.48   28.64
-121366.865   340.585   -60.66   37.35
-120993.255   317.382   -62.10   40.40
-120619.586   287.598   -79.70   32.93
-120245.858   265.191   -59.95   25.48
-119872.070   245.794   -51.89   19.60
-119498.224   238.884   -18.48   19.25
-119124.319   241.382     6.68   31.62
-118750.354   243.554     5.81   42.41
-118376.331   242.888    -1.78   43.55
-118002.248   238.672   -11.27   40.75
-117628.106   227.181   -30.71   31.21
-117253.904   220.837   -16.95   23.61
-116879.643   215.544   -14.14   17.73
-116505.323   215.075    -1.25   15.94
-116130.944   217.061     5.30   18.02
-115756.505   227.963    29.11   26.96
-115382.007   247.314    51.67   40.70
-115007.449   279.232    85.21   51.06
-114632.832   311.208    85.35   52.76
-114258.156   348.774   100.25   47.23
-113883.419   378.990    80.63   37.68
-113508.624   405.314    70.23   35.23
-113133.768   427.571    59.37   30.20
-112758.853   445.196    47.00   22.03
-112383.879   452.926    20.61   17.85
-112008.845   452.182    -1.98   22.25
-111633.751   442.931   -24.66   28.76
-111258.597   426.485   -43.83   33.60
-110883.383   411.981   -38.65   34.54
-110508.110   394.448   -46.72   27.85
-110132.777   388.371   -16.19   22.66
-109757.384   386.021    -6.26   15.73
-109381.931   389.856    10.21   13.62
-109006.419   395.038    13.80   13.91
-108630.846   402.780    20.61   13.19
-108255.213   409.814    18.72   12.65
-107879.521   417.741    21.10   13.40
-107503.768   424.421    17.78   14.82
-107127.955   433.152    23.23   16.92
-106752.082   439.369    16.54   18.73
-106376.150   446.232    18.25   16.98
-106000.156   447.218     2.62   15.29
-105624.103   443.544    -9.77   15.58
-105247.990   435.098   -22.45   17.11
-104871.816   426.048   -24.06   17.23
-104495.582   417.918   -21.60   15.10
-104119.288   415.714    -5.86   12.60
-103742.933   417.231     4.03   10.02
-103366.519   421.538    11.44   11.15
-102990.043   430.531    23.88   14.88
-102613.508   439.234    23.11   16.92
-102236.911   450.017    28.63   16.79
-101860.255   457.706    20.41   13.42
-101483.538   461.528    10.14   10.84
-101106.760   458.085    -9.14   15.60
-100729.922   448.090   -26.52   21.55
-100353.023   437.150   -29.02   21.01
 -99976.064   429.327   -20.75   16.54
 -99599.044   428.245    -2.87   15.60
 -99221.963   426.621    -4.31   10.87
 -98844.822   428.794     5.76    8.88
 -98467.620   433.928    13.61   13.06
 -98090.357   442.747    23.38   16.85
 -97713.033   451.314    22.70   18.73
 -97335.648   459.247    21.02   19.57
 -96958.203   467.314    21.37   19.02
 -96580.697   475.855    22.62   16.88
 -96203.130   482.972    18.85   14.15
 -95825.501   489.452    17.16   11.90
 -95447.812   491.849     6.35   11.21
 -95070.062   488.461    -8.97   13.62
 -94692.251   481.158   -19.33   17.86
 -94314.379   471.888   -24.53   19.76
 -93936.445   461.653   -27.08   22.13
 -93558.451   457.061   -12.15   24.56
 -93180.395   450.828   -16.49   25.02
 -92802.278   440.941   -26.15   23.44
 -92424.100   429.274   -30.85   20.16
 -92045.861   421.301   -21.08   16.00
 -91667.561   420.132    -3.09   17.81
 -91289.199   422.082     5.15   18.60
 -90910.776   424.077     5.27   14.88
 -90532.291   428.523    11.75   12.42
 -90153.745   436.714    21.64   16.75
 -89775.138   447.454    28.36   17.09
 -89396.469   459.169    30.94   14.59
 -89017.738   467.178    21.14   13.43
 -88638.947   474.196    18.53   14.71
 -88260.093   477.594     8.97   13.67
 -87881.178   473.788   -10.04   15.56
 -87502.201   458.355   -40.72   23.85
 -87123.163   443.109   -40.22   23.35
 -86744.063   427.808   -40.36   19.96
 -86364.902   417.301   -27.71   17.14
 -85985.678   411.688   -14.80   13.14
 -85606.393   410.229    -3.84    9.75
 -85227.046   410.233     0.01    7.73
 -84847.637   413.068     7.47    7.09
 -84468.167   416.643     9.42    8.60
 -84093.877   422.954    16.86   11.96
 -83726.262   431.972    24.53   15.46
 -83358.589   443.368    30.99   16.22
 -82990.858   453.340    27.12   17.54
 -82623.070   463.855    28.59   17.30
 -82255.224   470.182    17.20   14.54
 -81887.320   474.287    11.16   11.51
 -81519.358   477.340     8.30   11.03
 -81151.339   481.972    12.59   12.74
 -80783.262   488.288    17.16   12.06
 -80415.127   495.531    19.67   10.39
 -80046.934   499.794    11.58    9.27
 -79678.683   500.004     0.57   11.13
 -79310.374   496.981    -8.21   14.59
 -78942.007   490.136   -18.58   17.50
 -78573.582   479.679   -28.38   20.01
 -78205.099   471.602   -21.92   19.39
 -77836.558   469.630    -5.35   17.08
 -77467.959   472.479     7.73   18.12
 -77099.302   478.585    16.56   16.44
 -76730.587   486.698    22.00   13.17
 -76361.813   489.874     8.61   11.72
 -75992.982   489.868    -0.02    9.95
 -75624.092   484.722   -13.95   13.86
 -75255.143   476.561   -22.12   16.07
 -74886.137   474.326    -6.06   16.60
 -74517.072   475.616     3.49   18.51
 -74147.949   477.651     5.51   17.11
 -73778.768   473.698   -10.71   16.65
 -73409.528   463.365   -27.98   16.72
 -73040.229   454.547   -23.87   12.04
 -72670.872   450.989    -9.63    8.73
 -72301.457   452.301     3.55    8.90
 -71931.983   455.821     9.53    8.77
 -71562.451   461.575    15.57    8.20
 -71192.860   465.594    10.87    7.92
 -70823.211   468.767     8.58    6.13
 -70453.502   467.150    -4.37    9.70
 -70083.736   461.041   -16.52   15.52
 -69713.910   450.945   -27.30   19.67
 -69344.026   439.123   -31.96   22.16
 -68974.083   431.061   -21.79   24.84
 -68604.081   422.179   -24.00   29.10
 -68234.021   415.067   -19.22   32.16
 -67863.901   406.608   -22.85   35.71
 -67493.723   402.044   -12.33   36.67
 -67123.486   396.821   -14.11   33.64
 -66753.190   394.210    -7.05   31.37
 -66382.835   388.571   -15.22   27.40
 -66012.421   382.963   -15.14   28.77
 -65641.948   377.436   -14.92   30.27
 -65271.416   367.685   -26.31   34.35
 -64900.825   357.143   -28.45   36.92
 -64530.175   344.788   -33.33   40.11
 -64159.466   326.754   -48.64   42.80
 -63788.698   306.287   -55.20   36.18
 -63417.870   287.461   -50.77   29.99
 -63046.983   267.674   -53.35   29.39
 -62676.037   240.261   -73.90   40.50
 -62305.032   218.448   -58.79   37.14
 -61933.968   202.444   -43.13   24.85
 -61562.844   203.038     1.60   23.26
 -61191.661   223.448    54.98   33.82
 -60820.418   237.368    37.49   37.81
 -60449.116   245.788    22.68   39.60
 -60077.755   244.612    -3.17   34.27
 -59706.334   243.448    -3.13   29.43
 -59334.853   247.166    10.01   32.38
 -58963.314   253.470    16.97   39.55
 -58591.714   258.314    13.04   41.59
 -58220.055   253.976   -11.67   39.18
 -57848.337   247.794   -16.63   32.15
 -57476.558   243.989   -10.23   19.94
 -57104.720   249.356    14.43   20.88
 -56732.823   267.027    47.51   28.50
 -56360.866   281.205    38.12   28.91
 -55988.848   298.882    47.51   32.47
 -55616.772   311.718    34.50   34.65
 -55244.635   322.768    29.69   36.82
 -54872.438   330.465    20.68   37.99
 -54500.182   331.848     3.71   36.90
 -54127.866   334.551     7.26   35.47
 -53755.490   333.963    -1.58   33.37
 -53383.053   334.301     0.91   31.08
 -53010.557   337.160     7.67   31.86
 -52638.001   344.106    18.64   33.18
 -52265.385   352.924    23.66   35.71
 -51892.708   362.949    26.90   36.81
 -51519.972   367.888    13.25   37.81
 -51147.176   376.368    22.75   39.12
 -50774.319   379.061     7.22   35.95
 -50401.402   385.531    17.35   32.82
 -50028.425   388.356     7.57   29.55
 -49655.387   393.074    12.65   26.03
 -49282.290   398.341    14.12   22.48
 -48909.132   402.021     9.86   18.98
 -48535.913   404.011     5.33   14.52
 -48162.635   406.088     5.56   12.65
 -47789.295   408.301     5.93   11.66
 -47415.896   414.448    16.46   15.57
 -47042.436   423.679    24.72   17.68
 -46668.915   435.827    32.52   19.67
 -46295.334   443.558    20.69   14.91
 -45921.693   442.083    -3.95   15.70
 -45547.991   436.381   -15.26   17.96
 -45174.228   435.288    -2.92   14.36
 -44800.404   434.531    -2.03   11.35
 -44426.520   430.568   -10.60   15.36
 -44052.575   420.033   -28.17   23.28
 -43678.570   400.981   -50.94   26.77
 -43304.504   387.844   -35.12   19.31
 -42930.376   388.932     2.91   16.62
 -42556.189   397.342    22.47   20.66
 -42181.940   411.968    39.08   20.17
 -41807.630   429.454    46.71   16.61
 -41433.259   440.121    28.49   12.52
 -41058.828   443.671     9.48   10.82
 -40684.335   438.096   -14.89   15.00
 -40309.782   421.585   -44.08   24.91
 -39935.167   400.557   -56.13   32.14
 -39560.492   381.393   -51.15   27.55
 -39185.755   372.235   -24.44   19.06
 -38810.957   373.080     2.25   16.14
 -38436.098   380.781    20.54   15.64
 -38061.178   391.994    29.91   15.40
 -37686.197   403.168    29.80   13.22
 -37311.154   409.882    17.90   12.29
 -36936.050   415.814    15.81   12.43
 -36560.885   421.643    15.54   12.13
 -36185.658   424.589     7.85   10.75
 -35810.371   423.950    -1.70   10.36
 -35435.021   419.454   -11.98   14.09
 -35059.610   413.647   -15.47   14.62
 -34684.138   410.843    -7.47   14.79
 -34308.604   409.703    -3.03   15.27
 -33933.009   409.274    -1.14   15.23
 -33557.352   407.535    -4.63   12.05
 -33181.634   408.166     1.68    9.00
 -32805.854   413.328    13.74   11.09
 -32430.012   424.327    29.27   14.86
 -32054.109   434.209    26.29   14.50
 -31678.144   443.574    24.91   10.22
 -31302.117   448.406    12.85    6.75
 -30926.029   445.327    -8.19   10.19
 -30549.878   438.008   -19.46   13.38
 -30173.666   430.660   -19.53   11.91
 -29797.392   426.112   -12.09    9.20
 -29421.056   426.813     1.86   10.60
 -29044.658   428.218     3.73    9.69
 -28668.199   423.019   -13.81   12.44
 -28291.677   415.759   -19.28   15.26
 -27915.093   404.594   -29.65   19.99
 -27538.447   394.408   -27.05   16.39
 -27161.739   389.882   -12.01   15.66
 -26784.969   386.048   -10.18   16.96
 -26408.137   383.682    -6.28   19.05
 -26031.243   371.236   -33.02   26.03
 -25654.286   357.703   -35.90   29.05
 -25277.267   342.119   -41.34   30.37
 -24900.186   326.867   -40.45   25.16
 -24523.043   307.200   -52.15   22.11
 -24145.837   288.436   -49.74   29.07
 -23768.569   268.744   -52.20   29.45
 -23391.239   251.509   -45.67   17.77
 -23013.846   245.393   -16.21   13.01
 -22636.391   253.575    21.68   17.35
 -22258.873   270.914    45.93   30.54
 -21881.292   291.477    54.46   36.91
 -21503.650   307.904    43.50   37.30
 -21125.944   324.538    44.04   34.44
 -20748.176   328.525    10.55   31.58
 -20370.345   326.132    -6.33   30.23
 -19992.452   322.590    -9.37   27.53
 -19614.496   318.416   -11.04   24.49
 -19236.477   316.671    -4.62   23.91
 -18858.395   316.851     0.48   21.35
 -18480.251   316.287    -1.49   16.84
 -18102.044   314.919    -3.62   14.58
 -17723.774   319.410    11.87   15.84
 -17345.441   327.714    21.95   17.57
 -16967.045   336.621    23.54   15.33
 -16588.586   344.520    20.87   10.31
 -16210.064   347.801     8.67    8.61
 -15831.479   349.976     5.75    7.99
 -15452.831   352.431     6.48    8.87
 -15074.120   355.867     9.07    8.54
 -14695.346   362.096    16.45    8.25
 -14316.509   367.531    14.35    8.01
 -13937.608   370.276     7.25    9.93
 -13558.644   373.190     7.69   12.12
 -13179.617   376.724     9.32   12.09
 -12800.527   377.712     2.61    9.83
 -12421.374   379.946     5.89    6.99
 -12042.157   381.051     2.91    5.63
 -11662.876   380.621    -1.13    5.77
 -11283.533   378.483    -5.64    7.28
 -10904.126   374.025   -11.75    9.60
 -10524.655   368.950   -13.37   10.26
 -10145.121   364.128   -12.71   10.97
  -9765.523   358.516   -14.78   11.46
  -9388.065   353.704   -12.75   11.48
  -9020.634   350.601    -8.44   15.33
  -8653.143   344.273   -17.22   18.46
  -8285.594   341.989    -6.21   19.89
  -7917.985   344.474     6.76   17.64
  -7550.318   351.768    19.84   13.02
  -7182.591   356.044    11.63    7.94
  -6814.804   351.888   -11.30   12.19
  -6446.959   340.419   -31.18   21.44
  -6079.054   317.366   -62.66   32.17
  -5711.090   289.314   -76.23   39.30
  -5343.067   243.160  -125.41   55.74
  -4974.984   192.728  -137.01   63.45
  -4606.842   168.019   -67.12   51.94
  -4238.640   177.143    24.78   64.10
  -3870.379   213.416    98.50   73.11
  -3502.058   253.130   107.82   44.70
  -3133.678   269.143    43.47   21.38
  -2765.238   261.209   -21.53   32.23
  -2396.739   232.722   -77.30   53.03
  -2028.180   192.906  -108.03   69.15
  -1659.562   138.366  -147.96   80.14
  -1290.883    87.577  -137.76   75.05
   -922.145    41.080  -126.10   53.82
   -553.348    13.248   -75.47   30.58
   -184.490    -0.291   -36.70    1.83
    184.427     2.128     6.56    6.70
    553.404     6.392    11.56    8.81
    922.441    10.044     9.90    8.77
   1291.537    13.522     9.42    7.31
   1660.694    19.262    15.55   10.55
   2029.911    39.314    54.31   39.50
   2399.187    65.859    71.89   57.15
   2768.524    94.519    77.60   57.58
   3137.920   118.054    63.71   51.78
   3507.377   140.501    60.76   46.55
   3876.894   155.511    40.62   48.92
   4246.470   185.461    81.04   38.59
   4616.107   207.485    59.58   13.26
   4985.805   214.735    19.61    7.73
   5355.562   214.698    -0.10    7.43
   5725.379   213.379    -3.57    8.10
   6095.257   213.378    -0.00    8.98
   6465.195   218.950    15.06   14.56
   6835.194   227.955    24.34   15.98
   7205.253   237.781    26.55   10.95
   7575.372   243.367    15.09    7.38
   7945.551   246.168     7.57    4.36
   8315.792   247.038     2.35    3.86
   8686.092   248.461     3.84    5.35
   9056.453   251.976     9.49    8.67
   9426.875   258.250    16.94   11.84
   9797.357   263.392    13.88   11.02
  10167.899   264.750     3.66    9.96
  10538.503   262.403    -6.33   10.20
  10909.167   255.924   -17.48   14.93
  11279.892   242.639   -35.84   24.29
  11650.677   222.340   -54.75   35.97
  12021.523   201.488   -56.23   36.99
  12392.430   194.288   -19.41   31.56
  12763.398   204.381    27.21   39.72
  13134.426   222.755    49.52   43.95
  13505.516   238.405    42.17   39.75
  13876.666   244.406    16.17   31.87
  14247.877   233.119   -30.41   33.96
  14619.149   225.859   -19.55   30.63
  14990.483   226.729     2.34   31.50
  15361.877   237.483    28.95   36.18
  15733.332   257.525    53.96   27.31
  16104.849   269.440    32.07   15.39
  16476.426   272.368     7.88   13.91
  16848.065   273.351     2.65   18.22
  17219.764   277.114    10.12   20.05
  17591.525   280.891    10.16   20.36
  17963.348   283.419     6.80   18.47
  18335.231   288.182    12.81   16.49
  18707.176   291.288     8.35   14.23
  19079.182   294.932     9.80   11.89
  19451.249   298.639     9.96   11.17
  19823.378   304.314    15.25   15.02
  20195.568   309.342    13.51   13.71
  20567.820   308.888    -1.22   13.78
  20940.133   305.698    -8.57   14.79
  21312.508   302.339    -9.02   12.47
  21684.944   302.616     0.74   13.06
  22057.442   310.525    21.23   14.39
  22430.001   322.844    33.07   13.08
  22802.622   330.853    21.50   11.99
  23175.305   334.963    11.03   12.04
  23548.049   333.402    -4.19   14.36
  23920.856   333.523     0.32   15.47
  24293.723   334.963     3.86   13.99
  24666.653   340.474    14.78   11.94
  25039.645   348.160    20.61   10.62
  25412.698   352.488    11.60    6.57
  25785.813   353.564     2.89    5.78
  26158.990   350.483    -8.26    7.65
  26532.229   345.025   -14.62   10.92
  26905.530   337.048   -21.37   15.70
  27278.893   324.160   -34.52   22.36
  27652.318   298.919   -67.59   34.35
  28025.806   267.493   -84.14   46.51
  28399.355   240.648   -71.87   40.02
  28772.966   234.548   -16.33   35.84
  29146.640   238.006     9.26   39.44
  29520.376   243.506    14.72   40.59
  29894.174   251.225    20.65   40.25
  30268.034   259.729    22.75   42.11
  30641.956   277.262    46.89   41.91
  31015.941   298.461    56.69   36.21
  31389.988   320.010    57.61   22.30
  31764.098   331.598    30.98   14.03
  32138.270   337.176    14.91   11.60
  32512.504   341.206    10.77    8.17
  32886.801   339.470    -4.64    8.31
  33261.161   337.027    -6.53    8.76
  33635.583   337.924     2.40    7.76
  34010.067   340.245     6.20    7.92
  34384.614   343.682     9.18    7.40
  34759.224   344.139     1.22    7.03
  35133.897   342.651    -3.97    8.41
  35508.632   340.058    -6.92    8.71
  35883.430   338.476    -4.22    8.20
  36258.290   337.768    -1.89    9.97
  36633.214   337.378    -1.04   12.66
  37008.200   334.145    -8.62   15.92
  37383.249   332.326    -4.85   18.07
  37758.361   331.647    -1.81   16.26
  38133.536   331.353    -0.78   12.94
  38508.774   332.483     3.01    9.72
  38884.075   330.064    -6.44   11.75
  39259.439   329.339    -1.93   18.53
  39634.866   323.867   -14.58   24.78
  40010.356   321.455    -6.42   24.85
  40385.909   319.893    -4.16   26.03
  40761.526   319.613    -0.75   33.47
  41137.205   315.679   -10.47   42.29
  41512.948   305.431   -27.28   42.52
  41888.754   289.977   -41.12   39.41
  42264.623   273.876   -42.84   27.77
  42640.556   263.468   -27.69   15.70
  43016.551   258.738   -12.58    8.53
  43392.611   256.421    -6.16    8.00
  43768.733   256.237    -0.49   10.16
  44144.919   255.898    -0.90   10.88
  44521.169   253.898    -5.32    9.90
  44897.482   253.006    -2.37    9.87
  45273.859   251.833    -3.12    9.26
  45650.299   247.406   -11.76    7.17
  46026.803   244.419    -7.93    5.45
  46403.370   244.073    -0.92    5.41
  46780.001   245.353     3.40    6.53
  47156.696   248.237     7.65    7.25
  47533.455   251.340     8.24    6.88
  47910.277   254.885     9.41    6.31
  48287.163   257.260     6.30    6.80
  48664.113   260.262     7.97    6.79
  49041.127   263.585     8.81    7.89
  49418.205   266.888     8.76    9.80
  49795.346   267.661     2.05   10.44
  50172.552   267.541    -0.32    9.75
  50549.821   268.459     2.43    9.55
  50927.155   271.613     8.36   13.02
  51304.553   279.820    21.75   18.85
  51682.014   286.870    18.68   24.45
  52059.540   290.544     9.73   24.48
  52437.130   289.432    -2.95   21.99
  52814.785   288.605    -2.19   16.19
  53192.503   290.485     4.98   13.36
  53570.286   296.769    16.64   15.46
  53948.133   304.098    19.40   17.45
  54326.044   311.656    20.00   16.13
  54704.020   317.179    14.61   14.88
  55082.060   316.833    -0.92   14.18
  55460.165   313.531    -8.74   11.24
  55838.334   313.301    -0.61    8.21
  56216.567   314.406     2.92    6.39
  56594.865   317.174     7.32    8.25
  56973.228   316.794    -1.00   12.21
  57351.655   314.455    -6.18   13.95
  57730.147   312.959    -3.95   14.57
  58108.703   313.184     0.59   12.99
  58487.324   315.942     7.28   10.71
  58866.010   320.554    12.18    9.35
  59244.761   318.138    -6.38    9.70
  59623.576   312.370   -15.23   10.76
  60002.456   306.051   -16.68   11.70
  60381.401   300.488   -14.68    8.05
  60760.411   299.891    -1.58    6.36
  61139.486   300.506     1.62    6.20
  61518.626   299.288    -3.21    8.33
  61897.831   293.134   -16.23   10.93
  62277.101   285.574   -19.94    9.94
  62656.436   278.757   -17.97    8.83
  63035.836   274.660   -10.80   10.10
  63415.301   270.427   -11.15   11.65
  63794.831   264.720   -15.04   11.63
  64174.427   255.846   -23.38   10.37
  64554.087   249.463   -16.81    7.80
  64933.814   247.846    -4.26    5.46
  65313.605   251.914    10.71    8.75
  65681.949   258.151    16.93    9.81
  66049.250   263.781    15.33    7.70
  66416.611   270.426    18.09   11.69
  66784.033   278.477    21.91   16.93
  67151.516   287.968    25.83   17.04
  67519.060   293.150    14.10   13.49
  67886.664   288.145   -13.62   15.55
  68254.329   277.895   -27.88   14.92
  68622.055   267.526   -28.20   13.47
  68989.841   261.109   -17.45   10.74
  69357.689   262.663     4.23   12.98
  69725.597   270.233    20.58   14.52
  70093.566   274.173    10.71   11.50
  70461.596   273.679    -1.34   11.41
  70829.687   268.989   -12.74   10.86
  71197.839   266.301    -7.30    6.74
  71566.052   268.478     5.91    7.38
  71934.326   271.928     9.37    8.18
  72302.661   272.513     1.59    8.54
  72671.057   269.888    -7.13    8.59
  73039.515   265.109   -12.97    7.54
  73408.033   261.574    -9.59    5.68
  73776.613   260.351    -3.32    5.48
  74145.254   264.057    10.05   10.64
  74513.956   272.002    21.55   16.26
  74882.720   283.301    30.64   20.48
  75251.545   296.878    36.81   18.12
  75620.431   301.340    12.10   12.75
  75989.379   293.366   -21.62   21.40
  76358.388   278.688   -39.78   28.39
  76727.458   261.200   -47.39   24.50
  77096.590   251.926   -25.12   17.38
  77465.784   246.916   -13.57   14.14
  77835.039   245.626    -3.50   15.19
  78204.355   241.538   -11.07   14.80
  78573.733   238.352    -8.62   12.81
  78943.173   237.288    -2.88   10.06
  79312.675   243.038    15.56   14.27
  79682.238   251.453    22.77   14.32
  80051.863   255.554    11.10   11.20
  80421.549   249.664   -15.93   17.16
  80791.298   235.980   -37.01   23.82
  81161.108   220.090   -42.97   20.10
  81530.980   210.224   -26.68   12.57
  81900.914   204.794   -14.68    8.11
  82270.910   204.060    -1.98    8.07
  82640.968   201.551    -6.78    6.62
  83011.088   199.605    -5.26    5.33
  83381.270   197.574    -5.49    4.68
  83751.514   196.946    -1.69    3.54
  84121.820   199.275     6.29    6.54
  84492.188   203.921    12.55    9.41
  84862.618   211.634    20.82    9.56
  85233.111   218.788    19.31    8.94
  85603.665   220.782     5.38   11.57
  85974.282   219.600    -3.19   14.36
  86344.961   216.963    -7.11   14.36
  86715.703   215.605    -3.66   11.82
  87086.507   218.184     6.96   10.84
  87457.373   224.185    16.18    9.35
  87828.301   229.250    13.65    7.26
  88199.292   232.451     8.63    5.65
  88570.345   233.617     3.14    5.25
  88941.461   236.119     6.74    4.48
  89312.640   239.748     9.78    7.16
  89683.881   246.538    18.29   12.17
  90055.184   254.236    20.73   10.59
  90426.550   255.275     2.80   10.30
  90797.979   248.863   -17.26   13.98
  91169.471   241.676   -19.35   10.95
  91541.025   238.438    -8.71    7.02
  91912.642   239.509     2.88    7.08
  92284.321   241.077     4.22    6.53
  92656.064   243.301     5.98    7.37
  93027.869   247.801    12.10    7.59
  93399.737   250.929     8.41    7.09
  93771.668   251.051     0.33    7.76
  94143.662   246.388   -12.53   10.83
  94515.719   239.134   -19.50   11.69
  94887.839   235.032   -11.03    9.36
  95260.022   235.184     0.41    8.13
  95632.269   240.339    13.85    8.75
  96004.578   246.262    15.91    8.65
  96376.950   253.706    19.99   11.17
  96749.386   258.851    13.82   12.26
  97121.884   255.352    -9.39   16.35
  97494.446   245.351   -26.85   21.95
  97867.071   234.742   -28.47   19.42
  98239.760   224.851   -26.54    8.41
  98612.512   224.038    -2.18    5.87
  98985.327   226.832     7.50    7.83
  99358.205   233.377    17.55   11.58
  99731.147   245.136    31.53   17.61
 100104.153   257.077    32.02   18.18
 100477.222   266.101    24.19   14.18
 100850.354   267.630     4.10   12.75
 101223.550   260.563   -18.94   16.29
 101596.810   249.328   -30.10   13.85
 101970.133   241.878   -19.96    8.20
 102343.520   239.354    -6.76    5.15
 102716.970   239.288    -0.18    5.88
 103090.484   238.517    -2.07    7.56
 103464.062   237.671    -2.26    7.28
 103837.704   236.152    -4.07    5.83
 104211.410   239.676     9.43    8.55
 104585.179   247.048    19.72    9.36
 104959.012   254.911    21.04   10.52
 105332.910   264.021    24.37   10.59
 105706.871   271.588    20.24   10.99
 106080.896   273.538     5.21    9.61
 106454.985   269.176   -11.66   13.90
 106829.138   258.590   -28.29   17.50
 107203.356   246.579   -32.10   14.12
 107577.637   238.744   -20.94    8.43
 107951.983   236.098    -7.07    4.89
 108326.392   237.145     2.80    4.82
 108700.866   239.976     7.56    6.21
 109075.405   244.634    12.44    7.25
 109450.007   250.006    14.34    8.15
 109824.674   255.301    14.13    7.74
 110199.405   257.721     6.46    7.02
 110574.201   256.288    -3.82    8.00
 110949.061   254.211    -5.54    7.97
 111323.985   250.576    -9.70    8.15
 111698.974   248.833    -4.65    9.04
 112074.027   248.162    -1.79    9.41
 112449.145   245.655    -6.68    8.67
 112824.328   243.579    -5.53    5.21
 113199.575   243.848     0.71    3.24
 113574.887   243.426    -1.12    4.99
 113950.263   240.139    -8.76    8.10
 114325.704   235.401   -12.62    8.64
 114701.210   230.598   -12.79    7.44
 115076.781   227.301    -8.78    6.71
 115452.416   225.181    -5.64    8.69
 115828.117   225.513     0.89   11.19
 116203.882   227.853     6.23   14.42
 116579.712   232.926    13.50   16.18
 116955.607   240.054    18.97   15.63
 117331.567   246.713    17.71   12.87
 117707.593   252.073    14.25    7.28
 118083.683   254.438     6.29    5.55
 118459.838   255.173     1.95    5.58
 118836.058   253.083    -5.56    7.96
 119212.344   247.416   -15.06   10.75
 119588.695   239.493   -21.05   13.48
 119965.111   227.711   -31.30   14.88
 120341.592   220.478   -19.21   12.48
 120718.138   217.276    -8.51    8.86
 121094.750   216.656    -1.64    5.85
 121471.427   218.801     5.69    3.67
 121848.170   220.531     4.59    2.02
 122224.978   220.413    -0.31    2.18
 122601.852   219.261    -3.06    4.31
 122978.791   212.768   -17.23   10.61
 123355.795   202.814   -26.41   14.13
 123732.865   194.238   -22.75   13.09
 124110.001   188.682   -14.73   12.63
 124487.202   185.726    -7.84   15.56
 124864.469   183.019    -7.18   17.62
 125241.802   175.601   -19.66   19.68
 125619.201   163.413   -32.30   19.96
 125996.665   155.921   -19.85   17.10
 126374.195   149.288   -17.57   11.59
 126751.791   146.173    -8.25   10.29
 127129.452   141.858   -11.43   11.51
 127507.180   138.198    -9.69   12.05
 127884.974   134.516    -9.75   12.02
 128262.833   130.814    -9.80   12.63
 128640.759   125.276   -14.66   13.76
 129018.751   118.368   -18.28   13.23
 129396.808   110.696   -20.30    8.78
 129774.932   105.728   -13.14    4.45
 130153.122   104.376    -3.57    2.50
 130531.379   105.314     2.48    3.81
 130909.701   108.826     9.28    6.68
 131288.090   114.609    15.28    8.50
 131666.545   120.352    15.18    8.49
 132045.066   129.111    23.14    9.38
 132423.654   136.098    18.46    8.92
 132802.308   142.177    16.06    6.83
 133181.028   146.403    11.16    3.62
 133559.815   148.401     5.27    4.83
 133938.669   150.914     6.63    7.05
 134317.589   153.758     7.50    8.31
 134696.576   156.855     8.17    9.14
 135075.629   160.579     9.83   10.00
 135454.749   163.173     6.84    9.06
 135833.935   164.488     3.47    7.10
 136213.189   166.724     5.90    4.54
 136592.509   169.276     6.73    4.82
 136971.896   173.088    10.05    3.98
 137351.349   175.263     5.73    3.38
 137730.870   178.745     9.18    4.80
 138110.457   182.532     9.98    6.40
 138490.112   187.413    12.86    8.50
 138869.833   191.090     9.68    7.56
 139249.621   191.263     0.46    7.26
 139629.477   188.709    -6.73    7.60
 140009.399   185.145    -9.38    7.49
 140381.149   181.696    -9.28    9.81
 140748.257   181.017    -1.85   11.26
 141115.427   182.472     3.96   10.97
 141482.659   184.126     4.50    8.35
 141849.953   188.261    11.26    6.61
 142217.309   193.757    14.96    6.54
 142584.727   198.932    14.09    4.82
 142952.208   201.572     7.18    4.99
 143319.751   200.820    -2.05    7.34
 143687.356   196.451   -11.89    9.91
 144055.024   191.314   -13.97    8.70
 144422.754   188.188    -8.50    6.14
 144790.546   187.022    -3.17    4.29
 145158.401   184.063    -8.04    7.90
 145526.318   176.872   -19.55   13.53
 145894.298   166.938   -27.00   13.84
 146262.341   160.576   -17.29    9.08
 146630.446   159.511    -2.89    6.62
 146998.613   164.893    14.62    8.19
 147366.843   171.609    18.24    9.15
 147735.136   177.455    15.87   11.10
 148103.492   183.839    17.33   10.47
 148471.910   188.263    12.01    8.72
 148840.391   190.163     5.16    6.26
 149208.935   191.165     2.72    5.93
 149577.542   191.529     0.99    7.88
 149946.212   190.388    -3.09    9.29
 150314.944   191.352     2.61   10.22
 150683.740   193.375     5.49    9.80
 151052.598   196.377     8.14    7.89
 151421.519   199.363     8.09    6.63
 151790.504   202.480     8.45    4.04
 152159.551   203.601     3.04    3.17
 152528.662   203.340    -0.71    3.29
 152897.836   202.447    -2.42    3.62
 153267.072   200.729    -4.65    4.88
 153636.372   197.776    -8.00    5.85
 154005.736   193.434   -11.76    5.09
 154375.162   189.535   -10.55    4.79
 154744.652   185.954    -9.69    4.27
 155114.205   182.214   -10.12    5.24
 155483.822   177.551   -12.62    5.86
 155853.502   172.634   -13.30    5.84
 156223.245   169.071    -9.64    4.27
 156593.052   167.523    -4.19    3.68
 156962.922   166.648    -2.37    3.76
 157332.856   164.301    -6.34    4.81
 157702.853   162.197    -5.69    4.62
 158072.914   162.763     1.53    5.46
 158443.039   166.125     9.08    7.83
 158813.227   172.088    16.11    8.90
 159183.479   178.914    18.44    7.51
 159553.794   183.435    12.21    7.00
 159924.174   186.587     8.51    4.74
 160294.617   189.838     8.78    3.83
 160665.124   191.514     4.52    4.09
 161035.695   193.476     5.29    3.38
 161406.329   194.833     3.66    2.91
 161777.028   194.728    -0.29    3.56
 162147.791   194.807     0.21    3.77
 162518.617   195.622     2.20    3.26
 162889.508   197.077     3.92    2.86
 163260.462   199.101     5.46    3.18
 163631.481   201.132     5.48    3.01
 164002.564   203.424     6.18    2.79
 164373.711   205.187     4.75    3.07
 164744.922   206.622     3.87    2.47
 165116.197   208.132     4.07    2.06
 165487.537   209.176     2.81    2.99
 165858.941   209.827     1.75    3.15
 166230.409   210.412     1.57    3.05
 166601.942   209.314    -2.96    3.98
 166973.539   206.560    -7.41    5.67
 167345.200   202.950    -9.71    5.99
 167716.926   198.863   -11.00    5.63
 168088.716   195.365    -9.41    4.45
 168460.571   192.252    -8.37    4.80
 168832.491   189.224    -8.14    6.12
 169204.475   185.523    -9.95    6.08
 169576.523   182.943    -6.94    4.84
 169948.636   181.384    -4.19    3.83
