-321800.415  1160.198     0.00  137.07
-321425.930  1271.882   298.15  162.19
-321051.391  1376.091   278.15  140.92
-320676.799  1434.154   154.96  102.63
-320302.153  1424.950   -24.56  100.59
-319927.454  1375.864  -130.96  125.13
-319552.701  1277.892  -261.36  151.18
-319177.894  1171.624  -283.44  127.82
-318803.034  1073.999  -260.35   99.59
-318428.120  1002.109  -191.70   73.51
-318053.152   946.628  -147.92   66.29
-317678.131   902.848  -116.71   49.46
-317303.055   884.799   -48.11   39.81
-316927.926   893.007    21.87   56.96
-316552.743   921.689    76.42   70.07
-316177.506   978.385   151.05   92.38
-315802.216  1033.109   145.77  108.77
-315426.871  1092.299   157.65  120.40
-315051.472  1159.230   178.24  112.00
-314676.020  1213.428   144.31  111.61
-314300.513  1251.412   101.13  103.28
-313924.953  1284.682    88.56  111.91
-313549.338  1320.972    96.59   93.15
-313173.670  1312.671   -22.09   91.79
-312797.947  1245.718  -178.15  121.86
-312422.170  1155.428  -240.21  141.68
-312046.339  1044.707  -294.52  116.75
-311670.454   963.207  -216.76   91.36
-311294.515   896.583  -177.17   72.96
-310918.521   868.950   -73.47   52.04
-310542.474   896.234    72.53   74.96
-310166.372   954.685   155.37   81.38
-309790.216  1019.248   171.59   73.89
-309414.005  1072.560   141.67   74.36
-309037.740  1123.528   135.42   98.11
-308661.421  1190.877   178.92  128.16
-308285.048  1229.703   103.13  131.39
-307908.620  1261.133    83.47  122.69
-307532.137  1277.094    42.38  101.98
-307155.601  1303.885    71.13   81.00
-306779.009  1345.236   109.77   84.65
-306402.364  1384.541   104.32   91.74
-306025.663  1416.927    85.95   87.37
-305648.909  1412.264   -12.37   88.87
-305272.099  1381.089   -82.71   95.96
-304895.235  1334.299  -124.12   92.63
-304518.317  1275.928  -154.82   84.16
-304141.343  1218.747  -151.64   73.10
-303764.315  1157.222  -163.14   73.16
-303387.233  1103.080  -143.54   74.46
-303010.096  1049.242  -142.71   53.84
-302632.904  1019.606   -78.55   35.55
-302255.657  1024.597    13.23   47.25
-301878.355  1066.503   111.04   77.31
-301500.999  1140.894   197.08  109.20
-301123.587  1235.906   251.68  123.64
-300746.121  1320.499   224.05  116.82
-300368.600  1383.685   167.32   89.92
-299991.024  1393.573    26.18   89.08
-299613.394  1344.986  -128.63  126.31
-299235.708  1251.957  -246.25  131.69
-298857.967  1177.616  -196.75  103.64
-298480.171  1128.890  -128.94   71.32
-298102.320  1089.642  -103.84   54.26
-297724.414  1073.606   -42.42   41.75
-297346.453  1081.360    20.51   41.56
-296968.437  1124.457   113.98   69.44
-296590.366  1198.653   196.20  103.11
-296212.239  1285.171   228.74  110.32
-295834.058  1354.714   183.84   98.00
-295455.821  1431.065   201.81   86.03
-295077.529  1484.207   140.44   85.77
-294699.182  1515.280    82.11   77.46
-294320.779  1522.842    19.98   76.25
-293942.321  1473.696  -129.82   97.01
-293563.808  1397.094  -202.32   90.54
-293185.239  1334.611  -165.01   87.08
-292806.615  1260.747  -195.03   76.44
-292427.936  1202.633  -153.42   65.36
-292049.201  1163.625  -102.97   52.56
-291670.410  1118.913  -118.01   61.80
-291291.564  1058.326  -159.88   90.90
-290912.663  1000.067  -153.72  103.49
-290533.706   929.839  -185.27   80.65
-290156.766   885.692  -117.09   31.23
-289788.494   887.245     4.22   37.36
-289420.170   922.645    96.09   68.93
-289051.794   978.865   152.57   90.93
-288683.365  1035.834   154.59   92.56
-288314.885  1091.949   152.25   83.77
-287946.352  1144.825   143.44   76.69
-287577.767  1192.808   130.15   89.86
-287209.129  1253.080   163.46   92.93
-286840.439  1300.314   128.08   90.41
-286471.697  1336.616    98.42   84.27
-286102.903  1350.178    36.76   82.04
-285734.056  1336.645   -36.68   75.92
-285365.157  1316.699   -54.05   74.56
-284996.205  1272.728  -119.15   80.97
-284627.201  1233.668  -105.83   74.07
-284258.144  1224.014   -26.15   67.74
-283889.035  1223.935    -0.21   72.67
-283519.873  1227.385     9.34   71.46
-283150.659  1214.328   -35.36   81.61
-282781.392  1149.571  -175.32  113.28
-282412.072  1090.528  -159.83  109.79
-282042.700  1037.048  -144.75   81.08
-281673.275  1023.685   -36.16   76.22
-281303.798  1039.185    41.94   80.76
-280934.268  1067.722    77.20   69.58
-280564.685  1106.385   104.59   69.37
-280195.049  1141.413    94.74   74.57
-279825.361  1169.259    75.30   74.20
-279455.620  1191.178    59.27   71.94
-279085.826  1229.113   102.56   94.88
-278715.979  1269.069   108.01   93.39
-278346.079  1254.301   -39.91  101.34
-277976.127  1218.412   -96.99  111.42
-277606.121  1155.949  -168.77  101.53
-277236.063  1101.796  -146.30   63.68
-276865.952  1092.016   -26.42   69.43
-276495.787  1094.005     5.37   82.92
-276125.570  1087.660   -17.13   78.03
-275755.300  1095.338    20.73   64.06
-275384.976  1126.470    84.05   84.84
-275014.600  1182.009   149.92   92.23
-274644.170  1213.634    85.35   68.15
-274273.687  1192.326   -57.50   77.58
-273903.151  1130.837  -165.91  105.96
-273532.562  1048.297  -222.67   93.33
-273161.920   990.914  -154.78   67.18
-272791.225   961.385   -79.64   56.93
-272420.476   961.051    -0.90   55.23
-272049.674   981.685    55.63   57.03
-271678.819  1021.384   107.02   79.10
-271307.910  1076.857   149.52   89.85
-270936.948  1129.614   142.18   98.30
-270565.933  1178.710   132.30   95.53
-270194.864  1197.399    50.35   97.06
-269823.742  1182.780   -39.38  105.66
-269452.567  1154.848   -75.24  109.01
-269081.338  1130.569   -65.39   93.26
-268710.055  1108.557   -59.27   76.65
-268338.719  1079.132   -79.22   68.98
-267967.330  1046.428   -88.04   61.65
-267595.887  1015.863   -82.27   33.81
-267224.390   997.165   -50.32   21.70
-266852.840   969.707   -73.88   45.68
-266481.236   928.442  -111.02   67.93
-266109.579   865.993  -167.99   74.54
-265737.868   813.651  -140.78   51.08
-265366.103   799.206   -38.85   34.19
-264994.284   818.398    51.60   49.90
-264622.412   858.059   106.63   52.46
-264250.486   899.210   110.62   36.59
-263878.506   927.090    74.93   32.30
-263506.472   940.645    36.43   28.16
-263134.385   924.963   -42.14   51.73
-262762.243   879.914  -121.03   75.14
-262390.048   841.834  -102.29   60.00
-262017.799   843.060     3.29   67.67
-261645.496   892.414   132.53   97.76
-261273.139   948.541   150.70   75.55
-260900.728   968.312    53.08   53.14
-260528.263   944.228   -64.65   62.61
-260155.743   911.384   -88.15   40.97
-259783.170   913.511     5.71   42.01
-259410.543   949.442    96.40   62.27
-259037.861   987.429   101.90   54.92
-258665.126  1007.063    52.66   50.58
-258292.336   995.414   -31.24   64.08
-257919.492   958.060  -100.16   70.46
-257546.594   906.485  -138.28   66.80
-257173.642   869.178  -100.01   48.08
-256800.635   865.242   -10.55   43.61
-256427.575   882.199    45.44   54.20
-256054.459   902.203    53.60   51.51
-255681.290   904.228     5.43   48.86
-255308.066   898.104   -16.40   42.67
-254934.788   912.386    38.25   45.65
-254561.455   944.993    87.32   57.58
-254188.068   989.178   118.31   58.63
-253814.627  1006.486    46.33   52.09
-253441.131   994.977   -30.81   58.31
-253067.580   953.472  -111.09   62.46
-252693.975   909.527  -117.60   49.51
-252320.315   870.560  -104.26   36.05
-251946.601   843.703   -71.85   38.34
-251572.833   825.535   -48.60   45.37
-251199.009   797.280   -75.56   65.60
-250825.131   746.854  -134.84   80.76
-250451.198   703.585  -115.69   75.50
-250077.211   673.051   -81.63   55.87
-249703.169   675.400     6.28   66.84
-249329.072   707.971    87.05  103.46
-248954.920   762.732   146.33  123.97
-248580.714   829.865   179.36  107.11
-248206.453   862.138    86.21   79.01
-247832.136   861.724    -1.11   63.35
-247457.765   852.457   -24.75   54.40
-247083.339   850.344    -5.64   51.24
-246708.859   852.560     5.92   53.42
-246334.323   876.181    63.05   53.71
-245959.732   898.258    58.92   40.11
-245585.086   892.442   -15.52   38.53
-245210.385   865.486   -71.93   59.10
-244835.630   822.028  -115.94   69.48
-244460.819   773.514  -129.41   55.76
-244085.953   756.527   -45.30   46.14
-243711.031   749.442   -18.89   47.30
-243336.055   742.557   -18.36   54.30
-242961.024   728.639   -37.10   52.32
-242585.937   712.871   -42.03   36.78
-242210.795   713.020     0.40   32.36
-241835.598   730.589    46.82   32.83
-241460.345   750.963    54.28   22.15
-241085.038   773.766    60.74   29.04
-240709.674   794.022    53.95   36.53
-240334.256   821.266    72.55   39.96
-239958.782   844.892    62.91   43.54
-239583.253   867.799    60.99   37.40
-239207.668   880.865    34.78   27.79
-238832.028   886.921    16.12   25.00
-238456.333   876.583   -27.51   36.84
-238080.581   859.639   -45.08   39.27
-237704.775   834.428   -67.07   45.03
-237328.913   804.059   -80.78   44.67
-236952.995   775.517   -75.91   38.18
-236577.022   748.564   -71.67   35.92
-236200.993   734.776   -36.66   39.27
-235824.908   728.259   -17.32   40.33
-235448.767   719.210   -24.05   42.05
-235072.571   716.569    -7.02   46.73
-234696.320   697.851   -49.74   49.85
-234320.012   678.877   -50.41   47.90
-233943.649   652.428   -70.26   47.30
-233567.230   618.217   -90.87   51.09
-233190.754   579.062  -103.98   53.69
-232814.224   543.109   -95.46   59.23
-232437.637   488.414  -145.21   73.58
-232060.994   435.965  -139.23   72.03
-231684.296   394.349  -110.45   66.40
-231307.541   366.366   -74.26   48.78
-230930.730   374.319    21.10   53.67
-230553.864   403.071    76.28   57.37
-230176.941   440.217    98.53   56.27
-229799.962   484.963   118.67   53.29
-229422.928   528.315   114.96   62.93
-229045.837   570.358   111.47   72.76
-228668.690   608.499   101.11   76.50
-228291.486   652.485   116.59   77.22
-227914.227   687.230    92.08   81.35
-227536.911   700.732    35.78   78.08
-227159.539   689.547   -29.63   86.16
-226782.111   649.541  -105.97   95.38
-226404.627   589.196  -159.83   85.98
-226027.086   546.330  -113.52   79.66
-225649.489   504.513  -110.72   67.09
-225271.835   481.614   -60.62   70.15
-224894.125   459.859   -57.58   74.14
-224516.359   444.500   -40.65   70.02
-224138.536   439.511   -13.20   67.12
-223760.656   438.278    -3.26   65.83
-223382.720   422.456   -41.86   82.27
-223004.728   391.471   -81.96  110.88
-222626.679   331.949  -157.41  123.41
-222248.573   259.671  -191.12   98.45
-221870.411   217.085  -112.59   79.30
-221492.192   180.199   -97.51   59.35
-221113.917   156.928   -61.51   37.06
-220735.585   139.748   -45.40   21.00
-220357.196   131.210   -22.56   16.59
-219978.750   120.484   -28.34   19.63
-219600.248   104.722   -41.64   23.75
-219221.688   102.127    -6.85   32.87
-218843.072   123.328    55.98   65.32
-218464.399   151.512    74.41   75.02
-218085.669   173.674    58.51   64.24
-217706.883   187.628    36.83   51.14
-217328.039   208.175    54.22   48.84
-216949.138   239.671    83.11   64.63
-216570.181   284.359   117.90   61.43
-216191.166   326.030   109.93   56.19
-215812.095   351.114    66.16   55.36
-215432.966   377.471    69.51   47.21
-215064.510   400.985    63.81   41.89
-214696.352   421.413    55.48   30.67
-214328.140   432.571    30.30   24.47
-213959.874   440.587    21.76   22.15
-213591.555   452.893    33.40   34.23
-213223.182   480.834    75.83   70.88
-212854.756   526.331   123.47   93.30
-212486.276   583.071   153.95   97.46
-212117.742   628.611   123.55   85.16
-211749.155   653.285    66.93   67.15
-211380.514   650.963    -6.30   59.65
-211011.820   648.471    -6.76   65.46
-210643.071   639.853   -23.37   78.12
-210274.269   638.614    -3.36   86.49
-209905.413   628.315   -27.91   87.34
-209536.503   609.757   -50.30   81.00
-209167.540   586.859   -62.05   64.77
-208798.522   570.682   -43.83   42.16
-208429.451   570.696     0.04   29.82
-208060.326   586.484    42.77   29.46
-207691.147   606.203    53.40   31.92
-207321.914   628.527    60.45   33.55
-206952.627   649.585    57.01   33.33
-206583.285   672.842    62.96   38.57
-206213.890   700.104    73.79   49.13
-205844.441   741.442   111.87   61.56
-205474.938   786.668   122.37   66.14
-205105.380   834.498   129.40   63.69
-204735.769   870.428    97.19   49.39
-204366.103   892.053    58.49   46.94
-203996.383   899.879    21.16   53.67
-203626.609   882.901   -45.91   58.39
-203256.781   847.499   -95.71   63.95
-202886.899   805.231  -114.25   64.34
-202516.962   759.022  -124.89   54.87
-202146.971   719.006  -108.14   40.35
-201776.925   697.386   -58.41   34.28
-201406.825   678.794   -50.22   27.32
-201036.671   659.485   -52.16   37.27
-200666.463   625.499   -91.78   49.91
-200296.200   594.545   -83.59   46.11
-199925.882   575.761   -50.72   28.22
-199555.510   579.487    10.06   28.56
-199185.084   596.964    47.17   28.72
-198814.603   614.016    46.02   17.78
-198444.067   623.428    25.40   13.45
-198073.477   625.428     5.39   11.44
-197702.833   622.591    -7.65   12.97
-197332.133   620.099    -6.72   17.70
-196961.379   609.550   -28.45   24.08
-196590.571   590.353   -51.76   42.00
-196219.708   550.538  -107.34   66.01
-195848.790   506.761  -118.00   61.14
-195477.817   478.141   -77.14   42.74
-195106.789   473.885   -11.47   39.02
-194735.707   486.146    33.04   40.89
-194364.570   492.757    17.81   47.24
-193993.378   480.039   -34.25   60.26
-193622.131   457.345   -61.12   65.63
-193250.829   427.457   -80.48   60.21
-192879.472   396.358   -83.73   54.90
-192508.060   367.963   -76.44   46.03
-192136.594   340.189   -74.76   42.60
-191765.072   315.358   -66.82   35.23
-191393.495   303.583   -31.68   26.56
-191021.863   307.387    10.23   31.39
-190650.177   324.358    45.65   42.96
-190278.435   348.400    64.66   52.68
-189906.638   364.358    42.91   60.25
-189534.785   379.848    41.65   68.23
-189162.878   386.712    18.45   71.74
-188790.915   388.089     3.70   71.65
-188418.898   378.016   -27.07   59.07
-188046.824   372.185   -15.67   40.83
-187674.696   390.216    48.45   52.30
-187302.512   419.579    78.88   65.03
-186930.273   468.496   131.39   67.99
-186557.979   515.575   126.43   53.28
-186185.629   543.220    74.23   50.64
-185813.224   559.834    44.60   54.52
-185440.764   570.859    29.60   51.93
-185068.248   582.161    30.33   47.94
-184695.676   600.977    50.50   43.14
-184323.049   617.499    44.33   40.39
-183950.366   631.907    38.66   34.35
-183577.628   645.276    35.86   28.72
-183204.835   665.611    54.54   33.63
-182831.985   709.203   116.90   68.61
-182459.080   757.831   130.38   74.59
-182086.120   806.907   131.56   59.61
-181713.103   838.034    83.43   43.58
-181340.031   861.942    64.07   45.77
-180966.904   872.167    27.40   47.88
-180593.720   865.240   -18.56   60.19
-180220.481   845.472   -52.95   78.56
-179847.186   799.109  -124.18   79.13
-179473.835   756.276  -114.71   56.60
-179100.428   732.802   -62.85   47.59
-178726.965   716.119   -44.67   37.67
-178353.446   713.223    -7.75   34.58
-177979.872   712.385    -2.24   30.99
-177606.241   714.567     5.84   24.75
-177232.554   717.189     7.01   18.09
-176858.812   725.748    22.90   21.98
-176485.013   732.780    18.81   29.03
-176111.158   735.076     6.14   34.24
-175737.248   735.456     1.02   35.40
-175363.281   739.928    11.96   35.83
-174989.257   770.039    80.49   57.43
-174615.178   825.254   147.58   80.09
-174241.043   912.142   232.20  103.18
-173866.851   979.986   181.28   95.70
-173492.603  1056.892   205.46   83.44
-173118.299  1112.619   148.86   70.40
-172743.938  1131.442    50.27   59.48
-172369.521  1103.370   -74.96   92.60
-171995.048  1032.178  -190.08  114.53
-171620.518   939.616  -247.10   89.97
-171245.932   869.006  -188.47   69.72
-170871.289   802.977  -176.22   66.57
-170496.590   751.593  -137.11   65.32
-170121.835   707.095  -118.72   42.06
-169747.023   707.808     1.90   46.92
-169372.154   765.853   154.82  100.45
-168997.229   846.513   215.10  119.02
-168622.247   936.949   241.14  101.68
-168247.209  1006.119   184.41   79.90
-167872.114  1023.550    46.47   76.13
-167496.962  1001.163   -59.67   88.54
-167121.753   945.496  -148.34  102.34
-166746.488   873.007  -193.14   81.45
-166371.166   829.817  -115.06   51.14
-165995.788   817.414   -33.04   33.17
-165620.352   822.956    14.76   33.84
-165244.860   828.345    14.35   30.90
-164869.310   828.583     0.63   28.64
-164493.704   839.625    29.39   35.79
-164118.041   852.762    34.96   32.95
-163742.321   849.321    -9.16   35.18
-163366.544   828.285   -55.97   46.39
-162990.710   798.710   -78.68   39.94
-162614.819   785.928   -34.00   33.17
-162238.871   813.761    74.02   54.02
-161862.866   848.839    93.28   56.09
-161486.804   878.817    79.70   38.06
-161110.685   877.814    -2.67   41.02
-160734.508   850.400   -72.86   60.31
-160358.274   811.442  -103.53   53.54
-159981.983   793.456   -47.79   39.06
-159605.635   798.867    14.37   43.52
-159229.230   824.152    67.17   46.90
-158852.767   852.223    74.55   38.01
-158476.247   872.142    52.90   26.74
-158099.670   879.223    18.80   17.13
-157723.035   876.109    -8.27   18.67
-157346.343   860.242   -42.12   30.75
-156969.593   834.726   -67.72   36.23
-156592.786   807.645   -71.86   39.86
-156215.922   781.371   -69.71   38.06
-155838.999   771.581   -25.97   32.96
-155462.020   782.287    28.40   41.69
-155084.983   799.372    45.31   42.69
-154707.888   821.748    59.33   38.74
-154330.736   835.668    36.90   39.82
-153953.526   851.845    42.88   36.11
-153576.258   863.470    30.81   33.93
-153198.933   878.342    39.41   34.64
-152821.550   895.266    44.84   35.95
-152444.109   914.599    51.22   30.60
-152066.610   931.034    43.53   24.07
-151689.054   940.983    26.35   19.84
-151311.439   949.498    22.55   19.44
-150933.767   961.387    31.48   22.80
-150556.037   969.262    20.85   24.29
-150178.249   973.192    10.40   27.25
-149800.403   970.484    -7.17   34.81
-149422.499   968.414    -5.48   40.52
-149044.538   977.059    22.87   45.42
-148666.518   994.089    45.05   49.99
-148288.440  1008.077    36.99   41.05
-147910.304  1016.057    21.10   32.37
-147532.110  1012.234   -10.11   28.71
-147153.857  1005.020   -19.07   25.90
-146775.547  1000.264   -12.57   26.41
-146397.178   985.248   -39.68   33.92
-146018.751   962.257   -60.75   41.32
-145640.266   940.346   -57.88   38.63
-145261.723   922.457   -47.25   29.65
-144883.121   906.256   -42.79   30.54
-144504.461   891.215   -39.72   31.40
-144125.743   882.963   -21.79   35.14
-143746.966   884.485     4.02   45.20
-143368.131   898.552    37.13   61.73
-142989.237   906.164    20.09   76.56
-142610.285   897.259   -23.50   86.67
-142231.275   877.595   -51.88   89.02
-141852.206   844.714   -86.73   78.65
-141473.078   824.726   -52.71   66.41
-141093.892   813.619   -29.29   55.49
-140714.647   830.794    45.28   59.67
-140343.713   870.942   108.22   41.09
-139975.723   892.623    58.91   31.29
-139607.679   908.834    44.04   28.78
-139239.579   934.668    70.17   37.63
-138871.425   962.210    74.80   38.69
-138503.215   986.053    64.75   35.62
-138134.951   986.780     1.97   46.83
-137766.632   995.752    24.36   48.12
-137398.257  1016.567    56.50   58.46
-137029.828  1042.771    71.11   64.36
-136661.344  1071.245    77.26   38.46
-136292.804  1040.095   -84.51   68.47
-135924.210   969.899  -190.42  107.60
-135555.560   899.498  -190.95   97.81
-135186.856   860.828  -104.87   59.78
-134818.096   880.845    54.28   74.50
-134449.280   934.625   145.80   76.74
-134080.410   979.928   122.80   53.89
-133711.485   993.527    36.86   34.42
-133342.504   971.012   -61.01   50.69
-132973.468   920.062  -138.05   75.95
-132604.376   853.798  -179.51   83.40
-132235.229   777.484  -206.71   83.09
-131866.027   728.881  -131.63   68.07
-131496.769   702.935   -70.26   50.33
-131127.456   712.182    25.03   77.15
-130758.088   746.042    91.66  111.15
-130388.664   771.634    69.27  116.14
-130019.185   760.386   -30.44  114.37
-129649.650   715.483  -121.50  114.02
-129280.059   654.189  -165.83   88.93
-128910.413   626.319   -75.39   59.85
-128540.711   632.668    17.17   58.99
-128170.954   652.456    53.51   55.35
-127801.141   663.668    30.31   44.33
-127431.272   646.292   -46.97   55.67
-127061.348   601.206  -121.86   59.21
-126691.368   562.853  -103.65   56.43
-126321.332   542.086   -56.12   52.15
-125951.240   527.812   -38.56   53.55
-125581.093   504.771   -62.24   69.60
-125210.890   471.609   -89.57   89.21
-124840.630   420.237  -138.73   83.47
-124470.315   389.146   -83.95   55.41
-124099.944   386.415    -7.37   44.39
-123729.517   406.706    54.77   48.25
-123359.035   436.278    79.81   39.38
-122988.496   459.273    62.05   48.07
-122617.901   459.682     1.10   65.02
-122247.250   457.175    -6.76   82.45
-121876.543   446.137   -29.77   97.50
-121505.780   414.287   -85.89   84.30
-121134.961   392.776   -58.01   65.77
-120764.085   373.484   -52.01   41.47
-120393.154   384.789    30.47   56.86
-120022.166   411.138    71.01   75.85
-119651.122   426.262    40.76   89.16
-119280.022   422.210   -10.92   88.14
-118908.865   401.499   -55.80   75.11
-118537.652   388.977   -33.73   61.43
-118166.383   394.685    15.37   70.76
-117795.058   417.358    61.05   93.02
-117423.676   431.142    37.11  109.46
-117052.237   445.771    39.38  125.77
-116680.742   435.928   -26.49  117.77
-116309.191   427.942   -21.49  107.01
-115937.584   411.158   -45.16   87.83
-115565.919   403.555   -20.46   82.12
-115194.198   394.185   -25.20   67.24
-114822.421   403.970    26.32   61.49
-114450.587   411.376    19.91   60.95
-114078.697   436.387    67.25   76.72
-113706.749   462.942    71.39   93.61
-113334.745   495.748    88.18  123.51
-112962.685   518.678    61.63  137.78
-112590.567   537.914    51.69  135.40
-112218.393   538.873     2.57  134.85
-111846.162   529.178   -26.04  136.30
-111473.875   509.609   -52.56  146.04
-111101.530   524.831    40.88  163.34
-110729.129   541.597    45.02  172.81
-110356.670   558.086    44.27  152.64
-109984.155   553.118   -13.33  127.35
-109611.583   553.348     0.62  117.01
-109238.954   526.819   -71.19  130.39
-108866.268   496.131   -82.33  135.32
-108493.524   434.869  -164.34  123.60
-108120.724   394.322  -108.75   96.62
-107747.867   376.060   -48.97   73.28
-107374.952   378.240     5.84   85.67
-107001.981   396.819    49.81  107.97
-106628.952   419.456    60.68  117.23
-106255.866   459.668   107.77  133.72
-105882.723   489.716    80.52  139.82
-105509.523   503.527    37.00  132.97
-105136.265   477.661   -69.29  124.17
-104762.950   442.237   -94.88   84.23
-104389.578   458.004    42.23   91.83
-104016.148   522.757   173.39  117.38
-103642.662   570.026   126.55  104.25
-103269.117   585.100    40.35  105.03
-102895.515   600.026    39.95  108.94
-102521.856   609.264    24.72   97.86
-102148.139   617.400    21.77   95.25
-101774.365   606.853   -28.21  104.24
-101400.533   570.776   -96.50  102.65
-101026.644   516.629  -144.81  109.75
-100652.697   496.501   -53.82  103.51
-100278.692   504.242    20.70   92.62
 -99904.630   528.181    63.99  101.46
 -99530.510   596.882   183.62  111.24
 -99156.333   665.181   182.52   89.37
 -98782.097   724.579   158.70   99.60
 -98407.804   801.400   205.22  109.01
 -98033.453   853.346   138.75   88.78
 -97659.045   878.287    66.61   61.69
 -97284.578   858.086   -53.94   71.81
 -96910.054   770.969  -232.59  139.28
 -96535.471   669.292  -271.42  178.69
 -96160.831   534.387  -360.06  147.42
 -95786.133   460.203  -197.97   79.36
 -95411.377   460.963     2.03   84.67
 -95036.563   517.738   151.46  116.84
 -94661.690   598.902   216.49  111.82
 -94286.760   687.030   235.03   98.26
 -93911.772   756.602   185.52   88.00
 -93536.725   793.530    98.45   75.43
 -93161.621   839.176   121.68   57.38
 -92786.458   865.628    70.50   48.92
 -92411.237   877.511    31.67   37.44
 -92035.958   859.907   -46.90   68.44
 -91660.620   811.072  -130.10  104.56
 -91285.224   708.360  -273.59  138.43
 -90909.770   609.675  -262.82  139.20
 -90534.258   529.037  -214.72   90.94
 -90158.687   514.359   -39.08   65.99
 -89783.058   559.990   121.47   89.72
 -89407.370   638.262   208.33   99.10
 -89031.624   739.537   269.51  107.53
 -88655.820   814.060   198.29   82.00
 -88279.957   840.269    69.72   57.14
 -87904.035   827.339   -34.39   76.36
 -87528.055   762.267  -173.06  101.36
 -87152.016   680.399  -217.69  113.30
 -86775.919   588.908  -243.25  123.23
 -86399.763   486.859  -271.27  113.22
 -86023.548   402.346  -224.62   98.44
 -85647.275   328.595  -195.99   68.10
 -85270.943   298.305   -80.48   36.12
 -84894.552   309.672    30.20   52.96
 -84518.103   351.053   109.92   82.38
 -84141.594   393.483   112.68   89.51
 -83765.027   407.616    37.53   81.16
 -83388.401   413.002    14.30   64.81
 -83011.716   410.633    -6.29   54.62
 -82634.972   459.176   128.84   89.52
 -82258.169   520.384   162.43   96.18
 -81881.307   559.983   105.07   83.95
 -81504.386   583.020    61.11   65.14
 -81127.406   599.990    45.01   60.81
 -80750.367   639.387   104.48   76.77
 -80373.269   682.456   114.20   83.39
 -79996.111   736.675   143.75   78.94
 -79618.895   774.984   101.55   76.82
 -79241.619   824.223   130.50   79.66
 -78864.284   880.071   148.00   81.02
 -78486.890   928.696   128.83   72.01
 -78109.437   962.648    89.95   40.73
 -77731.924   953.656   -23.82   39.20
 -77354.352   926.428   -72.11   37.25
 -76976.721   906.607   -52.49   33.49
 -76599.030   890.206   -43.42   34.78
 -76221.280   882.212   -21.16   37.97
 -75843.471   868.348   -36.70   43.40
 -75465.602   850.039   -48.45   45.94
 -75087.673   818.661   -83.02   50.37
 -74709.685   790.301   -75.02   51.49
 -74331.637   774.362   -42.16   41.97
 -73953.530   778.558    11.10   51.88
 -73575.363   809.256    81.17   64.65
 -73197.137   856.885   125.92   47.87
 -72818.851   886.881    79.29   33.03
 -72440.505   898.935    31.86   27.74
 -72062.099   897.018    -5.07   32.65
 -71683.634   897.322     0.80   35.40
 -71305.109   897.553     0.61   32.04
 -70926.524   892.771   -12.63   25.05
 -70547.879   877.414   -40.56   40.86
 -70169.175   837.296  -105.93   74.12
 -69790.410   786.814  -133.27   83.22
 -69411.586   764.202   -59.68   71.21
 -69032.701   769.022    12.72   64.88
 -68653.757   787.620    49.08   58.49
 -68274.752   815.175    72.70   52.09
 -67895.688   824.564    24.77   56.62
 -67516.563   831.118    17.29   53.91
 -67137.379   832.720     4.22   50.45
 -66758.134   813.004   -51.98   66.05
 -66378.829   757.799  -145.53   97.23
 -65999.464   672.349  -225.23  120.04
 -65625.806   576.825  -255.63  122.17
 -65257.990   523.469  -145.05  100.05
 -64890.117   474.633  -132.74   86.13
 -64522.188   455.309   -52.52   88.63
 -64154.203   443.589   -31.85   81.27
 -63786.161   428.202   -41.81   62.08
 -63418.063   439.163    29.77   73.83
 -63049.909   468.762    80.40   96.96
 -62681.698   521.589   143.46  119.20
 -62313.431   570.536   132.90  114.73
 -61945.108   620.472   135.57   99.34
 -61576.728   627.736    19.72   73.06
 -61208.291   619.104   -23.43   65.68
 -60839.799   578.185  -111.04   77.72
 -60471.249   518.060  -163.13   74.71
 -60102.643   465.915  -141.46   74.03
 -59733.981   437.089   -78.19   49.37
 -59365.262   456.321    52.15   59.62
 -58996.486   501.133   121.51   77.12
 -58627.653   551.709   137.12   68.41
 -58258.764   587.310    96.50   47.83
 -57889.818   607.469    54.64   45.20
 -57520.816   629.354    59.31   47.69
 -57151.756   657.389    75.96   52.41
 -56782.640   684.372    73.10   45.29
 -56413.467   707.848    63.59   40.57
 -56044.237   724.175    44.22   40.56
 -55674.951   745.469    57.66   36.50
 -55305.607   762.401    45.84   37.17
 -54936.206   782.510    54.43   41.35
 -54566.749   796.151    36.92   44.71
 -54197.234   815.415    52.13   36.14
 -53827.663   825.317    26.79   27.45
 -53458.034   832.031    18.16   25.67
 -53088.348   827.678   -11.77   36.07
 -52718.606   819.289   -22.69   46.84
 -52348.806   804.970   -38.72   54.34
 -51978.949   795.956   -24.37   45.20
 -51609.035   792.248   -10.02   36.77
 -51239.063   796.064    10.31   28.94
 -50869.035   810.104    37.94   25.73
 -50498.949   830.807    55.94   35.02
 -50128.806   861.757    83.61   43.40
 -49758.605   897.256    95.89   60.82
 -49388.347   933.867    98.88   66.70
 -49018.032   961.758    75.31   59.05
 -48647.660   969.127    19.90   46.74
 -48277.230   955.602   -36.51   45.40
 -47906.742   927.881   -74.82   37.22
 -47536.197   901.047   -72.41   35.82
 -47165.595   871.483   -79.77   47.65
 -46794.935   838.629   -88.63   60.00
 -46424.217   804.581   -91.84   59.91
 -46053.442   760.456  -119.00   60.81
 -45682.609   719.942  -109.25   67.40
 -45311.719   679.456  -109.16   64.67
 -44940.771   637.050  -114.31   52.42
 -44569.765   601.172   -96.70   43.60
 -44198.702   571.675   -79.49   41.39
 -43827.581   544.631   -72.87   38.27
 -43456.402   520.780   -64.26   33.72
 -43085.165   504.296   -44.40   35.67
 -42713.870   484.834   -52.41   40.77
 -42342.518   466.253   -50.03   40.64
 -41971.107   442.278   -64.55   30.98
 -41599.639   428.661   -36.65   23.25
 -41228.113   417.949   -28.83   18.83
 -40856.529   413.668   -11.52   15.96
 -40484.886   416.456     7.50   18.50
 -40113.186   425.539    24.44   21.63
 -39741.428   441.579    43.14   22.94
 -39369.612   461.498    53.57   28.63
 -38997.737   482.456    56.36   32.40
 -38625.804   492.085    25.89   29.89
 -38253.814   478.402   -36.78   41.75
 -37881.765   453.295   -67.48   45.88
 -37509.657   428.669   -66.18   34.28
 -37137.492   409.810   -50.67   10.25
 -36765.268   402.350   -20.04   11.27
 -36392.986   394.030   -22.35   14.07
 -36020.646   387.936   -16.37   15.65
 -35648.247   390.485     6.85   18.89
 -35275.790   406.589    43.24   34.26
 -34903.274   442.059    95.21   57.80
 -34530.700   477.719    95.71   65.61
 -34158.068   512.730    93.95   58.04
 -33785.377   539.962    73.07   53.14
 -33412.627   544.564    12.34   55.75
 -33039.819   536.850   -20.69   60.25
 -32666.953   516.267   -55.20   65.89
 -32294.027   488.969   -73.20   66.55
 -31921.044   462.037   -72.21   65.80
 -31548.001   431.469   -81.94   59.89
 -31174.900   403.591   -74.72   46.62
 -30801.740   385.753   -47.80   34.32
 -30428.521   368.307   -46.74   27.16
 -30055.243   358.429   -26.46   29.24
 -29681.907   347.363   -29.64   23.72
 -29308.512   339.744   -20.41   20.82
 -28935.058   331.816   -21.23   21.27
 -28561.545   323.484   -22.30   22.30
 -28187.973   307.482   -42.83   22.68
 -27814.342   294.222   -35.49   17.91
 -27440.652   291.189    -8.12   20.18
 -27066.903   294.442     8.70   30.04
 -26693.095   305.376    29.25   33.41
 -26319.228   315.558    27.24   29.76
 -25945.302   327.658    32.36   24.54
 -25571.317   338.206    28.20   18.18
 -25197.273   345.566    19.67   12.40
 -24823.169   346.231     1.78   13.84
 -24449.006   338.812   -19.83   20.10
 -24074.784   324.526   -38.18   28.04
 -23700.503   307.321   -45.97   32.40
 -23326.162   283.564   -63.46   29.43
 -22951.763   265.059   -49.43   25.57
 -22577.303   248.240   -44.91   19.02
 -22202.785   234.402   -36.95   16.77
 -21828.207   220.269   -37.73   16.51
 -21453.569   208.675   -30.95   15.18
 -21078.872   199.669   -24.04   11.73
 -20704.116   190.012   -25.77   11.08
 -20329.300   182.842   -19.13   11.53
 -19954.424   174.442   -22.41   10.08
 -19579.489   168.645   -15.46    7.97
 -19204.494   163.331   -14.17    4.51
 -18829.440   159.663    -9.78    3.29
 -18454.326   157.151    -6.70    2.92
 -18079.152   155.429    -4.59    2.44
 -17703.918   157.267     4.90    8.23
 -17328.625   165.811    22.77   17.95
 -16953.272   181.510    41.82   25.01
 -16577.859   201.199    52.45   23.83
 -16202.386   215.976    39.35   13.67
 -15826.853   222.875    18.37   11.49
 -15451.261   229.179    16.79   16.01
 -15075.608   234.942    15.34   18.49
 -14699.896   238.189     8.64   18.06
 -14324.124   237.710    -1.27   22.39
 -13948.291   227.136   -28.14   26.63
 -13572.399   216.199   -29.09   22.25
 -13196.446   216.269     0.18   21.27
 -12820.433   213.871    -6.38   21.11
 -12444.360   219.002    13.64   23.55
 -12068.227   229.942    29.09   27.46
 -11692.034   239.223    24.67   30.53
 -11315.781   246.853    20.28   30.14
 -10939.467   246.929     0.20   30.78
 -10563.093   246.509    -1.12   28.00
 -10186.658   245.740    -2.04   22.33
  -9810.164   252.429    17.77   20.56
  -9433.609   265.469    34.63   18.41
  -9056.993   277.136    30.98   14.20
  -8680.317   282.483    14.20   10.09
  -8303.581   288.336    15.53    9.41
  -7926.784   289.137     2.13   11.56
  -7549.927   287.771    -3.62   13.93
  -7173.009   283.753   -10.66   14.67
  -6796.030   278.376   -14.26   13.07
  -6418.991   279.483     2.94   13.65
  -6041.891   282.797     8.79   17.98
  -5664.731   292.415    25.50   22.90
  -5287.509   306.064    36.18   19.84
  -4910.227   313.536    19.80   11.21
  -4532.885   309.442   -10.85   14.09
  -4155.481   296.482   -34.34   17.06
  -3778.017   282.305   -37.56   15.75
  -3400.492   267.016   -40.50   18.07
  -3022.906   250.094   -44.81   23.02
  -2645.259   226.482   -62.52   34.41
  -2267.551   206.977   -51.64   32.63
  -1889.782   187.045   -52.76   32.15
  -1511.952   156.387   -81.14   50.86
  -1134.061   116.579  -105.34   77.53
   -756.109    64.949  -136.61   81.90
   -378.096    26.534  -101.62   56.78
     -0.022     4.564   -58.11   12.23
    378.114    10.552    15.84   12.11
    756.310    16.842    16.63    8.09
   1134.568    19.831     7.90    1.76
   1512.887    18.882    -2.51    1.83
   1891.268    18.234    -1.71    1.72
   2269.709    18.021    -0.56    1.75
   2648.212    18.387     0.97    2.28
   3026.776    20.284     5.01    5.07
   3405.402    28.740    22.33   17.50
   3784.089    44.118    40.61   28.86
   4162.838    67.896    62.78   35.70
   4541.648   101.712    89.27   46.97
   4920.520   140.650   102.77   47.06
   5299.453   168.415    73.27   39.79
   5678.448   197.309    76.24   25.60
   6057.504   212.207    39.30   16.41
   6436.622   218.324    16.13    9.69
   6815.802   216.401    -5.07   11.45
   7195.043   206.483   -26.15   16.70
   7574.346   185.726   -54.73   27.12
   7953.711   154.456   -82.43   45.79
   8333.138   119.645   -91.75   46.42
   8712.626   102.538   -45.08   35.27
   9089.247   109.661    18.91   41.66
   9456.884   126.798    46.61   38.78
   9824.579   128.696     5.16   40.28
  10192.332   126.104    -7.05   40.60
  10560.142   117.053   -24.61   38.91
  10928.010   115.709    -3.65   41.33
  11295.936   134.975    52.36   56.75
  11663.919   148.564    36.93   63.52
  12031.961   177.850    79.57   66.92
  12400.060   195.645    48.34   59.70
  12768.217   196.955     3.56   56.36
  13136.431   208.550    31.49   52.31
  13504.704   226.376    48.41   57.62
  13873.035   248.709    60.63   54.13
  14241.423   270.653    59.57   40.19
  14609.870   270.856     0.55   44.70
  14978.374   256.034   -40.22   40.89
  15346.937   246.189   -26.71   37.28
  15715.558   234.348   -32.12   50.04
  16084.236   228.442   -16.02   54.06
  16452.973   227.242    -3.25   55.28
  16821.768   229.679     6.61   50.55
  17190.622   230.496     2.22   44.33
  17559.533   235.256    12.90   41.05
  17928.503   244.232    24.33   39.76
  18297.530   253.794    25.91   32.41
  18666.617   258.176    11.87   18.93
  19035.761   258.029    -0.40   17.77
  19404.964   254.995    -8.22   18.89
  19774.225   258.685     9.99   20.68
  20143.545   269.388    28.98   23.66
  20512.923   282.172    34.61   22.74
  20882.359   296.126    37.77   24.26
  21251.854   304.269    22.04   24.26
  21621.408   308.903    12.54   20.04
  21991.020   313.322    11.96   14.13
  22360.691   312.797    -1.42   10.82
  22730.420   313.909     3.01   10.34
  23100.208   319.522    15.18   13.32
  23470.054   323.216     9.99   14.22
  23839.959   327.199    10.77   14.30
  24209.923   323.091   -11.10   23.68
  24579.946   308.158   -40.36   38.23
  24950.027   284.442   -64.09   45.28
  25320.168   257.587   -72.56   41.45
  25690.367   235.336   -60.11   31.69
  26060.625   215.784   -52.81   21.58
  26430.941   202.587   -35.64   11.71
  26801.317   196.247   -17.12    8.54
  27171.752   196.037    -0.57   11.59
  27542.245   202.871    18.45   19.23
  27912.798   217.348    39.07   29.61
  28283.410   243.741    71.22   39.06
  28654.080   271.077    73.75   36.20
  29024.810   292.455    57.67   23.12
  29395.599   298.229    15.57   14.43
  29766.447   284.149   -37.97   27.66
  30137.354   261.834   -60.16   33.64
  30508.321   232.469   -79.16   31.37
  30879.346   211.678   -56.04   21.60
  31250.431   198.629   -35.17   11.44
  31621.575   192.794   -15.72    5.47
  31992.779   191.789    -2.71    3.86
  32364.042   194.301     6.77    6.28
  32735.364   202.456    21.96   13.52
  33106.746   217.569    40.70   20.35
  33478.187   239.069    57.88   31.09
  33849.687   267.706    77.09   33.60
  34221.247   295.126    73.80   33.74
  34592.867   319.067    64.43   21.75
  34964.546   332.211    35.37   12.58
  35336.285   335.442     8.69   11.35
  35708.083   322.758   -34.12   27.42
  36079.941   304.259   -49.75   37.79
  36451.858   272.762   -84.69   41.21
  36823.836   246.151   -71.54   31.53
  37195.873   226.922   -51.69   24.15
  37567.969   210.346   -44.55   17.95
  37940.126   198.091   -32.93   15.10
  38312.342   189.888   -22.04   10.53
  38684.618   185.785   -11.02    6.07
  39056.954   183.334    -6.58    5.47
  39429.350   182.469    -2.32   10.06
  39801.806   181.705    -2.05   16.12
  40174.322   182.884     3.16   17.00
  40546.898   187.202    11.59   18.68
  40919.534   196.232    24.23   23.19
  41292.230   210.375    37.95   21.88
  41664.986   220.685    27.66   13.69
  42037.802   225.056    11.72   10.93
  42410.678   227.536     6.65   13.94
  42783.614   234.507    18.69   16.86
  43156.611   243.549    24.24   14.75
  43529.668   252.758    24.69   10.61
  43902.785   257.292    12.15    9.82
  44275.962   258.812     4.07    9.50
  44649.200   257.510    -3.49    9.62
  45022.498   251.902   -15.02   13.24
  45395.856   241.510   -27.83   14.56
  45769.275   229.989   -30.85   15.74
  46142.754   219.178   -28.95   14.87
  46516.294   211.149   -21.50   14.56
  46889.894   205.081   -16.24   13.82
  47263.555   203.045    -5.45   13.20
  47637.276   200.345    -7.22   11.30
  48011.058   197.733    -6.99    8.79
  48384.900   197.178    -1.48    7.82
  48758.803   203.390    16.61   17.81
  49132.767   211.442    21.53   23.92
  49506.791   217.689    16.70   26.78
  49880.877   223.375    15.20   26.38
  50255.022   226.104     7.30   27.74
  50629.229   232.096    16.01   30.08
  51003.497   237.976    15.71   31.69
  51377.825   240.260     6.10   31.54
  51752.215   234.845   -14.47   27.92
  52126.665   228.429   -17.13   21.29
  52501.176   228.192    -0.63   14.85
  52875.748   233.365    13.81   14.02
  53250.381   243.321    26.57   19.77
  53625.075   258.160    39.61   22.08
  53999.831   269.497    30.25   23.33
  54374.647   275.340    15.59   24.50
  54749.524   279.259    10.46   25.37
  55124.463   281.337     5.54   23.75
  55499.463   284.692     8.95   24.21
  55874.524   299.140    38.52   28.41
  56249.646   315.628    43.96   27.01
  56624.829   329.202    36.18   16.76
  57000.074   332.118     7.77   13.50
  57375.381   327.269   -12.92   16.29
  57750.748   321.429   -15.56   12.50
  58126.177   323.598     5.78   11.08
  58501.667   331.442    20.89   13.05
  58877.219   340.869    25.10   13.23
  59252.833   350.104    24.59   11.80
  59628.507   355.307    13.85   10.07
  60004.244   359.096    10.08   10.03
  60380.042   366.256    19.05   14.82
  60755.901   377.858    30.87   23.65
  61131.823   389.564    31.14   25.72
  61507.806   399.876    27.43   22.05
  61883.850   406.442    17.46   17.63
  62259.957   411.376    13.12   13.75
  62636.125   413.528     5.72   13.29
  63012.355   406.271   -19.29   25.19
  63388.646   384.510   -57.83   40.67
  63765.000   359.160   -67.36   44.09
  64141.416   330.179   -77.00   35.75
  64517.893   308.157   -58.50   24.52
  64894.432   289.672   -49.09   19.52
  65271.034   276.349   -35.38   18.45
  65647.697   264.600   -31.19   17.44
  66024.423   257.863   -17.88   16.58
  66401.210   255.585    -6.05   15.21
  66778.060   256.726     3.03   15.92
  67154.971   262.100    14.26   17.38
  67531.945   266.514    11.71   16.54
  67908.982   264.745    -4.69   15.55
  68286.080   259.206   -14.69   18.12
  68663.241   252.508   -17.76   18.23
  69040.463   245.064   -19.74   14.90
  69417.749   239.570   -14.56   13.96
  69795.096   241.042     3.90   17.51
  70172.506   247.019    15.84   25.36
  70549.979   252.309    14.01   31.12
  70927.514   254.536     5.90   35.33
  71305.111   253.040    -3.96   36.30
  71682.771   250.096    -7.80   38.34
  72060.493   256.016    15.67   48.19
  72438.278   259.620     9.54   54.91
  72816.126   249.949   -25.60   61.06
  73194.036   228.828   -55.89   59.77
  73572.009   197.324   -83.36   48.91
  73950.045   172.264   -66.29   30.53
  74328.143   157.981   -37.78   14.38
  74706.304   154.736    -8.58   14.08
  75084.528   163.186    22.34   22.74
  75462.815   177.348    37.44   27.02
  75841.165   190.056    33.59   22.80
  76219.577   192.105     5.42   22.23
  76598.053   170.522   -57.03   51.18
  76976.591   135.429   -92.71   57.04
  77355.193   106.593   -76.17   40.91
  77733.857   106.309    -0.75   36.18
  78112.585   125.699    51.20   41.11
  78491.375   155.732    79.29   46.42
  78870.229   178.321    59.63   47.54
  79249.146   193.750    40.72   46.10
  79628.126   204.995    29.67   40.66
  80007.169   201.863    -8.26   40.28
  80386.276   191.056   -28.51   42.23
  80765.445   185.282   -15.23   39.87
  81144.679   186.122     2.21   39.47
  81523.975   189.816     9.74   39.53
  81903.335   191.522     4.50   32.79
  82282.758   189.414    -5.56   27.67
  82662.245   179.232   -26.83   21.39
  83041.795   178.203    -2.71   15.60
  83421.408   189.402    29.50   22.12
  83801.086   207.002    46.36   24.43
  84168.717   217.186    27.70   19.64
  84536.228   224.362    19.53   21.34
  84903.797   226.683     6.31   24.76
  85271.425   228.091     3.83   25.83
  85639.113   233.885    15.76   24.38
  86006.860   240.294    17.43   18.58
  86374.666   244.455    11.32   12.92
  86742.531   248.064     9.81    9.73
  87110.455   243.245   -13.10   10.06
  87478.439   234.842   -22.84   13.29
  87846.482   219.442   -41.85   20.28
  88214.585   200.689   -50.95   22.10
  88582.746   185.923   -40.11   19.16
  88950.968   173.692   -33.22   10.47
  89319.248   171.468    -6.04    7.02
  89687.588   174.401     7.96    9.93
  90055.988   182.942    23.19   19.36
  90424.447   196.637    37.17   30.00
  90792.966   220.916    65.89   42.80
  91161.544   243.415    61.05   46.20
  91530.182   268.771    68.79   38.32
  91898.879   285.242    44.68   23.35
  92267.637   288.653     9.25   16.17
  92636.453   281.155   -20.33   19.47
  93005.330   274.325   -18.51   16.95
  93374.266   267.470   -18.58   13.94
  93743.263   266.092    -3.73   15.44
  94112.319   268.401     6.26   17.91
  94481.434   271.455     8.27   18.89
  94850.610   274.853     9.21   17.27
  95219.846   275.982     3.06   15.64
  95589.141   276.064     0.22   15.13
  95958.497   272.469    -9.73   14.06
  96327.912   273.273     2.18   16.81
  96697.388   281.140    21.29   22.85
  97066.923   289.645    23.02   24.37
  97436.519   302.040    33.54   22.11
  97806.175   315.780    37.17   20.14
  98175.891   330.042    38.58   21.00
  98545.667   343.631    36.75   17.93
  98915.503   352.265    23.35   15.32
  99285.400   355.004     7.41   17.89
  99655.356   349.469   -14.96   20.65
 100025.373   340.794   -23.45   19.98
 100395.451   337.324    -9.38   16.50
 100765.589   339.250     5.21   16.83
 101135.787   353.929    39.65   24.52
 101506.045   373.915    53.98   24.27
 101876.364   393.053    51.68   19.63
 102246.744   404.346    30.49   12.16
 102617.184   405.705     3.67    8.89
 102987.684   396.970   -23.58   16.71
 103358.245   383.724   -35.75   20.31
 103728.867   371.360   -33.36   18.02
 104099.549   365.113   -16.85   14.86
 104470.292   368.026     7.86   14.74
 104841.096   377.312    25.05   17.29
 105211.960   389.620    33.19   17.21
 105582.885   399.784    27.40   15.53
 105953.871   407.956    22.03   12.97
 106324.918   413.354    14.55   13.20
 106696.025   416.998     9.82   11.92
 107067.194   419.037     5.49   10.04
 107438.423   417.345    -4.56    9.52
 107809.713   414.732    -7.04    9.30
 108181.064   414.018    -1.92   10.23
 108552.476   413.140    -2.36    8.79
 108923.949   412.957    -0.49    6.82
 109295.484   406.429   -17.57   11.70
 109667.079   396.812   -25.88   16.85
 110038.735   381.737   -40.57   19.72
 110410.453   366.178   -41.86   18.59
 110782.231   349.767   -44.15   19.13
 111154.071   335.004   -39.71   15.93
 111525.973   324.999   -26.90   11.45
 111897.935   318.229   -18.20    8.79
 112269.959   313.008   -14.04   10.21
 112642.044   307.982   -13.51   10.53
 113014.190   307.136    -2.27    9.78
 113386.398   309.429     6.16   10.15
 113758.667   313.109     9.89    8.83
 114130.997   315.882     7.45    6.11
 114503.390   315.025    -2.30    6.83
 114875.843   311.349    -9.87    6.15
 115248.358   308.037    -8.89    5.24
 115620.935   304.784    -8.73    6.69
 115993.573   298.936   -15.70    9.99
 116366.273   286.942   -32.18   16.70
 116739.035   277.442   -25.49   15.11
 117111.858   274.327    -8.36   12.85
 117484.743   277.083     7.39   14.34
 117857.690   285.533    22.66   13.91
 118230.698   288.776     8.69   11.94
 118603.769   291.852     8.25   11.58
 118976.901   292.376     1.40   11.72
 119350.095   291.263    -2.98   11.11
 119723.351   288.311    -7.91   12.06
 120096.669   285.034    -8.78   10.72
 120470.049   280.508   -12.12    6.52
 120843.491   278.936    -4.21    5.61
 121216.995   281.771     7.59    6.05
 121590.561   285.917    11.10    4.81
 121964.189   290.149    11.33    6.46
 122337.880   293.180     8.11    6.85
 122711.632   295.859     7.17    5.47
 123085.447   298.380     6.74    6.25
 123459.323   300.199     4.87    6.77
 123833.263   301.166     2.59    6.81
 124207.264   304.276     8.32    8.44
 124581.328   310.221    15.90   12.63
 124955.454   315.956    15.33   13.77
 125329.642   321.157    13.90   11.09
 125703.893   324.402     8.67    4.77
 126078.206   321.880    -6.74    5.08
 126452.582   317.824   -10.83    5.59
 126827.021   313.923   -10.42    6.15
 127201.521   309.390   -12.11    6.35
 127576.085   304.975   -11.79    6.46
 127950.711   300.429   -12.13    6.24
 128325.400   298.100    -6.22    5.20
 128700.151   296.917    -3.16    4.41
 129074.965   298.053     3.03    4.70
 129449.842   301.299     8.66    5.33
 129824.781   304.256     7.89    5.36
 130199.783   306.252     5.33    5.64
 130574.849   307.442     3.17    6.31
 130949.977   308.173     1.95    6.17
 131325.168   309.629     3.88    5.63
 131700.421   312.806     8.47    4.56
 132075.738   312.826     0.05    6.22
 132451.118   310.640    -5.82    7.21
 132826.561   309.537    -2.94    6.65
 133202.067   311.252     4.57    7.16
 133577.635   313.859     6.94    6.63
 133953.267   314.292     1.15    6.45
 134328.963   312.212    -5.54    6.66
 134704.721   309.468    -7.31    6.05
 135080.543   307.923    -4.11    5.84
 135456.427   307.847    -0.20    5.51
 135832.375   309.840     5.30    6.64
 136208.387   312.391     6.79    6.88
 136584.462   313.286     2.38    6.23
 136960.600   313.547     0.69    5.56
 137336.801   311.202    -6.24    6.12
 137713.066   308.153    -8.10    7.49
 138089.395   301.955   -16.47    9.99
 138465.787   295.736   -16.53    9.90
 138842.242   292.208    -9.37    8.15
 139218.761   291.401    -2.14    8.48
 139595.344   294.284     7.66    7.28
 139971.990   295.564     3.40    6.75
 140348.700   293.767    -4.77    8.23
 140725.474   292.537    -3.27    8.51
 141102.311   293.392     2.27   10.43
 141479.212   295.829     6.47   11.19
 141856.177   295.949     0.32   11.95
 142233.206   294.660    -3.42   11.85
 142610.298   292.265    -6.35    9.09
 142987.455   290.301    -5.21    7.75
 143364.675   286.105   -11.13    7.87
 143741.960   279.214   -18.26   10.51
 144119.308   271.058   -21.62   12.09
 144496.721   263.380   -20.35    9.51
 144874.197   262.376    -2.66    9.85
 145251.738   270.767    22.23   17.24
 145629.342   280.839    26.68   15.60
