 -73260.045    -1.000     0.00    0.00
 -72889.401    -1.000     0.00    0.00
 -72518.663    -1.000     0.00    0.00
 -72147.829    -1.000     0.00    0.00
 -71776.901    -1.000     0.00    0.00
 -71405.877    -1.000     0.00    0.00
 -71034.759    -1.000     0.00    0.00
 -70663.546    -1.000     0.00    0.00
 -70292.237    -1.000     0.00    0.00
 -69920.833    -1.000     0.00    0.00
 -69549.334    -1.000     0.00    0.00
 -69177.740    -1.000     0.00    0.00
 -68806.050    -1.000     0.00    0.00
 -68434.265    -1.000     0.00    0.00
 -68062.384    -1.000     0.00    0.00
 -67690.407    -1.000     0.00    0.00
 -67318.335    -1.000     0.00    0.00
 -66946.167    -1.000     0.00    0.00
 -66573.902    -1.000     0.00    0.00
 -66201.542    -1.000     0.00    0.00
 -65829.086    -1.000     0.00    0.00
 -65456.534    -1.000     0.00    0.00
 -65083.886    -1.000     0.00    0.00
 -64711.141    -1.000     0.00    0.00
 -64338.300    -1.000     0.00    0.00
 -63965.363    -1.000     0.00    0.00
 -63592.329    -1.000     0.00    0.00
 -63219.199    -1.000     0.00    0.00
 -62845.972    -1.000     0.00    0.00
 -62472.648    -1.000     0.00    0.00
 -62099.227    -1.000     0.00    0.00
 -61725.710    -1.000     0.00    0.00
 -61352.096    -1.000     0.00    0.00
 -60978.384    -1.000     0.00    0.00
 -60604.576    -1.000     0.00    0.00
 -60230.671    -1.000     0.00    0.00
 -59856.668    -1.000     0.00    0.00
 -59482.568    -1.000     0.00    0.00
 -59108.370    -1.000     0.00    0.00
 -58734.075    -1.000     0.00    0.00
 -58359.683    -1.000     0.00    0.00
 -57985.193    -1.000     0.00    0.00
 -57610.605    -1.000     0.00    0.00
 -57235.919    -1.000     0.00    0.00
 -56861.136    -1.000     0.00    0.00
 -56486.255    -1.000     0.00    0.00
 -56111.275    -1.000     0.00    0.00
 -55736.198    -1.000     0.00    0.00
 -55361.023    -1.000     0.00    0.00
 -54985.749    -1.000     0.00    0.00
 -54610.377    -0.434     1.51    2.54
 -54234.906     1.853     6.09    6.33
 -53859.337     5.790    10.48    9.18
 -53483.670     9.099     8.81    9.93
 -53107.904    12.754     9.73    9.21
 -52732.039    14.884     5.67    8.07
 -52356.076    17.643     7.34    5.24
 -51980.013    18.115     1.25    3.71
 -51603.852    18.450     0.89    1.41
 -51227.592    18.192    -0.69    1.37
 -50851.233    18.254     0.17    1.36
 -50474.774    18.224    -0.08    1.40
 -50098.216    18.139    -0.23    1.36
 -49721.559    18.292     0.40    1.22
 -49344.803    18.050    -0.64    1.34
 -48967.947    17.467    -1.55    1.36
 -48590.992    16.822    -1.71    1.09
 -48213.937    16.770    -0.14    1.21
 -47836.782    16.821     0.13    1.47
 -47459.527    17.350     1.40    1.78
 -47082.173    18.107     2.01    1.84
 -46704.718    19.091     2.61    2.60
 -46327.164    19.333     0.64    4.56
 -45949.510    17.939    -3.69    7.67
 -45571.755    16.333    -4.25    8.98
 -45193.900    13.508    -7.48   10.23
 -44815.945    11.149    -6.24   10.54
 -44437.889     8.471    -7.08   10.21
 -44059.733     6.602    -4.94    9.71
 -43681.476     4.065    -6.71    8.16
 -43303.119     2.226    -4.86    6.32
 -42924.660     0.746    -3.91    4.59
 -42546.101    -0.197    -2.49    2.66
 -42167.442    -0.471    -0.72    1.25
 -41788.681    -0.390     0.21    0.49
 -41409.819    -0.132     0.68    0.34
 -41030.856     0.000     0.35    0.00
 -40651.792     0.000     0.00    0.00
 -40272.626     0.180     0.48    0.67
 -39893.359     0.669     1.29    1.42
 -39513.991     1.388     1.90    2.20
 -39134.521     3.016     4.29    4.29
 -38754.949     4.465     3.82    5.36
 -38375.276     5.250     2.07    5.36
 -37995.501     5.562     0.82    5.32
 -37615.624     4.090    -3.87    2.86
 -37235.645     3.295    -2.09    0.80
 -36855.564     3.058    -0.62    0.78
 -36475.381     2.976    -0.22    1.08
 -36095.095     2.886    -0.24    1.34
 -35714.708     2.516    -0.97    1.50
 -35334.218     2.197    -0.84    1.55
 -34953.626     1.639    -1.46    1.56
 -34572.931     1.107    -1.40    1.40
 -34192.133     0.550    -1.46    1.09
 -33811.233     0.187    -0.95    0.62
 -33430.230     0.000    -0.49    0.00
 -33049.124     0.000     0.00    0.00
 -32667.916     0.000     0.00    0.00
 -32286.604     0.000     0.00    0.00
 -31905.189     0.000     0.00    0.00
 -31523.671     0.000     0.00    0.00
 -31142.050     0.000     0.00    0.00
 -30760.325     0.000     0.00    0.00
 -30378.497     0.000     0.00    0.00
 -29996.565     0.000     0.00    0.00
 -29614.530     0.000     0.00    0.00
 -29232.391     0.000     0.00    0.00
 -28850.148     0.000     0.00    0.00
 -28467.802     0.000     0.00    0.00
 -28085.351     0.000     0.00    0.00
 -27702.797     0.169     0.44    0.91
 -27320.138     0.483     0.82    1.59
 -26951.552     0.780     0.81    2.03
 -26588.224     0.943     0.45    1.95
 -26224.805     1.009     0.18    1.89
 -25861.295     0.815    -0.53    1.54
 -25497.694     0.532    -0.78    1.17
 -25134.002     0.182    -0.96    0.66
 -24770.219     0.008    -0.48    0.09
 -24406.344     0.000    -0.02    0.00
 -24042.378     0.000     0.00    0.00
 -23678.321     0.000     0.00    0.00
 -23314.172     0.000     0.00    0.00
 -22949.932     0.000     0.00    0.00
 -22585.600     0.000     0.00    0.00
 -22221.176     0.000     0.00    0.00
 -21856.660     0.000     0.00    0.00
 -21492.053     0.000     0.00    0.00
 -21127.353     0.000     0.00    0.00
 -20762.562     0.000     0.00    0.00
 -20397.678     0.000     0.00    0.00
 -20032.703     0.000     0.00    0.00
 -19667.635     0.000     0.00    0.00
 -19302.475     0.000     0.00    0.00
 -18937.223     0.000     0.00    0.00
 -18571.878     0.000     0.00    0.00
 -18206.441     0.000     0.00    0.00
 -17840.911     0.000     0.00    0.00
 -17475.288     0.000     0.00    0.00
 -17109.573     0.000     0.00    0.00
 -16743.765     0.000     0.00    0.00
 -16377.864     0.000     0.00    0.00
 -16011.871     0.000     0.00    0.00
 -15645.784     0.000     0.00    0.00
 -15279.604     0.000     0.00    0.00
 -14913.331     0.000     0.00    0.00
 -14546.965     0.000     0.00    0.00
 -14180.506     0.000     0.00    0.00
 -13813.953     0.000     0.00    0.00
 -13447.307     0.000     0.00    0.00
 -13080.568     0.000     0.00    0.00
 -12713.735     0.000     0.00    0.00
 -12346.808     0.000     0.00    0.00
 -11979.788     0.000     0.00    0.00
 -11612.673     0.000     0.00    0.00
 -11245.465     0.000     0.00    0.00
 -10878.163     0.000     0.00    0.00
 -10510.768     0.000     0.00    0.00
 -10143.278     0.000     0.00    0.00
  -9775.693     0.000     0.00    0.00
  -9408.015     0.000     0.00    0.00
  -9040.242     0.000     0.00    0.00
  -8672.375     0.000     0.00    0.00
  -8304.414     0.000     0.00    0.00
  -7936.358     0.000     0.00    0.00
  -7568.208     0.000     0.00    0.00
  -7199.963     0.000     0.00    0.00
  -6831.623     0.000     0.00    0.00
  -6463.188     0.000     0.00    0.00
  -6094.659     0.000     0.00    0.00
  -5726.034     0.000     0.00    0.00
  -5357.315     0.000     0.00    0.00
  -4988.500     0.000     0.00    0.00
  -4619.591     0.000     0.00    0.00
  -4250.586     0.000     0.00    0.00
  -3881.485     0.000     0.00    0.00
  -3512.290     0.000     0.00    0.00
  -3142.999     0.000     0.00    0.00
  -2773.612     0.000     0.00    0.00
  -2404.130     0.000     0.00    0.00
  -2034.552     0.000     0.00    0.00
  -1664.878     0.000     0.00    0.00
  -1295.109     0.000     0.00    0.00
   -925.243     0.000     0.00    0.00
   -555.282     0.000     0.00    0.00
   -185.225     0.000     0.00    0.00
    184.929     0.000     0.00    0.00
    555.179     0.000     0.00    0.00
    925.525     0.000     0.00    0.00
   1295.967     0.000     0.00    0.00
   1666.506     0.000     0.00    0.00
   2037.141     0.000     0.00    0.00
   2407.873     0.000     0.00    0.00
   2778.702     0.000     0.00    0.00
   3149.627     0.000     0.00    0.00
   3520.649     0.000     0.00    0.00
   3891.768     0.000     0.00    0.00
   4262.984     0.000     0.00    0.00
   4634.297     0.272     0.73    0.84
   5005.708     0.516     0.66    1.11
   5377.215     0.729     0.57    1.24
   5748.820     0.744     0.04    1.27
   6120.522     0.653    -0.24    1.21
   6492.321     0.768     0.31    1.26
   6864.218     0.984     0.58    1.36
   7236.212     1.432     1.20    1.46
   7608.304     2.016     1.57    1.35
   7980.494     2.419     1.08    1.12
   8352.782     2.734     0.84    0.78
   8725.168     2.702    -0.09    0.86
   9097.651     2.636    -0.18    0.95
   9470.233     2.456    -0.48    1.13
   9842.912     2.368    -0.24    1.19
  10215.690     2.195    -0.46    1.30
  10588.566     1.904    -0.78    1.41
  10961.541     1.697    -0.56    1.45
  11334.614     1.317    -1.02    1.45
  11707.785     1.056    -0.70    1.40
  12081.055     0.698    -0.96    1.24
  12454.424     0.488    -0.56    1.08
  12827.891     0.315    -0.46    0.89
  13201.458     0.082    -0.62    0.44
  13575.123     0.016    -0.18    0.13
  13948.887     0.275     0.69    1.02
  14322.750     1.008     1.96    1.93
  14696.713     1.571     1.51    2.16
  15070.774     2.248     1.81    2.20
  15444.935     2.827     1.55    1.98
  15819.195     3.378     1.47    1.59
  16193.555     3.768     1.04    1.02
  16568.014     3.944     0.47    0.34
  16942.573     3.966     0.06    0.35
  17317.232     4.183     0.58    0.50
  17691.990     4.621     1.17    1.43
  18066.848     7.621     8.00    6.06
  18441.806     8.508     2.37    6.78
  18816.865     7.839    -1.78    7.42
  19192.023     5.865    -5.26    6.96
  19567.281     2.828    -8.09    3.25
  19942.640     2.304    -1.40    1.23
  20318.099     2.840     1.43    0.63
  20693.658     3.000     0.43    0.00
  21069.318     2.984    -0.04    0.13
  21445.079     2.411    -1.52    1.14
  21820.940     1.512    -2.39    1.47
  22196.902     0.833    -1.81    1.29
  22572.964     0.387    -1.19    0.95
  22949.128     0.563     0.47    1.13
  23325.393     0.897     0.89    1.31
  23701.758     1.320     1.12    1.45
  24078.225     1.827     1.35    1.43
  24454.793     2.233     1.08    1.26
  24831.462     2.246     0.04    1.28
  25208.233     2.210    -0.10    1.30
  25585.105     2.366     0.41    1.20
  25962.079     2.472     0.28    1.10
  26339.155     2.655     0.49    0.90
  26716.332     2.784     0.34    0.72
  27093.611     2.816     0.08    0.65
  27470.991     2.407    -1.09    1.11
  27848.474     1.814    -1.57    1.41
  28226.059     1.142    -1.78    1.37
  28603.746     1.150     0.02    1.36
  28981.535     1.544     1.04    1.45
  29359.427     2.400     2.27    1.15
  29737.421     2.540     0.37    1.02
  30115.517     1.983    -1.47    1.38
  30493.716     1.703    -0.74    1.42
  30872.017     1.760     0.15    1.41
  31250.422     2.206     1.18    1.28
  31628.929     2.817     1.61    0.61
  32007.539     2.512    -0.81    1.09
  32386.252     2.126    -1.02    1.33
  32765.068     2.008    -0.31    1.37
  33143.987     2.112     0.27    1.33
  33523.009     2.488     0.99    1.08
  33902.135     3.000     1.35    0.00
  34281.364     3.000     0.00    0.00
  34660.696     2.942    -0.15    0.23
  35040.132     2.214    -1.92    1.26
  35419.672     1.452    -2.01    1.45
  35799.315     0.576    -2.31    1.11
  36179.062     0.085    -1.29    0.40
  36558.914     0.000    -0.22    0.00
  36938.869     0.000     0.00    0.00
  37318.928     0.000     0.00    0.00
  37699.091     0.000     0.00    0.00
  38079.359     0.071     0.19    0.34
  38459.731     0.383     0.82    0.77
  38840.207     0.709     0.86    0.94
  39220.788     0.951     0.64    0.98
  39601.473     1.157     0.54    0.93
  39982.263     1.283     0.33    0.90
  40363.158     1.266    -0.05    0.90
  40744.158     1.039    -0.60    0.96
  41125.262     0.733    -0.80    0.95
  41506.472     0.524    -0.55    0.86
  41887.787     0.616     0.24    0.90
  42269.207     0.968     0.92    0.98
  42650.732     1.409     1.16    0.89
  43032.362     1.754     0.90    0.62
  43414.098     1.930     0.46    0.34
  43795.940     1.916    -0.04    0.38
  44177.887     1.976     0.16    0.20
  44559.940     2.000     0.06    0.00
  44942.099     2.000     0.00    0.00
  45324.363     2.000     0.00    0.00
  45706.734     2.000     0.00    0.00
  46089.211     2.000     0.00    0.00
  46471.793     2.000     0.00    0.00
  46854.482     2.000     0.00    0.00
  47237.278     2.000     0.00    0.00
  47614.585     2.000     0.00    0.00
  47977.684     2.000     0.00    0.00
  48340.875     2.000     0.00    0.00
  48704.160     2.000     0.00    0.00
  49067.536     1.984    -0.04    0.18
  49431.006     1.656    -0.90    0.74
  49794.568     1.440    -0.59    0.88
  50158.222     1.406    -0.09    0.90
  50521.970     1.421     0.04    0.89
  50885.811     1.847     1.17    0.51
  51249.744     2.000     0.42    0.00
  51613.771     2.000     0.00    0.00
  51977.891     2.000     0.00    0.00
  52342.104     2.000     0.00    0.00
  52706.410     1.865    -0.37    0.48
  53070.810     1.448    -1.14    0.88
  53435.303     0.953    -1.36    0.99
  53799.889     0.496    -1.25    0.85
  54164.569     0.081    -1.14    0.37
  54529.343     0.000    -0.22    0.00
  54894.211     0.000     0.00    0.00
  55259.172     0.000     0.00    0.00
  55624.227     0.000     0.00    0.00
  55989.376     0.000     0.00    0.00
  56354.619     0.016     0.04    0.18
  56719.957     0.031     0.04    0.25
  57085.388     0.113     0.22    0.45
  57450.914     0.616     1.38    0.91
  57816.534     1.186     1.56    0.97
  58182.248     1.718     1.45    0.68
  58548.057     1.952     0.64    0.21
  58913.960     1.758    -0.53    0.43
  59279.958     1.528    -0.63    0.50
  59646.050     1.283    -0.67    0.45
  60012.238     1.086    -0.54    0.28
  60378.520     0.968    -0.32    0.18
  60744.897     0.772    -0.54    0.42
  61111.369     0.523    -0.68    0.50
  61477.936     0.276    -0.67    0.45
  61844.598     0.086    -0.52    0.28
  62211.356     0.000    -0.23    0.00
  62578.209     0.000     0.00    0.00
  62945.157     0.384     1.05    1.65
  63312.200     2.362     5.39    4.27
  63679.339     4.067     4.64    4.73
  64046.574     4.264     0.54    4.62
  64413.904     4.555     0.79    4.39
  64781.330     3.942    -1.67    3.82
  65148.852     3.575    -1.00    3.06
  65516.469     4.551     2.66    2.95
  65884.183     5.908     3.69    2.45
  66251.993     6.380     1.28    2.18
  66619.898     7.128     2.03    1.86
  66987.900     7.691     1.53    1.57
  67355.998     7.868     0.48    1.63
  67724.193     7.492    -1.02    2.73
  68092.484     5.653    -4.99    3.86
  68460.871     3.605    -5.56    4.08
  68829.355     1.592    -5.46    3.20
  69197.936     0.159    -3.89    0.84
  69566.613     0.773     1.67    1.96
  69935.388     2.325     4.21    3.18
  70304.259     4.370     5.54    3.22
  70673.227     5.969     4.33    2.45
  71042.292     7.125     3.13    1.29
  71411.454     7.023    -0.28    1.58
  71780.713     6.070    -2.58    2.82
  72150.070     4.725    -3.64    3.47
  72519.524     3.504    -3.31    3.53
  72889.075     3.055    -1.22    3.48
  73258.724     3.185     0.35    3.36
  73628.470     3.789     1.63    3.26
  73998.314     5.088     3.51    2.74
  74368.256     5.912     2.23    1.77
  74738.296     5.612    -0.81    1.70
  75108.433     5.790     0.48    1.82
  75478.668     5.736    -0.15    1.74
  75849.002     6.125     1.05    1.89
  76219.434     6.842     1.93    1.55
  76589.963     6.930     0.24    2.00
  76960.591     6.117    -2.19    3.08
  77331.318     4.750    -3.69    3.88
  77702.143     3.242    -4.07    3.92
  78073.066     1.628    -4.35    3.17
  78444.088     0.492    -3.06    1.68
  78815.209     0.000    -1.33    0.00
  79186.428     0.000     0.00    0.00
  79557.747     0.000     0.00    0.00
  79929.164     0.000     0.00    0.00
  80300.680     0.839     2.26    2.72
  80672.295     2.868     5.46    4.50
  81044.010     4.859     5.36    5.01
  81415.823     7.421     6.89    4.82
  81787.736     7.446     0.07    4.88
  82159.749     5.907    -4.14    5.08
  82531.860     3.760    -5.77    5.07
  82904.072     1.414    -6.30    3.26
  83276.383     1.096    -0.85    2.32
  83648.794     1.031    -0.17    2.33
  84021.304     1.108     0.20    2.38
  84393.914     0.852    -0.69    2.20
  84766.625     0.000    -2.29    0.00
  85139.435     0.000     0.00    0.00
  85512.346     0.000     0.00    0.00
  85885.356     0.000     0.00    0.00
  86258.467     0.320     0.86    1.43
  86631.679     2.512     5.87    4.38
  87004.991     4.133     4.34    5.03
  87378.403     4.768     1.70    4.78
  87751.916     4.192    -1.54    4.52
  88125.530     2.488    -4.56    3.42
  88499.244     1.900    -1.57    2.40
  88873.059     1.763    -0.37    2.29
  89246.976     1.758    -0.01    2.18
  89620.993     1.359    -1.07    1.77
  89995.111     1.446     0.23    1.75
  90369.331     1.500     0.14    1.72
  90743.652     1.891     1.05    1.83
  91118.074     2.279     1.04    1.64
  91492.597     2.355     0.20    1.41
  91867.223     2.515     0.43    1.27
  92241.949     2.339    -0.47    1.35
  92616.778     2.118    -0.59    1.67
  92991.708     2.031    -0.23    1.79
  93366.740     1.689    -0.91    1.81
  93741.874     1.508    -0.48    1.60
  94117.110     1.352    -0.42    1.44
  94492.448     1.293    -0.16    1.34
  94867.888     1.162    -0.35    1.27
  95243.431     0.875    -0.76    0.96
  95619.076     0.594    -0.75    0.77
  95994.823     0.687     0.25    0.87
  96370.673     0.851     0.44    1.07
  96746.626     0.845    -0.02    1.04
  97122.681     0.791    -0.14    1.04
  97498.839     0.810     0.05    1.03
  97875.100     0.740    -0.18    0.94
  98251.463     0.825     0.23    1.09
  98627.930     0.953     0.34    1.07
  99004.500     0.915    -0.10    1.12
  99381.173     1.174     0.69    1.36
  99757.950     1.496     0.86    1.66
 100134.830     1.643     0.39    1.82
 100511.813     1.729     0.23    1.73
 100888.900     1.756     0.07    1.67
 101266.090     1.282    -1.26    1.38
 101643.384     0.969    -0.83    1.16
 102020.782     0.814    -0.41    0.96
 102398.284     0.742    -0.19    0.83
 102775.890     1.015     0.72    0.99
 103153.600     1.264     0.66    1.01
 103531.414     1.377     0.30    1.11
 103909.332     1.485     0.28    1.14
 104287.355     1.323    -0.43    1.04
 104665.482     1.121    -0.53    1.03
 105043.713     1.305     0.49    1.19
 105422.049     1.326     0.06    1.09
 105800.490     1.346     0.05    1.15
 106179.036     1.911     1.49    1.37
 106557.686     2.131     0.58    1.46
 106936.441     2.016    -0.30    1.49
 107315.302     1.628    -1.02    1.42
 107694.267     1.000    -1.66    1.28
 108073.338     0.484    -1.36    0.78
 108452.514     0.400    -0.22    0.75
 108831.795     0.315    -0.22    0.70
 109211.182     0.450     0.35    0.85
 109590.674     0.458     0.02    0.85
 109970.272     0.306    -0.40    0.72
 110349.976     0.183    -0.32    0.59
 110729.785     0.072    -0.29    0.36
 111109.700     0.217     0.38    0.56
 111489.722     0.394     0.47    0.88
 111869.849     0.467     0.19    0.95
 112250.083     0.878     1.08    1.44
 112630.423     1.031     0.40    1.61
 113010.869     1.331     0.79    1.94
 113391.422     1.802     1.24    2.23
 113772.081     1.951     0.39    2.34
 114152.847     1.424    -1.38    1.99
 114533.719     0.961    -1.22    1.48
 114914.699     0.649    -0.82    1.32
 115295.785     0.420    -0.60    0.79
 115676.978     0.443     0.06    0.88
 116058.279     0.672     0.60    1.02
 116439.686     0.732     0.16    1.02
 116821.201     0.752     0.05    0.91
 117202.823     0.685    -0.18    0.97
 117584.552     0.504    -0.47    0.94
 117966.389     0.386    -0.31    0.91
 118348.334     0.165    -0.58    0.72
 118730.386     0.100    -0.17    0.35
 119112.547     0.426     0.85    0.85
 119494.815     1.008     1.52    1.61
 119877.191     1.576     1.49    2.21
 120259.675     1.926     0.91    2.51
 120642.267     1.565    -0.94    2.21
 121024.968     1.323    -0.63    1.84
 121407.776     1.446     0.32    1.71
 121790.694     1.417    -0.08    1.44
 122173.720     1.597     0.47    1.43
 122540.152     1.641     0.12    1.33
 122903.127     1.672     0.08    1.35
 123266.197     1.645    -0.07    1.26
 123629.360     1.392    -0.70    1.08
 123992.617     1.500     0.30    1.13
 124355.968     1.449    -0.14    1.06
 124719.413     1.638     0.52    1.34
 125082.953     2.038     1.10    1.55
 125446.587     2.220     0.50    1.54
 125810.315     2.281     0.17    1.60
 126174.138     1.908    -1.02    1.51
 126538.055     1.938     0.08    1.43
 126902.066     1.840    -0.27    1.36
 127266.173     1.886     0.13    1.32
 127630.374     1.947     0.17    1.34
 127994.670     2.210     0.72    1.44
 128359.061     2.212     0.01    1.42
 128723.546     2.267     0.15    1.28
 129088.127     2.224    -0.12    1.24
 129452.803     2.331     0.29    1.13
 129817.574     2.519     0.52    1.35
 130182.440     2.774     0.70    1.63
 130547.402     2.815     0.11    1.75
 130912.459     2.603    -0.58    1.83
 131277.612     2.134    -1.29    1.52
 131642.860     1.877    -0.70    1.23
 132008.204     2.000     0.34    1.21
 132373.643     2.125     0.34    1.21
 132739.179     1.992    -0.36    1.21
 133104.810     2.045     0.15    1.18
 133470.537     1.969    -0.21    1.14
 133836.360     1.984     0.04    1.12
 134202.279     2.212     0.62    1.15
 134568.295     2.195    -0.05    1.27
 134934.406     2.205     0.03    1.27
 135300.614     2.099    -0.29    1.34
 135666.919     2.177     0.21    1.36
 136033.320     2.302     0.34    1.38
 136399.817     2.444     0.39    1.38
 136766.411     2.620     0.48    1.43
 137133.102     2.825     0.56    1.46
 137499.890     2.568    -0.70    1.39
 137866.775     2.443    -0.34    1.48
 138233.756     2.272    -0.47    1.52
 138600.835     2.128    -0.39    1.40
 138968.010     2.348     0.60    1.55
 139335.283     2.441     0.25    1.53
 139702.653     2.752     0.85    1.42
 140070.121     2.629    -0.33    1.51
 140437.686     2.595    -0.09    1.52
 140805.348     2.654     0.16    1.52
 141173.108     2.679     0.07    1.61
 141540.966     2.921     0.66    1.81
 141908.921     3.432     1.39    1.98
 142276.974     3.664     0.63    2.01
 142645.125     3.685     0.06    1.96
 143013.375     3.947     0.71    1.70
 143381.722     3.809    -0.37    1.70
 143750.167     3.535    -0.74    1.49
 144118.711     3.977     1.20    1.68
 144487.353     3.947    -0.08    2.18
 144856.093     3.213    -1.99    2.78
 145224.931     2.386    -2.24    3.05
 145593.869     1.481    -2.45    2.82
 145962.905     0.922    -1.51    2.60
 146332.039     0.705    -0.59    2.51
 146701.272     1.389     1.85    2.84
 147070.605     2.285     2.42    3.04
 147440.036     3.414     3.06    2.53
 147809.566     4.229     2.21    1.49
 148179.195     3.754    -1.29    1.28
 148548.924     3.067    -1.86    1.23
 148918.751     2.695    -1.01    1.38
 149288.679     2.254    -1.19    1.37
 149658.705     1.948    -0.83    1.29
 150028.831     1.546    -1.09    1.00
 150399.057     1.523    -0.06    0.97
 150769.382     1.440    -0.22    0.99
 151139.807     1.481     0.11    1.03
 151510.332     1.832     0.95    1.51
 151880.957     1.759    -0.20    1.55
 152251.682     2.078     0.86    1.70
 152622.507     2.099     0.06    1.36
 152993.432     2.767     1.80    1.60
 153364.457     3.685     2.47    1.57
 153735.583     3.687     0.00    2.04
 154106.809     3.152    -1.44    2.66
 154478.135     2.484    -1.80    2.94
 154849.562     2.000    -1.30    3.08
 155221.090     1.780    -0.59    3.24
 155592.719     1.556    -0.60    3.16
 155964.448     1.932     1.01    3.09
 156336.278     2.754     2.21    2.98
 156708.210     2.704    -0.13    2.99
 157080.242     2.104    -1.61    3.14
 157452.376     0.634    -3.95    2.61
 157824.611    -0.523    -3.11    1.40
 158196.947    -0.388     0.36    1.71
 158569.384    -0.099     0.78    2.13
 158941.923    -0.092     0.02    2.22
 159314.564    -0.313    -0.59    1.98
 159687.306    -0.798    -1.30    0.94
 160060.150    -1.000    -0.54    0.00
 160433.096    -1.000     0.00    0.00
 160806.144    -0.512     1.31    1.58
 161179.294     1.303     4.86    3.10
 161552.546     2.321     2.73    3.20
 161925.900     2.968     1.73    3.09
 162299.356     2.000    -2.59    3.24
 162672.915     0.723    -3.42    2.93
 163046.576    -0.302    -2.74    2.21
 163420.340    -1.000    -1.87    0.00
 163794.206    -1.000     0.00    0.00
 164168.175    -1.000     0.00    0.00
 164542.247    -1.000     0.00    0.00
 164916.421    -1.000     0.00    0.00
 165290.699    -1.000     0.00    0.00
 165665.079    -1.000     0.00    0.00
 166039.563    -1.000     0.00    0.00
 166414.150    -1.000     0.00    0.00
 166788.840    -1.000     0.00    0.00
 167163.634    -0.857     0.38    0.84
 167538.531    -0.119     1.97    2.29
 167913.531     0.828     2.53    2.98
 168288.636     0.945     0.31    3.04
 168663.844     0.353    -1.58    2.71
 169039.155    -0.431    -2.09    1.65
 169414.571    -0.129     0.80    2.25
 169790.091     1.103     3.28    3.25
 170165.714     2.383     3.41    3.40
 170541.442     3.290     2.41    3.22
 170917.274     2.619    -1.78    3.24
 171293.211     1.381    -3.29    3.12
 171669.252     0.233    -3.05    2.58
 172045.397    -0.748    -2.61    1.08
 172421.647    -1.000    -0.67    0.00
 172798.002    -1.000     0.00    0.00
 173174.461    -0.977     0.06    0.15
 173551.026    -0.836     0.37    0.45
 173927.695    -0.493     0.91    0.78
 174304.470    -0.216     0.73    0.82
 174681.349    -0.207     0.02    0.79
 175058.334    -0.256    -0.13    0.77
 175435.424    -0.523    -0.71    0.56
 175812.619    -0.684    -0.43    0.47
 176189.920    -0.720    -0.10    0.45
 176567.327    -0.856    -0.36    0.35
 176944.839    -1.000    -0.38    0.00
 177322.457    -1.000     0.00    0.00
 177700.181    -1.000     0.00    0.00
 178078.011    -1.000     0.00    0.00
 178455.946    -1.000     0.00    0.00
 178833.988    -1.000     0.00    0.00
 179212.137    -1.000     0.00    0.00
 179590.391    -1.000     0.00    0.00
 179968.752    -1.000     0.00    0.00
 180347.219    -1.000     0.00    0.00
 180725.793    -1.000     0.00    0.00
 181104.474    -1.000     0.00    0.00
 181483.261    -1.000     0.00    0.00
 181862.155    -1.000     0.00    0.00
 182241.156    -1.000     0.00    0.00
 182620.264    -1.000     0.00    0.00
 182999.480    -1.000     0.00    0.00
 183378.802    -1.000     0.00    0.00
