-163807.793   212.515     0.00    6.76
-163432.461   214.452     5.16    6.45
-163057.195   215.867     3.77    5.67
-162681.995   216.202     0.89    4.72
-162306.861   217.184     2.62    5.07
-161931.793   218.721     4.10    5.88
-161556.791   221.209     6.64    5.12
-161181.854   226.277    13.52    9.44
-160806.984   233.854    20.21   13.53
-160432.179   239.227    14.34   13.46
-160057.439   243.079    10.28   11.99
-159682.765   242.301    -2.08   12.26
-159308.157   235.906   -17.07   12.36
-158933.615   229.265   -17.73   11.96
-158559.138   222.693   -17.55    9.88
-158184.726   217.893   -12.82    8.06
-157810.380   213.770   -11.01    7.79
-157436.099   208.817   -13.24    8.49
-157061.884   203.474   -14.28    8.13
-156687.734   199.787    -9.86    6.62
-156313.650   199.843     0.15    5.99
-155939.630   202.803     7.91    6.27
-155565.676   206.141     8.93    5.64
-155191.788   210.213    10.89    4.03
-154817.964   213.622     9.12    4.59
-154444.206   215.392     4.74    4.18
-154070.512   215.165    -0.61    4.91
-153696.884   214.603    -1.51    5.68
-153323.321   213.243    -3.64    4.72
-152949.823   211.589    -4.43    3.03
-152576.390   210.731    -2.30    2.14
-152203.021   210.471    -0.70    2.25
-151829.718   210.869     1.07    2.65
-151456.480   211.300     1.15    3.11
-151083.306   212.393     2.93    3.36
-150710.197   213.718     3.55    4.28
-150337.153   216.231     6.74    4.74
-149964.174   219.379     8.44    3.63
-149591.260   221.626     6.03    3.05
-149218.410   223.827     5.91    2.93
-148845.625   225.668     4.94    2.41
-148472.904   226.282     1.65    2.32
-148100.248   226.218    -0.17    2.70
-147727.657   225.074    -3.07    3.10
-147355.130   223.820    -3.37    3.20
-146982.667   223.437    -1.03    3.10
-146610.269   223.190    -0.66    3.26
-146237.936   223.200     0.03    3.96
-145865.667   222.906    -0.79    4.01
-145493.462   221.918    -2.65    3.74
-145121.321   221.218    -1.88    3.48
-144749.245   221.425     0.55    3.05
-144377.233   221.956     1.43    2.82
-144005.285   222.418     1.24    2.63
-143633.401   223.981     4.20    3.20
-143261.582   226.752     7.45    4.78
-142889.826   230.031     8.82    5.33
-142518.135   232.956     7.87    3.61
-142146.508   233.031     0.20    3.22
-141774.945   231.931    -2.96    3.93
-141403.445   229.856    -5.59    4.29
-141032.010   227.957    -5.11    3.82
-140660.638   226.818    -3.07    4.25
-140289.331   225.121    -4.57    4.59
-139918.087   222.931    -5.90    4.49
-139546.907   220.957    -5.32    2.54
-139175.791   219.793    -3.14    3.07
-138804.739   219.957     0.44    3.66
-138433.750   219.893    -0.17    3.64
-138062.825   219.931     0.10    3.63
-137691.964   222.141     5.96    3.89
-137321.166   224.393     6.07    3.91
-136950.432   227.706     8.94    5.67
-136579.761   232.931    14.10    7.30
-136209.154   237.268    11.70    6.65
-135838.610   241.957    12.65    4.19
-135468.130   244.289     6.29    3.50
-135097.713   245.598     3.53    3.58
-134727.360   246.893     3.50    3.11
-134357.070   247.589     1.88    2.85
-133986.843   248.256     1.80    2.63
-133616.680   247.944    -0.84    2.61
-133246.580   246.968    -2.64    2.97
-132876.543   245.513    -3.93    3.51
-132506.569   244.118    -3.77    3.01
-132136.658   243.204    -2.47    2.47
-131766.811   243.206     0.00    2.21
-131397.026   243.182    -0.07    2.02
-131027.305   243.615     1.17    1.86
-130657.646   243.724     0.29    3.45
-130288.051   243.052    -1.82    4.97
-129918.519   242.540    -1.39    6.06
-129549.049   241.293    -3.37    6.88
-129179.642   237.540   -10.16    7.80
-128810.299   231.618   -16.03    9.30
-128441.018   225.932   -15.40    8.53
-128071.800   219.141   -18.39    9.37
-127702.644   212.418   -18.21   11.52
-127333.552   204.492   -21.48   14.10
-126964.522   197.675   -18.47   12.11
-126595.555   198.202     1.43   14.14
-126226.650   202.234    10.93   18.20
-125857.808   211.781    25.89   19.64
-125489.028   223.337    31.34   12.45
-125120.311   230.118    18.39   10.75
-124751.657   236.970    18.59   11.10
-124383.065   244.631    20.79   11.35
-124014.536   252.277    20.75    8.85
-123646.069   254.768     6.76    6.83
-123277.664   253.559    -3.28    7.37
-122909.321   251.168    -6.49    6.66
-122541.041   250.265    -2.45    4.70
-122172.824   250.108    -0.42    5.37
-121804.668   250.450     0.93    6.34
-121436.575   249.239    -3.29    7.59
-121068.544   246.868    -6.44    6.60
-120700.575   245.444    -3.87    4.17
-120332.668   245.490     0.12    3.95
-119964.823   246.162     1.83    3.94
-119597.040   246.108    -0.15    4.11
-119229.320   245.018    -2.96    4.16
-118861.661   243.387    -4.44    3.86
-118494.064   242.260    -3.07    3.96
-118126.530   243.741     4.03    7.41
-117759.057   247.534    10.32    9.98
-117391.646   250.993     9.42   10.74
-117024.297   255.022    10.97    8.31
-116657.009   257.231     6.01    7.67
-116289.784   261.855    12.59    8.67
-115921.298   265.168     8.99    8.40
-115541.333   270.672    14.48    8.16
-115161.435   272.993     6.11    7.87
-114781.603   274.213     3.21    8.16
-114401.838   274.643     1.13    7.33
-114022.140   273.844    -2.10    6.36
-113642.508   270.589    -8.58    8.18
-113262.943   263.640   -18.31   11.02
-112883.444   255.853   -20.52    9.18
-112504.012   249.943   -15.58    7.10
-112124.646   248.216    -4.55    6.38
-111745.347   249.606     3.67    7.50
-111366.114   249.944     0.89    7.32
-110986.947   252.746     7.39    6.92
-110607.846   256.905    10.97    8.80
-110228.812   264.143    19.10   10.72
-109849.843   268.840    12.40    8.51
-109470.941   266.752    -5.51   10.41
-109092.106   261.418   -14.08   11.55
-108713.336   255.830   -14.76    7.86
-108334.632   255.893     0.17    7.50
-107955.994   258.497     6.88    8.47
-107577.423   260.581     5.50    7.60
-107198.917   263.108     6.68    8.26
-106820.477   267.393    11.33    9.58
-106442.103   274.692    19.29    9.44
-106063.795   279.058    11.54    8.16
-105685.553   279.305     0.65    8.43
-105307.376   276.831    -6.54    9.62
-104929.266   273.765    -8.11    9.09
-104551.221   271.956    -4.78    9.71
-104173.241   270.059    -5.02    8.84
-103795.327   268.668    -3.68    7.30
-103417.479   262.843   -15.42    8.90
-103039.697   255.111   -20.47   12.92
-102661.980   246.361   -23.17   14.02
-102284.328   239.945   -16.99    9.87
-101906.742   236.668    -8.68    6.52
-101529.222   236.351    -0.84    6.74
-101151.767   240.880    12.00    9.17
-100774.377   247.353    17.15   12.69
-100397.052   253.992    17.60   12.64
-100019.793   256.372     6.31   10.52
 -99642.599   252.493   -10.28   10.38
 -99265.471   248.438   -10.75    9.22
 -98888.407   251.728     8.73   13.03
 -98511.409   259.623    20.94   16.39
 -98134.476   271.781    32.26   14.69
 -97757.608   279.643    20.86    8.39
 -97380.805   277.184    -6.53   11.35
 -97004.067   267.273   -26.31   17.48
 -96627.394   255.555   -31.11   16.78
 -96250.786   243.944   -30.83    9.21
 -95874.243   240.341    -9.57    4.84
 -95497.765   241.970     4.33    6.20
 -95121.351   246.678    12.51    8.01
 -94745.003   254.350    20.39   10.14
 -94368.719   263.256    23.67   10.97
 -93992.500   274.481    29.84   13.99
 -93616.346   285.351    28.90   15.67
 -93240.257   292.831    19.89   14.04
 -92864.232   292.892     0.16   13.40
 -92488.271   289.222    -9.76   15.55
 -92112.376   288.392    -2.21   16.45
 -91736.545   286.906    -3.95   15.37
 -91360.778   285.598    -3.48   15.34
 -90985.076   279.602   -15.96   15.31
 -90609.438   268.277   -30.15   12.07
 -90233.865   259.943   -22.19   10.34
 -89858.356   257.518    -6.46   12.29
 -89482.912   259.412     5.04   13.22
 -89107.532   263.700    11.42   12.96
 -88732.216   267.178     9.27   10.44
 -88356.965   270.159     7.94    7.61
 -87981.777   273.576     9.11    7.47
 -87606.654   277.551    10.60    7.04
 -87231.595   280.349     7.46    7.77
 -86856.600   281.526     3.14    7.30
 -86481.669   281.438    -0.23    7.55
 -86106.803   281.093    -0.92    7.91
 -85732.000   280.932    -0.43    7.74
 -85357.261   282.118     3.17    7.10
 -84982.586   283.135     2.71    7.10
 -84607.976   284.516     3.69    6.66
 -84233.429   284.838     0.86    6.24
 -83858.946   283.994    -2.25    6.53
 -83484.526   280.629    -8.99    8.00
 -83110.171   275.231   -14.42    9.31
 -82735.879   269.932   -14.16    9.35
 -82361.651   268.323    -4.30   10.84
 -81987.487   269.464     3.05   13.81
 -81613.386   272.159     7.20   13.87
 -81239.350   272.995     2.24   12.55
 -80865.376   269.347    -9.76   13.33
 -80491.466   261.113   -22.02   14.37
 -80117.620   250.829   -27.51   14.46
 -79743.837   238.918   -31.87   13.49
 -79370.118   231.662   -19.42    9.15
 -78996.462   232.343     1.82   12.01
 -78622.870   237.331    13.35   15.06
 -78249.340   242.944    15.03   13.95
 -77875.875   246.165     8.63   11.94
 -77502.472   248.032     5.00   12.17
 -77129.133   248.009    -0.06   11.21
 -76755.857   245.032    -7.98   12.10
 -76382.644   237.152   -21.12   14.45
 -76009.495   222.688   -38.77   15.09
 -75636.408   211.162   -30.89   13.12
 -75263.385   202.123   -24.23    8.28
 -74890.425   197.465   -12.49    3.40
 -74517.528   199.943     6.65    8.70
 -74144.693   206.772    18.32   13.12
 -73771.922   217.131    27.79   16.26
 -73399.214   230.675    36.34   15.19
 -73026.569   239.399    23.41   14.04
 -72653.986   245.094    15.29   16.16
 -72281.466   250.007    13.19   16.86
 -71909.010   255.445    14.60   17.27
 -71536.616   263.006    20.30   14.17
 -71164.284   270.351    19.73   11.77
 -70792.016   275.943    15.02   13.84
 -70419.810   281.783    15.69   16.49
 -70047.667   285.801    10.80   17.23
 -69675.586   288.270     6.63   19.50
 -69303.568   287.918    -0.94   20.54
 -68931.613   283.283   -12.46   20.56
 -68559.720   279.231   -10.90   19.33
 -68187.890   275.275   -10.64   16.23
 -67816.122   272.231    -8.19   11.76
 -67444.416   271.357    -2.35    6.72
 -67072.773   274.113     7.42    6.27
 -66701.193   276.638     6.80    8.39
 -66329.674   284.611    21.46   14.21
 -65958.218   294.918    27.75   18.80
 -65586.824   304.968    27.06   17.39
 -65215.493   312.745    20.94   10.51
 -64844.224   312.081    -1.79   10.70
 -64473.017   308.932    -8.48   10.50
 -64101.872   307.739    -3.21    8.88
 -63730.789   308.290     1.49    7.97
 -63359.768   312.594    11.60    7.54
 -62988.809   318.678    16.40    8.93
 -62617.913   325.581    18.61   10.15
 -62247.078   330.774    14.00    8.06
 -61876.305   330.781     0.02    8.24
 -61505.594   325.065   -15.42   13.82
 -61134.946   315.072   -26.96   17.70
 -60764.359   304.146   -29.48   17.72
 -60393.833   295.918   -22.21   17.05
 -60023.370   289.092   -18.43   14.45
 -59652.968   286.437    -7.17   13.84
 -59282.628   283.265    -8.57   13.16
 -58912.350   278.493   -12.89   14.67
 -58542.134   272.812   -15.35   15.02
 -58171.979   268.277   -12.25   11.53
 -57801.886   271.777     9.46   17.56
 -57431.854   280.598    23.84   23.48
 -57061.884   294.452    37.45   29.39
 -56691.976   314.956    55.43   34.25
 -56322.129   332.452    47.31   33.32
 -55952.343   344.768    33.31   27.97
 -55582.619   353.278    23.02   17.92
 -55212.956   350.675    -7.04   14.24
 -54843.355   346.391   -11.59   13.93
 -54473.815   337.139   -25.04   16.07
 -54104.336   322.756   -38.93   15.68
 -53734.918   312.726   -27.15   14.27
 -53365.562   303.270   -25.60   11.21
 -52996.267   293.306   -26.98   14.24
 -52627.033   283.713   -25.98   16.28
 -52257.861   267.893   -42.85   19.83
 -51888.749   249.329   -50.30   20.65
 -51519.699   232.269   -46.23   21.00
 -51150.709   215.425   -45.65   14.70
 -50781.781   209.445   -16.21    9.89
 -50412.914   212.635     8.65   13.83
 -50044.107   222.606    27.04   16.92
 -49675.362   232.654    27.25   10.88
 -49306.677   235.106     6.65    6.76
 -48938.054   232.986    -5.75    8.55
 -48569.491   230.760    -6.04    8.73
 -48200.989   228.370    -6.49    7.49
 -47832.548   225.568    -7.61    7.60
 -47464.167   222.973    -7.04    8.49
 -47095.848   216.418   -17.80   10.82
 -46727.589   209.972   -17.50    9.86
 -46359.390   203.993   -16.24    9.10
 -45991.252   198.238   -15.63    9.02
 -45623.175   193.804   -12.05    9.64
 -45255.159   190.642    -8.59   10.21
 -44887.203   193.774     8.51   16.34
 -44519.307   199.892    16.63   19.30
 -44151.472   207.995    22.03   16.95
 -43783.698   215.652    20.82   12.83
 -43415.984   218.577     7.95   11.04
 -43048.330   219.142     1.54   11.42
 -42680.736   216.830    -6.29   12.16
 -42313.203   208.516   -22.62   16.07
 -41945.731   191.098   -47.40   25.41
 -41578.318   171.703   -52.79   27.98
 -41210.966   153.159   -50.48   20.48
 -40832.412   144.508   -22.85   17.62
 -40452.649   144.098    -1.08   20.51
 -40072.952   147.121     7.96   22.77
 -39693.320   146.206    -2.41   21.91
 -39313.752   144.206    -5.27   20.55
 -38934.249   140.231   -10.48   17.94
 -38554.811   134.576   -14.90   14.61
 -38175.438   129.334   -13.82   13.32
 -37796.129   128.230    -2.91   14.94
 -37416.885   130.892     7.02   17.15
 -37037.705   133.633     7.23   18.62
 -36658.590   137.105     9.16   18.93
 -36279.540   139.765     7.02   19.95
 -35900.554   142.747     7.87   20.75
 -35521.633   143.450     1.85   23.39
 -35142.776   147.118     9.68   26.04
 -34763.984   153.905    17.92   29.44
 -34385.256   160.404    17.16   31.51
 -34006.592   171.339    28.88   24.11
 -33627.993   174.608     8.63   19.95
 -33249.458   174.893     0.75   21.58
 -32870.987   173.668    -3.24   23.52
 -32492.580   170.406    -8.62   26.67
 -32114.238   160.465   -26.27   32.64
 -31735.959   147.399   -34.54   31.10
 -31357.745   138.334   -23.97   25.31
 -30979.595   134.347   -10.54   22.46
 -30601.509   145.038    28.28   27.83
 -30223.487   164.345    51.07   25.10
 -29845.529   182.482    47.99   20.63
 -29467.635   196.972    38.34   19.47
 -29089.805   209.412    32.92   18.63
 -28712.039   210.571     3.07   20.22
 -28334.337   197.817   -33.77   30.22
 -27956.698   183.012   -39.21   27.19
 -27579.124   168.721   -37.85   21.26
 -27201.613   165.905    -7.46   19.60
 -26824.165   175.295    24.88   22.64
 -26446.782   188.957    36.20   29.11
 -26069.462   205.503    43.85   24.45
 -25692.206   210.393    12.96   17.59
 -25315.013   204.063   -16.78   20.42
 -24937.884   189.631   -38.27   21.21
 -24560.819   179.438   -27.03   13.97
 -24183.817   185.482    16.03   18.80
 -23806.878   195.453    26.45   20.98
 -23430.003   207.256    31.32   17.13
 -23053.191   218.316    29.35   10.43
 -22676.443   229.438    29.52   17.12
 -22299.758   242.297    34.14   19.93
 -21923.136   253.615    30.05   16.54
 -21546.578   261.629    21.28    8.55
 -21170.083   262.184     1.47    6.09
 -20793.651   258.358   -10.16    7.82
 -20417.282   252.217   -16.32   10.24
 -20040.977   241.906   -27.40   13.70
 -19664.734   229.581   -32.76   17.17
 -19288.555   214.405   -40.34   18.52
 -18912.438   202.300   -32.19   16.53
 -18536.385   195.047   -19.29   14.38
 -18160.395   195.189     0.38   18.17
 -17784.467   195.018    -0.45   22.19
 -17408.603   191.099   -10.43   24.73
 -17032.801   190.731    -0.98   22.53
 -16657.062   189.702    -2.74   17.68
 -16281.386   193.760    10.80   15.22
 -15905.773   199.526    15.35   15.15
 -15530.223   208.827    24.77   16.88
 -15154.735   220.326    30.62   20.36
 -14779.310   227.585    19.34   19.16
 -14403.948   229.589     5.34   17.23
 -14028.649   224.817   -12.72   16.89
 -13653.412   213.247   -30.83   15.65
 -13278.237   204.145   -24.26   14.24
 -12903.125   198.672   -14.59    9.70
 -12528.076   197.879    -2.11    7.30
 -12153.089   200.734     7.61    7.50
 -11778.164   201.274     1.44    7.89
 -11403.302   196.351   -13.13   11.99
 -11028.503   188.616   -20.64   12.32
 -10653.765   177.457   -29.78   14.52
 -10279.090   164.986   -33.28   19.80
  -9904.478   148.681   -43.53   24.18
  -9529.927   136.224   -33.26   18.29
  -9155.439   130.593   -15.04   17.98
  -8781.013   127.986    -6.96   21.81
  -8406.649   120.208   -20.78   25.90
  -8032.347   110.617   -25.62   26.23
  -7658.108   104.594   -16.09   24.64
  -7283.930    95.810   -23.47   23.15
  -6909.815    76.747   -50.96   34.11
  -6535.761    48.612   -75.22   37.90
  -6161.770    25.277   -62.39   30.32
  -5787.840     8.010   -46.18   10.44
  -5413.972     5.662    -6.28    4.94
  -5040.167     6.745     2.90    4.16
  -4666.423     8.386     4.39    5.64
  -4292.741     8.970     1.56    7.40
  -3919.120     8.581    -1.04    7.42
  -3545.562     7.444    -3.04    4.79
  -3172.065     7.457     0.03    2.95
  -2798.630     7.418    -0.10    2.79
  -2425.256     6.853    -1.52    3.12
  -2051.944     4.957    -5.08    3.64
  -1678.694     2.695    -6.06    3.16
  -1305.505     1.159    -4.12    2.41
   -932.378     0.465    -1.86    1.88
   -559.312     0.303    -0.43    1.60
   -186.308     0.081    -0.60    1.06
    186.634    -0.082    -0.43    0.00
    559.516    -0.082     0.00    0.00
    932.336     2.695     7.45   13.73
   1305.094    13.179    28.13   34.69
   1677.791    36.432    62.39   56.10
   2050.427    55.138    50.20   63.04
   2423.002    81.031    69.50   68.22
   2795.515   108.904    74.83   64.07
   3167.968   131.159    59.75   56.77
   3540.359   151.863    55.60   40.38
   3912.689   162.829    29.45   34.27
   4284.957   175.028    32.77   35.62
   4657.165   182.155    19.15   35.04
   5029.312   184.876     7.31   34.31
   5401.397   184.905     0.08   33.13
   5773.422   184.332    -1.54   32.81
   6145.386   192.611    22.26   30.74
   6517.289   203.689    29.79   25.34
   6889.130   210.564    18.49   23.72
   7260.911   215.310    12.77   21.25
   7632.632   220.539    14.07   20.23
   8004.291   224.092     9.56   19.29
   8375.890   229.482    14.51   20.75
   8747.427   237.172    20.70   23.07
   9118.905   247.155    26.87   25.26
   9490.321   263.185    43.16   24.98
   9861.677   275.905    34.25   19.88
  10232.972   281.191    14.24   13.08
  10604.206   273.542   -20.60   18.39
  10975.380   256.089   -47.02   23.25
  11346.494   240.208   -42.79   20.83
  11717.547   227.105   -35.31   16.14
  12088.539   219.445   -20.65   13.05
  12459.471   213.038   -17.27   11.55
  12830.343   208.139   -13.21    9.74
  13201.154   203.059   -13.70    5.75
  13571.905   200.087    -8.02    6.36
  13942.596   195.879   -11.35    8.10
  14313.226   190.269   -15.14   10.17
  14683.796   184.282   -16.16    9.35
  15054.306   183.675    -1.64   11.63
  15424.755   181.542    -5.76   13.32
  15795.144   178.198    -9.03   12.56
  16165.474   175.705    -6.73   10.92
  16535.743   175.025    -1.84   11.58
  16905.952   176.037     2.73   13.95
  17276.101   178.852     7.60   16.07
  17646.190   178.594    -0.70   17.23
  18016.219   175.931    -7.19   18.16
  18386.188   172.724    -8.67   20.14
  18756.097   166.139   -17.80   20.79
  19125.946   158.555   -20.51   22.03
  19495.735   149.103   -25.56   22.99
  19865.464   140.931   -22.10   21.40
  20235.134   141.145     0.58   22.59
  20604.744   142.510     3.69   27.08
  20974.294   146.572    10.99   29.02
  21343.784   148.905     6.32   30.02
  21713.214   152.438     9.56   30.92
  22082.585   155.944     9.49   33.16
  22451.897   156.191     0.67   34.31
  22821.148   142.826   -36.19   35.41
  23190.340   132.399   -28.24   33.99
  23559.473   124.612   -21.10   30.78
  23928.546   127.126     6.81   36.04
  24297.559   131.918    12.99   38.72
  24666.513   138.711    18.41   36.46
  25035.408   139.142     1.17   31.67
  25404.243   141.492     6.37   33.04
  25773.019   144.452     8.03   39.28
  26141.735   150.252    15.73   45.84
  26510.392   151.252     2.71   48.70
  26878.990   148.326    -7.94   46.45
  27247.528   133.418   -40.45   43.84
  27616.008   117.787   -42.42   41.97
  27984.428   109.425   -22.70   35.02
  28352.789   120.438    29.90   44.40
  28721.091   148.418    75.97   52.66
  29089.333   181.445    89.68   37.94
  29457.517   202.589    57.43   14.54
  29825.641   206.698    11.16   13.66
  30193.707   206.445    -0.69   15.40
  30561.713   207.996     4.22   14.29
  30929.661   209.756     4.78   12.56
  31297.549   208.534    -3.32   17.25
  31665.379   207.652    -2.40   23.28
  32033.149   204.123    -9.59   25.30
  32400.861   190.345   -37.47   32.01
  32768.514   152.798  -102.12   68.31
  33136.109    95.078  -157.02   79.91
  33503.644    48.702  -126.18   65.26
  33879.693    12.310   -96.77   24.94
  34259.319    28.458    42.53   46.52
  34638.882    73.760   119.35   72.20
  35018.382   117.705   115.79   64.36
  35397.818   149.970    85.03   28.28
  35777.192   143.081   -18.16   28.88
  36156.502   115.716   -72.14   37.77
  36535.749    85.238   -80.36   36.95
  36914.934    60.868   -64.27   29.21
  37294.055    43.668   -45.36   17.41
  37673.114    32.195   -30.27   10.75
  38052.110    24.705   -19.76   12.68
  38431.043    20.052   -12.28   13.61
  38809.913    24.838    12.63   26.98
  39188.720    40.563    41.51   43.22
  39567.464    75.287    91.68   61.02
  39946.146   108.472    87.63   60.03
  40324.765   145.165    96.91   41.77
  40703.322   167.648    59.39   16.03
  41081.815   173.061    14.30   12.55
  41460.247   173.988     2.45   11.46
  41838.615   173.218    -2.03   13.26
  42216.921   174.243     2.71   14.77
  42595.165   177.547     8.73   14.87
  42973.346   185.078    19.92   14.44
  43351.465   192.629    19.97   10.01
  43729.521   193.775     3.03    8.25
  44107.515   188.321   -14.43   12.81
  44485.446   179.770   -22.63   16.47
  44863.316   175.118   -12.31   16.31
  45241.123   171.012   -10.87   13.31
  45618.867   172.603     4.21   13.00
  45996.550   179.379    17.94   14.48
  46374.170   177.210    -5.74   17.85
  46751.728   170.126   -18.76   24.49
  47129.224   163.040   -18.77   26.19
  47506.658   160.726    -6.13   25.52
  47884.030   156.026   -12.45   27.95
  48261.340   151.204   -12.78   28.17
  48638.587   154.078     7.62   27.51
  49015.773   160.785    17.78   28.21
  49392.897   176.997    42.99   25.82
  49769.959   187.729    28.46   20.05
  50146.959   189.175     3.84   18.58
  50523.897   185.329   -10.20   14.84
  50900.774   172.878   -33.04   19.74
  51277.589   163.333   -25.33   20.75
  51654.341   162.458    -2.32   21.45
  52031.033   167.793    14.16   23.65
  52407.662   178.497    28.42   20.18
  52784.230   187.384    23.60   12.26
  53160.736   187.431     0.13   11.55
  53537.181   192.891    14.50   24.18
  53913.564   197.594    12.49   30.66
  54289.885   208.385    28.67   31.79
  54666.145   220.852    33.13   25.53
  55042.343   228.152    19.40   16.12
  55418.480   229.510     3.61   11.49
  55794.556   227.037    -6.58   11.64
  56170.570   221.370   -15.07   14.37
  56546.523   214.608   -17.99   14.22
  56922.415   211.214    -9.03   11.93
  57298.245   211.052    -0.43    9.28
  57674.014   213.161     5.61    7.73
  58049.721   217.603    11.82    8.94
  58425.368   225.307    20.51   10.51
  58800.953   232.918    20.26   10.14
  59176.478   240.685    20.68    7.79
  59551.941   246.892    16.53    9.50
  59927.343   253.175    16.74   13.15
  60302.684   257.451    11.39   14.15
  60677.963   262.905    14.53   12.15
  61053.182   265.812     7.75    8.06
  61428.340   266.155     0.92    6.63
  61803.437   265.305    -2.27    9.36
  62178.474   263.734    -4.19   11.06
  62553.449   265.028     3.45   10.11
  62928.363   267.288     6.03    8.68
  63303.217   266.672    -1.64   11.14
  63678.010   256.532   -27.05   22.01
  64052.742   242.975   -36.17   25.24
  64427.413   225.234   -47.35   28.86
  64802.024   205.918   -51.56   27.84
  65176.574   190.445   -41.31   26.29
  65551.063   184.158   -16.79   23.03
  65925.492   181.303    -7.62   28.76
  66299.860   176.548   -12.70   34.17
  66674.168   168.085   -22.61   34.30
  67048.415   162.905   -13.84   28.14
  67422.601   171.425    22.77   34.44
  67796.728   185.438    37.45   40.77
  68170.793   201.418    42.72   40.60
  68544.799   221.067    52.53   37.83
  68918.744   233.563    33.41   31.59
  69292.628   243.471    26.50   20.86
  69666.453   240.158    -8.86   29.15
  70040.217   234.727   -14.53   30.98
  70413.921   235.405     1.81   26.67
  70787.564   237.302     5.08   16.89
  71161.148   236.398    -2.42   13.73
  71534.671   224.692   -31.34   20.92
  71908.134   211.756   -34.63   22.86
  72281.538   198.105   -36.56   21.84
  72654.881   186.890   -30.04   22.94
  73028.163   179.555   -19.65   29.56
  73401.386   170.891   -23.21   36.14
  73774.549   164.393   -17.41   42.07
  74147.652   156.016   -22.45   41.37
  74520.696   150.490   -14.81   40.48
  74893.679   145.552   -13.24   45.15
  75266.602   129.012   -44.35   53.71
  75639.466   101.783   -73.02   54.51
  76012.269    79.065   -60.93   48.69
  76385.013    58.562   -55.00   39.21
  76757.698    44.480   -37.78   28.47
  77130.322    30.672   -37.05   19.17
  77502.887    24.165   -17.46   15.99
  77875.392    20.662    -9.40   16.04
  78247.838    23.499     7.62   26.22
  78620.224    40.972    46.92   52.98
  78992.550    66.010    67.24   76.79
  79364.817   115.621   133.26  102.39
  79737.024   138.452    61.33  101.67
  80109.172   140.603     5.78   87.56
  80481.260   144.364    10.11   69.25
  80853.289   154.092    26.15   66.76
  81225.259   186.283    86.54   75.72
  81597.169   227.195   110.00   62.80
  81969.020   251.418    65.14   54.48
  82340.811   275.672    65.23   44.33
  82712.544   289.594    37.45   28.35
  83084.217   290.243     1.75   26.34
  83455.830   288.459    -4.80   29.03
  83827.385   290.612     5.79   22.55
  84198.880   299.418    23.70   16.88
  84570.317   305.635    16.73    9.05
  84941.694   301.073   -12.28   18.28
  85313.012   279.678   -57.61   37.57
  85684.271   260.524   -51.59   40.02
  86055.471   260.852     0.88   38.31
  86426.612   270.418    25.77   39.92
  86797.694   290.208    53.33   28.80
  87168.717   301.575    30.64   11.39
  87539.682   304.997     9.22    9.57
  87910.587   306.141     3.08   11.09
  88281.434   310.665    12.20    8.81
  88652.221   312.168     4.05    8.32
  89022.950   308.406   -10.15   11.14
  89393.620   299.988   -22.71   12.63
  89764.232   291.829   -22.01   10.50
  90134.785   288.863    -8.00   10.12
  90505.279   294.313    14.71   13.47
  90875.714   300.383    16.38   11.72
  91246.091   307.718    19.80   10.74
  91616.409   314.557    18.47   12.42
  91986.668   322.945    22.65   13.10
  92356.870   327.834    13.20    9.87
  92727.012   329.040     3.26    7.69
  93097.096   330.411     3.71    9.15
  93467.122   333.878     9.37    9.32
  93837.089   337.275     9.18    7.69
  94206.998   337.999     1.96    9.54
  94576.848   334.083   -10.59   13.20
  94946.640   328.162   -16.01   15.74
  95316.374   321.754   -17.33   19.61
  95686.050   314.532   -19.54   21.75
  96055.667   307.783   -18.26   22.45
  96425.226   305.892    -5.12   25.59
  96794.727   304.781    -3.01   30.58
  97164.170   306.724     5.26   34.50
  97533.554   301.576   -13.93   37.30
  97902.881   286.672   -40.35   37.63
  98272.149   266.821   -53.75   36.28
  98641.359   248.168   -50.52   27.97
  99010.511   240.168   -21.67   24.51
  99379.606   244.412    11.50   34.51
  99748.642   255.432    29.86   43.23
 100117.620   259.113     9.98   46.11
 100486.541   258.405    -1.92   44.16
 100855.403   247.247   -30.25   42.03
 101224.208   241.329   -16.05   37.04
 101592.955   245.743    11.97   38.22
 101961.644   267.727    59.62   46.10
 102330.275   296.001    76.69   38.07
 102698.848   314.168    49.29   26.38
 103067.364   304.781   -25.47   37.33
 103435.822   285.343   -52.75   40.29
 103804.223   274.412   -29.67   33.12
 104172.565   282.179    21.08   37.62
 104540.851   306.918    67.17   38.94
 104909.078   331.377    66.42   26.06
 105277.248   337.585    16.86   24.60
 105645.361   346.043    22.98   23.86
 106013.416   353.532    20.34   22.44
 106381.413   358.521    13.56   15.83
 106749.353   358.182    -0.92   16.19
 107117.236   343.795   -39.10   30.92
 107485.061   318.957   -67.52   38.48
 107852.829   292.418   -72.15   38.85
 108220.539   255.892   -99.33   51.19
 108594.303   225.946   -80.11   45.12
 108973.799   220.879   -13.35   40.52
 109353.233   242.756    57.65   55.03
 109732.606   282.589   104.99   55.59
 110111.917   317.892    93.06   35.83
 110491.167   328.486    27.93   28.16
 110870.356   337.089    22.69   26.40
 111249.483   345.735    22.80   24.79
 111628.549   354.234    22.42   20.93
 112007.554   360.860    17.48   11.74
 112386.497   362.025     3.08   12.22
 112765.380   361.627    -1.05   16.53
 113144.201   357.275   -11.49   22.04
 113522.961   350.220   -18.62   27.69
 113901.659   344.252   -15.76   31.21
 114280.297   334.743   -25.11   36.96
 114658.873   328.165   -17.37   37.32
 115037.389   331.083     7.71   35.93
 115415.843   335.496    11.66   34.13
 115794.237   347.025    30.47   25.93
 116172.569   351.330    11.38   20.71
 116550.841   347.438   -10.29   24.23
 116929.052   342.266   -13.68   23.58
 117307.202   332.905   -24.75   25.56
 117685.291   327.055   -15.47   28.35
 118063.319   318.758   -21.95   31.30
 118441.286   314.581   -11.05   34.96
 118819.193   317.959     8.94   34.79
 119197.039   303.195   -39.07   43.68
 119574.825   279.904   -61.64   51.38
 119952.549   252.129   -73.53   52.22
 120330.213   225.113   -71.53   33.02
 120707.817   217.013   -21.45   25.66
 121085.360   212.918   -10.84   22.78
 121462.842   212.024    -2.37   21.11
 121840.264   216.110    10.83   22.97
 122217.625   226.879    28.53   29.92
 122594.926   250.001    61.28   44.30
 122972.167   269.225    50.96   46.07
 123349.347   282.132    34.22   46.99
 123726.466   277.081   -13.39   49.16
 124103.526   270.135   -18.42   41.15
 124480.525   272.329     5.82   37.78
 124857.464   290.108    47.16   42.26
 125234.342   319.628    78.32   35.87
 125611.161   339.478    52.67   28.22
 125987.919   342.890     9.05   32.70
 126364.617   323.425   -51.67   48.48
 126741.255   291.987   -83.46   52.14
 127117.833   275.110   -44.81   38.44
 127494.351   280.571    14.50   38.10
 127870.808   306.608    69.15   48.82
 128247.206   340.465    89.94   38.06
 128623.544   353.405    34.38   24.11
 128999.822   348.702   -12.50   26.26
 129376.040   330.384   -48.68   28.84
 129752.198   313.229   -45.60   25.38
 130128.296   310.749    -6.59   27.48
 130504.334   322.478    31.19   34.23
 130880.313   342.330    52.79   34.50
 131256.232   365.345    61.22   26.33
 131632.091   376.130    28.69   17.83
 132007.890   371.652   -11.91   23.29
 132383.629   354.727   -45.04   31.00
 132759.309   340.458   -37.98   33.17
 133134.930   326.378   -37.48   35.01
 133510.491   333.038    17.73   38.17
 133885.992   351.986    50.45   37.85
 134261.433   365.202    35.20   30.66
 134636.815   373.135    21.13   21.05
 135012.138   370.405    -7.27   21.87
 135387.401   355.418   -39.93   24.27
 135762.605   342.766   -33.72   23.55
 136137.749   331.155   -30.95   30.58
 136512.834   314.270   -45.01   33.26
 136887.860   295.625   -49.71   33.96
 137262.826   280.604   -40.05   26.63
 137637.733   270.265   -27.57   27.53
 138012.581   261.533   -23.29   30.65
 138387.370   249.252   -32.76   30.77
 138762.099   239.510   -25.99   32.76
 139136.769   231.486   -21.41   39.53
 139511.381   219.028   -33.25   46.34
 139885.933   192.783   -70.06   58.40
 140260.425   156.768   -96.16   58.82
 140634.859   131.932   -66.32   40.50
 141009.234   134.553     7.00   44.01
 141383.550   156.083    57.51   55.34
 141757.807   196.124   106.98   54.55
 142132.005   226.987    82.47   47.89
 142506.144   248.316    57.00   42.23
 142880.224   264.238    42.56   40.36
 143254.245   283.105    50.44   39.50
 143628.208   302.875    52.86   37.48
 144002.111   318.425    41.58   31.10
 144375.956   328.447    26.80   24.17
 144749.742   334.118    15.17   20.58
 145123.470   335.237     2.99   19.90
 145497.139   341.581    16.97   19.27
 145870.749   349.623    21.52   20.02
 146244.300   361.581    32.01   21.35
 146617.793   375.165    36.37   19.25
 146991.227   380.699    14.82   15.71
 147364.603   381.644     2.53   10.45
 147737.920   376.094   -14.87   15.24
 148111.179   360.918   -40.65   21.71
 148484.379   347.783   -35.19   20.52
 148857.521   335.972   -31.65   18.82
 149230.605   326.243   -26.08   21.09
 149603.630   316.118   -27.14   24.12
 149976.597   309.042   -18.97   26.11
 150349.505   302.155   -18.46   33.12
 150722.355   303.891     4.65   39.27
 151095.147   304.984     2.93   40.85
 151467.881   306.521     4.12   45.12
 151840.556   306.998     1.28   46.54
 152213.174   310.502     9.40   49.03
 152585.733   307.038    -9.29   49.90
 152958.234   309.502     6.61   52.26
 153330.677   299.689   -26.34   56.19
 153703.062   297.904    -4.79   58.69
 154075.388   300.779     7.72   56.29
 154447.657   301.543     2.05   51.36
 154819.868   302.644     2.96   42.86
 155192.021   291.432   -30.12   46.74
 155564.116   265.038   -70.92   60.03
 155936.153   219.404  -122.64   77.58
 156308.132   173.532  -123.30   81.51
 156680.053   128.932  -119.90   55.79
 157051.917   107.332   -58.08   18.17
 157423.722   117.959    28.58   28.03
 157795.470   140.905    61.72   41.11
 158167.161   176.809    96.58   63.65
 158538.793   203.526    71.88   75.20
 158910.368   235.206    85.25   82.09
 159281.885   254.850    52.87   81.68
 159653.345   274.603    53.17   72.99
 160024.747   287.932    35.88   63.38
 160396.091   303.878    42.93   54.67
 160767.378   314.507    28.63   41.78
 161138.607   321.852    19.78   35.85
 161509.779   331.307    25.47   28.25
 161880.893   336.310    13.48   26.53
 162251.950   335.141    -3.15   28.54
 162622.950   341.324    16.66   29.66
 162993.892   351.460    27.32   32.99
 163364.777   365.581    38.07   35.61
 163735.604   376.552    29.58   33.06
 164106.375   381.026    12.07   33.01
 164477.087   387.651    17.87   31.51
 164847.743   398.689    29.78   31.03
 165218.342   416.715    48.64   30.42
 165588.883   435.189    49.85   28.96
 165959.367   446.698    31.06   20.19
 166329.794   444.513    -5.90   20.91
 166700.164   441.110    -9.19   24.15
 167070.477   429.665   -30.90   24.40
 167440.732   419.845   -26.52   25.17
 167810.931   414.198   -15.25   21.47
 168181.073   412.815    -3.74   18.40
 168551.157   419.052    16.85   20.98
 168921.185   426.889    21.18   19.98
 169291.156   428.185     3.50   21.87
 169661.070   428.242     0.15   21.92
 170030.927   431.545     8.93   19.01
 170400.728   442.565    29.80   18.76
 170770.471   455.105    33.91   19.82
 171140.158   463.208    21.92   16.60
 171509.788   463.292     0.23   22.50
 171879.361   460.690    -7.04   27.71
 172248.877   461.038     0.94   28.96
 172618.337   463.090     5.55   25.70
 172987.740   454.229   -23.98   34.62
 173357.087   446.104   -22.00   38.37
 173726.377   443.135    -8.04   34.02
 174095.610   450.107    18.88   28.73
 174464.787   461.768    31.58   20.80
 174833.907   464.961     8.65   21.66
 175202.971   459.973   -13.51   31.00
 175571.979   450.256   -26.33   33.97
 175940.930   434.727   -42.09   33.47
 176309.824   410.608   -65.37   38.65
 176678.662   376.398   -92.74   49.16
 177047.444   334.496  -113.61   52.09
 177416.169   302.973   -85.48   43.02
 177784.839   281.270   -58.86   25.68
 178153.451   274.494   -18.38   29.53
 178522.008   274.848     0.96   31.61
 178890.508   280.781    16.10   27.51
 179258.953   288.087    19.83   27.96
 179627.341   297.699    26.09   28.71
 179995.673   313.130    41.89   23.77
 180363.948   323.548    28.29   23.08
 180732.168   335.299    31.91   24.62
 181100.332   352.562    46.88   29.11
 181468.439   375.299    61.76   25.32
 181836.491   390.138    40.31   18.87
 182204.486   400.735    28.79   16.77
 182572.426   405.302    12.41   20.57
 182940.309   405.369     0.18   24.25
 183311.997   401.809    -9.58   24.97
 183691.363   394.961   -18.05   23.48
 184070.669   389.729   -13.79   22.61
 184449.915   382.175   -19.92   20.16
 184829.102   377.707   -11.78   17.33
 185208.228   374.617    -8.15   14.59
 185587.295   372.904    -4.52   15.50
 185966.303   370.932    -5.20   16.85
 186345.250   370.801    -0.35   16.68
 186724.138   366.999   -10.03   14.13
 187102.966   361.735   -13.89    8.35
 187481.735   358.959    -7.33    5.84
 187860.444   355.247    -9.80    7.83
 188239.094   354.932    -0.83   11.77
 188617.683   351.864    -8.10   16.08
 188996.214   340.623   -29.69   24.63
 189374.685   320.727   -52.56   35.07
 189753.097   297.208   -62.14   33.08
 190131.449   283.265   -36.85   24.66
 190509.741   276.310   -18.38   26.34
 190887.975   281.770    14.43   33.95
 191266.149   290.214    22.33   37.06
 191644.264   293.370     8.35   36.17
 192022.319   291.932    -3.80   32.37
 192400.316   282.265   -25.57   31.37
 192778.253   258.822   -62.02   35.79
 193156.131   227.454   -83.00   44.64
 193533.949   180.973  -123.00   54.64
 193911.709   138.194  -113.23   46.85
 194289.409   106.772   -83.18   29.15
 194667.051    94.198   -33.29   14.01
 195044.633   120.558    69.80   51.04
 195422.157   164.538   116.48   67.17
 195799.621   211.494   124.38   61.80
 196177.026   258.059   123.36   37.79
 196554.373   280.494    59.44   32.35
 196931.661   302.083    57.21   28.87
 197308.889   310.186    21.48   25.13
 197686.059   310.809     1.65   22.80
 198063.170   303.158   -20.28   30.59
 198440.223   285.492   -46.84   43.98
 198817.216   261.404   -63.88   55.93
 199194.151   237.172   -64.28   62.88
 199571.027   223.034   -37.51   63.12
 199947.845   209.302   -36.44   53.59
 200324.603   203.341   -15.82   45.57
 200701.304   201.206    -5.67   41.35
 201077.945   202.288     2.87   40.58
 201454.528   203.343     2.80   37.39
 201831.053   203.729     1.03   30.32
 202207.519   206.627     7.70   24.40
 202583.926   226.425    52.59   45.29
 202960.275   251.318    66.13   59.30
 203336.566   272.945    57.46   60.83
 203712.798   280.580    20.29   54.82
 204088.972   266.318   -37.91   47.24
 204465.088   258.433   -20.96   35.02
 204841.145   267.783    24.86   38.04
 205217.144   294.200    70.24   47.40
 205593.084   324.795    81.37   45.28
 205968.967   342.496    47.08   35.35
 206344.791   352.370    26.27   32.07
 206720.557   360.494    21.61   35.36
 207096.265   368.585    21.53   41.30
 207471.915   379.096    27.98   43.27
 207847.507   379.238     0.38   42.24
 208223.041   373.378   -15.60   38.52
 208598.516   369.542   -10.22   29.50
 208973.934   381.229    31.13   27.34
 209349.293   397.992    44.65   31.97
 209724.595   423.391    67.66   33.65
 210099.839   444.161    55.34   25.24
 210475.025   456.141    31.92   18.57
 210850.153   460.130    10.63   14.48
 211225.223   457.474    -7.08   18.47
 211600.235   453.377   -10.92   25.64
 211975.190   450.307    -8.18   25.47
 212350.087   441.685   -22.99   24.84
 212724.926   421.494   -53.86   38.82
 213099.707   383.270  -101.97   55.97
 213474.431   340.043  -115.33   54.03
 213849.097   295.472  -118.94   40.69
 214223.706   267.313   -75.16   28.81
 214598.256   245.529   -58.15   20.45
 214972.750   232.411   -35.02   13.21
 215347.185   227.333   -13.56   12.52
 215721.564   229.432     5.61   19.26
 216095.884   239.304    26.37   26.38
 216470.148   256.071    44.79   27.33
 216844.353   269.202    35.08   22.96
 217218.502   277.313    21.67   18.75
 217592.593   276.256    -2.82   16.73
 217966.627   271.179   -13.57   18.31
 218340.603   260.644   -28.16   21.76
 218714.522   241.507   -51.17   30.74
 219088.384   221.507   -53.49   30.44
 219462.188   216.945   -12.20   26.96
 219835.936   226.349    25.16   33.47
 220209.626   254.713    75.89   38.22
 220583.259   280.144    68.05   25.19
 220956.835   290.460    27.61   16.73
 221330.354   291.580     3.00   19.80
 221703.815   281.026   -28.25   25.68
 222077.220   265.183   -42.42   28.71
 222450.568   243.202   -58.86   35.59
 222823.858   216.683   -71.03   34.22
 223197.092   211.391   -14.18   30.71
 223570.269   219.295    21.18   40.39
 223943.388   248.986    79.56   46.29
 224316.451   283.425    92.30   30.70
 224689.457   296.795    35.84   25.63
 225062.406   279.087   -47.47   62.57
 225435.299   240.590  -103.22   89.13
 225808.134   185.432  -147.91   87.57
 226180.913   144.412  -110.02   61.15
 226553.635   114.261   -80.88    6.18
 226926.300   113.302    -2.57    3.86
 227298.909   113.412     0.29    4.00
 227671.461   113.721     0.83    3.61
 228043.957   113.850     0.35    3.23
 228416.395   114.454     1.62    3.23
 228788.778   116.302     4.96    3.38
 229161.103   118.059     4.72    3.00
 229533.372   120.094     5.46    4.59
 229905.585   122.668     6.91    6.82
 230277.741   127.972    14.25   10.86
 230649.841   135.815    21.07   13.23
 231021.884   143.158    19.73   12.12
 231393.871   149.036    15.80   11.68
 231765.802   152.324     8.84   14.36
 232137.676   153.580     3.38   16.85
 232509.494   155.540     5.27   17.27
 232881.256   155.833     0.79   18.07
 233252.961   156.124     0.78   17.74
 233624.610   154.904    -3.28   17.34
 233996.203   155.974     2.88   16.05
 234367.740   156.439     1.25   17.32
 234739.221   160.016     9.62   19.49
 235110.645   162.279     6.09   22.66
 235482.014   161.905    -1.01   24.45
 235853.326   160.548    -3.65   23.24
 236224.582   160.220    -0.89   17.70
 236595.783   169.432    24.81   25.43
 236966.927   188.877    52.38   34.64
 237338.015   216.904    75.51   37.38
 237709.047   241.377    65.94   36.08
 238080.024   260.043    50.31   32.07
 238450.944   272.055    32.38   30.61
 238821.809   280.662    23.20   27.09
 239192.618   282.200     4.15   30.61
 239563.371   276.905   -14.28   36.54
 239934.068   278.961     5.54   37.10
 240304.710   276.529    -6.56   33.15
 240675.295   277.425     2.42   30.04
 241045.825   277.932     1.37   27.25
 241416.300   280.075     5.78   28.59
 241786.719   284.608    12.23   28.43
 242157.082   290.092    14.81   26.93
 242527.389   293.959    10.44   25.97
 242897.641   300.183    16.81   27.54
 243267.837   303.865     9.94   25.45
 243637.978   307.874    10.83   23.02
 244008.063   302.612   -14.22   22.83
 244378.093   296.358   -16.90   17.03
 244748.067   298.332     5.33   19.77
 245117.986   303.994    15.30   22.74
 245487.850   303.065    -2.51   24.86
 245857.658   296.754   -17.06   23.38
 246227.411   301.756    13.53   25.20
 246597.108   310.639    24.02   26.18
 246966.750   312.270     4.41   24.21
 247336.337   306.136   -16.59   29.10
 247705.869   292.662   -36.45   27.97
 248075.345   280.433   -33.09   14.85
 248444.767   281.590     3.13   16.19
 248814.133   287.242    15.30   16.45
 249183.444   292.210    13.45   14.28
 249552.699   300.761    23.15   17.30
 249921.900   312.238    31.08   22.67
 250291.046   329.733    47.38   28.13
 250660.136   348.266    50.20   30.30
 251029.172   364.749    44.66   21.57
 251398.152   361.553    -8.66   24.28
 251767.078   344.182   -47.08   37.21
 252135.949   318.162   -70.53   42.55
 252504.764   283.316   -94.46   36.63
 252873.525   257.391   -70.29   34.11
 253242.231   234.196   -62.89   28.32
 253610.882   219.821   -38.98   20.36
 253979.479   211.502   -22.57   12.45
 254348.020   208.641    -7.76    5.82
 254716.507   209.446     2.19    3.56
 255084.939   212.238     7.58    4.38
 255453.316   217.031    13.01    7.88
 255821.639   222.779    15.60    9.95
 256189.907   229.580    18.46    9.69
 256558.120   234.529    13.44    8.03
 256926.279   240.542    16.33    5.58
 257294.383   245.946    14.68    6.99
 257662.432   253.172    19.63   11.77
 258032.237   262.946    26.42   16.67
 258411.478   278.891    42.03   18.79
 258790.660   292.496    35.87   17.87
 259169.784   309.165    43.96   18.69
 259548.850   325.786    43.84   21.21
 259927.858   348.094    58.85   29.98
 260306.807   376.345    74.53   34.13
 260685.699   404.526    74.36   36.07
 261064.532   426.543    58.10   31.71
 261443.307   439.016    32.92   37.30
 261822.024   433.904   -13.49   49.53
 262200.683   418.238   -41.36   52.61
 262579.284   398.002   -53.44   46.97
 262957.827   381.647   -43.19   28.18
 263336.312   395.557    36.74   36.52
 263714.739   430.227    91.59   51.94
 264093.108   482.475   138.06   61.67
 264471.419   530.490   126.89   45.83
 264849.673   565.835    93.42   43.15
 265227.868   603.946   100.75   55.40
 265606.006   642.627   102.27   69.54
 265984.086   690.524   126.66   71.03
 266362.108   720.377    78.95   70.58
 266740.073   726.045    14.99   90.44
 267117.980   711.518   -38.43   99.45
 267495.829   715.364    10.18   92.65
 267873.621   715.610     0.65   78.23
 268251.355   721.499    15.59   68.91
 268629.031   743.183    57.40   66.09
 269006.650   769.850    70.60   67.00
 269384.211   791.778    58.06   55.62
 269761.715   772.904   -49.98   74.96
 270139.161   725.266  -126.18   81.87
 270516.550   705.513   -52.33   76.18
 270893.882   705.266    -0.65   75.50
 271271.156   702.411    -7.56   83.23
 271648.372   694.770   -20.25   82.71
 272025.532   689.860   -13.02   79.19
 272402.634   733.822   116.55   95.53
 272779.679   776.179   112.31   68.53
 273156.666   788.904    33.75   55.16
 273533.596   787.087    -4.82   64.66
 273910.469   783.807    -8.70   63.60
 274287.285   796.571    33.86   63.15
 274664.044   803.918    19.50   67.06
 275040.746   796.321   -20.16   69.99
 275417.390   784.461   -31.48   70.14
 275793.978   770.975   -35.80   63.00
 276170.508   755.404   -41.34   69.99
 276546.982   726.947   -75.57   72.77
 276923.398   705.198   -57.76   75.28
 277299.757   714.562    24.88   66.87
 277676.060   720.817    16.62   65.12
 278052.306   754.557    89.65   71.19
 278428.494   801.904   125.83   70.69
 278804.626   830.738    76.64   68.65
 279180.701   863.182    86.25   61.84
 279556.719   884.961    57.90   59.43
 279932.681   918.562    89.35   69.04
 280308.586   949.561    82.44   67.27
 280684.434   981.553    85.10   43.08
 281060.225   996.286    39.19   17.12
 281435.959   987.972   -22.12   16.92
 281811.637   977.521   -27.81   17.34
 282187.259   963.654   -36.91   19.58
 282562.823   951.247   -33.03   20.71
 282938.332   943.057   -21.80   25.22
 283313.783   933.071   -26.59   28.84
 283689.178   922.580   -27.94   30.37
 284064.517   904.752   -47.49   33.29
 284439.799   889.045   -41.84   31.23
 284815.025   868.763   -54.04   33.01
 285190.194   850.468   -48.75   39.00
 285565.307   828.059   -59.72   36.12
 285940.364   811.975   -42.87   30.23
 286315.364   808.488    -9.30   31.34
 286690.308   808.492     0.01   39.90
 287065.196   812.459    10.58   47.15
 287440.027   807.172   -14.10   54.21
 287814.802   786.973   -53.88   59.49
 288189.521   781.975   -13.33   57.75
 288564.184   785.343     8.99   62.07
 288938.791   799.518    37.83   59.17
 289313.342   828.654    77.77   45.03
 289687.836   863.641    93.40   51.58
 290062.274   898.496    93.06   61.23
 290436.657   932.707    91.36   41.20
 290810.983   941.333    23.04   30.78
 291185.253   929.821   -30.75   35.33
 291559.468   905.647   -64.58   33.08
 291933.626   880.482   -67.24   32.65
 292307.729   855.874   -65.76   24.81
 292681.775   837.218   -49.86   28.92
 293055.766   817.349   -53.11   38.10
 293429.701   794.092   -62.18   53.05
 293803.580   760.875   -88.82   64.33
 294177.404   733.101   -74.28   63.56
 294551.171   706.059   -72.33   59.90
 294924.883   677.130   -77.39   65.20
 295298.539   647.904   -78.19   68.13
 295672.140   632.863   -40.25   57.57
 296045.685   637.793    13.20   60.91
 296419.174   662.075    65.00   70.10
 296792.607   703.275   110.30   72.36
 297165.985   731.647    75.97   57.68
 297539.308   748.412    44.89   41.04
 297912.575   760.261    31.74   40.30
 298285.786   777.987    47.48   55.11
 298658.942   806.049    75.18   62.43
 299032.042   844.017   101.74   67.73
 299405.088   879.698    95.62   58.20
 299778.077   907.643    74.90   51.21
 300151.011   929.486    58.55   41.75
 300523.890   946.179    44.76   36.66
 300896.714   961.345    40.67   26.68
 301269.482   968.299    18.65   19.48
 301642.195   974.158    15.72   11.95
 302014.853   977.778     9.71    8.88
 302387.456   980.989     8.62    9.59
 302760.003   982.613     4.36   11.25
 303132.495   983.285     1.80   11.12
 303504.932   983.890     1.63   10.37
 303877.314   984.693     2.16   10.50
 304249.641   985.133     1.18   11.22
 304621.913   983.946    -3.19   10.22
 304994.130   980.104   -10.32   11.94
 305366.291   968.754   -30.49   18.36
 305738.398   953.747   -40.32   22.49
 306110.450   933.807   -53.58   22.63
 306482.446   914.150   -52.83   20.32
 306854.388   897.510   -44.73   18.24
 307226.275   880.698   -45.20   17.32
 307598.107   872.201   -22.84   15.94
