# NaN NaN NaN ;Mean Elev.(m), Avg Gradient(m/km), RMS Gradient(m/km) - SRTM1     
#   36.948  -2.132   9.945 ;Mean Elev.(m), Avg Gradient(m/km), RMS Gradient(m/km) - ASTER GDEM
#   32.948  -1.962  12.736 ;Mean Elev.(m), Avg Gradient(m/km), RMS Gradient(m/km) - GMTED2010 
  6 125.770210  64.521776    56.617    56.607 11 52438.11815489 34.672
  7 125.772398  64.521757    55.458    55.461 11 52473.11815491 28.854
  8 125.772349  64.521165    54.548    54.587 10 52508.11812550 28.352
  9 125.789996  64.513761    54.224    54.344 11 52543.11811060 22.335
 10 125.775021  64.519769    49.825    49.764 11 52578.11816050 31.347
 11 125.768645  64.523292    53.753    53.665 11 52613.11812501 19.154
 12 125.780326  64.517249    53.521    53.611 11 52648.11810851 20.172
 13 125.777399  64.520271    53.383    53.445 11 52683.11808312 18.175
 14 125.776850  64.519071    53.588    53.642 11 52718.11813997 15.725
 15 125.764903  64.530367    54.124    54.081  8 52753.11816324 12.363
 16 125.786354  64.514656    55.788    55.766 11 52788.11811134 36.134
 17 125.783953  64.516227    55.552    55.475 11 52823.11818280 22.134
 18 125.783494  64.515843    53.822    53.494 11 52858.11822954 28.722
 19 125.772833  64.520302    54.766    54.565 11 52893.11826080 24.926
 20 125.766632  64.528017    53.955    53.730  8 52928.11821062 43.727
 21 125.788805  64.513970    52.524    52.538 11 52963.11818959 36.772
 22 125.772124  64.520191    53.691    53.802 11 52998.11822816 14.023
 23 125.765741  64.524313    53.571    53.691 11 53033.11818273 12.007
 24 125.779035  64.517182    53.913    54.069 11 53068.11819677 11.285
 25 125.766665  64.529125    53.760    53.089  9 53103.11818398  9.476
 26 125.783630  64.517415    52.774    52.862 11 53138.11820025 36.728
 27 125.776799  64.518397    57.222    57.236 11 53173.11824383 49.673
 28 125.773263  64.520931    54.672    54.374 10 53208.11825909 34.307
 29 125.772995  64.520641    54.575    54.551 11 53243.11822680 50.641
 30 125.786246  64.514897    54.504    54.087 11 53278.11820327 25.392
 31 125.776563  64.519781    54.023    54.067 11 53313.11823306 24.171
 32 125.773981  64.519538    54.682    54.611 11 53348.11819894 10.319
 33 125.785818  64.515215    54.582    54.523 12 53383.11816726  8.956
 34 125.780253  64.516841    54.531    54.609 11 53418.11817853  8.603
 35 125.790553  64.514100    54.652    54.485 12 53453.11818155  7.713
 36 125.772802  64.521922    55.378    55.683 11 53488.11826578 13.317
 37 125.778882  64.519793    56.122    56.125 11 53523.11825510 51.686
 38 125.768422  64.522020    55.747    55.739 11 53558.11828090 50.151
 39 125.773181  64.519631    54.518    54.434 11 53593.11821848 37.305
 40 125.783864  64.516177    55.290    55.004 11 53628.11820996 24.585
 41 125.777026  64.520674    52.565    52.574 11 53663.11823420 44.669
 42 125.772008  64.521575    54.042    53.920 10 53698.11819668 16.267
 43 125.768974  64.522652    54.407    54.550 11 53733.11811904 13.291
 44 125.784368  64.517015    54.180    54.174 11 53768.11809865 11.475
 45 125.770970  64.520433    54.411    54.406 11 53803.11809663 10.393
 46 125.785321  64.516080    54.447    54.233 12 53838.11811179  9.247
 47 125.777833  64.517353    55.194    54.623 11 53873.11816175 28.169
 48 125.776557  64.520799    57.678    57.677 11 53908.11820329 51.147
 49 125.767756  64.522173    55.173    54.687 11 53943.11822841 27.446
 50 125.765562  64.522366    56.293    56.254 11 53978.11818023 25.166
 51 125.787958  64.513380    55.406    55.599 11 54013.11819041 22.803
 52 125.782303  64.516977    53.073    53.251 12 54048.11819893 21.669
 54 125.766268  64.527180    54.516    54.332  9 54118.11812043 13.880
 55 125.775770  64.520550    54.071    54.181 11 54153.11814487 11.972
 57 125.778411  64.518110    54.760    54.813 11 54223.11815508 21.500
 58 125.776510  64.520422    58.459    58.453 11 54258.11817644 49.736
 59 125.777539  64.519500    56.229    56.131 11 54293.11817944 25.258
 60 125.774432  64.520699    54.304    54.154 10 54328.11817461 46.659
 61 125.765704  64.524453    54.599    54.762 11 54363.11812245 47.101
 62 125.778997  64.518016    52.878    52.894 11 54398.11811478 46.680
 63 125.770178  64.522779    52.381    52.404 11 54433.11807229 22.074
 64 125.782591  64.516188    53.627    53.730 11 54468.11809737 16.538
 66 125.777182  64.520420    53.935    54.051 11 54538.11811234 10.483
 67 125.769042  64.522928    54.721    54.438 10 54573.11808930  8.018
 68 125.777335  64.520429    59.164    59.162 11 54608.11810536 36.681
 69 125.774805  64.521649    56.110    56.097 11 54643.11811381 45.281
 70 125.774818  64.520033    54.251    54.023 11 54678.11811579 25.608
 71 125.768183  64.523403    55.539    55.532 11 54713.11806847 49.773
 72 125.778559  64.518933    55.464    55.325 11 54748.11808510 23.270
 73 125.773483  64.521184    53.256    53.244 10 54783.11805586 24.518
 74 125.778808  64.517356    53.888    53.662 11 54818.11807789 17.444
 75 125.772232  64.520928    53.636    53.424 10 54853.11805300 14.822
 76 125.776073  64.520909    53.352    53.078 11 54888.11808207 14.681
 77 125.766305  64.527625    53.683    53.324  9 54923.11805210 10.164
 78 125.778107  64.517462    53.886    53.340 11 54958.11807915 28.918
 79 125.773977  64.520672    57.487    57.304 10 54993.11810140 18.071
 80 125.774013  64.521043    55.448    55.056 10 55028.11809171 18.356
 81 125.773826  64.519170    54.475    54.485 11 55063.11808413 51.686
 82 125.766407  64.527921    54.749    54.758  9 55098.11802952 49.966
 83 125.779276  64.519844    52.748    52.745 11 55133.11802785 44.712
 84 125.772146  64.521323    52.336    52.338 11 55168.11799292 27.600
 85 125.776903  64.517387    52.902    52.666 11 55203.11802075 23.916
 86 125.768998  64.523071    51.977    51.968 10 55238.11800053 22.002
 87 125.775525  64.521789    51.946    51.947 11 55273.11801380 20.835
 88 125.766865  64.522877    54.039    54.139 11 55308.11798297 20.059
 89 125.777074  64.519578    58.893    58.888 11 55343.11798331 51.578
 90 125.773084  64.522325    55.553    55.501 11 55378.11797728 45.312
 91 125.780072  64.518250    53.651    53.662 11 55413.11800200 52.447
 92 125.774604  64.521963    54.758    54.516 11 55448.11799104 21.601
 93 125.764842  64.525111    53.107    53.126 10 55483.11791945 42.105
