# NaN NaN NaN ;Mean Elev.(m), Avg Gradient(m/km), RMS Gradient(m/km) - SRTM1     
#  106.880  -7.269  20.926 ;Mean Elev.(m), Avg Gradient(m/km), RMS Gradient(m/km) - ASTER GDEM
#   98.461  -8.095  23.262 ;Mean Elev.(m), Avg Gradient(m/km), RMS Gradient(m/km) - GMTED2010 
  8   117.742 52486.11294415  6.70 124.792989  60.671197 13.890
  8   128.683 52486.11294479  9.32 124.790709  60.668037 13.890
  9   111.683 52521.11290921  6.04 124.797320  60.682861 10.547
  9   111.189 52521.11290986 14.34 124.795050  60.679701 10.547
  9   110.576 52521.11291050 23.19 124.792770  60.676541 10.547
  9   109.722 52521.11291115 31.35 124.790490  60.673371 10.547
  9   108.270 52521.11291179 33.79 124.788220  60.670211 10.547
  9   110.355 52521.11291244 32.98 124.785940  60.667051 10.547
 10   110.949 52556.11295940 15.67 124.808276  60.686072  7.170
 10   108.477 52556.11296004 18.52 124.805996  60.682902  7.170
 10   108.638 52556.11296069 18.30 124.803716  60.679742  7.170
 10   109.786 52556.11296133 16.31 124.801436  60.676582  7.170
 10   110.254 52556.11296198 15.21 124.799166  60.673412  7.170
 10   110.173 52556.11296262 14.93 124.796886  60.670252  7.170
 10   109.891 52556.11296327 14.69 124.794606  60.667092  7.170
 11   104.365 52591.11295161 20.68 124.799579  60.682537  9.115
 11   104.392 52591.11295226 21.84 124.797309  60.679367  9.115
 11   104.414 52591.11295290 21.89 124.795029  60.676207  9.115
 11   104.340 52591.11295355 20.85 124.792749  60.673047  9.115
 11   104.138 52591.11295419 20.22 124.790469  60.669887  9.115
 11   103.967 52591.11295484 18.27 124.788199  60.666717  9.115
 12   115.404 52626.11287480  4.95 124.797783  60.675358 15.560
 12   115.521 52626.11287544  9.06 124.795503  60.672198 15.560
 12   149.119 52626.11287609  8.64 124.793233  60.669038 15.560
 12   113.209 52626.11287673  7.58 124.790953  60.665868 15.560
 13   115.665 52661.11291541  4.98 124.806061  60.685432  8.839
 13   113.659 52661.11291605  4.75 124.803781  60.682272  8.839
 13   113.281 52661.11291670  4.58 124.801511  60.679102  8.839
 13   115.173 52661.11291734  3.76 124.799231  60.675942  8.839
 13   112.823 52661.11291799  5.45 124.796951  60.672782  8.839
 13   112.399 52661.11291863  6.51 124.794671  60.669612  8.839
 13   111.759 52661.11291928  5.97 124.792401  60.666452  8.839
 14   107.973 52696.11289256  3.92 124.825804  60.689624  9.063
 14   107.951 52696.11289321  4.49 124.823524  60.686464  9.063
 14   108.419 52696.11289385  4.42 124.821244  60.683304  9.063
 14   108.827 52696.11289450  4.02 124.818968  60.680140  5.174
 14   109.319 52696.11289514  4.70 124.816688  60.676970  5.174
 14   108.552 52696.11289578  4.20 124.814408  60.673810  5.174
 15   107.562 52731.11292155  7.89 124.812280  60.685436  8.505
 15   107.867 52731.11292219  7.93 124.810000  60.682276  8.505
 15   107.620 52731.11292284  7.84 124.807730  60.679116  8.505
 15   106.939 52731.11292348  9.13 124.805450  60.675946  8.505
 15   104.694 52731.11292413 10.28 124.803170  60.672786  8.505
 15   104.213 52731.11292477 10.33 124.800900  60.669626  8.505
 15   103.851 52731.11292542 10.72 124.798620  60.666456  8.505
 17   114.070 52801.11293146 10.73 124.814309  60.675403  5.598
 17   113.292 52801.11293210 12.03 124.812029  60.672243  5.598
 18   111.150 52836.11299562 43.38 124.821035  60.688737 22.548
 18   110.696 52836.11299627 45.79 124.818755  60.685577 22.548
 18   111.690 52836.11299691 42.24 124.816475  60.682417 22.548
 18   112.529 52836.11299756 41.49 124.814195  60.679247 22.548
 18   112.436 52836.11299820 42.45 124.811915  60.676087 22.548
 18   108.990 52836.11299885 42.69 124.809635  60.672927 22.548
 18   108.895 52836.11299949 26.06 124.807355  60.669767 22.548
 19   109.368 52871.11303838 19.33 124.810111  60.680424  9.064
 19   110.177 52871.11303902 14.05 124.807831  60.677254  9.064
 19   110.134 52871.11303967 11.32 124.805551  60.674094  9.064
 19   110.807 52871.11304031 11.68 124.803271  60.670934  9.064
 19   110.604 52871.11304096  9.44 124.800991  60.667774  9.064
 20   112.773 52906.11303506 16.21 124.803582  60.682485 10.496
 20   113.015 52906.11303570 14.17 124.801302  60.679325 10.496
 20   111.743 52906.11303635 14.91 124.799022  60.676155 10.496
 20   111.267 52906.11303699 14.32 124.796752  60.672995 10.496
 20   110.526 52906.11303764 12.63 124.794472  60.669835 10.496
 20   110.219 52906.11303828 11.12 124.792192  60.666665 10.496
 21   104.285 52941.11296433 23.73 124.825464  60.689307 11.356
 21   104.484 52941.11296498 25.77 124.823184  60.686144 10.961
 21   104.490 52941.11296562 27.44 124.820904  60.682974 10.961
 21   104.572 52941.11296627 32.50 124.818624  60.679814 10.961
 21   104.639 52941.11296691 29.35 124.816344  60.676654 10.961
 21   104.636 52941.11296756 25.18 124.814064  60.673494 10.961
 29   114.527 53221.11304830 42.37 124.803101  60.682990 10.065
 29   115.056 53221.11304895 41.29 124.800831  60.679820 10.065
 29   115.580 53221.11304959 38.76 124.798551  60.676660 10.065
 29   116.030 53221.11305024 40.80 124.796271  60.673500 10.065
 29   116.395 53221.11305088 40.27 124.793991  60.670330 10.065
 29   110.771 53221.11305153 39.09 124.791721  60.667170 10.065
 30   113.967 53256.11302576 39.97 124.789010  60.680053 14.095
 30   113.911 53256.11302640 41.32 124.786730  60.676893 14.095
 30   113.100 53256.11302705 40.64 124.784460  60.673733 14.095
 30   112.377 53256.11302769 39.17 124.782180  60.670563 14.095
 30   113.508 53256.11302834 39.95 124.779910  60.667403 14.095
 31   106.893 53291.11303677 20.38 124.810945  60.687071  5.268
 31   108.611 53291.11303741 17.30 124.808665  60.683911  5.268
 31   112.718 53291.11303806 14.81 124.806385  60.680751  5.268
 31   106.756 53291.11303870 15.19 124.804105  60.677581  5.268
 31   106.671 53291.11303935 14.98 124.801825  60.674421  5.268
 31   106.496 53291.11303999 14.93 124.799545  60.671261  5.268
 31   110.332 53291.11304064 13.66 124.797265  60.668101  5.268
 32   117.832 53326.11301528  3.85 124.797078  60.668490 14.661
 32   116.216 53326.11301592  9.80 124.794808  60.665320 14.661
 40   108.697 53606.11301746 40.66 124.791763  60.679647  9.575
 40   108.353 53606.11301810 36.85 124.789493  60.676487  9.575
 40   108.273 53606.11301875 36.20 124.787213  60.673317  9.575
 40   108.407 53606.11301939 35.62 124.784943  60.670157  9.575
 40   108.590 53606.11302004 34.94 124.782663  60.666997  9.575
 42   107.980 53676.11303603 17.16 124.800905  60.683024 11.364
 42   108.086 53676.11303668 18.03 124.798625  60.679864 11.364
 42   108.802 53676.11303732 18.19 124.796345  60.676704 11.364
 42   110.123 53676.11303797 18.87 124.794075  60.673534 11.364
 42   110.203 53676.11303861 23.30 124.791795  60.670374 11.364
 42   108.135 53676.11303926 21.64 124.789515  60.667214 11.364
 52   107.692 54026.11300367 19.01 124.815249  60.682078 12.347
 52   109.957 54026.11300432 27.81 124.812969  60.678918 12.347
 52   109.502 54026.11300496 32.85 124.810689  60.675748 12.347
 52   104.475 54026.11300561 35.13 124.808409  60.672588 12.347
 52   106.723 54026.11300625 26.96 124.806129  60.669428 12.347
 60   112.032 54306.11298005 32.61 124.810128  60.686748  6.791
 60   112.575 54306.11298069 29.82 124.807853  60.683591 10.987
 60   112.038 54306.11298134 31.37 124.805573  60.680431 10.987
 60   112.639 54306.11298198 30.16 124.803293  60.677261 10.987
 60   112.337 54306.11298263 29.57 124.801013  60.674101 10.987
 60   113.204 54306.11298327 30.73 124.798743  60.670941 10.987
 60   111.482 54306.11298391 30.37 124.796463  60.667771 10.987
 61   107.276 54341.11296275 32.01 124.800334  60.682437  7.438
 61   107.354 54341.11296340 31.97 124.798054  60.679277  7.438
 61   107.288 54341.11296404 33.64 124.795774  60.676107  7.438
 61   107.161 54341.11296469 33.38 124.793504  60.672947  7.438
 61   107.106 54341.11296533 32.34 124.791224  60.669787  7.438
 61   107.086 54341.11296598 30.79 124.788944  60.666617  7.438
 63   105.924 54411.11291009 12.13 124.801153  60.679216  4.454
 63   107.778 54411.11291074 20.65 124.798884  60.676056 12.092
 63   107.940 54411.11291138 27.26 124.796604  60.672896 12.092
 63   107.368 54411.11291203 27.80 124.794324  60.669726 12.092
 63   108.673 54411.11291267 23.38 124.792054  60.666566 12.092
 64   106.009 54446.11288021 27.10 124.813110  60.678347 10.281
 64   107.701 54446.11288085 20.42 124.810830  60.675187 10.281
 64   107.317 54446.11288150 17.37 124.808560  60.672017 10.281
 70   114.132 54656.11291840 14.69 124.804439  60.684019  9.040
 70   117.435 54656.11291905  9.93 124.802159  60.680849  9.040
 70   113.505 54656.11291969 10.95 124.799879  60.677689  9.040
 70   113.319 54656.11292034  9.96 124.797599  60.674529  9.040
 70   113.704 54656.11292098  9.13 124.795319  60.671369  9.040
 70   112.496 54656.11292163  8.35 124.793049  60.668199  9.040
 71   109.379 54691.11290344 49.39 124.801872  60.683175 16.554
 71   109.369 54691.11290408 51.02 124.799592  60.680015 16.554
 71   109.310 54691.11290473 47.94 124.797322  60.676845 16.554
 71   109.342 54691.11290537 47.50 124.795042  60.673685 16.554
 71   109.253 54691.11290602 48.80 124.792762  60.670525 16.554
 71   109.545 54691.11290666 45.26 124.790492  60.667365 16.554
 72   170.438 54726.11286810  7.87 124.819812  60.689446  9.023
 72   172.651 54726.11286875  8.06 124.817532  60.686286  9.023
 72   170.743 54726.11286939  7.38 124.815252  60.683126  9.023
 72   170.045 54726.11287004  5.28 124.812972  60.679956  9.023
 72   207.254 54726.11287068  5.06 124.810692  60.676796  9.023
 72   112.140 54726.11287197 21.64 124.806132  60.670476  9.023
 73   109.399 54761.11288040 38.78 124.803883  60.683458 24.340
 73   114.185 54761.11288105 43.06 124.801613  60.680288 24.340
 73   108.043 54761.11288169 44.44 124.799333  60.677128 24.340
 73   107.927 54761.11288233 44.28 124.797053  60.673968 24.340
 73   107.844 54761.11288298 45.17 124.794773  60.670808 24.340
 73   112.568 54761.11288362 38.61 124.792503  60.667638 24.340
 74   108.212 54796.11286283  7.19 124.816457  60.683132 15.113
 74   133.971 54796.11286347 14.07 124.814177  60.679972 15.113
 74   127.334 54796.11286412 15.07 124.811897  60.676812 15.113
 74   112.538 54796.11286476 13.34 124.809617  60.673652 15.113
 74   112.763 54796.11286541 12.41 124.807337  60.670482 15.113
 75   128.317 54831.11288014  7.53 124.807017  60.685536 13.844
 75   115.120 54831.11288078  6.67 124.804737  60.682376 13.844
 75   115.292 54831.11288142  6.54 124.802467  60.679206 13.844
 75   115.748 54831.11288207  4.55 124.800187  60.676046 13.844
 75   116.836 54831.11288271  4.68 124.797907  60.672886 13.844
 75   115.616 54831.11288336  5.20 124.795627  60.669726 13.844
 75   116.083 54831.11288400  4.55 124.793357  60.666556 13.844
 81   111.075 55041.11288831 19.48 124.808795  60.686061 12.846
 81   111.920 55041.11288896 16.67 124.806515  60.682901 12.846
 81   112.480 55041.11288960 14.62 124.804245  60.679731 12.846
 81   112.145 55041.11289025 12.95 124.801965  60.676571 12.846
 81   111.614 55041.11289089 13.12 124.799685  60.673411 12.846
 81   110.058 55041.11289154 13.50 124.797405  60.670251 12.846
 81   110.105 55041.11289218 12.02 124.795135  60.667081 12.846
 83   108.238 55111.11282089 41.17 124.814043  60.685921 15.206
 83   108.439 55111.11282153 44.19 124.811763  60.682761 15.206
 83   108.311 55111.11282218 45.56 124.809483  60.679591 15.206
 83   108.239 55111.11282282 46.67 124.807203  60.676431 15.206
 83   108.275 55111.11282347 48.66 124.804923  60.673271 15.206
 83   108.441 55111.11282411 46.04 124.802643  60.670111 15.206
 83   108.400 55111.11282476 28.66 124.800373  60.666941 15.206
 84   113.461 55146.11282382 15.10 124.803602  60.684351 18.305
 84   114.220 55146.11282446 16.13 124.801322  60.681181 18.305
 84   110.360 55146.11282511 16.65 124.799042  60.678021 18.305
 84   111.295 55146.11282575 16.08 124.796762  60.674861 18.305
 84   110.283 55146.11282640 16.09 124.794482  60.671701 18.305
 84   110.807 55146.11282704 16.97 124.792212  60.668531 18.305
 84   108.160 55146.11282769 15.42 124.789932  60.665371 18.305
 85   108.233 55181.11279779 18.53 124.821222  60.688758 15.924
 85   107.998 55181.11279843 17.87 124.818942  60.685598 15.924
 85   108.532 55181.11279908 18.27 124.816662  60.682428 15.924
 85   108.213 55181.11279972 18.29 124.814382  60.679268 15.924
 85   108.172 55181.11280037 17.70 124.812102  60.676108 15.924
 85   107.717 55181.11280101 17.48 124.809822  60.672948 15.924
 85   107.273 55181.11280166 16.28 124.807542  60.669778 15.924
 86   108.493 55216.11281859 11.24 124.802766  60.682857 11.410
 86   112.166 55216.11281923 10.21 124.800496  60.679687 11.410
 86   107.634 55216.11281988 11.26 124.798216  60.676527 11.410
 86   107.374 55216.11282052 10.52 124.795936  60.673367 11.410
 86   107.520 55216.11282117 11.36 124.793666  60.670207 11.410
 86   110.215 55216.11282181 10.04 124.791386  60.667037 11.410
 87   108.906 55251.11279518  7.24 124.817516  60.687018 11.658
 87   108.735 55251.11279583  8.34 124.815236  60.683848 11.658
 87   108.100 55251.11279647  9.35 124.812956  60.680688 11.658
 87   108.527 55251.11279712  8.76 124.810676  60.677528 11.658
 87   108.431 55251.11279776  8.89 124.808396  60.674368 11.658
 87   107.717 55251.11279841  8.74 124.806116  60.671198 11.658
 88   110.667 55286.11281249  5.36 124.797582  60.681912 12.339
 88   110.363 55286.11281314  6.43 124.795312  60.678742 12.339
 88   109.803 55286.11281378  6.14 124.793032  60.675582 12.339
 88   111.174 55286.11281443  5.45 124.790752  60.672422 12.339
 88   112.550 55286.11281507  5.73 124.788482  60.669262 12.339
 88   109.233 55286.11281572  6.05 124.786202  60.666092 12.339
 91   112.547 55391.11278861  7.09 124.805256  60.674962  5.989
 91   111.797 55391.11278925 11.30 124.802976  60.671802  5.989
 91   111.837 55391.11278990 10.51 124.800706  60.668632  5.989
 92   108.703 55426.11280276 22.48 124.807108  60.683676 19.842
 92   108.070 55426.11280341 17.49 124.804828  60.680516 19.842
 92   109.385 55426.11280405 13.27 124.802558  60.677346 19.842
 92   115.557 55426.11280469 11.01 124.800278  60.674186 19.842
 92   114.541 55426.11280534  9.44 124.797998  60.671026 19.842
 92   113.789 55426.11280598  9.40 124.795718  60.667866 19.842
 93   112.550 55461.11277087 29.59 124.799094  60.681781 13.855
 93   110.974 55461.11277151 39.22 124.796814  60.678621 13.855
 93   110.861 55461.11277216 43.16 124.794534  60.675451 13.855
 93   111.116 55461.11277280 41.29 124.792264  60.672291 13.855
 93   111.016 55461.11277345 42.08 124.789984  60.669131 13.855
 93   112.629 55461.11277409 32.02 124.787714  60.665971 13.855
