-171216.683    69.719     0.00    4.35
-170849.413    67.499    -6.04    2.74
-170482.070    66.215    -3.49    1.95
-170114.655    66.178    -0.10    3.13
-169747.167    67.804     4.42    4.53
-169379.606    70.094     6.23    5.19
-169011.972    72.546     6.67    4.54
-168644.265    73.849     3.54    3.16
-168276.485    75.230     3.75    2.74
-167908.632    77.371     5.82    5.12
-167540.706    79.692     6.31    8.18
-167172.706    81.071     3.75   10.48
-166804.634    80.524    -1.48   12.09
-166436.488    78.326    -5.97   11.76
-166068.269    76.165    -5.87    8.74
-165699.976    79.620     9.38    9.37
-165331.610    85.547    16.09    8.26
-164963.171    90.446    13.29    6.59
-164594.658    91.282     2.27    6.60
-164226.072    89.239    -5.54    7.21
-163857.412    85.939    -8.95    6.82
-163488.679    81.579   -11.82    5.52
-163119.872    78.739    -7.70    5.68
-162750.991    76.304    -6.60    5.46
-162382.037    74.085    -6.01    3.75
-162013.008    72.701    -3.75    3.55
-161643.906    72.174    -1.43    4.45
-161274.730    72.142    -0.09    6.63
-160905.481    73.778     4.43    7.96
-160536.157    75.617     4.98    7.79
-160166.759    76.079     1.25    6.77
-159797.287    74.559    -4.11    4.85
-159427.741    72.381    -5.89    4.25
-159058.121    71.383    -2.70    4.50
-158688.427    70.261    -3.03    4.29
-158318.659    68.160    -5.68    3.02
-157948.816    68.184     0.06    3.26
-157578.899    71.163     8.05    6.19
-157208.908    76.216    13.66    7.36
-156838.842    79.120     7.84    5.36
-156468.702    79.986     2.34    3.72
-156098.488    77.576    -6.51    4.95
-155728.198    73.821   -10.14    5.48
-155357.835    71.316    -6.76    6.69
-154987.396    70.338    -2.64    7.25
-154616.883    71.477     3.07    6.49
-154246.296    73.418     5.24    4.34
-153875.633    75.466     5.52    3.87
-153504.896    77.737     6.13    3.16
-153134.084    78.718     2.64    2.16
-152763.197    78.216    -1.35    3.34
-152392.235    76.761    -3.92    5.25
-152021.198    75.645    -3.01    7.70
-151650.087    75.196    -1.21    8.92
-151278.900    75.989     2.14    9.14
-150907.638    77.237     3.36    8.76
-150536.300    78.381     3.08    5.90
-150164.888    77.898    -1.30    5.19
-149793.400    77.011    -2.39    4.67
-149421.838    75.192    -4.90    4.13
-149050.199    74.283    -2.44    5.18
-148678.486    73.443    -2.26    5.78
-148306.697    72.283    -3.12    5.33
-147934.832    70.303    -5.32    3.66
-147562.892    68.772    -4.12    2.92
-147190.876    67.903    -2.34    2.81
-146818.785    69.066     3.12    4.57
-146446.618    70.913     4.96    5.25
-146074.376    71.805     2.40    4.85
-145702.057    71.826     0.06    4.90
-145329.663    70.620    -3.24    4.60
-144957.193    69.497    -3.01    3.85
-144584.648    67.821    -4.50    3.61
-144212.026    65.574    -6.03    5.17
-143839.328    64.750    -2.21    5.48
-143466.554    66.615     5.00    7.60
-143093.704    70.703    10.96    9.99
-142720.779    77.898    19.29   11.77
-142347.776    86.445    22.91   11.74
-141974.698    92.854    17.18    9.70
-141601.544    95.184     6.24    7.43
-141228.313    92.735    -6.56    7.95
-140855.005    87.909   -12.93    6.62
-140481.622    84.390    -9.42    4.78
-140108.162    81.913    -6.63    4.10
-139734.625    82.294     1.02    4.47
-139361.012    82.466     0.46    5.22
-138987.323    82.957     1.31    6.20
-138613.556    89.896    18.56   14.94
-138239.714   102.076    32.58   26.96
-137865.794   114.838    34.13   31.19
-137491.798   118.133     8.81   34.58
-137117.724   119.947     4.85   34.91
-136743.574   122.316     6.33   27.99
-136369.347   127.781    14.60   22.17
-135995.043   141.965    37.89   20.65
-135620.662   151.771    26.19   21.56
-135246.204   160.261    22.67   20.24
-134871.669   163.860     9.61   17.19
-134497.057   157.620   -16.66   17.22
-134122.368   144.843   -34.10   18.95
-133747.601   128.359   -43.98   19.84
-133372.757   113.854   -38.69   16.39
-132997.836   102.531   -30.20   13.24
-132622.837    96.469   -16.16    9.83
-132247.761    92.305   -11.10    7.60
-131872.608    90.904    -3.73    6.08
-131497.377    90.965     0.16    5.47
-131122.068    90.953    -0.03    5.69
-130746.682    90.207    -1.99    6.50
-130371.218    90.015    -0.51    6.25
-129995.677    89.821    -0.52    5.91
-129620.057    91.193     3.65    5.74
-129244.360    94.326     8.34    7.70
-128868.585    95.915     4.23    8.72
-128492.732    97.058     3.04    8.89
-128116.802    95.931    -3.00    6.71
-127740.793    93.606    -6.18    3.25
-127364.706    92.663    -2.51    3.15
-126988.541    92.154    -1.35    3.76
-126612.298    90.294    -4.94    3.98
-126235.977    87.455    -7.54    3.46
-125859.577    84.739    -7.22    3.96
-125483.099    83.187    -4.12    3.99
-125106.543    85.498     6.14    9.63
-124729.909    93.413    21.01   17.40
-124353.196   103.174    25.91   18.83
-123976.404   112.821    25.60   13.29
-123599.534   118.746    15.72    9.54
-123222.586   126.782    21.32   12.78
-122845.559   131.943    13.69   12.41
-122468.453   132.156     0.56   13.44
-122091.268   125.124   -18.64   17.34
-121714.005   112.542   -33.35   16.25
-121336.663   102.369   -26.96   13.14
-120959.242    94.713   -20.28    8.86
-120581.742    90.252   -11.82    7.43
-120204.163    84.876   -14.24    7.97
-119826.505    80.531   -11.50   10.36
-119448.768    76.623   -10.34   11.77
-119070.952    74.326    -6.08   12.24
-118693.057    73.413    -2.42   13.37
-118315.083    75.778     6.26   12.61
-117937.029    75.391    -1.02   11.00
-117558.896    73.066    -6.15   11.54
-117180.684    66.176   -18.21   14.21
-116802.392    59.859   -16.70   13.93
-116424.021    56.380    -9.19   14.74
-116045.570    53.316    -8.10   14.35
-115667.040    51.402    -5.06   13.58
-115288.430    51.772     0.98   11.36
-114909.740    53.703     5.10   10.67
-114530.971    52.392    -3.46   10.13
-114152.122    50.800    -4.20    8.95
-113773.193    50.848     0.13    8.12
-113394.184    53.316     6.51   10.05
-113015.096    57.763    11.73   10.20
-112635.927    58.982     3.22    8.95
-112256.679    57.422    -4.11    9.34
-111877.350    53.011   -11.63    7.05
-111497.942    49.929    -8.12    5.15
-111118.453    50.609     1.79    6.28
-110738.884    52.111     3.96    6.67
-110359.234    53.931     4.79    7.50
-109979.505    56.541     6.87    9.31
-109599.695    58.109     4.13    8.80
-109219.805    58.251     0.37    7.45
-108839.834    56.555    -4.46    6.18
-108459.783    53.929    -6.91    5.61
-108079.651    52.076    -4.87    4.84
-107699.438    52.892     2.14    6.27
-107319.145    57.004    10.81    7.46
-106938.771    59.549     6.69    6.78
-106558.317    57.752    -4.72    7.56
-106177.781    53.671   -10.72    7.19
-105797.165    50.474    -8.40    5.26
-105416.468    49.781    -1.82    3.37
-105035.690    49.368    -1.08    2.56
-104654.831    48.428    -2.47    2.76
-104280.294    48.390    -0.10    2.98
-103914.770    48.601     0.58    3.05
-103549.173    47.670    -2.55    2.92
-103183.501    46.348    -3.62    4.78
-102817.756    43.946    -6.57    9.37
-102451.937    40.965    -8.15   12.19
-102086.045    39.667    -3.55   12.77
-101720.079    39.737     0.19   11.57
-101354.038    38.781    -2.61   10.52
-100987.924    36.695    -5.70    9.88
-100621.736    35.904    -2.16    8.60
-100255.474    35.176    -1.99    6.64
 -99889.138    34.911    -0.72    5.45
 -99522.728    33.816    -2.99    4.21
 -99156.243    33.716    -0.27    3.11
 -98789.685    31.293    -6.61    7.65
 -98423.052    26.021   -14.38   11.08
 -98056.345    22.860    -8.62   11.64
 -97689.564    21.545    -3.59   12.24
 -97322.708    23.041     4.08   12.00
 -96955.778    28.488    14.84    9.85
 -96588.774    28.326    -0.44    8.82
 -96221.695    25.709    -7.13    9.47
 -95854.541    24.071    -4.46    9.72
 -95487.313    24.535     1.26   10.70
 -95120.010    26.975     6.64   11.61
 -94752.633    30.063     8.40   10.16
 -94385.181    29.024    -2.83    9.88
 -94017.654    25.260   -10.24   10.90
 -93650.052    24.177    -2.94    9.24
 -93282.376    26.008     4.98    8.60
 -92914.624    29.337     9.05    5.04
 -92546.798    29.518     0.49    3.01
 -92178.897    23.466   -16.45   11.92
 -91810.920    19.705   -10.22   13.19
 -91442.869    16.515    -8.67   13.59
 -91074.742    14.463    -5.57   13.85
 -90706.541    16.920     6.67   13.75
 -90338.264    19.847     7.95   13.84
 -89969.911    20.574     1.97   15.72
 -89601.484    24.826    11.54   18.59
 -89232.981    31.744    18.77   21.13
 -88864.403    41.911    27.58   19.94
 -88495.749    45.391     9.44   18.25
 -88127.020    48.479     8.37   18.79
 -87758.215    46.674    -4.89   19.31
 -87389.335    45.129    -4.19   23.42
 -87020.379    42.869    -6.12   27.30
 -86651.347    40.060    -7.61   28.72
 -86282.240    38.763    -3.51   27.90
 -85913.057    40.292     4.14   27.02
 -85543.798    43.617     9.00   25.43
 -85174.463    46.776     8.55   21.39
 -84805.052    48.201     3.86   18.75
 -84435.566    45.707    -6.75   17.88
 -84066.003    41.229   -12.12   16.57
 -83696.364    37.359   -10.47   15.14
 -83326.650    33.529   -10.36   12.29
 -82956.859    31.326    -5.95    9.86
 -82586.992    30.533    -2.15    7.49
 -82217.048    30.545     0.03    6.21
 -81847.029    31.338     2.14    6.64
 -81476.933    30.240    -2.96    6.16
 -81106.760    29.372    -2.35    5.49
 -80736.512    25.529   -10.38    9.02
 -80366.187    24.118    -3.81    9.61
 -79995.785    21.147    -8.02   11.10
 -79625.307    16.711   -11.97   11.53
 -79254.752    21.095    11.83   11.61
 -78884.120    24.837    10.10   10.54
 -78513.412    28.455     9.76    7.27
 -78142.627    30.975     6.80    3.72
 -77771.765    31.853     2.37    2.48
 -77400.827    32.209     0.96    2.45
 -77029.811    33.176     2.60    2.13
 -76658.719    33.863     1.85    2.40
 -76287.550    33.904     0.11    2.90
 -75916.303    29.774   -11.12   11.05
 -75544.980    23.472   -16.97   15.01
 -75173.579    16.922   -17.64   15.25
 -74802.101    12.259   -12.55   12.82
 -74430.546    11.670    -1.58   12.64
 -74058.914    15.953    11.52   12.03
 -73687.204    20.713    12.81   11.56
 -73315.417    25.943    14.07    8.56
 -72943.553    28.890     7.92    3.51
 -72571.611    29.592     1.89    3.83
 -72199.592    30.773     3.17    4.97
 -71827.495    32.837     5.55    6.46
 -71455.320    34.750     5.14    6.94
 -71083.068    37.060     6.21    6.13
 -70710.738    39.293     6.00    5.10
 -70338.331    39.000    -0.79    4.99
 -69965.845    38.771    -0.62    4.91
 -69593.282    39.512     1.99    4.70
 -69220.641    38.250    -3.39    5.29
 -68847.922    36.972    -3.43    5.48
 -68475.125    34.471    -6.71    4.92
 -68102.250    31.863    -6.99    2.76
 -67729.297    30.348    -4.06    2.80
 -67356.265    28.137    -5.93    6.28
 -66983.156    23.638   -12.06    9.94
 -66609.968    18.411   -14.00   11.48
 -66236.702    13.699   -12.63   11.11
 -65863.358    13.614    -0.23   12.82
 -65489.935    18.656    13.50   14.95
 -65116.434    25.667    18.77   14.58
 -64742.854    31.571    15.80   11.35
 -64369.196    35.188     9.68    5.91
 -63995.459    33.880    -3.50    5.61
 -63621.644    33.649    -0.62    5.38
 -63247.750    33.699     0.13    5.25
 -62873.777    34.022     0.86    5.08
 -62499.726    36.147     5.68    5.07
 -62125.595    37.337     3.18    6.24
 -61751.386    36.451    -2.37    6.89
 -61377.098    36.015    -1.17    7.22
 -61002.731    33.359    -7.10    5.83
 -60628.285    32.131    -3.28    4.76
 -60253.759    30.784    -3.60    4.79
 -59879.155    29.997    -2.10    5.37
 -59504.472    28.390    -4.29    5.14
 -59129.709    27.549    -2.25    4.12
 -58754.867    26.021    -4.07    4.98
 -58379.946    23.646    -6.34    5.91
 -58004.945    20.705    -7.84    5.78
 -57629.865    17.739    -7.91    2.71
 -57254.706    17.400    -0.90    1.78
 -56879.467    19.220     4.85    3.12
 -56504.148    21.135     5.10    3.19
 -56128.750    22.241     2.95    2.88
 -55753.272    22.667     1.13    2.54
 -55377.715    21.880    -2.10    2.37
 -55002.077    21.880     0.00    2.19
 -54626.360    22.954     2.86    2.75
 -54250.563    24.752     4.78    3.43
 -53874.686    26.911     5.75    3.30
 -53498.729    28.273     3.62    2.24
 -53122.693    27.997    -0.74    2.39
 -52746.576    26.498    -3.98    3.23
 -52370.379    24.524    -5.25    4.67
 -51994.101    22.997    -4.06    5.34
 -51617.744    21.358    -4.35    5.54
 -51241.306    19.696    -4.41    5.56
 -50864.788    19.632    -0.17    5.45
 -50488.190    19.468    -0.44    5.60
 -50111.511    19.139    -0.87    6.15
 -49734.752    20.249     2.95    6.58
 -49357.912    20.547     0.79    7.13
 -48980.991    21.093     1.45    7.25
 -48603.990    19.852    -3.29    8.46
 -48226.909    15.826   -10.68   11.37
 -47849.746     8.983   -18.14   12.15
 -47472.503     3.260   -15.17    9.59
 -47095.179    -1.132   -11.64    4.56
 -46717.774    -2.674    -4.08    0.00
 -46340.288    -2.674     0.00    0.00
 -45962.721    -2.363     0.82    1.60
 -45585.074    -0.312     5.43    5.02
 -45207.345     2.626     7.78    6.55
 -44829.535     5.337     7.17    6.62
 -44451.643     7.174     4.86    5.70
 -44073.671     6.842    -0.88    5.19
 -43695.617     6.738    -0.28    4.65
 -43317.482     6.806     0.18    4.48
 -42939.265     7.792     2.61    4.30
 -42560.967     7.699    -0.25    4.63
 -42182.588     7.497    -0.53    5.37
 -41804.127     6.614    -2.33    5.54
 -41425.584     4.760    -4.90    5.95
 -41046.960     3.924    -2.21    5.76
 -40668.254     2.935    -2.61    5.00
 -40289.466     3.399     1.22    5.46
 -39910.597     4.571     3.09    6.61
 -39531.645     6.221     4.35    6.88
 -39152.612     7.838     4.27    6.08
 -38773.497     8.518     1.79    4.97
 -38394.299    10.201     4.44    1.65
 -38015.020    10.972     2.03    2.34
 -37635.658    12.015     2.75    3.68
 -37256.215    14.074     5.43    4.21
 -36876.689    15.696     4.27    3.74
 -36497.080    16.636     2.48    3.10
 -36117.390    17.204     1.50    2.37
 -35737.617    15.475    -4.55    3.70
 -35357.762    14.395    -2.85    4.08
 -34977.824    14.263    -0.35    4.76
 -34597.803    14.460     0.52    5.11
 -34217.700    14.450    -0.03    5.21
 -33837.514    14.663     0.56    5.63
 -33457.246    13.739    -2.43    6.31
 -33076.895    10.744    -7.87    8.14
 -32696.461     9.558    -3.12    8.33
 -32315.944    10.129     1.50    7.89
 -31935.344    11.128     2.63    7.12
 -31554.662    14.033     7.63    4.31
 -31173.896    16.213     5.73    3.53
 -30793.047    18.326     5.55    3.94
 -30412.115    20.063     4.56    4.30
 -30031.100    21.811     4.59    5.13
 -29651.083    23.502     4.45    5.72
 -29285.791    25.582     5.69    5.50
 -28920.423    26.241     1.80    4.51
 -28554.979    24.929    -3.59    4.62
 -28189.461    21.728    -8.76    5.67
 -27823.866    19.058    -7.31    4.63
 -27458.197    17.063    -5.45    2.27
 -27092.451    16.905    -0.43    2.07
 -26726.630    17.772     2.37    2.90
 -26360.734    19.801     5.54    4.35
 -25994.761    22.957     8.62    6.03
 -25628.713    27.357    12.02    7.96
 -25262.589    31.071    10.14    6.90
 -24896.390    30.972    -0.27   10.22
 -24530.114    27.968    -8.20   14.39
 -24163.762    23.479   -12.25   16.22
 -23797.335    15.878   -20.74   17.29
 -23430.831    15.766    -0.31   19.02
 -23064.251    22.681    18.86   19.35
 -22697.596    28.372    15.52   17.72
 -22330.864    36.337    21.72    9.57
 -21964.055    38.477     5.83    1.69
 -21597.171    36.691    -4.87    3.61
 -21230.210    32.541   -11.31    9.35
 -20863.173    25.709   -18.61   13.35
 -20496.059    20.429   -14.38   12.65
 -20128.869    14.773   -15.40   10.30
 -19761.603    11.842    -7.98    8.00
 -19394.260    10.359    -4.04    6.10
 -19026.840    10.724     0.99    5.56
 -18659.344    11.251     1.43    5.00
 -18291.771    10.632    -1.69    5.71
 -17924.121    10.253    -1.03    6.14
 -17556.394     9.539    -1.94    6.92
 -17188.591    10.128     1.60    6.94
 -16820.710    11.087     2.61    6.77
 -16452.753    12.409     3.59    6.13
 -16084.719    14.060     4.49    3.61
 -15716.608    13.801    -0.70    2.56
 -15348.419    13.306    -1.34    2.53
 -14980.154    12.858    -1.22    2.31
 -14611.811    12.358    -1.36    1.95
 -14243.391    12.581     0.61    1.64
 -13874.894    13.014     1.17    1.32
 -13506.320    13.240     0.61    1.43
 -13137.668    10.701    -6.89    6.16
 -12768.939     9.008    -4.59    7.91
 -12400.132     8.962    -0.13   10.11
 -12031.248     9.206     0.66   11.88
 -11662.286    13.826    12.52   11.32
 -11293.247    15.045     3.30   10.47
 -10924.130    11.663    -9.16   11.02
 -10554.935    11.400    -0.71   10.06
 -10185.662    13.285     5.10    8.94
  -9816.312    15.790     6.78    8.30
  -9446.884    21.621    15.79    5.60
  -9077.378    23.625     5.42    6.01
  -8707.794    25.057     3.87    8.47
  -8338.132    25.649     1.60    9.23
  -7968.392    26.739     2.95    8.35
  -7598.574    25.024    -4.64    9.54
  -7228.677    19.543   -14.82   13.25
  -6858.703    12.758   -18.34   14.30
  -6488.650     6.451   -17.04   12.84
  -6118.519     2.410   -10.92    9.47
  -5748.310     0.066    -6.33    7.06
  -5378.022     2.047     5.35    9.93
  -5007.656     3.770     4.65   11.08
  -4637.211     5.406     4.42   10.89
  -4266.688     7.326     5.18   10.07
  -3896.086     7.469     0.39    7.97
  -3525.406     8.524     2.85    6.18
  -3154.647     8.118    -1.10    5.57
  -2783.809     8.898     2.10    6.31
  -2412.892    10.116     3.28    8.17
  -2041.897    12.051     5.22    9.30
  -1670.822    12.191     0.38   10.08
  -1299.669    11.337    -2.30   12.23
   -928.437     8.450    -7.78   12.92
   -557.125     6.163    -6.16   12.77
   -185.735     6.265     0.27   12.23
    185.735     8.055     4.82   12.12
    557.284     9.316     3.40   11.55
    928.912    11.590     6.12   11.70
   1300.619    13.605     5.42   11.99
   1672.405    13.735     0.35   12.28
   2044.271    13.254    -1.29   12.61
   2416.217    13.137    -0.32   12.47
   2788.242    12.858    -0.75   12.73
   3160.346    13.462     1.62   13.75
   3532.530    14.105     1.73   13.72
   3904.794    15.712     4.32   13.26
   4277.137    13.514    -5.90   13.35
   4649.560    10.633    -7.74   13.12
   5022.063     6.656   -10.67   12.49
   5394.646     2.358   -11.54    9.89
   5767.309    -1.218    -9.60    5.52
   6140.051    -2.674    -3.91    0.00
   6512.874    -2.674     0.00    0.00
   6885.776    -2.715    -0.11    0.48
   7258.759    -1.402     3.52    5.12
   7631.822    -0.045     3.64    7.04
   8004.965     1.716     4.72    8.91
   8378.188     3.244     4.09   10.04
   8751.492     4.428     3.17   10.72
   9124.876     4.537     0.29   10.64
   9498.340     5.677     3.05   11.43
   9871.885     6.399     1.93   11.80
  10245.510     6.253    -0.39   11.27
  10619.216     3.222    -8.11    9.46
  10993.003     1.051    -5.81    7.73
  11366.870    -1.740    -7.47    3.46
  11740.818    -2.426    -1.83    1.72
  12114.846    -2.293     0.36    2.04
  12488.956    -2.158     0.36    2.37
  12863.146    -2.424    -0.71    1.54
  13237.417    -2.592    -0.45    0.71
  13611.769    -2.480     0.30    1.12
  13986.202    -2.612    -0.35    0.32
  14360.717    -2.674    -0.16    0.00
  14735.312    -2.674     0.00    0.00
  15109.989    -2.674     0.00    0.00
  15484.746    -2.434     0.64    2.25
  15859.586    -2.095     0.91    2.92
  16234.506    -2.337    -0.65    1.89
  16609.508    -2.705    -0.98    0.74
  16984.591    -3.021    -0.84    1.04
  17359.756    -3.385    -0.97    1.87
  17735.002    -3.800    -1.11    2.52
  18110.330    -3.528     0.73    2.33
  18485.739    -3.137     1.04    1.80
  18861.231    -2.674     1.23    0.00
  19236.804    -2.674     0.00    0.00
  19612.458    -2.674     0.00    0.00
  19988.195    -2.674     0.00    0.00
  20364.014    -2.674     0.00    0.00
  20739.914    -2.771    -0.26    0.51
  21115.897    -2.797    -0.07    0.55
  21491.961    -2.762     0.09    0.49
  21868.108    -2.816    -0.14    0.70
  22244.337    -2.810     0.02    0.71
  22620.648    -2.788     0.06    0.60
  22997.041    -2.632     0.42    0.58
  23373.517    -2.592     0.11    0.76
  23750.075    -2.663    -0.19    0.10
  24126.716    -2.426     0.63    2.15
  24503.439    -0.788     4.35    9.69
  24880.244     0.079     2.30   12.50
  25257.133     1.924     4.90   16.64
  25634.104     1.962     0.10   16.18
  26011.157     2.316     0.94   16.87
  26388.294     2.024    -0.77   15.80
  26765.513     0.698    -3.52   12.99
  27142.815    -1.484    -5.78    6.47
  27520.200    -2.653    -3.10    0.20
  27897.668    -2.674    -0.05    0.00
  28275.219    -2.674     0.00    0.00
  28652.853    -2.674     0.00    0.00
  29030.570    -2.674     0.00    0.00
  29408.370    -2.674     0.00    0.00
  29786.254    -2.674     0.00    0.00
  30164.221    -2.674     0.00    0.00
  30542.271    -2.674     0.00    0.00
  30920.405    -2.674     0.00    0.00
  31298.622    -2.674     0.00    0.00
  31676.923    -2.674     0.00    0.00
  32055.307    -2.674     0.00    0.00
  32433.775    -2.674     0.00    0.00
  32812.327    -2.674     0.00    0.00
  33190.962    -2.674     0.00    0.00
  33569.681    -2.674     0.00    0.00
  33948.484    -2.674     0.00    0.00
  34327.371    -2.674     0.00    0.00
  34706.342    -2.674     0.00    0.00
  35085.397    -2.674     0.00    0.00
  35464.536    -2.674     0.00    0.00
  35843.759    -2.674     0.00    0.00
  36223.066    -2.674     0.00    0.00
  36602.458    -2.674     0.00    0.00
  36981.934    -2.674     0.00    0.00
  37361.494    -2.674     0.00    0.00
  37741.138    -2.289     1.01    2.14
  38120.867    -1.522     2.02    3.71
  38500.681    -1.282     0.63    4.08
  38880.579    -0.514     2.02    4.43
  39260.561     0.129     1.69    4.90
  39640.629    -0.225    -0.93    4.38
  40020.781    -0.880    -1.72    4.03
  40401.018    -1.864    -2.59    2.84
  40781.340    -2.348    -1.27    1.94
  41161.746    -2.674    -0.86    0.00
  41542.238    -2.674     0.00    0.00
  41922.814    -2.674     0.00    0.00
  42303.476    -2.674     0.00    0.00
  42684.223    -2.674     0.00    0.00
  43065.055    -2.674     0.00    0.00
  43445.972    -2.674     0.00    0.00
  43826.975    -2.674     0.00    0.00
  44208.063    -2.674     0.00    0.00
  44589.236    -2.674     0.00    0.00
  44970.495    -2.123     1.45    2.20
  45340.187    -0.337     4.83    4.83
  45705.320     1.801     5.86    5.96
  46070.529     3.996     6.01    6.23
  46435.816     6.481     6.80    6.26
  46801.180     7.898     3.88    6.14
  47166.621     8.976     2.95    6.31
  47532.139     8.175    -2.19    6.91
  47897.735     6.587    -4.34    7.00
  48263.408     5.236    -3.69    6.75
  48629.159     5.674     1.20    6.73
  48994.987     7.124     3.97    7.26
  49360.893     9.020     5.18    6.92
  49726.877    11.574     6.98    6.74
  50092.938    12.058     1.32    7.70
  50459.077    11.663    -1.08    8.64
  50825.293    12.007     0.94    9.82
  51191.588    13.401     3.81   10.55
  51557.960    15.010     4.39   10.20
  51924.411    17.694     7.32    8.70
  52290.939    20.993     9.00    3.18
  52657.545    19.530    -3.99    3.81
  53024.229    17.220    -6.30    4.42
  53390.992    15.003    -6.04    4.25
  53757.833    12.961    -5.57    2.65
  54124.751    12.751    -0.57    2.41
  54491.749    13.765     2.76    3.04
  54858.824    15.996     6.08    3.58
  55225.978    17.932     5.27    3.47
  55593.210    19.625     4.61    2.69
  55960.521    20.510     2.41    2.35
  56327.910    21.018     1.38    2.19
  56695.378    18.214    -7.63    6.85
  57062.924    13.858   -11.85    9.30
  57430.549    12.872    -2.68    8.95
  57798.253    13.368     1.35    9.11
  58166.035    16.316     8.02    6.95
  58533.897    18.214     5.16    4.44
  58901.837    18.147    -0.18    3.76
  59269.856    17.935    -0.58    2.47
  59637.954    18.152     0.59    2.24
  60006.131    18.003    -0.41    2.41
  60374.387    16.969    -2.81    4.12
  60742.723    13.490    -9.45    7.60
  61111.137    10.966    -6.85    8.11
  61479.631     8.451    -6.82    7.79
  61848.204     7.846    -1.64    7.57
  62216.856    10.126     6.18    6.94
  62585.588     9.786    -0.92    7.13
  62954.399     8.101    -4.57    7.57
  63323.289     8.516     1.13    7.55
  63692.260     7.120    -3.78    7.53
  64061.309     7.629     1.38    8.14
  64430.438    13.388    15.60   16.02
  64799.647    24.450    29.96   28.02
  65168.936    38.286    37.47   35.93
  65538.305    52.063    37.30   37.06
  65907.753    65.606    36.66   32.05
  66277.281    78.058    33.70   18.65
  66646.889    84.266    16.80   11.94
  67016.577    86.347     5.63    9.89
  67386.345    86.448     0.27    8.91
  67756.194    84.003    -6.61    9.25
  68126.122    80.194   -10.30    7.86
  68496.130    77.771    -6.55    7.11
  68866.219    78.079     0.83    6.55
  69236.388    81.396     8.96    3.68
  69606.638    82.674     3.45    2.23
  69976.967    82.816     0.38    2.49
  70347.378    82.968     0.41    3.17
  70717.869    81.347    -4.38    4.21
  71088.440    80.041    -3.52    4.31
  71459.092    80.216     0.47    4.52
  71829.824    80.184    -0.09    4.72
  72200.638    80.826     1.73    4.19
  72571.532    78.049    -7.49    8.18
  72942.506    72.677   -14.48   10.66
  73313.562    68.956   -10.03   12.37
  73684.699    63.881   -13.68   14.13
  74055.916    51.377   -33.69   20.29
  74427.215    42.035   -25.16   18.67
  74798.595    39.786    -6.06   18.14
  75170.056    43.306     9.48   21.40
  75541.598    54.796    30.93   25.16
  75913.221    68.387    36.57   22.36
  76284.925    81.153    34.35   17.70
  76656.711    86.208    13.60   15.87
  77028.579    91.234    13.52   11.42
  77400.527    94.376     8.45    9.69
  77772.557    98.239    10.38    6.83
  78144.669   100.546     6.20    5.37
  78516.863   104.050     9.41    4.06
  78889.138   106.586     6.81    5.02
  79261.494   109.245     7.14    5.59
  79633.933   111.821     6.92    4.68
  80006.453   113.649     4.91    3.85
  80379.055   114.136     1.31    3.89
  80751.739   114.816     1.82    4.42
  81124.505   114.735    -0.22    5.45
  81497.353   115.146     1.10    5.56
  81870.284   116.232     2.91    5.15
  82243.296   118.485     6.04    4.42
  82616.390   121.305     7.56    4.24
  82989.567   125.436    11.07    5.28
  83362.826   129.703    11.43    5.00
  83736.167   131.946     6.01    3.87
  84109.591   129.628    -6.21    7.71
  84483.097   122.316   -19.58   14.10
  84856.686   113.124   -24.61   17.47
  85230.357   104.576   -22.88   16.02
  85604.111   100.194   -11.73   14.36
  85977.948   100.214     0.05   14.12
  86351.867    99.676    -1.44   12.84
  86725.869   100.388     1.90   10.13
  87099.954   102.670     6.10    9.73
  87474.122   108.116    14.56   13.45
  87848.373   114.346    16.65   14.72
  88222.707   118.718    11.68   12.01
  88597.124   113.623   -13.61   14.98
  88971.624   104.167   -25.25   17.94
  89346.207    91.836   -32.92   18.85
  89720.873    80.667   -29.81   13.92
  90095.623    73.960   -17.90    8.60
  90470.456    70.530    -9.15    8.44
  90845.372    69.175    -3.62    8.31
  91220.372    67.386    -4.77    6.74
  91595.455    65.182    -5.88    5.69
  91970.622    64.812    -0.99    5.35
  92345.872    64.816     0.01    4.35
  92721.206    63.771    -2.79    3.59
  93096.624    61.726    -5.45    3.26
  93472.126    58.876    -7.59    5.12
  93847.711    53.933   -13.16    7.07
  94223.380    47.556   -16.97    8.43
  94599.133    43.181   -11.65    6.43
  94974.970    43.346     0.44    6.21
  95350.892    44.337     2.64    6.30
  95726.897    44.629     0.78    6.07
  96102.986    41.471    -8.40    9.16
  96479.160    41.356    -0.30   14.20
  96855.418    55.255    36.94   31.25
  97231.760    79.983    65.71   39.70
  97608.187   103.842    63.39   31.58
  97984.698   123.455    52.10   10.22
  98361.294   128.696    13.92    6.24
  98737.974   131.056     6.27    6.82
  99114.739   131.791     1.95    6.56
  99491.588   130.882    -2.41    7.30
  99868.522   127.106   -10.02    9.69
 100245.541   121.418   -15.09   11.39
 100622.645   116.693   -12.53   11.63
 100999.833   113.286    -9.03   11.93
 101377.107   111.807    -3.92   11.85
 101754.465   106.759   -13.38   12.01
 102131.909    99.376   -19.56   14.31
 102509.438    94.263   -13.54   12.99
 102887.051    94.713     1.19   11.90
 103264.751    99.617    12.99   11.81
 103642.535   107.386    20.57    9.40
 104020.405   111.774    11.61    5.95
 104398.360   114.166     6.33    5.15
 104776.400   112.638    -4.04    8.34
 105154.526   103.376   -24.50   14.90
 105532.738    92.826   -27.90   14.84
 105911.035    86.990   -15.43   10.71
 106289.418    87.621     1.67   11.67
 106667.887    96.426    23.27   16.36
 107046.442   107.440    29.10   16.86
 107425.082   120.346    34.09   15.92
 107803.808   129.775    24.90   11.96
 108182.620   138.882    24.04    8.29
 108561.519   144.667    15.27    5.93
 108940.503   146.851     5.76    4.22
 109319.574   146.626    -0.59    3.90
 109698.730   144.732    -5.00    4.83
 110077.973   143.194    -4.06    4.27
 110457.302   142.966    -0.60    5.00
 110836.718   144.026     2.79    5.72
 111216.220   142.186    -4.85    6.45
 111595.809   139.096    -8.14    7.20
 111975.484   134.633   -11.76    8.04
 112355.246   128.936   -15.00    7.85
 112735.094   122.148   -17.87    8.07
 113115.029   116.168   -15.74    7.79
 113495.051   110.079   -16.02    6.90
 113875.160   104.940   -13.52    8.94
 114255.355    97.569   -19.39   11.61
 114635.638    89.766   -20.52   12.00
 115016.008    84.599   -13.59    9.75
 115396.464    82.911    -4.44    9.03
 115777.008    83.488     1.52    9.44
 116157.639    89.483    15.75   12.25
 116538.357   106.255    44.06   24.64
 116919.163   127.079    54.69   29.38
 117300.056   147.530    53.70   22.41
 117681.036   159.287    30.86   13.41
 118062.104   163.765    11.75    6.82
 118443.260   163.891     0.33    8.22
 118824.503   162.969    -2.42   10.00
 119205.833   160.042    -7.68   11.62
 119587.252   157.377    -6.99    9.86
 119962.870   155.574    -4.80    8.69
 120327.762   151.347   -11.59   10.86
 120692.733   143.069   -22.68   16.16
 121057.783   130.857   -33.46   19.66
 121422.912   119.118   -32.15   21.02
 121788.121   109.515   -26.30   22.93
 122153.408   102.735   -18.56   23.22
 122518.775    99.079   -10.01   22.25
 122884.220    95.196   -10.63   22.36
 123249.745    89.821   -14.70   23.34
 123615.350    83.236   -18.01   26.85
 123981.033    71.356   -32.49   27.67
 124346.797    58.722   -34.54   22.98
 124712.639    48.223   -28.70   15.49
 125078.561    41.742   -17.71   10.79
 125444.563    41.357    -1.05   11.39
 125810.644    48.346    19.09   14.72
 126176.805    57.406    24.74   14.57
 126543.046    65.126    21.08   11.86
 126909.366    65.970     2.30   12.19
 127275.767    62.636    -9.10   14.36
 127642.247    55.758   -18.77   16.60
 128008.807    47.144   -23.50   18.17
 128375.447    39.208   -21.65   22.04
 128742.167    32.003   -19.65   23.05
 129108.968    24.186   -21.31   21.38
 129475.848    19.591   -12.53   18.27
 129842.809    16.889    -7.36   16.07
 130209.849    23.524    18.08   21.24
 130576.971    38.357    40.41   25.10
 130944.172    49.596    30.61   22.61
 131311.454    61.109    31.35   19.77
 131678.816    68.526    20.19   19.76
 132046.259    73.640    13.92   22.39
 132413.782    78.771    13.96   24.49
 132781.386    90.709    32.48   24.29
 133149.071   101.424    29.15   22.05
 133516.837   106.564    13.98   17.98
 133884.683   109.235     7.26   18.12
 134252.610   105.277   -10.76   23.07
 134620.618   101.356   -10.66   23.66
 134988.706    95.633   -15.55   21.48
 135356.876    93.081    -6.93   18.10
 135725.127    91.377    -4.63   16.13
 136093.459    91.130    -0.67   14.28
 136461.872    92.175     2.84   12.37
 136830.366    94.596     6.57   12.84
 137198.942    98.956    11.83   13.30
 137567.598   103.549    12.46   13.55
 137936.337   106.248     7.32   13.06
 138305.156   105.433    -2.21   11.65
 138674.057   102.676    -7.47   10.01
 139043.040    99.212    -9.39    6.53
 139412.104   101.160     5.28    7.70
 139781.249   106.670    14.93   10.92
 140150.477   111.686    13.59   11.98
 140519.786   113.960     6.16   11.71
 140889.177   111.888    -5.61   11.97
 141258.649   110.307    -4.28   11.28
 141628.204   113.081     7.51   13.00
 141997.841   116.621     9.58   12.29
 142367.559   118.684     5.58    9.67
 142737.360   118.465    -0.59    8.35
 143107.242   115.016    -9.32    8.43
 143477.207   111.478    -9.57    7.38
 143847.254   107.426   -10.95    8.39
 144217.384   102.628   -12.96    9.93
 144587.595    97.660   -13.42    9.68
 144957.889    93.449   -11.37    6.95
 145328.266    93.406    -0.12    7.76
 145698.725    98.990    15.07   11.78
 146069.266   108.049    24.45   14.23
 146439.890   116.277    22.20   12.65
 146810.597   123.056    18.29    7.50
 147181.387   125.752     7.27    4.57
 147552.259   126.498     2.01    5.17
 147923.214   126.081    -1.12    6.07
 148294.252   126.022    -0.16    6.93
 148665.372   125.909    -0.30    7.10
 149036.576   125.276    -1.70    5.99
 149407.863   125.042    -0.63    6.15
 149779.233   123.475    -4.22    7.64
 150150.686   120.670    -7.55    8.41
 150522.222   118.336    -6.28    7.29
 150893.842   116.356    -5.33    6.15
 151265.544   114.901    -3.92    5.98
 151637.331   115.191     0.78    7.05
 152009.200   115.394     0.55    7.46
 152381.153   115.400     0.02    7.34
 152753.190   111.996    -9.15    9.83
 153125.310   106.079   -15.90   12.06
 153497.514    95.748   -27.76   14.00
 153869.801    87.546   -22.03   12.00
 154242.173    85.513    -5.46   10.22
 154614.628    90.885    14.43   12.96
 154987.167    99.771    23.85   11.77
 155359.790   107.010    19.43    7.61
 155732.496   111.087    10.94    6.28
 156105.287   110.336    -2.01    6.86
 156478.162   107.450    -7.74    9.69
 156851.121   104.557    -7.76   11.77
 157224.165   102.841    -4.60   13.50
 157597.292   106.443     9.65   14.97
 157970.504   113.079    17.78   11.85
 158343.800   118.856    15.48    6.50
 158717.181   121.640     7.46    5.52
 159090.646   124.367     7.30    5.94
 159464.196   126.336     5.27    5.41
 159837.830   129.122     7.46    7.58
 160211.549   124.875   -11.37   17.43
 160585.353   108.497   -43.82   35.22
 160959.241    84.705   -63.64   42.15
 161333.215    65.946   -50.17   37.82
 161707.273    55.559   -27.77   29.15
 162081.416    54.576    -2.63   24.73
 162455.644    58.515    10.52   24.15
 162829.957    61.056     6.79   24.30
 163204.356    62.226     3.13   24.65
 163578.839    61.983    -0.65   23.39
 163953.408    61.267    -1.91   23.63
 164328.062    64.548     8.76   26.02
 164702.801    78.979    38.51   30.54
 165077.625   105.182    69.92   45.36
 165452.536   128.990    63.51   43.52
 165827.531   145.905    45.11   28.74
 166202.612   152.356    17.20   13.88
 166577.779   143.132   -24.59   14.48
 166953.032   130.966   -32.42   12.67
 167328.370   122.326   -23.02   13.72
 167703.794   119.584    -7.31   17.48
 168079.304   123.466    10.34   21.01
 168454.900   131.268    20.77   21.23
 168830.582   141.623    27.57   16.32
 169206.350   148.074    17.17   14.35
 169582.204   153.931    15.58   12.45
 169958.144   158.673    12.62   16.20
 170334.170   165.551    18.29   21.04
 170710.283   176.762    29.81   20.96
 171086.482   184.020    19.30   14.66
 171462.767   184.836     2.17    8.47
 171839.139   185.496     1.75   10.17
 172215.597   188.091     6.89   15.04
 172592.142   193.960    15.59   17.90
 172968.773   198.942    13.23   18.16
 173345.491   197.719    -3.25   18.19
 173722.296   190.425   -19.36   16.09
 174099.188   187.901    -6.70   13.20
 174476.167   190.168     6.02   10.92
 174853.232   193.701     9.37    9.30
 175230.384   195.446     4.63    7.13
 175607.624   191.907    -9.38    7.79
 175984.950   186.806   -13.52    7.29
 176362.364   182.660   -10.99    5.69
 176739.865   180.907    -4.64    4.68
 177117.453   181.189     0.75    4.97
 177495.129   180.908    -0.74    5.00
 177872.892   180.003    -2.40    5.40
 178250.742   177.599    -6.36    7.23
 178628.680   173.028   -12.10    9.66
 179006.705   169.943    -8.16    9.76
 179384.818   167.385    -6.76    8.67
 179763.019   163.626    -9.94    8.78
 180141.308   157.462   -16.30    9.05
 180519.684   152.091   -14.20    9.62
 180898.148   145.394   -17.70    8.95
 181276.700   140.836   -12.04    7.33
 181655.341   136.591   -11.21    8.23
 182034.069   132.980    -9.54    9.22
 182412.885   127.841   -13.57   10.80
 182791.790   122.394   -14.38    9.25
 183170.782   118.495   -10.29    5.63
 183549.863   119.374     2.32    6.78
 183929.033   122.185     7.41    7.84
 184308.291   123.754     4.14    7.43
 184687.637   123.904     0.40    7.43
 185067.072   124.278     0.99    7.89
 185446.595   126.020     4.59    9.98
 185826.207   129.773     9.89   10.28
 186205.908   133.143     8.88    9.92
 186585.698   135.123     5.21    9.23
 186965.576   136.516     3.67    8.83
 187345.543   137.022     1.33    9.23
 187725.600   133.986    -7.99   12.69
 188105.745   124.923   -23.85   18.75
 188485.979   113.064   -31.19   21.32
 188866.303   100.923   -31.93   20.09
 189246.716    92.786   -21.39   14.47
 189627.218    87.240   -14.58   15.47
 190007.809    86.506    -1.93   15.78
 190388.490    88.971     6.47   15.51
 190769.260    92.071     8.14   14.11
 191150.120    93.394     3.47   11.31
 191531.070    90.787    -6.84   11.18
 191912.109    85.846   -12.97   10.86
 192293.237    82.679    -8.31    8.90
 192674.456    83.614     2.45    9.25
 193055.764    88.111    11.80   11.70
 193437.163    93.822    14.98   13.05
 193818.651    98.540    12.37   13.91
 194200.229   103.241    12.32   19.76
 194581.897   110.336    18.59   25.23
 194946.889   124.465    38.72   33.59
 195311.618   142.432    49.27   39.18
 195676.427   160.902    50.64   35.95
 196041.317   163.336     6.67   44.22
 196406.288   159.640   -10.13   51.72
 196771.340   154.538   -13.98   56.99
 197136.473   150.152   -12.01   55.92
 197501.686   148.741    -3.86   53.44
 197866.981   146.763    -5.41   49.43
 198232.357   144.195    -7.03   49.45
 198597.814   138.366   -15.95   50.24
 198963.353   129.709   -23.69   49.89
 199328.972   127.444    -6.19   45.01
 199694.673   124.836    -7.13   32.52
 200060.455   128.367     9.66   16.06
 200426.319   129.913     4.23    8.92
 200792.264   133.168     8.90    7.97
 201158.291   135.181     5.50    7.41
 201524.399   131.679    -9.57    9.95
 201890.589   125.254   -17.55    9.82
 202256.861   122.656    -7.09    7.87
 202623.214   124.128     4.02    8.95
 202989.650   131.707    20.69   13.43
 203356.167   141.422    26.51   13.33
 203722.766   150.249    24.08    9.21
 204089.447   156.442    16.89    9.58
 204456.210   162.347    16.10   14.10
 204823.055   167.807    14.89   15.28
 205189.982   175.713    21.55   12.11
 205556.992   179.326     9.85    7.90
 205924.083   179.605     0.76    4.61
 206291.257   178.277    -3.62    5.47
 206658.514   177.938    -0.92    6.19
 207025.853   179.367     3.89    7.56
 207393.274   181.413     5.57    8.11
 207760.778   183.738     6.33    7.43
 208128.364   185.676     5.27    6.33
 208496.033   187.241     4.26    9.06
 208863.784   188.256     2.76   12.53
 209231.619   185.898    -6.41   15.24
 209599.536   181.074   -13.11   15.13
 209967.536   174.694   -17.34   12.71
 210335.619   169.307   -14.64    9.52
 210703.785   165.055   -11.55    5.47
 211072.034   164.738    -0.86    4.68
 211440.366   168.862    11.20    7.23
 211808.781   173.778    13.35    7.81
 212177.279   179.666    15.98    8.30
 212545.861   184.784    13.89    8.22
 212914.526   186.569     4.84    7.80
 213283.274   186.366    -0.55    9.58
 213652.105   181.260   -13.85   13.87
 214021.021   171.606   -26.17   12.02
 214390.019   165.252   -17.22    6.75
 214759.101   161.741    -9.51    4.86
 215128.267   158.394    -9.07    7.21
 215497.517   154.201   -11.36    8.49
 215866.850   148.734   -14.81    6.48
 216236.267   146.942    -4.85    5.21
 216605.768   148.633     4.58    6.64
 216975.353   152.841    11.39   12.28
 217345.022   162.347    25.72   17.98
 217714.774   171.596    25.02   19.02
 218084.611   179.436    21.20   16.26
 218454.533   183.715    11.57   12.16
 218824.538   186.067     6.36    9.79
 219194.627   190.150    11.03   10.91
 219564.801   196.288    16.58   10.54
 219935.059   203.010    18.16    8.92
 220305.402   209.631    17.88    9.76
 220675.829   218.875    24.96   15.02
 221046.341   233.721    40.07   21.63
 221416.937   250.220    44.53   24.59
 221787.618   267.532    46.71   25.35
 222158.384   278.855    30.54   25.33
 222529.234   286.033    19.36   27.15
 222900.169   287.663     4.39   29.10
 223271.190   283.922   -10.08   28.44
 223642.295   285.628     4.60   29.53
 224013.485   288.647     8.13   28.28
 224384.760   292.098     9.30   25.79
 224756.120   298.212    16.47   24.02
 225127.566   307.297    24.46   22.09
 225499.096   308.692     3.75   17.92
 225870.712   295.983   -34.20   23.80
 226242.414   274.270   -58.42   33.86
 226614.200   250.630   -63.59   31.61
 226986.073   233.545   -45.95   18.86
 227358.030   228.182   -14.42   14.21
 227730.074   222.980   -13.98   21.01
 228102.203   216.450   -17.55   23.35
 228474.417   210.920   -14.86   20.32
 228846.718   211.564     1.73   18.55
 229219.104   214.765     8.60   17.65
 229591.576   224.138    25.17   15.46
 229964.134   232.106    21.39    6.10
 230336.778   230.846    -3.38    6.37
 230709.508   224.618   -16.71    9.76
 231082.324   213.394   -30.11   14.91
 231455.227   202.764   -28.51   14.03
 231828.215   195.807   -18.66    8.33
 232201.290   194.204    -4.30    6.97
 232574.452   193.418    -2.11    7.73
 232947.699   188.003   -14.51   12.15
 233321.033   179.488   -22.81   12.85
 233694.454   175.971    -9.42   10.45
 234067.961   178.509     6.80   12.59
 234441.555   185.200    17.91   12.55
 234815.236   191.682    17.35    8.67
 235189.003   192.621     2.51   11.33
 235562.857   191.019    -4.29   13.45
 235936.798   189.881    -3.04   14.15
 236310.826   187.412    -6.60   10.51
 236684.941   188.061     1.73    8.47
 237059.144   190.053     5.32   12.73
 237433.433   187.574    -6.62   17.37
 237807.809   177.317   -27.40   21.87
 238182.273   167.586   -25.99   19.61
 238556.824   169.307     4.60   20.65
 238931.462   181.701    33.09   28.76
 239306.188   204.455    60.73   33.15
 239681.001   216.308    31.63   26.38
 240055.902   216.956     1.73   25.23
 240430.890   205.232   -31.27   28.95
 240805.966   188.541   -44.51   28.26
 241181.130   174.964   -36.19   26.24
 241556.381   168.787   -16.46   25.49
 241931.721   167.779    -2.69   22.35
 242307.148   172.009    11.27   18.87
 242682.663   184.431    33.09   19.16
 243058.267   195.100    28.41   17.10
 243433.958   197.259     5.75   15.21
 243809.738   189.147   -21.59   23.29
 244185.605   176.278   -34.24   28.28
 244561.561   164.441   -31.49   27.64
 244937.606   152.475   -31.83   28.02
 245313.739   149.243    -8.59   27.24
 245689.960   150.772     4.06   28.93
 246066.270   154.241     9.22   30.77
 246442.668   157.184     7.82   30.43
 246819.155   159.342     5.73   28.09
