# NaN NaN NaN ;Mean Elev.(m), Avg Gradient(m/km), RMS Gradient(m/km) - SRTM1     
#   11.021  -1.000  11.446 ;Mean Elev.(m), Avg Gradient(m/km), RMS Gradient(m/km) - ASTER GDEM
#   22.373  -1.231  12.254 ;Mean Elev.(m), Avg Gradient(m/km), RMS Gradient(m/km) - GMTED2010 
  8    28.017 52485.13350224 41.04 123.059040  67.448831 17.642
  8    27.251 52485.13350288 41.48 123.055480  67.445781 17.642
  9    26.904 52520.13346236 20.61 123.077679  67.468535  9.960
  9    26.928 52520.13346300 17.46 123.074109  67.465475  9.960
  9    29.006 52520.13346365 16.84 123.070539  67.462415  9.960
  9    29.676 52520.13346429 16.98 123.066979  67.459355  9.960
  9    30.414 52520.13346494 17.98 123.063409  67.456295  9.960
  9    30.723 52520.13346558 18.68 123.059849  67.453235  9.960
  9    30.738 52520.13346623 24.80 123.056279  67.450185  9.960
  9    30.683 52520.13346687 39.62 123.052719  67.447125  9.960
 11    23.213 52590.13350157 19.97 123.080418  67.466045  6.313
 11    23.288 52590.13350221 22.08 123.076848  67.462985  6.313
 11    23.374 52590.13350286 20.47 123.073278  67.459935  6.313
 11    23.319 52590.13350350 26.68 123.069718  67.456875  6.313
 11    23.835 52590.13350415 22.33 123.066148  67.453815  6.313
 11    26.252 52590.13350479 19.79 123.062588  67.450755  6.313
 11    28.610 52590.13350544 19.07 123.059018  67.447695  6.313
 11    29.730 52590.13350608 18.14 123.055458  67.444645  6.313
 12    24.076 52625.13343371 15.93 123.082196  67.469327  2.607
 12    24.867 52625.13343436 15.81 123.078626  67.466277  2.607
 12    26.322 52625.13343500 14.83 123.075056  67.463217  2.607
 12    24.249 52625.13343565 15.44 123.071496  67.460157  2.607
 12    24.251 52625.13343629 16.05 123.067926  67.457097  2.607
 12    29.173 52625.13343694 15.44 123.064366  67.454037  2.607
 12    27.569 52625.13343758 15.04 123.060796  67.450977  2.607
 12    28.995 52625.13343822 15.24 123.057236  67.447927  2.607
 12    29.915 52625.13343887 14.31 123.053676  67.444867  2.607
 13    26.755 52660.13346797 13.07 123.083880  67.464270  2.470
 13    26.147 52660.13346862 12.80 123.080310  67.461210  2.470
 13    25.702 52660.13346926 13.30 123.076750  67.458150  2.470
 13    25.787 52660.13346991 13.80 123.073180  67.455090  2.470
 13    25.746 52660.13347055 13.17 123.069610  67.452040  2.470
 13    28.137 52660.13347119 13.36 123.066050  67.448980  2.470
 13    28.630 52660.13347184 12.55 123.062490  67.445920  2.470
 13    29.457 52660.13347248 12.63 123.058920  67.442860  2.470
 14    27.110 52695.13344904 11.06 123.094520  67.456677  2.165
 14    26.738 52695.13344968 11.14 123.090960  67.453617  2.165
 14    26.439 52695.13345033 11.27 123.087390  67.450567  2.165
 14    26.361 52695.13345097 11.38 123.083820  67.447507  2.165
 14    26.505 52695.13345162 11.12 123.080260  67.444447  2.165
 14    27.527 52695.13345226 11.50 123.076690  67.441387  2.165
 14    28.659 52695.13345291 11.08 123.073130  67.438337  2.165
 14    29.735 52695.13345355 11.01 123.069560  67.435277  2.165
 14    30.842 52695.13345420 11.40 123.066000  67.432217  2.165
 15    26.762 52730.13347933 10.05 123.087777  67.463958  1.994
 15    25.147 52730.13347998 10.84 123.084207  67.460908  1.994
 15    26.238 52730.13348062 10.59 123.080637  67.457848  1.994
 15    26.324 52730.13348127 10.75 123.077077  67.454788  1.994
 15    26.577 52730.13348191 10.68 123.073507  67.451728  1.994
 15    27.210 52730.13348256 10.16 123.069947  67.448668  1.994
 15    28.090 52730.13348320  9.98 123.066377  67.445618  1.994
 15    29.387 52730.13348385  9.74 123.062817  67.442558  1.994
 15    29.969 52730.13348449  9.89 123.059257  67.439498  1.994
 18    28.569 52835.13355127 22.03 123.075052  67.443037  9.620
 18    28.507 52835.13355191 21.07 123.071482  67.439977  9.620
 18    29.008 52835.13355256 20.32 123.067922  67.436917  9.620
 18    29.309 52835.13355320 19.64 123.064363  67.433864 19.340
 19    27.727 52870.13358920 24.02 123.088569  67.461248 11.321
 19    27.795 52870.13358984 19.88 123.084999  67.458198 11.321
 19    27.736 52870.13359048 17.90 123.081429  67.455138 11.321
 19    29.268 52870.13359113 17.77 123.077869  67.452078 11.321
 19    29.768 52870.13359177 17.90 123.074299  67.449018 11.321
 19    31.209 52870.13359242 18.09 123.070739  67.445958 11.321
 19    31.631 52870.13359306 17.36 123.067169  67.442908 11.321
 19    31.338 52870.13359371 17.37 123.063609  67.439848 11.321
 19    29.951 52870.13359435 18.39 123.060049  67.436788 11.321
 21    22.555 52940.13352300 51.36 123.074549  67.473861 22.762
 21    22.833 52940.13352364 46.77 123.070989  67.470801 22.762
 21    22.678 52940.13352428 46.54 123.067419  67.467741 22.762
 21    22.770 52940.13352493 45.20 123.063859  67.464681 22.762
 21    22.659 52940.13352557 44.06 123.060289  67.461621 22.762
 21    22.783 52940.13352622 43.00 123.056729  67.458561 22.762
 21    22.655 52940.13352686 39.52 123.053159  67.455511 22.762
 22    23.376 52975.13356930 16.65 123.088715  67.462686  3.725
 22    23.414 52975.13356994 16.65 123.085145  67.459636  3.725
 22    23.650 52975.13357058 16.24 123.081575  67.456576  3.725
 22    23.792 52975.13357123 16.19 123.078015  67.453516  3.725
 22    23.972 52975.13357187 17.02 123.074445  67.450456  3.725
 22    25.049 52975.13357252 16.91 123.070885  67.447406  3.725
 22    27.526 52975.13357316 17.15 123.067315  67.444346  3.725
 22    28.572 52975.13357381 17.44 123.063755  67.441286  3.725
 22    30.074 52975.13357445 16.35 123.060195  67.438226  3.725
 23    24.165 53010.13357352 12.02 123.080519  67.467410  2.355
 23    23.727 53010.13357417 12.20 123.076949  67.464350  2.355
 23    23.818 53010.13357481 12.75 123.073389  67.461290  2.355
 23    23.436 53010.13357546 12.88 123.069819  67.458240  2.355
 23    24.137 53010.13357610 12.75 123.066249  67.455180  2.355
 23    25.764 53010.13357675 12.62 123.062689  67.452120  2.355
 23    27.882 53010.13357739 12.38 123.059119  67.449060  2.355
 23    29.455 53010.13357804 12.05 123.055559  67.446010  2.355
 24    24.587 53045.13353613 10.39 123.089625  67.460461  2.753
 24    23.658 53045.13353678 11.21 123.086065  67.457401  2.753
 24    25.147 53045.13353742 11.23 123.082495  67.454341  2.753
 24    24.886 53045.13353806 11.41 123.078925  67.451291  2.753
 24    24.834 53045.13353871 12.54 123.075355  67.448231  2.753
 24    26.095 53045.13353935 13.43 123.071795  67.445171  2.753
 24    27.121 53045.13354000 13.73 123.068235  67.442111  2.753
 24    29.439 53045.13354064 11.88 123.064665  67.439051  2.753
 24    30.816 53045.13354129 11.45 123.061105  67.436001  2.753
 25    24.768 53080.13356894  9.03 123.079687  67.469177  1.977
 25    25.579 53080.13356958  9.32 123.076117  67.466117  1.977
 25    26.102 53080.13357023  9.51 123.072557  67.463057  1.977
 25    25.565 53080.13357087 10.17 123.068987  67.459997  1.977
 25    25.575 53080.13357152 10.05 123.065417  67.456947  1.977
 25    27.998 53080.13357216  9.54 123.061857  67.453887  1.977
 25    29.055 53080.13357281  9.33 123.058287  67.450827  1.977
 25    29.808 53080.13357345  9.10 123.054727  67.447767  1.977
 26    25.077 53115.13354035  8.62 123.088837  67.462180  2.091
 26    25.212 53115.13354099  8.20 123.085277  67.459120  2.091
 26    25.469 53115.13354164  8.69 123.081707  67.456060  2.091
 26    25.855 53115.13354228  9.05 123.078137  67.453010  2.091
 26    26.600 53115.13354293  8.92 123.074567  67.449950  2.091
 26    27.345 53115.13354357  8.86 123.071007  67.446890  2.091
 26    28.477 53115.13354422  8.45 123.067437  67.443830  2.091
 26    29.423 53115.13354486  8.75 123.063877  67.440770  2.091
 26    30.586 53115.13354551  8.83 123.060317  67.437720  2.091
 27    46.878 53150.13358683  2.88 123.081768  67.464264  5.932
 27    47.707 53150.13358747  1.59 123.078208  67.461204  5.932
 27    32.455 53150.13358812 12.64 123.074638  67.458144  5.932
 27    25.624 53150.13358941 25.42 123.067508  67.452034  5.932
 27    25.531 53150.13359005 26.91 123.063938  67.448974  5.932
 27    33.147 53150.13359070 23.95 123.060378  67.445914  5.932
 27    34.760 53150.13359134 24.52 123.056808  67.442854  5.932
 28    32.375 53185.13357869 17.29 123.088396  67.459326  4.604
 28    32.710 53185.13357933 16.95 123.084826  67.456276  4.604
 28    33.458 53185.13357998 16.96 123.081256  67.453216  4.604
 28    33.064 53185.13358062 17.21 123.077696  67.450156  4.604
 28    34.085 53185.13358127 16.84 123.074126  67.447096  4.604
 28    33.846 53185.13358256 17.27 123.067006  67.440986  4.604
 28    33.559 53185.13358320 18.77 123.063446  67.437926  4.604
 28    33.226 53185.13358385 20.48 123.059876  67.434866  4.604
 29    27.359 53220.13360313 30.44 123.083279  67.466913 15.558
 29    27.433 53220.13360378 26.09 123.079719  67.463863 15.558
 29    27.038 53220.13360442 22.37 123.076149  67.460803 15.558
 29    26.553 53220.13360507 20.15 123.072579  67.457743 15.558
 29    30.540 53220.13360571 16.89 123.069019  67.454683 15.558
 29    30.887 53220.13360635 16.42 123.065449  67.451623 15.558
 29    31.036 53220.13360700 22.10 123.061889  67.448573 15.558
 29    31.745 53220.13360764 27.38 123.058329  67.445513 15.558
 29    33.597 53220.13360829 31.77 123.054759  67.442453 15.558
 30    26.859 53255.13357956 20.76 123.073141  67.471259 17.611
 30    26.856 53255.13358021 19.24 123.069571  67.468199 17.611
 30    26.472 53255.13358085 18.80 123.066001  67.465149 17.611
 30    29.811 53255.13358150 18.67 123.062441  67.462089 17.611
 30    30.670 53255.13358214 17.56 123.058871  67.459029 17.611
 30    30.929 53255.13358279 22.39 123.055311  67.455969 17.611
 30    31.073 53255.13358343 31.08 123.051741  67.452909 17.611
 31    26.792 53290.13358973 32.33 123.088556  67.462236 15.468
 31    26.760 53290.13359038 38.06 123.084986  67.459176 15.468
 31    26.922 53290.13359102 28.99 123.081416  67.456126 15.468
 31    26.436 53290.13359166 26.21 123.077846  67.453066 15.468
 31    26.173 53290.13359231 26.92 123.074276  67.450006 15.468
 31    26.332 53290.13359295 28.18 123.070716  67.446946 15.468
 31    26.682 53290.13359360 28.14 123.067146  67.443896 15.468
 31    26.856 53290.13359424 30.17 123.063586  67.440836 15.468
 31    26.948 53290.13359489 41.71 123.060016  67.437776 15.468
 32    27.590 53325.13356456 13.70 123.086452  67.464322  2.543
 32    27.979 53325.13356521 14.22 123.082882  67.461262  2.543
 32    25.268 53325.13356585 13.96 123.079322  67.458202  2.543
 32    29.197 53325.13356649 14.19 123.075752  67.455142  2.543
 32    29.280 53325.13356714 13.78 123.072192  67.452092  2.543
 32    26.782 53325.13356778 13.95 123.068622  67.449032  2.543
 32    28.190 53325.13356843 13.95 123.065062  67.445972  2.543
 32    29.153 53325.13356907 14.25 123.061502  67.442912  2.543
 32    30.110 53325.13356972 13.84 123.057942  67.439852  2.543
 33    27.766 53360.13352437 10.07 123.080786  67.466582  1.999
 33    28.186 53360.13352501 10.53 123.077216  67.463522  1.999
 33    29.164 53360.13352566 10.54 123.073646  67.460462  1.999
 33    27.511 53360.13352630 10.22 123.070086  67.457402  1.999
 33    25.980 53360.13352695 10.69 123.066516  67.454342  1.999
 33    30.164 53360.13352759 10.51 123.062956  67.451282  1.999
 33    29.147 53360.13352823 10.54 123.059396  67.448232  1.999
 33    29.859 53360.13352888 10.38 123.055836  67.445172  1.999
 34    27.165 53395.13354317  8.90 123.091762  67.462172  1.985
 34    27.769 53395.13354382  9.24 123.088202  67.459112  1.985
 34    26.500 53395.13354446  9.03 123.084632  67.456052  1.985
 34    26.456 53395.13354510  9.78 123.081062  67.453002  1.985
 34    26.104 53395.13354575  9.15 123.077492  67.449942  1.985
 34    26.546 53395.13354639  9.43 123.073932  67.446882  1.985
 34    27.853 53395.13354704  9.53 123.070362  67.443822  1.985
 34    28.736 53395.13354768  9.55 123.066802  67.440762  1.985
 34    29.871 53395.13354833 10.23 123.063242  67.437712  1.985
 34    31.147 53395.13354897 10.14 123.059682  67.434652  1.985
 35    27.007 53430.13353532  9.12 123.081597  67.468443  1.957
 35    26.634 53430.13353597  9.47 123.078027  67.465393  1.957
 35    26.377 53430.13353661  9.79 123.074457  67.462333  1.957
 35    26.455 53430.13353726  9.57 123.070897  67.459273  1.957
 35    29.727 53430.13353790  9.31 123.067327  67.456213  1.957
 35    25.936 53430.13353855  9.73 123.063767  67.453153  1.957
 35    27.416 53430.13353919 10.02 123.060197  67.450103  1.957
 35    29.736 53430.13353984  9.56 123.056637  67.447043  1.957
 36    27.678 53465.13356332  6.39 123.094394  67.460216  2.338
 36    27.723 53465.13356397  6.63 123.090834  67.457156  2.338
 36    27.534 53465.13356461  6.73 123.087264  67.454096  2.338
 36    27.122 53465.13356526  7.01 123.083694  67.451036  2.338
 36    26.731 53465.13356590  7.09 123.080124  67.447986  2.338
 36    27.384 53465.13356655  7.60 123.076564  67.444926  2.338
 36    28.364 53465.13356719  7.35 123.072994  67.441866  2.338
 36    29.706 53465.13356784  7.65 123.069434  67.438806  2.338
 36    30.600 53465.13356848  7.78 123.065871  67.435745  2.758
 36    31.748 53465.13356913  7.57 123.062311  67.432695  2.758
 37    50.600 53500.13362811  4.97 123.060907  67.449749  6.227
 37    46.287 53500.13362876  8.72 123.057337  67.446699  6.227
 38    30.343 53535.13361155 14.89 123.084672  67.467058  5.521
 38    30.112 53535.13361220 14.17 123.081102  67.463998  5.521
 38    30.228 53535.13361284 14.55 123.077542  67.460938  5.521
 38    30.749 53535.13361349 14.46 123.073972  67.457878  5.521
 38    31.467 53535.13361413 14.40 123.070402  67.454818  5.521
 38    32.650 53535.13361478 14.97 123.066842  67.451768  5.521
 38    32.807 53535.13361542 17.96 123.063282  67.448708  5.521
 38    32.409 53535.13361607 24.71 123.059712  67.445648  5.521
 38    31.971 53535.13361671 32.37 123.056152  67.442588  5.521
 39    27.951 53570.13362316 27.74 123.078631  67.467944 10.151
 39    28.349 53570.13362380 24.81 123.075061  67.464884 10.151
 39    28.836 53570.13362445 19.39 123.071491  67.461834 10.151
 39    30.014 53570.13362509 17.98 123.067921  67.458774 10.151
 39    30.596 53570.13362573 18.57 123.064361  67.455714 10.151
 39    31.047 53570.13362638 18.32 123.060791  67.452654 10.151
 39    31.028 53570.13362702 28.27 123.057231  67.449594 10.151
 39    31.283 53570.13362767 36.46 123.053671  67.446544 10.151
 40    28.540 53605.13356999 18.84 123.076059  67.470464  7.594
 40    28.597 53605.13357063 18.10 123.072489  67.467414  7.594
 40    28.119 53605.13357127 18.62 123.068929  67.464354  7.594
 40    28.289 53605.13357192 18.83 123.065359  67.461294  7.594
 41    28.535 53640.13357154 35.11 123.084791  67.456262  9.428
 41    28.673 53640.13357219 42.56 123.081221  67.453202  9.428
 41    28.345 53640.13357283 44.07 123.077651  67.450152  9.428
 41    29.046 53640.13357348 40.42 123.074091  67.447092  9.428
 41    29.253 53640.13357412 40.55 123.070521  67.444032  9.428
 41    29.317 53640.13357476 42.38 123.066961  67.440972  9.428
 41    29.207 53640.13357541 46.23 123.063391  67.437912  9.428
 41    27.487 53640.13357605 46.56 123.059831  67.434862  9.428
 42    22.669 53675.13358955 28.96 123.083631  67.467227 27.005
 42    22.730 53675.13359020 30.38 123.080061  67.464167 27.005
 42    22.897 53675.13359084 31.87 123.076491  67.461117 27.005
 42    22.970 53675.13359149 34.22 123.072921  67.458057 27.005
 42    23.114 53675.13359213 38.91 123.069361  67.454997 27.005
 42    23.050 53675.13359278 43.45 123.065791  67.451937 27.005
 42    22.984 53675.13359342 42.85 123.062231  67.448887 27.005
 42    22.991 53675.13359406 39.33 123.058661  67.445827 27.005
 42    22.918 53675.13359471 38.07 123.055101  67.442767 27.005
 43    23.721 53710.13351949 19.57 123.080664  67.469235  5.622
 43    23.764 53710.13352013 20.02 123.077094  67.466175  5.622
 43    23.875 53710.13352078 21.63 123.073534  67.463125  5.622
 43    23.976 53710.13352142 22.59 123.069964  67.460065  5.622
 43    24.013 53710.13352207 22.64 123.066404  67.457005  5.622
 43    24.121 53710.13352271 24.23 123.062834  67.453945  5.622
 43    24.199 53710.13352336 23.93 123.059274  67.450885  5.622
 43    24.105 53710.13352400 23.11 123.055714  67.447825  5.622
 45    22.005 53780.13346110 14.10 123.085703  67.461636  4.089
 45    22.298 53780.13346174 14.50 123.082143  67.458576  4.089
 45    22.246 53780.13346239 17.05 123.078573  67.455516  4.089
 45    22.668 53780.13346303 15.98 123.075003  67.452466  4.089
 45    22.741 53780.13346368 17.54 123.071443  67.449406  4.089
 45    22.626 53780.13346432 17.62 123.067883  67.446346  4.089
 45    22.652 53780.13346497 17.44 123.064313  67.443286  4.089
 45    22.756 53780.13346561 16.04 123.060753  67.440226  4.089
 45    22.781 53780.13346626 16.23 123.057193  67.437166  4.089
 46    24.276 53815.13342998 10.83 123.075209  67.472372  2.086
 46    22.537 53815.13343062 11.22 123.071639  67.469309  2.454
 46    23.166 53815.13343127 11.43 123.068079  67.466259  2.454
 46    22.678 53815.13343191 11.93 123.064509  67.463199  2.454
 46    23.449 53815.13343256 12.21 123.060949  67.460139  2.454
 46    25.072 53815.13343320 11.52 123.057379  67.457079  2.454
 46    25.869 53815.13343385 11.21 123.053819  67.454019  2.454
 47    22.986 53850.13349530  9.54 123.089826  67.462609  2.992
 47    22.253 53850.13349594 10.92 123.086256  67.459549  2.992
 47    22.533 53850.13349659 10.23 123.082686  67.456489  2.992
 47    21.911 53850.13349723 11.76 123.079126  67.453439  2.992
 47    23.209 53850.13349788 10.70 123.075556  67.450379  2.992
 47    24.546 53850.13349852 11.52 123.071986  67.447319  2.992
 47    26.116 53850.13349917 11.78 123.068426  67.444259  2.992
 47    28.565 53850.13349981 10.71 123.064856  67.441199  2.992
 47    29.521 53850.13350046 10.92 123.061296  67.438149  2.992
 49    30.891 53920.13357397 16.21 123.080004  67.467934 15.996
 49    30.903 53920.13357461 15.30 123.076434  67.464874 15.996
 49    31.338 53920.13357525 15.09 123.072864  67.461814 15.996
 49    31.498 53920.13357590 15.86 123.069294  67.458754 15.996
 49    31.675 53920.13357654 19.91 123.065734  67.455694 15.996
 49    31.704 53920.13357719 22.30 123.062164  67.452644 15.996
 49    31.830 53920.13357783 26.80 123.058604  67.449584 15.996
 49    32.072 53920.13357848 28.74 123.055034  67.446524 15.996
 50    27.573 53955.13357265 26.68 123.079903  67.470528 13.463
 50    27.600 53955.13357329 22.25 123.076333  67.467468 13.463
 50    29.053 53955.13357394 20.62 123.072773  67.464418 13.463
 50    29.958 53955.13357458 17.86 123.069203  67.461358 13.463
 50    30.506 53955.13357523 17.29 123.065633  67.458298 13.463
 50    31.054 53955.13357587 17.90 123.062073  67.455238 13.463
 50    31.170 53955.13357652 20.68 123.058503  67.452178 13.463
 50    31.257 53955.13357716 28.62 123.054943  67.449128 13.463
 51    29.646 53990.13349096 15.51 123.078465  67.470940  4.850
 51    29.741 53990.13349161 16.01 123.074895  67.467880  4.850
 51    29.742 53990.13349225 16.16 123.071335  67.464820  4.850
 51    30.106 53990.13349290 15.89 123.067768  67.461764 24.990
 51    30.626 53990.13349354 15.88 123.064198  67.458704 24.990
 51    31.232 53990.13349419 16.01 123.060638  67.455644 24.990
 51    31.268 53990.13349483 21.81 123.057078  67.452584 24.990
 51    31.320 53990.13349548 29.60 123.053518  67.449524 24.990
 52    25.740 54025.13355765 40.28 123.090831  67.458724 28.390
 52    25.812 54025.13355830 47.84 123.087271  67.455664 28.390
 52    25.658 54025.13355894 47.48 123.083701  67.452604 28.390
 52    25.839 54025.13355959 44.55 123.080131  67.449544 28.390
 52    25.808 54025.13356023 49.19 123.076571  67.446494 28.390
 52    25.728 54025.13356088 53.06 123.073001  67.443434 28.390
 52    25.795 54025.13356152 49.20 123.069441  67.440374 28.390
 52    25.651 54025.13356217 48.67 123.065871  67.437314 28.390
 52    25.792 54025.13356281 48.07 123.062311  67.434254 28.390
 53    23.330 54060.13355059 28.84 123.086986  67.461128  8.584
 53    23.763 54060.13355123 30.82 123.083416  67.458068  8.584
 53    24.266 54060.13355188 34.74 123.079846  67.455008  8.584
 53    24.216 54060.13355252 37.87 123.076286  67.451958  8.584
 53    24.209 54060.13355317 30.91 123.072726  67.448898  8.584
 53    24.186 54060.13355381 28.40 123.069156  67.445838  8.584
 53    24.059 54060.13355446 25.84 123.065596  67.442778  8.584
 53    23.881 54060.13355510 25.81 123.062036  67.439718  8.584
 53    23.688 54060.13355575 24.06 123.058476  67.436668  8.584
 54    23.989 54095.13352473 21.59 123.077710  67.471247  5.785
 54    24.434 54095.13352537 21.92 123.074140  67.468197  5.785
 54    24.547 54095.13352602 23.11 123.070570  67.465137  5.785
 54    24.565 54095.13352666 23.71 123.067010  67.462077  5.785
 54    24.733 54095.13352731 24.96 123.063440  67.459017  5.785
 54    24.710 54095.13352795 26.01 123.059880  67.455957  5.785
 54    24.713 54095.13352860 25.58 123.056320  67.452907  5.785
 54    24.704 54095.13352924 25.03 123.052750  67.449847  5.785
 55    23.439 54130.13347053 17.57 123.094546  67.458388  5.043
 55    23.686 54130.13347118 19.30 123.090976  67.455328  5.043
 55    23.819 54130.13347182 20.96 123.087406  67.452268  5.043
 55    23.830 54130.13347247 21.33 123.083846  67.449218  5.043
 55    23.735 54130.13347311 22.64 123.080276  67.446158  5.043
 55    23.820 54130.13347376 21.93 123.076716  67.443098  5.043
 55    23.934 54130.13347440 19.42 123.073146  67.440038  5.043
 55    23.898 54130.13347505 19.24 123.069586  67.436988  5.043
 55    23.643 54130.13347569 17.96 123.066026  67.433928  5.043
 56    21.856 54165.13349658 17.52 123.079962  67.467560  4.954
 56    22.233 54165.13349722 16.88 123.076402  67.464500  4.954
 56    22.664 54165.13349787 16.77 123.072832  67.461440  4.954
 56    22.727 54165.13349851 19.22 123.069262  67.458380  4.954
 56    22.856 54165.13349916 20.20 123.065702  67.455330  4.954
 56    22.890 54165.13349980 19.93 123.062132  67.452270  4.954
 56    22.950 54165.13350045 19.86 123.058572  67.449210  4.954
 56    23.032 54165.13350109 18.17 123.055012  67.446150  4.954
 57    27.861 54200.13347292 13.71 123.092055  67.462145  3.796
 57    22.384 54200.13347356 15.08 123.088495  67.459085  3.796
 57    28.974 54200.13347421 15.15 123.084925  67.456025  3.796
 57    22.558 54200.13347485 17.60 123.081355  67.452965  3.796
 57    22.804 54200.13347550 17.08 123.077785  67.449915  3.796
 57    23.243 54200.13347614 17.30 123.074225  67.446855  3.796
 57    23.128 54200.13347679 16.82 123.070655  67.443795  3.796
 57    25.600 54200.13347743 15.39 123.067095  67.440735  3.796
 57    23.306 54200.13347808 15.67 123.063531  67.437674  3.167
 57    31.127 54200.13347872 14.13 123.059971  67.434624  3.167
 58    44.321 54235.13351350 10.75 123.076384  67.452785  4.808
 58    45.063 54235.13351415 11.22 123.072814  67.449725  4.808
 58    43.291 54235.13351479 15.55 123.069254  67.446665  4.808
 58    43.470 54235.13351544 17.20 123.065684  67.443605  4.808
 58    23.932 54235.13351672 39.62 123.058564  67.437495  4.808
 61    26.818 54340.13351710 42.88 123.080361  67.466803 25.428
 61    26.856 54340.13351774 48.71 123.076801  67.463743 25.428
 61    26.829 54340.13351839 45.89 123.073231  67.460683 25.428
 61    26.835 54340.13351903 44.01 123.069661  67.457633 25.428
 61    26.830 54340.13351967 39.74 123.066101  67.454573 25.428
 61    26.858 54340.13352032 42.96 123.062531  67.451513 25.428
 61    26.755 54340.13352096 46.73 123.058971  67.448453 25.428
 61    26.926 54340.13352161 47.05 123.055411  67.445393 25.428
 62    32.279 54375.13347188 15.30 123.071748  67.448026  7.503
 62    32.758 54375.13347253 15.34 123.068178  67.444966  7.503
 62    32.362 54375.13347317 19.23 123.064618  67.441906  7.503
 62    32.652 54375.13347382 16.04 123.061058  67.438846  7.503
 63    23.942 54410.13346376 21.46 123.081945  67.464693 13.880
 63    24.094 54410.13346440 20.07 123.078375  67.461643 13.880
 63    24.234 54410.13346505 20.49 123.074805  67.458583 13.880
 63    24.417 54410.13346569 23.94 123.071245  67.455523 13.880
 63    24.386 54410.13346634 27.79 123.067675  67.452463 13.880
 63    24.377 54410.13346698 27.43 123.064115  67.449403 13.880
 63    24.355 54410.13346763 26.31 123.060545  67.446353 13.880
 63    24.469 54410.13346827 23.57 123.056985  67.443293 13.880
 64    24.012 54445.13343266 13.61 123.092207  67.457568  3.751
 64    24.404 54445.13343330 13.63 123.088637  67.454508  3.751
 64    24.579 54445.13343395 13.58 123.085067  67.451458  3.751
 64    24.710 54445.13343459 14.13 123.081497  67.448398  3.751
 64    24.576 54445.13343524 16.10 123.077937  67.445338  3.751
 64    24.771 54445.13343588 15.52 123.074367  67.442278  3.751
 64    27.590 54445.13343653 14.28 123.070807  67.439218  3.751
 64    29.219 54445.13343717 13.65 123.067247  67.436168  3.751
 64    30.953 54445.13343782 12.54 123.063677  67.433108  3.751
 65    23.555 54480.13345435 12.74 123.086084  67.465103  3.003
 65    23.568 54480.13345499 12.93 123.082514  67.462043  3.003
 65    24.120 54480.13345564 12.09 123.078944  67.458983  3.003
 65    24.384 54480.13345628 11.98 123.075384  67.455923  3.003
 65    24.625 54480.13345693 12.58 123.071814  67.452863  3.003
 65    24.593 54480.13345757 14.24 123.068254  67.449803  3.003
 65    25.352 54480.13345822 13.67 123.064684  67.446753  3.003
 65    27.575 54480.13345886 13.32 123.061124  67.443693  3.003
 65    29.656 54480.13345951 12.39 123.057564  67.440633  3.003
 66    23.789 54515.13344724  9.81 123.091226  67.457217  2.952
 66    23.927 54515.13344789  9.82 123.087656  67.454157  2.952
 66    23.834 54515.13344853 10.62 123.084086  67.451097  2.952
 66    25.224 54515.13344917  9.91 123.080516  67.448047  2.952
 66    25.191 54515.13344982 11.79 123.076956  67.444987  2.952
 66    24.949 54515.13345046 12.27 123.073396  67.441927  2.952
 66    28.755 54515.13345111  9.44 123.069826  67.438867  2.952
 66    30.217 54515.13345175  9.70 123.066262  67.435806  2.765
 66    31.456 54515.13345240  9.47 123.062702  67.432756  2.765
 67    25.637 54550.13346715  7.23 123.080494  67.468283  1.943
 67    26.754 54550.13346779  7.44 123.076934  67.465223  1.943
 67    26.426 54550.13346844  7.78 123.073364  67.462163  1.943
 67    26.718 54550.13346908  7.59 123.069794  67.459113  1.943
 67    27.031 54550.13346973  7.43 123.066234  67.456053  1.943
 67    27.860 54550.13347037  7.15 123.062664  67.452993  1.943
 67    29.187 54550.13347102  6.73 123.059104  67.449933  1.943
 67    29.869 54550.13347166  6.87 123.055544  67.446873  1.943
 68    28.122 54585.13344198  5.75 123.085818  67.462263  3.784
 68    27.114 54585.13344263  6.59 123.082248  67.459213  3.784
 68    27.850 54585.13344327  5.71 123.078678  67.456153  3.784
 68    28.097 54585.13344392  5.35 123.075118  67.453093  3.784
 68    28.299 54585.13344456  5.81 123.071548  67.450033  3.784
 68    30.734 54585.13344521  5.84 123.067988  67.446973  3.784
 68    32.803 54585.13344585  5.70 123.064418  67.443913  3.784
 68    32.738 54585.13344650  7.99 123.060858  67.440863  3.784
 68    32.267 54585.13344714  6.45 123.057298  67.437803  3.784
 69    34.212 54620.13346160 24.13 123.082829  67.462525  4.710
 69    35.395 54620.13346225 25.38 123.079259  67.459475  4.710
 69    36.245 54620.13346289 24.90 123.075689  67.456415  4.710
 69    36.471 54620.13346354 26.06 123.072129  67.453355  4.710
 69    37.054 54620.13346418 26.09 123.068559  67.450295  4.710
 69    37.174 54620.13346483 26.52 123.064999  67.447235  4.710
 69    36.928 54620.13346547 24.76 123.061439  67.444185  4.710
 69    36.856 54620.13346612 25.26 123.057869  67.441125  4.710
 70    28.673 54655.13347184 26.63 123.082837  67.465346 11.164
 70    28.324 54655.13347249 22.91 123.079267  67.462286 11.164
 70    29.676 54655.13347313 19.14 123.075697  67.459236 11.164
 70    29.311 54655.13347378 17.62 123.072127  67.456176 11.164
 70    28.721 54655.13347442 16.80 123.068567  67.453116 11.164
 70    31.199 54655.13347507 16.52 123.064997  67.450056 11.164
 70    33.458 54655.13347571 16.01 123.061437  67.446996 11.164
 70    34.030 54655.13347636 21.77 123.057877  67.443936 11.164
 71    27.583 54690.13345784 35.67 123.081399  67.467213 22.965
 71    27.510 54690.13345849 29.18 123.077829  67.464153 22.965
 71    27.358 54690.13345913 27.22 123.074269  67.461093 22.965
 71    27.284 54690.13345978 27.41 123.070699  67.458033 22.965
 71    27.041 54690.13346042 27.15 123.067139  67.454983 22.965
 71    26.991 54690.13346107 27.51 123.063569  67.451923 22.965
 71    26.990 54690.13346171 27.58 123.060009  67.448863 22.965
 71    32.140 54690.13346235 30.70 123.056449  67.445803 22.965
 72    31.940 54725.13342272 16.67 123.091534  67.458772 10.613
 72    32.094 54725.13342337 16.66 123.087964  67.455712 10.613
 72    31.752 54725.13342401 17.08 123.084394  67.452652 10.613
 72    32.044 54725.13342466 16.58 123.080824  67.449592 10.613
 72    32.510 54725.13342530 16.58 123.077264  67.446542 10.613
 72    32.497 54725.13342595 16.31 123.073694  67.443482 10.613
 72    32.290 54725.13342659 16.51 123.070134  67.440422 10.613
 72    32.221 54725.13342724 17.28 123.066574  67.437362 10.613
 72    32.199 54725.13342788 18.78 123.063012  67.434309 25.986
 73    25.133 54760.13343447 33.27 123.083743  67.466884 30.045
 73    25.181 54760.13343511 40.49 123.080183  67.463824 30.045
 73    25.256 54760.13343576 42.94 123.076613  67.460764 30.045
 73    25.223 54760.13343640 41.48 123.073043  67.457714 30.045
 73    25.132 54760.13343705 44.32 123.069483  67.454654 30.045
 73    25.291 54760.13343769 46.07 123.065913  67.451594 30.045
 73    25.224 54760.13343834 42.45 123.062353  67.448534 30.045
 73    25.204 54760.13343898 41.31 123.058793  67.445474 30.045
 73    25.270 54760.13343962 38.58 123.055223  67.442424 30.045
 74    24.184 54795.13341631 17.69 123.092269  67.458080  6.914
 74    24.204 54795.13341695 18.82 123.088709  67.455020  6.914
 74    24.252 54795.13341760 21.70 123.085139  67.451960  6.914
 74    24.186 54795.13341824 23.53 123.081569  67.448910  6.914
 74    24.190 54795.13341889 24.24 123.078009  67.445850  6.914
 74    24.174 54795.13341953 23.85 123.074439  67.442790  6.914
 74    24.272 54795.13342018 24.37 123.070879  67.439730  6.914
 74    24.255 54795.13342082 22.15 123.067314  67.436671  3.122
 74    24.065 54795.13342146 19.80 123.063754  67.433621  3.122
 75    24.439 54830.13343461 15.02 123.083737  67.463782  4.112
 75    24.584 54830.13343525 14.69 123.080167  67.460722  4.112
 75    24.689 54830.13343590 14.55 123.076597  67.457672  4.112
 75    24.757 54830.13343654 15.31 123.073037  67.454612  4.112
 75    24.992 54830.13343719 15.21 123.069467  67.451552  4.112
 75    24.886 54830.13343783 16.52 123.065907  67.448492  4.112
 75    24.985 54830.13343847 17.57 123.062337  67.445432  4.112
 75    24.869 54830.13343912 16.01 123.058777  67.442372  4.112
 76    23.857 54865.13341043 13.73 123.093463  67.461200  4.811
 76    23.689 54865.13341108 13.85 123.089903  67.458140  4.811
 76    23.800 54865.13341172 14.65 123.086333  67.455080  4.811
 76    23.957 54865.13341237 16.43 123.082763  67.452020  4.811
 76    23.988 54865.13341301 17.62 123.079193  67.448970  4.811
 76    23.916 54865.13341366 17.21 123.075633  67.445910  4.811
 76    23.920 54865.13341430 17.59 123.072063  67.442850  4.811
 76    24.113 54865.13341494 16.06 123.068503  67.439790  4.811
 76    23.836 54865.13341559 16.27 123.064940  67.436729  2.766
 76    24.280 54865.13341623 14.84 123.061380  67.433679  2.766
 77    23.446 54900.13343309 11.41 123.082256  67.469248  2.971
 77    23.140 54900.13343373 10.89 123.078696  67.466188  2.971
 77    22.600 54900.13343438 10.66 123.075126  67.463128  2.971
 77    23.025 54900.13343502 10.77 123.071556  67.460078  2.971
 77    23.404 54900.13343567 10.72 123.067996  67.457018  2.971
 77    24.303 54900.13343631 10.26 123.064426  67.453958  2.971
 77    25.216 54900.13343696 10.47 123.060866  67.450898  2.971
 77    27.769 54900.13343760 10.00 123.057306  67.447838  2.971
 77    29.277 54900.13343825 10.33 123.053736  67.444788  2.971
 78    23.853 54935.13340274  9.56 123.087283  67.460689  2.560
 78    23.322 54935.13340339  9.55 123.083713  67.457639  2.560
 78    25.276 54935.13340403  9.59 123.080143  67.454579  2.560
 78    25.560 54935.13340468  9.69 123.076583  67.451519  2.560
 78    25.152 54935.13340532  9.62 123.073013  67.448459  2.560
 78    26.827 54935.13340597  9.45 123.069453  67.445399  2.560
 78    26.555 54935.13340661  9.62 123.065883  67.442339  2.560
 78    29.314 54935.13340725  9.87 123.062323  67.439289  2.560
 78    30.587 54935.13340790  9.83 123.058763  67.436229  2.560
 80    31.454 55005.13345442 16.66 123.084897  67.467483  5.085
 80    32.068 55005.13345506 15.27 123.081337  67.464423  5.085
 80    31.913 55005.13345571 15.09 123.077767  67.461363  5.085
 80    32.247 55005.13345635 14.95 123.074197  67.458313  5.085
 80    32.610 55005.13345700 14.49 123.070627  67.455253  5.085
 80    33.678 55005.13345764 14.33 123.067067  67.452193  5.085
 80    33.506 55005.13345829 14.27 123.063507  67.449133  5.085
 80    33.763 55005.13345893 19.16 123.059937  67.446073  5.085
 80    34.510 55005.13345957 20.54 123.056377  67.443013  5.085
 81    32.795 55040.13344577 17.70 123.066688  67.448986  4.258
 81    34.056 55040.13344641 18.24 123.063118  67.445926  4.258
 81    34.084 55040.13344706 17.46 123.059558  67.442866  4.258
 81    33.491 55040.13344770 17.16 123.055998  67.439816  4.258
 82    28.505 55075.13342429 23.36 123.082537  67.469878  7.793
 82    27.451 55075.13342493 25.73 123.078967  67.466828  7.793
 82    27.996 55075.13342558 24.08 123.075397  67.463768  7.793
 82    29.044 55075.13342622 21.28 123.071837  67.460708  7.793
 82    28.851 55075.13342687 20.85 123.068267  67.457648  7.793
 82    28.900 55075.13342751 19.54 123.064707  67.454598  7.793
 82    28.926 55075.13342816 18.09 123.061137  67.451538  7.793
 82    33.432 55075.13342880 17.45 123.057577  67.448478  7.793
 82    32.356 55075.13342945 28.68 123.054017  67.445418  7.793
 83    28.255 55110.13337555 21.07 123.089888  67.461166  6.706
 83    29.785 55110.13337620 20.06 123.086318  67.458116  6.706
 83    29.576 55110.13337684 18.43 123.082748  67.455056  6.706
 83    29.037 55110.13337749 17.31 123.079178  67.451996  6.706
 83    28.325 55110.13337813 16.98 123.075618  67.448936  6.706
 83    31.770 55110.13337878 17.47 123.072048  67.445886  6.706
 83    28.456 55110.13337942 19.61 123.068488  67.442826  6.706
 83    29.327 55110.13338007 19.48 123.064928  67.439766  6.706
 83    29.986 55110.13338071 21.85 123.061358  67.436706  6.706
 84    23.107 55145.13337756 25.47 123.084046  67.468166 15.243
 84    23.383 55145.13337821 28.02 123.080486  67.465106 15.243
 84    23.466 55145.13337885 32.57 123.076916  67.462046 15.243
 84    23.646 55145.13337950 37.19 123.073346  67.458996 15.243
 84    23.908 55145.13338014 36.69 123.069786  67.455936 15.243
 84    23.636 55145.13338079 35.54 123.066216  67.452876 15.243
 84    23.370 55145.13338143 31.79 123.062656  67.449816 15.243
 84    23.356 55145.13338208 28.76 123.059086  67.446756 15.243
 84    23.570 55145.13338272 29.38 123.055526  67.443696 15.243
 85    24.251 55180.13335197 23.69 123.092988  67.457695  5.103
 85    24.301 55180.13335261 23.99 123.089428  67.454635  5.103
 85    24.293 55180.13335326 24.64 123.085858  67.451575  5.103
 85    24.193 55180.13335390 23.99 123.082288  67.448525  5.103
 85    23.999 55180.13335454 24.94 123.078728  67.445465  5.103
 85    23.803 55180.13335519 24.99 123.075158  67.442405  5.103
 85    23.768 55180.13335583 23.80 123.071598  67.439345  5.103
 85    23.469 55180.13335648 24.28 123.068035  67.436284  3.513
 85    23.012 55180.13335712 23.33 123.064475  67.433234  3.513
 86    23.417 55215.13337252 20.39 123.082569  67.465894  4.948
 86    23.620 55215.13337317 20.81 123.078999  67.462834  4.948
 86    23.712 55215.13337381 22.08 123.075439  67.459774  4.948
 86    23.794 55215.13337445 22.71 123.071869  67.456714  4.948
 86    23.753 55215.13337510 22.41 123.068309  67.453664  4.948
 86    23.541 55215.13337574 21.65 123.064739  67.450604  4.948
 86    23.363 55215.13337639 21.83 123.061179  67.447544  4.948
 86    23.389 55215.13337703 21.30 123.057619  67.444484  4.948
 87    22.520 55250.13334898 18.09 123.090351  67.459956  4.970
 87    22.644 55250.13334962 19.51 123.086781  67.456896  4.970
 87    22.576 55250.13335027 21.46 123.083211  67.453836  4.970
 87    22.449 55250.13335091 21.58 123.079651  67.450776  4.970
 87    22.209 55250.13335156 21.61 123.076081  67.447726  4.970
 87    21.985 55250.13335220 20.92 123.072521  67.444666  4.970
 87    21.468 55250.13335285 20.39 123.068951  67.441606  4.970
 87    21.193 55250.13335349 20.61 123.065391  67.438546  4.970
 87    22.047 55250.13335414 19.24 123.061824  67.435494  3.430
 88    21.993 55285.13336605 18.03 123.079049  67.467473  4.855
 88    22.019 55285.13336669 17.59 123.075479  67.464413  4.855
 88    22.254 55285.13336734 17.51 123.071919  67.461353  4.855
 88    22.131 55285.13336798 19.81 123.068349  67.458293  4.855
 88    22.041 55285.13336862 19.18 123.064789  67.455243  4.855
 88    22.631 55285.13336927 18.31 123.061219  67.452183  4.855
 88    23.503 55285.13336991 18.84 123.057659  67.449123  4.855
 88    21.979 55285.13337056 18.41 123.054099  67.446063  4.855
 89    28.321 55320.13333849 16.15 123.084244  67.466781  7.022
 89    27.270 55320.13333914 16.31 123.080684  67.463721  7.022
 89    26.176 55320.13333978 16.68 123.077114  67.460661  7.022
 89    21.987 55320.13334043 18.27 123.073544  67.457611  7.022
 89    24.773 55320.13334107 17.22 123.069984  67.454551  7.022
 89    23.288 55320.13334171 17.42 123.066414  67.451491  7.022
 89    23.636 55320.13334236 16.56 123.062854  67.448431  7.022
 89    23.289 55320.13334300 16.46 123.059284  67.445371  7.022
 89    23.559 55320.13334365 16.53 123.055724  67.442311  7.022
 90    33.060 55355.13334409 32.13 123.059335  67.445939 14.409
 90    34.205 55355.13334474 25.78 123.055775  67.442879 14.409
 91    27.742 55390.13333984 22.67 123.090924  67.462922 19.988
 91    27.585 55390.13334049 21.22 123.087354  67.459872 19.988
 91    27.703 55390.13334113 21.04 123.083784  67.456812 19.988
 91    27.912 55390.13334178 20.25 123.080214  67.453752 19.988
 91    28.120 55390.13334242 20.23 123.076654  67.450692 19.988
 91    27.995 55390.13334307 19.58 123.073084  67.447632 19.988
 91    31.596 55390.13334371 18.75 123.069524  67.444582 19.988
 91    28.007 55390.13334435 18.26 123.065954  67.441522 19.988
 91    31.951 55390.13334500 17.52 123.062394  67.438462 19.988
 91    30.663 55390.13334564 17.68 123.058826  67.435408 17.587
 92    27.874 55425.13335694 19.14 123.084971  67.464862  6.100
 92    30.193 55425.13335759 18.33 123.081411  67.461802  6.100
 92    29.735 55425.13335823 17.65 123.077841  67.458742  6.100
 92    29.272 55425.13335888 16.28 123.074271  67.455692  6.100
 92    28.654 55425.13335952 15.85 123.070711  67.452632  6.100
 92    32.370 55425.13336017 15.47 123.067141  67.449572  6.100
 92    32.807 55425.13336081 15.16 123.063581  67.446512  6.100
 92    33.584 55425.13336146 17.31 123.060021  67.443452  6.100
 92    33.465 55425.13336210 15.15 123.056451  67.440392  6.100
 93    26.471 55460.13332541 42.05 123.081125  67.469089 24.002
 93    26.367 55460.13332606 47.04 123.077555  67.466039 24.002
 93    26.462 55460.13332670 41.45 123.073985  67.462979 24.002
 93    26.483 55460.13332735 38.39 123.070425  67.459919 24.002
 93    26.468 55460.13332799 34.13 123.066855  67.456859 24.002
 93    26.437 55460.13332863 38.93 123.063295  67.453799 24.002
 93    26.396 55460.13332928 40.38 123.059725  67.450749 24.002
 93    26.371 55460.13332992 35.81 123.056165  67.447689 24.002
