# NaN NaN NaN ;Mean Elev.(m), Avg Gradient(m/km), RMS Gradient(m/km) - SRTM1     
#   11.210   1.092   7.943 ;Mean Elev.(m), Avg Gradient(m/km), RMS Gradient(m/km) - ASTER GDEM
#   19.000   1.888  15.012 ;Mean Elev.(m), Avg Gradient(m/km), RMS Gradient(m/km) - GMTED2010 
  8 123.557628  68.156514    20.322    20.341  6 52496.51269510 51.015
  9 123.528062  68.154908    22.859    22.154  4 52531.51268181 23.902
 10 123.544894  68.156398    19.787    19.764  4 52566.51270334 44.744
 11 123.550885  68.156622    19.125    19.237  5 52601.51271494 23.466
 12 123.535348  68.154602    21.066    19.653  3 52636.51267962 18.863
 13 123.551483  68.155295    20.474    20.079  5 52671.51268441 14.056
 14 123.540186  68.156166    22.268    23.233  4 52706.51268290 12.215
 15 123.548645  68.157557    23.006    22.644  3 52741.51271560 10.116
 16 123.567202  68.158385    22.539    22.517  6 52776.51265880 20.590
 17 123.532876  68.154852    27.967    28.026  3 52811.51273664 18.668
 18 123.535835  68.154938    24.199    24.208  3 52846.51279167 17.886
 19 123.545511  68.155484    23.139    23.326  5 52881.51282843 19.709
 20 123.558945  68.158351    23.244    23.233  6 52916.51278569 19.502
 21 123.535979  68.155378    19.357    19.402  4 52951.51274659 25.501
 22 123.551655  68.157121    19.618    19.613  5 52986.51276442 16.367
 23 123.559368  68.156553    19.718    19.420  5 53021.51275360 13.641
 24 123.546158  68.156516    23.477    24.035  3 53056.51274396  8.876
 25 123.553042  68.156663    19.465    19.956  5 53091.51278156 11.385
 26 123.541055  68.155348    34.667    30.587  4 53126.51275237  5.706
 27 123.540218  68.156003    30.854    30.921  4 53161.51281506 33.787
 28 123.549741  68.156328    32.006    26.994  5 53196.51281313 13.955
 29 123.557932  68.156958    24.611    24.585  6 53231.51279499 16.967
 30 123.565212  68.157973    22.141    22.174  6 53266.51276455 42.095
 31 123.531959  68.154114    20.283    20.226  3 53301.51281628 42.650
 32 123.551410  68.155830    22.015    22.097  5 53336.51278648 12.808
 33 123.567394  68.157156    22.789    22.375  6 53371.51272284 10.444
 34 123.543723  68.155619    22.995    23.265  4 53406.51275928 10.148
 35 123.564892  68.156603    23.857    23.115  6 53441.51274495  8.910
 36 123.537079  68.155032    27.149    26.899  4 53476.51281360  6.815
 37 123.548188  68.154997    25.773    25.791  5 53511.51282686 34.756
 38 123.548859  68.156142    26.677    26.653  4 53546.51284420 12.430
 39 123.555876  68.155876    25.287    25.170  5 53581.51281621 17.346
 40 123.562886  68.155848    26.062    26.102  6 53616.51277120 50.294
 41 123.543668  68.155239    24.393    24.476  4 53651.51278666 18.588
 42 123.547016  68.155211    19.528    19.554  4 53686.51279228 19.948
 43 123.564459  68.158633    20.035    19.936  6 53721.51271819 14.866
 44 123.544171  68.155704    23.160    23.241  4 53756.51264819  9.444
 45 123.556976  68.156143    21.143    21.027  5 53791.51267425 10.188
 46 123.537135  68.154832    24.258    24.320  4 53826.51263662  9.049
 47 123.540089  68.154093    24.187    24.355  4 53861.51272603  6.635
 48 123.545155  68.155729    34.145    28.644  4 53896.51274658 22.085
 49 123.543117  68.153769    24.096    24.094  4 53931.51279670 48.797
 50 123.549436  68.155492    24.534    24.639  5 53966.51277253 17.590
 51 123.531676  68.154374    25.310    25.203  3 54001.51273483 17.225
 52 123.546778  68.155206    19.478    19.437  4 54036.51277457 44.454
 53 123.552809  68.155257    20.546    20.539  5 54071.51276865 21.653
 54 123.564755  68.157532    20.462    20.453  6 54106.51272019 16.906
 55 123.542866  68.154012    22.842    22.906  4 54141.51270243 11.443
 56 123.557020  68.157258    21.496    21.580  6 54176.51270173 10.962
 57 123.542118  68.155107    24.001    24.205  5 54211.51270963  8.986
 58 123.546052  68.155830    32.954    32.960  4 54246.51273939 38.782
 60 123.552969  68.157131    25.691    25.615  5 54316.51274817 49.265
 61 123.558452  68.157842    39.069    39.896  6 54351.51271515 19.081
 62 123.546245  68.155807    20.802    20.904  5 54386.51268729 34.794
 63 123.557360  68.156062    20.128    20.143  5 54421.51266454 18.113
 64 123.536851  68.155123    24.394    24.578  4 54456.51266042 11.732
 65 123.554122  68.158069    21.685    21.432  4 54491.51266667 11.366
 66 123.546057  68.154700    23.422    23.421  4 54526.51267287  9.154
 67 123.558336  68.156831    28.356    26.082  5 54561.51267477  6.893
 68 123.548517  68.156136    22.284    24.071  3 54596.51266900 17.561
 69 123.547844  68.155962    37.746    32.056  5 54631.51268251 17.207
 70 123.547377  68.156219    24.515    24.625  4 54666.51268868 18.167
 71 123.562444  68.156210    34.657    36.165  6 54701.51265642 20.139
 72 123.539664  68.154832    25.270    25.204  4 54736.51264862 44.813
 73 123.554388  68.157225    19.607    19.617  5 54771.51263734 45.295
 74 123.539468  68.153968    21.164    20.175  4 54806.51264215 16.101
 75 123.551951  68.155777    21.118    20.722  4 54841.51263325 13.486
 76 123.544225  68.155308    22.225    22.235  4 54876.51264366 10.477
 77 123.558963  68.156517    20.514    20.869  5 54911.51263829 10.508
 78 123.538576  68.157594    24.395    24.501  3 54946.51263705 22.557
 79 123.548312  68.155943    31.608    31.597  4 54981.51266244 45.707
 80 123.549781  68.155802    32.210    25.946  4 55016.51266297 16.638
 81 123.552119  68.155987    24.868    25.016  5 55051.51265780 18.365
 82 123.560734  68.158132    25.338    25.329  6 55086.51262261 20.058
 83 123.544714  68.153844    21.948    21.933  4 55121.51259174 50.846
 84 123.554787  68.156541    18.974    19.030  5 55156.51258261 20.711
 85 123.540235  68.153597    22.340    22.275  4 55191.51258144 16.348
 86 123.553370  68.157461    20.771    20.762  5 55226.51258350 14.849
 87 123.548594  68.155511    21.877    22.107  4 55261.51257708 12.368
 88 123.559621  68.156540    20.513    20.556  6 55296.51256828 11.169
 89 123.548312  68.156289    21.925    23.172  5 55331.51255770 30.335
 90 123.555048  68.156265    26.150    26.051  6 55366.51255024 16.278
 91 123.541190  68.154498    24.645    24.598  4 55401.51256370 42.047
 92 123.553165  68.157623    21.894    21.104  5 55436.51256794 40.384
 93 123.563043  68.158138    23.971    24.120  6 55471.51251889 17.087
