# NaN NaN NaN ;Mean Elev.(m), Avg Gradient(m/km), RMS Gradient(m/km) - SRTM1     
#    3.000  -0.418   6.018 ;Mean Elev.(m), Avg Gradient(m/km), RMS Gradient(m/km) - ASTER GDEM
#    1.653  -0.079   1.005 ;Mean Elev.(m), Avg Gradient(m/km), RMS Gradient(m/km) - GMTED2010 
  7     7.513 52456.48374657 22.21 127.302815  72.639263 17.874
  7     6.778 52456.48374721 20.26 127.297075  72.642143 17.874
  7     6.265 52456.48374786 22.35 127.291345  72.645013 17.874
 10     2.446 52561.48374685 42.72 127.303548  72.633466 26.975
 10     2.541 52561.48374750 47.84 127.297808  72.636346 26.975
 10     2.556 52561.48374814 49.05 127.292078  72.639216 26.975
 10     2.469 52561.48374878 50.75 127.286338  72.642096 26.975
 12     5.473 52631.48369841 20.35 127.302990  72.631766  3.657
 12     2.333 52631.48369906 20.34 127.297260  72.634646  3.657
 12     2.518 52631.48369970 20.39 127.291530  72.637516  3.657
 12     3.354 52631.48370035 20.65 127.285790  72.640396  3.657
 12     2.252 52631.48370099 22.20 127.280050  72.643266  3.657
 15     3.814 52736.48373272 12.00 127.307527  72.642775  2.272
 15     3.905 52736.48373336 10.90 127.301797  72.645645  2.272
 15     4.967 52736.48373401 11.73 127.296058  72.648526  1.936
 16     2.514 52771.48370809 26.03 127.309114  72.647230 16.170
 16     1.190 52771.48370873 27.96 127.303384  72.650110 16.170
 17     8.302 52806.48375516 29.90 127.293881  72.632816 25.858
 17     5.953 52806.48375581 31.96 127.288151  72.635686 25.858
 17     5.965 52806.48375645 32.18 127.282411  72.638566 25.858
 17     6.010 52806.48375710 36.34 127.276671  72.641446 25.858
 18     8.380 52841.48381473 23.88 127.299430  72.633836 20.886
 18     7.929 52841.48381538 19.38 127.293690  72.636706 20.886
 18     6.209 52841.48381602 19.73 127.287960  72.639586 20.886
 18     6.184 52841.48381667 21.41 127.282220  72.642456 20.886
 19     2.272 52876.48385366 31.25 127.301725  72.635299 21.632
 19     2.430 52876.48385431 22.59 127.295995  72.638169 21.632
 19     5.228 52876.48385495 21.81 127.290265  72.641049 21.632
 19     6.327 52876.48385560 20.90 127.284525  72.643929 21.632
 20     7.032 52911.48381756 20.44 127.310789  72.646559 12.732
 20     6.660 52911.48381821 20.35 127.305049  72.649439 12.732
 23     2.779 53016.48380612 12.68 127.307420  72.642616  2.236
 23     2.742 53016.48380676 12.34 127.301680  72.645496  2.236
 23     2.877 53016.48380741 12.02 127.295950  72.648376  2.236
 24     2.156 53051.48378202 13.27 127.302677  72.631848  2.311
 24     5.046 53051.48378267 11.90 127.296937  72.634728  2.311
 24     2.782 53051.48378331 11.71 127.291207  72.637608  2.311
 24     4.942 53051.48378396 11.52 127.285467  72.640488  2.311
 24     4.058 53051.48378460 10.93 127.279727  72.643358  2.311
 25     3.073 53086.48381986 10.66 127.306473  72.640148  2.287
 25     2.870 53086.48382051 10.38 127.300743  72.643028  2.287
 25     2.843 53086.48382115  9.78 127.295013  72.645898  2.287
 26     2.535 53121.48378894  8.61 127.301524  72.632799  1.936
 26     2.655 53121.48378959  8.64 127.295794  72.635679  1.936
 26     3.329 53121.48379023  7.99 127.290064  72.638549  1.936
 26     4.003 53121.48379088  7.50 127.284324  72.641429  1.936
 28     7.595 53191.48383683 19.47 127.306805  72.640249 18.723
 28     6.930 53191.48383747 18.63 127.301065  72.643129 18.723
 28     6.313 53191.48383812 21.18 127.295325  72.645999 18.723
 29     6.489 53226.48384110 21.22 127.306706  72.642396 20.872
 29     6.089 53226.48384174 19.99 127.300966  72.645276 20.872
 29     6.032 53226.48384239 21.69 127.295226  72.648146 20.872
 30     3.065 53261.48381535 24.41 127.307479  72.645221 21.617
 30     5.880 53261.48381599 24.02 127.301749  72.648091 21.617
 31     4.426 53296.48384718 31.89 127.295012  72.633352 11.633
 31     4.304 53296.48384782 33.48 127.289282  72.636232 11.633
 31     4.301 53296.48384847 34.79 127.283552  72.639102 11.633
 31     4.384 53296.48384911 40.89 127.277812  72.641982 11.633
 32     3.405 53331.48381984 22.61 127.307095  72.637621  3.702
 32     3.242 53331.48382048 23.32 127.301365  72.640501  3.702
 32     3.306 53331.48382113 22.59 127.295635  72.643381  3.702
 32     2.708 53331.48382177 23.12 127.289895  72.646251  3.702
 34     3.192 53401.48379296 17.43 127.305185  72.633706  3.289
 34     3.330 53401.48379361 17.67 127.299455  72.636576  3.289
 34     3.236 53401.48379425 17.84 127.293715  72.639456  3.289
 34     3.132 53401.48379490 19.08 127.287985  72.642336  3.289
 34     2.680 53401.48379554 18.02 127.282245  72.645206  3.289
 35     3.521 53436.48378390 18.46 127.310726  72.643496  3.567
 35     3.188 53436.48378455 18.64 127.304996  72.646376  3.567
 35     2.715 53436.48378519 19.13 127.299256  72.649246  3.567
 36     5.503 53471.48383249 15.69 127.302723  72.631697  3.476
 36     3.265 53471.48383313 15.56 127.296993  72.634577  3.476
 36     3.861 53471.48383378 14.66 127.291253  72.637457  3.476
 36     3.731 53471.48383442 14.95 127.285523  72.640327  3.476
 36     3.176 53471.48383507 15.52 127.279783  72.643207  3.476
 37     2.768 53506.48386643 41.17 127.308219  72.635553 16.592
 37     2.909 53506.48386707 46.34 127.302489  72.638433 16.592
 37     2.822 53506.48386772 32.85 127.296749  72.641313 16.592
 37     2.355 53506.48386836 25.55 127.291019  72.644193 16.592
 38     7.966 53541.48387150 27.13 127.305754  72.637307 24.476
 38     7.607 53541.48387215 19.65 127.300014  72.640177 24.476
 38     6.690 53541.48387279 20.78 127.294284  72.643057 24.476
 38     6.266 53541.48387344 27.60 127.288544  72.645937 24.476
 39     2.886 53576.48386227 26.17 127.303222  72.644193 17.688
 39     2.782 53576.48386291 23.56 127.297492  72.647063 17.688
 40     2.605 53611.48381430 26.70 127.307510  72.646640 20.434
 40     5.852 53611.48381495 23.72 127.301780  72.649520 20.434
 41     7.745 53646.48381650 20.79 127.299458  72.633249 16.518
 41     6.775 53646.48381715 21.84 127.293718  72.636119 16.518
 41     6.305 53646.48381779 20.67 127.287988  72.638999 16.518
 41     5.949 53646.48381844 22.02 127.282248  72.641879 16.518
 42     3.155 53681.48383366 19.96 127.302717  72.639689  3.745
 42     3.594 53681.48383430 18.81 127.296977  72.642569  3.745
 42     2.753 53681.48383494 20.01 127.291247  72.645449  3.745
 43     2.938 53716.48376214 17.05 127.309285  72.645831  2.937
 43     3.031 53716.48376278 16.75 127.303555  72.648701  2.937
 44     5.342 53751.48367876 13.98 127.299078  72.633792  2.945
 44     4.593 53751.48367941 13.94 127.293338  72.636662  2.945
 44     3.603 53751.48368005 14.79 127.287608  72.639542  2.945
 44     3.719 53751.48368070 14.78 127.281868  72.642422  2.945
 45     3.331 53786.48371021 16.94 127.306914  72.642402  3.666
 45     3.023 53786.48371085 16.69 127.301184  72.645272  3.666
 45     2.619 53786.48371150 18.25 127.295444  72.648152  3.666
 46     2.736 53821.48366732 14.39 127.314845  72.649776  2.859
 46     4.033 53821.48366796 13.95 127.309115  72.652656  2.859
 47     5.345 53856.48375374 10.09 127.300598  72.633649  2.836
 47     4.819 53856.48375438 10.37 127.294868  72.636529  2.836
 47     3.717 53856.48375503 10.84 127.289138  72.639409  2.836
 47     2.897 53856.48375567 12.45 127.283398  72.642279  2.836
 48     5.025 53891.48376668 36.52 127.303790  72.639059 29.462
 48     5.172 53891.48376732 32.69 127.298060  72.641929 29.462
 48     6.005 53891.48376797 31.02 127.292320  72.644809 29.462
 49     8.540 53926.48382763 29.23 127.302288  72.632697 20.194
 49     8.135 53926.48382827 19.31 127.296558  72.635577 20.194
 49     7.378 53926.48382892 17.50 127.290828  72.638457 20.194
 49     6.648 53926.48382956 17.35 127.285088  72.641327 20.194
 49     7.117 53926.48383021 18.29 127.279358  72.644207 20.194
 50     3.744 53961.48381490 22.59 127.302392  72.642048 24.328
 50     5.664 53961.48381555 22.75 127.296662  72.644918 24.328
 50     6.245 53961.48381619 23.85 127.290922  72.647798 24.328
 52     3.449 54031.48380759 32.64 127.305476  72.632789  7.851
 52     3.389 54031.48380824 34.45 127.299736  72.635669  7.851
 52     3.395 54031.48380888 33.83 127.294006  72.638549  7.851
 52     3.295 54031.48380953 34.14 127.288266  72.641419  7.851
 52     3.345 54031.48381017 31.12 127.282526  72.644299  7.851
 53     2.765 54066.48380315 21.80 127.303529  72.643124  3.285
 53     2.466 54066.48380379 22.30 127.297789  72.646004  3.285
 53     2.318 54066.48380444 20.74 127.292049  72.648874  3.285
 54     3.786 54101.48376515 17.51 127.310296  72.644575  3.056
 54     2.794 54101.48376579 18.41 127.304566  72.647455  3.056
 54     3.389 54101.48376644 17.98 127.298826  72.650325  3.056
 55     6.924 54136.48372879 13.69 127.301675  72.633201  2.259
 55     5.680 54136.48372944 12.97 127.295935  72.636071  2.259
 55     5.616 54136.48373008 12.83 127.290205  72.638951  2.259
 55     5.278 54136.48373073 12.96 127.284465  72.641821  2.259
 56     3.738 54171.48374157 10.69 127.306501  72.643911  1.909
 56     3.093 54171.48374221 10.86 127.300761  72.646781  1.909
 56     5.418 54171.48374286 11.28 127.295021  72.649661  1.909
 57     6.825 54206.48373403 10.45 127.298187  72.633502  2.220
 57     5.209 54206.48373467 10.47 127.292447  72.636372  2.220
 57     5.523 54206.48373531  9.99 127.286717  72.639252  2.220
 57     5.131 54206.48373596  9.90 127.280977  72.642132  2.220
 58     2.318 54241.48376778 29.40 127.304378  72.638659 14.167
 58     2.467 54241.48376843 34.23 127.298648  72.641529 14.167
 58     2.231 54241.48376907 31.16 127.292908  72.644409 14.167
 59     7.921 54276.48378224 22.13 127.306876  72.637302 24.714
 59     7.665 54276.48378289 17.78 127.301146  72.640182 24.714
 59     6.918 54276.48378353 18.01 127.295416  72.643062 24.714
 59     6.367 54276.48378418 23.30 127.289676  72.645932 24.714
 61     3.307 54346.48375794 23.31 127.311909  72.644616 17.266
 61     4.912 54346.48375859 22.44 127.306179  72.647496 17.266
 61     6.035 54346.48375923 22.40 127.300439  72.650366 17.266
 62     7.433 54381.48371922 22.01 127.305310  72.632698 13.027
 62     6.530 54381.48371987 20.83 127.299580  72.635578 13.027
 62     5.922 54381.48372051 20.75 127.293840  72.638448 13.027
 62     5.648 54381.48372116 20.82 127.288110  72.641328 13.027
 62     6.286 54381.48372180 21.68 127.282370  72.644208 13.027
 63     2.937 54416.48370651 19.15 127.307290  72.641942  2.971
 63     2.736 54416.48370716 19.07 127.301550  72.644822  2.971
 63     2.536 54416.48370780 19.06 127.295820  72.647702  2.971
 64     2.355 54451.48368820 14.10 127.298597  72.632758  2.533
 64     2.468 54451.48368885 14.33 127.292867  72.635628  2.533
 64     3.234 54451.48368949 13.70 127.287137  72.638508  2.533
 64     3.888 54451.48369014 13.53 127.281397  72.641388  2.533
 65     2.657 54486.48370247 12.12 127.306776  72.638782  2.569
 65     2.623 54486.48370312 11.83 127.301036  72.641652  2.569
 65     2.993 54486.48370376 11.30 127.295306  72.644532  2.569
 65     3.184 54486.48370440 11.62 127.289566  72.647412  2.569
 66     2.461 54521.48370191 11.15 127.302027  72.635753  2.663
 66     3.834 54521.48370256 10.29 127.296297  72.638623  2.663
 66     3.206 54521.48370320 10.41 127.290563  72.641501  2.087
 66     3.727 54521.48370385 10.83 127.284823  72.644381  2.087
 67     4.206 54556.48371375  9.23 127.308914  72.642964  2.075
 67     4.097 54556.48371440  9.03 127.303184  72.645844  2.075
 67     5.363 54556.48371504  8.76 127.297444  72.648724  2.075
 68     3.978 54591.48369768  9.25 127.307626  72.634511  2.031
 68     4.379 54591.48369832  9.21 127.301896  72.637391  2.031
 68     4.479 54591.48369897  9.13 127.296156  72.640271  2.031
 68     4.513 54591.48369961  9.08 127.290426  72.643151  2.031
 68     5.391 54591.48370026  8.76 127.284686  72.646021  2.031
 69     7.115 54626.48371467 24.48 127.303899  72.640869 24.563
 69     6.182 54626.48371532 27.07 127.298159  72.643749 24.563
 69     6.108 54626.48371596 32.52 127.292429  72.646629 24.563
 70     7.659 54661.48372138 29.77 127.308475  72.634505 22.267
 70     2.168 54661.48372202 30.99 127.302745  72.637375 22.267
 70     2.432 54661.48372266 29.65 127.297005  72.640255 22.267
 70     2.531 54661.48372331 28.63 127.291275  72.643135 22.267
 70     2.448 54661.48372395 27.78 127.285535  72.646005 22.267
 71     3.035 54696.48369954 44.44 127.308314  72.643457 33.177
 71     3.038 54696.48370018 46.54 127.302584  72.646337 33.177
 71     2.885 54696.48370083 40.75 127.296844  72.649207 33.177
 72     8.150 54731.48367753 23.16 127.300825  72.634359 18.037
 72     6.258 54731.48367817 22.11 127.295095  72.637239 18.037
 72     5.840 54731.48367882 21.20 127.289355  72.640119 18.037
 72     6.420 54731.48367946 22.24 127.283625  72.642999 18.037
 73     3.147 54766.48367750 35.19 127.306125  72.638485  9.438
 73     2.925 54766.48367815 35.02 127.300385  72.641365  9.438
 73     2.800 54766.48367879 36.12 127.294655  72.644235  9.438
 73     2.883 54766.48367944 34.43 127.288915  72.647115  9.438
 74     1.889 54801.48367136 23.22 127.297635  72.633957  4.125
 74     1.959 54801.48367200 24.08 127.291905  72.636827  4.125
 74     2.357 54801.48367265 23.80 127.286165  72.639707  4.125
 74     2.616 54801.48367329 23.01 127.280425  72.642577  4.125
 75     2.126 54836.48367027 23.03 127.301552  72.641012  3.741
 75     2.488 54836.48367091 22.66 127.295822  72.643882  3.741
 75     2.303 54836.48367156 21.69 127.290082  72.646762  3.741
 76     2.388 54871.48366945 20.16 127.300338  72.633774  3.862
 76     2.301 54871.48367010 21.72 127.294598  72.636654  3.862
 76     2.583 54871.48367074 20.82 127.288868  72.639534  3.862
 76     2.235 54871.48367139 20.94 127.283128  72.642404  3.862
 77     1.780 54906.48367840 18.23 127.310350  72.643477  3.303
 77     2.735 54906.48367904 17.57 127.304620  72.646347  3.303
 77     2.271 54906.48367969 17.81 127.298880  72.649227  3.303
 78     2.288 54941.48366215 15.32 127.301159  72.634302  3.526
 78     2.646 54941.48366279 15.11 127.295429  72.637172  3.526
 78     2.937 54941.48366344 16.18 127.289689  72.640052  3.526
 78     2.774 54941.48366408 15.55 127.283959  72.642932  3.526
 79     3.780 54976.48369073 39.19 127.306486  72.636305 14.937
 79     3.761 54976.48369137 33.61 127.300756  72.639185 14.937
 79     3.543 54976.48369202 29.80 127.295016  72.642065 14.937
 79     3.242 54976.48369266 27.31 127.289286  72.644935 14.937
 80     4.148 55011.48370102 45.71 127.302271  72.641694 28.999
 80     4.194 55011.48370166 48.24 127.296541  72.644564 28.999
 80     4.092 55011.48370231 46.08 127.290801  72.647444 28.999
 81     1.841 55046.48369156 26.46 127.308201  72.635887 19.703
 81     7.159 55046.48369220 22.37 127.302461  72.638767 19.703
 81     3.923 55046.48369285 21.44 127.296731  72.641637 19.703
 81     5.287 55046.48369349 22.34 127.290991  72.644517 19.703
 82     3.282 55081.48366602 24.22 127.309767  72.645220 16.193
 82     5.274 55081.48366667 23.73 127.304037  72.648090 16.193
 82     5.812 55081.48366731 23.22 127.298297  72.650970 16.193
 83     6.021 55116.48362344 24.14 127.302114  72.634909  9.464
 83     5.600 55116.48362408 23.39 127.296374  72.637789  9.464
 83     5.115 55116.48362473 22.82 127.290644  72.640659  9.464
 83     5.194 55116.48362537 22.83 127.284904  72.643539  9.464
 84     2.598 55151.48362304 16.85 127.301225  72.641585  2.991
 84     2.823 55151.48362368 16.22 127.295495  72.644465  2.991
 84     2.795 55151.48362433 15.97 127.289755  72.647345  2.991
 85     2.089 55186.48360911 12.63 127.301944  72.632500  2.479
 85     2.617 55186.48360975 12.21 127.296214  72.635370  2.479
 85     2.882 55186.48361040 12.55 127.290474  72.638250  2.479
 85     3.366 55186.48361104 12.24 127.284744  72.641130  2.479
 85     4.087 55186.48361169 12.05 127.279004  72.644000  2.479
 86     2.751 55221.48362127 12.95 127.304077  72.641168  2.671
 86     3.029 55221.48362191 13.27 127.298347  72.644048  2.671
 86     2.883 55221.48362256 12.62 127.292607  72.646928  2.671
 87     2.302 55256.48360568 11.88 127.302213  72.636189  2.580
 87     2.899 55256.48360633 11.29 127.296473  72.639069  2.580
 87     3.400 55256.48360697 12.17 127.290743  72.641939  2.580
 87     3.513 55256.48360762 11.30 127.285003  72.644819  2.580
 88     3.973 55291.48361044 10.62 127.308458  72.644879  2.327
 88     2.862 55291.48361108 10.77 127.302728  72.647749  2.327
 88     3.831 55291.48361173  9.79 127.296988  72.650629  2.327
 89     3.094 55326.48359034 12.50 127.307901  72.635345  4.966
 89     3.001 55326.48359098 16.30 127.302171  72.638215  4.966
 89     3.037 55326.48359163 17.14 127.296441  72.641095  4.966
 89     2.922 55326.48359227 16.61 127.290701  72.643975  4.966
 90     7.568 55361.48358792 20.68 127.305801  72.641445 22.903
 90     6.659 55361.48358857 22.18 127.300071  72.644325 22.903
 90     6.161 55361.48358921 26.06 127.294331  72.647205 22.903
 91     8.354 55396.48359352 26.09 127.301909  72.634281 17.963
 91     7.612 55396.48359417 21.01 127.296179  72.637151 17.963
 91     5.621 55396.48359481 21.21 127.290439  72.640031 17.963
 91     5.884 55396.48359546 21.69 127.284699  72.642901 17.963
 92     2.869 55431.48360274 22.42 127.305052  72.638867 16.628
 92     4.870 55431.48360338 20.67 127.299312  72.641737 16.628
 92     5.747 55431.48360403 19.52 127.293582  72.644617 16.628
 93     7.430 55466.48356418 21.28 127.311174  72.647170 15.284
 93     6.811 55466.48356482 20.12 127.305444  72.650040 15.284
