# NaN NaN NaN ;Mean Elev.(m), Avg Gradient(m/km), RMS Gradient(m/km) - SRTM1     
#   57.189   0.348   3.748 ;Mean Elev.(m), Avg Gradient(m/km), RMS Gradient(m/km) - ASTER GDEM
#   34.268   1.072   9.364 ;Mean Elev.(m), Avg Gradient(m/km), RMS Gradient(m/km) - GMTED2010 
  8 128.162592  63.723207    65.783    65.783  2 52496.51176934 29.261
  9 128.135850  63.723914    67.685    68.080  3 52531.51175638 24.287
 11 128.156861  63.721769    68.148    68.148  2 52601.51178887 24.047
 12 128.141637  63.723433    68.195    68.227  4 52636.51175419 15.861
 16 128.173372  63.721644    64.373    64.373  2 52776.51173240 40.545
 17 128.139665  63.723621    67.560    67.556  4 52811.51181121 52.061
 18 128.142487  63.723687    65.824    65.864  4 52846.51186624 50.618
 19 128.152825  63.720800    66.876    66.876  2 52881.51190235 29.448
 20 128.166435  63.721866    65.504    65.504  2 52916.51185929 51.993
 21 128.143667  63.724378    68.121    68.121  2 52951.51182115 19.170
 28 128.157253  63.721605    67.162    67.162  2 53196.51188705 49.115
 30 128.170802  63.721174    69.589    69.589  2 53266.51183815 22.712
 31 128.136340  63.724352    65.400    65.357  3 53301.51189117 34.820
 32 128.158062  63.721077    68.718    68.718  2 53336.51186040 12.295
 35 128.167913  63.723056   103.234   103.234  2 53441.51181919  9.242
 36 128.142652  63.723700    68.073    68.174  3 53476.51188817  4.897
 39 128.161773  63.720972    68.203    68.203  2 53581.51189014 51.008
 40 128.165626  63.722203    68.115    68.115  2 53616.51184544 32.269
 42 128.152309  63.722059    68.463    68.463  2 53686.51186652 16.246
 45 128.163498  63.721372   102.739   102.739  2 53791.51174817 12.748
 46 128.144641  63.723706   103.670   103.733  3 53826.51171119 11.609
 47 128.145427  63.722643    64.641    64.650  3 53861.51180059 41.442
 49 128.148096  63.720382    67.392    67.392  2 53931.51187094 30.837
 50 128.155424  63.720536    66.075    66.075  2 53966.51184644 51.963
 51 128.139755  63.723309    68.159    68.163  4 54001.51180939 52.150
 52 128.153508  63.722174    68.653    68.653  2 54036.51184881 16.112
 57 128.150235  63.720617    64.226    64.226  2 54211.51178355 12.212
 60 128.159940  63.722356    67.072    67.072  2 54316.51182209 28.859
 61 128.165633  63.721273    65.840    65.840  2 54351.51178875 49.933
 62 128.154201  63.721205    65.059    65.059  2 54386.51176121 53.356
 64 128.143693  63.723933    68.819    68.819  2 54456.51173498 11.325
 66 128.152639  63.721784   103.788   103.788  2 54526.51174711  8.469
 67 128.163900  63.721838   104.467   104.467  2 54561.51174869  7.325
 69 128.155123  63.721242    68.876    68.876  2 54631.51175644 27.445
 71 128.166224  63.722651    68.198    68.198  2 54701.51173066 24.712
 72 128.145823  63.723487    66.489    66.474  3 54736.51172319 33.085
 73 128.160893  63.722538    64.455    64.455  2 54771.51171126 32.291
 74 128.145237  63.722729    68.235    68.356  3 54806.51171672 11.971
 77 128.164028  63.721608   102.898   102.898  2 54911.51171221  8.094
 80 128.155486  63.722667    67.467    67.467  2 55016.51173722 46.575
 81 128.159025  63.721164    65.753    65.753  2 55051.51173173 37.532
 82 128.167418  63.721417    67.558    67.558  2 55086.51169621 29.749
 83 128.151351  63.720971    67.479    67.479  2 55121.51166599 26.404
 84 128.160752  63.721742    68.013    68.013  2 55156.51165653 22.977
 85 128.145998  63.722251    68.435    68.401  3 55191.51165601 17.169
 86 128.159798  63.722663    67.563    67.563  2 55226.51165742 16.089
 89 128.155497  63.721404    64.733    64.733  2 55331.51163162 41.312
 90 128.159940  63.722976    67.204    67.204  2 55366.51162448 29.585
 91 128.148350  63.721585    65.615    65.615  2 55401.51163795 26.847
 92 128.160235  63.722744    65.956    65.956  2 55436.51164186 41.816
 93 128.169455  63.721477    65.492    65.492  2 55471.51159249 33.694
