-214321.701   530.246     0.00   15.31
-213951.300   524.122   -16.53   13.26
-213580.842   522.173    -5.26   10.86
-213210.329   530.724    23.08   16.85
-212839.760   542.346    31.35   17.77
-212469.134   552.856    28.35   14.20
-212098.453   558.669    15.68   11.16
-211727.715   559.238     1.53   12.90
-211356.921   557.117    -5.72   11.16
-210986.071   554.464    -7.15    8.47
-210615.164   546.303   -22.00   15.19
-210244.202   531.256   -40.55   24.33
-209873.183   510.825   -55.06   25.71
-209502.107   494.353   -44.38   21.37
-209130.976   479.159   -40.93   16.05
-208759.788   468.048   -29.93   15.16
-208388.543   456.450   -31.23   16.21
-208017.242   445.395   -29.77   14.97
-207645.885   438.704   -18.01   10.96
-207274.471   438.089    -1.65   13.38
-206903.001   444.950    18.47   20.82
-206531.474   453.306    22.49   24.62
-206159.891   456.270     7.97   25.87
-205788.250   449.534   -18.12   29.08
-205416.554   435.518   -37.70   26.72
-205044.801   425.007   -28.27   21.73
-204672.991   414.756   -27.57   16.36
-204301.124   411.103    -9.82   14.85
-203929.201   405.486   -15.10   14.96
-203557.221   403.190    -6.17   15.03
-203185.184   399.494    -9.93   13.13
-202813.090   399.006    -1.31   14.72
-202440.939   397.422    -4.25   15.70
-202068.732   394.275    -8.46   16.66
-201696.468   390.006   -11.46   13.79
-201324.147   389.520    -1.31   11.98
-200951.769   397.389    21.13   18.55
-200579.333   411.880    38.90   23.74
-200206.841   430.283    49.40   25.31
-199834.292   448.649    49.29   24.44
-199461.686   461.950    35.69   25.90
-199089.023   472.772    29.03   26.84
-198716.303   476.964    11.24   27.95
-198343.525   471.128   -15.65   31.63
-197970.691   459.745   -30.53   34.41
-197597.799   442.774   -45.50   31.88
-197224.850   428.812   -37.43   27.04
-196851.844   416.978   -31.72   20.94
-196478.781   410.965   -16.11   15.86
-196105.660   409.197    -4.74   11.61
-195732.482   412.401     8.59   11.81
-195359.246   419.666    19.46   17.19
-194985.954   428.980    24.95   21.04
-194612.604   442.261    35.57   24.56
-194239.196   456.598    38.39   24.31
-193865.731   474.815    48.77   28.79
-193492.209   493.084    48.90   27.15
-193118.629   513.788    55.41   27.59
-192744.991   531.444    47.25   19.73
-192371.296   538.734    19.51   13.15
-191997.543   535.492    -8.67   19.12
-191623.733   522.046   -35.96   30.69
-191249.865   498.895   -61.91   40.19
-190875.940   477.663   -56.77   43.39
-190501.956   448.359   -78.34   38.40
-190127.915   424.256   -64.43   28.76
-189753.817   406.238   -48.16   21.39
-189379.660   394.880   -30.35   11.79
-189005.446   391.622    -8.71    8.73
-188631.174   397.548    15.83   15.41
-188256.844   414.531    45.36   26.11
-187882.456   437.168    60.45   31.97
-187508.010   463.072    69.17   36.54
-187133.506   489.672    71.02   31.84
-186758.944   510.417    55.37   27.47
-186384.325   528.084    47.15   19.22
-186009.647   534.018    15.84   13.37
-185634.911   534.345     0.87   13.26
-185260.117   532.074    -6.06   14.54
-184885.265   533.075     2.67   14.58
-184510.355   536.896    10.19   13.84
-184135.387   542.187    14.11   10.63
-183760.361   544.673     6.63    8.81
-183385.276   542.690    -5.29    9.75
-183010.133   535.430   -19.35   14.55
-182634.932   520.471   -39.86   23.60
-182259.672   502.810   -47.06   28.26
-181884.354   479.234   -62.81   34.82
-181508.978   455.951   -62.01   37.97
-181133.544   429.257   -71.09   43.44
-180758.051   400.863   -75.60   37.86
-180382.499   371.883   -77.16   33.77
-180006.889   347.408   -65.15   23.20
-179631.221   335.293   -32.24   13.89
-179255.494   334.169    -2.99   10.91
-178879.709   344.801    28.29   18.80
-178503.864   366.214    56.96   25.89
-178127.962   388.580    59.49   31.79
-177752.001   420.594    85.14   38.81
-177375.981   447.700    72.08   39.16
-176999.902   475.156    72.99   35.75
-176623.765   496.537    56.83   28.95
-176247.568   513.653    45.49   25.60
-175871.313   529.819    42.96   19.56
-175495.000   537.670    20.86   13.26
-175118.627   538.540     2.31   13.36
-174742.196   524.126   -38.28   22.99
-174365.706   502.514   -57.39   27.86
-173989.156   484.279   -48.42   27.15
-173612.548   473.471   -28.69   21.40
-173235.881   478.334    12.91   29.03
-172859.155   498.293    52.97   37.87
-172482.370   518.869    54.60   34.51
-172105.525   536.005    45.47   24.77
-171728.622   546.200    27.05   14.06
-171351.660   539.747   -17.12   21.49
-170974.638   521.554   -48.25   33.29
-170597.557   492.483   -77.08   42.26
-170220.417   461.716   -81.57   28.99
-169843.218   445.842   -42.08   17.41
-169465.960   443.478    -6.26   14.48
-169088.642   451.991    22.56   21.00
-168711.265   472.800    55.13   28.21
-168333.829   490.882    47.90   29.52
-167956.333   505.197    37.92   21.37
-167578.778   508.645     9.13   16.58
-167201.163   500.504   -21.56   21.36
-166823.489   486.444   -37.22   24.80
-166445.755   471.166   -40.44   25.13
-166067.962   455.966   -40.23   18.89
-165690.110   446.788   -24.29   12.39
-165312.197   443.838    -7.80    9.89
-164934.226   445.139     3.44   13.95
-164556.194   450.796    14.96   18.59
-164178.103   457.599    17.99   20.77
-163799.952   468.180    27.98   22.96
-163421.742   478.298    26.75   23.11
-163043.472   482.772    11.83   22.82
-162665.141   485.204     6.43   23.50
-162286.752   486.177     2.57   20.93
-161908.302   491.231    13.35   20.87
-161529.792   498.230    18.49   24.67
-161151.223   504.697    17.08   29.53
-160772.594   504.950     0.67   32.78
-160393.904   506.320     3.62   29.45
-160015.155   512.666    16.75   24.26
-159636.346   523.964    29.82   23.56
-159257.476   537.622    36.04   20.95
-158878.547   549.350    30.95   15.14
-158499.557   553.772    11.67    9.14
-158120.508   550.030    -9.87   13.73
-157741.398   538.839   -29.51   20.11
-157362.228   530.030   -23.23   21.01
-156982.998   520.173   -25.99   23.78
-156603.707   519.830    -0.90   24.67
-156224.357   521.410     4.16   25.46
-155852.893   524.033     7.06   20.28
-155485.104   524.883     2.31   15.67
-155117.259   523.410    -4.00   14.40
-154749.357   519.126   -11.64   14.17
-154381.399   511.720   -20.12   15.53
-154013.385   503.274   -22.95   17.54
-153645.314   495.612   -20.81   20.81
-153277.187   491.585   -10.94   20.11
-152909.003   493.163     4.29   17.93
-152540.763   498.693    15.02   16.00
-152172.466   503.083    11.92   16.89
-151804.113   506.585     9.51   16.10
-151435.704   504.707    -5.10   17.40
-151067.237   497.950   -18.34   23.00
-150698.715   487.112   -29.40   29.11
-150330.135   474.416   -34.44   33.40
-149961.499   465.126   -25.20   38.32
-149592.806   458.663   -17.53   44.23
-149224.057   448.464   -27.65   48.27
-148855.251   436.279   -33.03   52.36
-148486.388   418.720   -47.60   55.59
-148117.468   396.197   -61.04   54.10
-147748.492   372.537   -64.12   47.51
-147379.458   354.567   -48.69   39.91
-147010.368   339.163   -41.73   32.74
-146641.221   328.575   -28.68   27.37
-146272.017   321.234   -19.88   23.85
-145902.756   315.991   -14.20   20.44
-145533.438   312.018   -10.76   17.56
-145164.063   309.430    -7.01   16.28
-144794.631   307.663    -4.78   16.52
-144425.141   306.567    -2.97   18.59
-144055.595   304.909    -4.48   19.21
-143685.992   299.046   -15.86   18.64
-143316.332   292.991   -16.38   16.69
-142946.614   284.558   -22.81   11.98
-142576.839   279.991   -12.35    7.57
-142207.007   281.585     4.31   10.66
-141837.118   293.443    32.05   24.81
-141467.171   322.247    77.85   48.86
-141097.168   349.657    74.07   56.64
-140727.106   387.882   103.28   57.36
-140356.988   404.854    45.85   58.21
-139986.812   408.512     9.88   60.87
-139616.579   394.228   -38.58   61.80
-139246.288   375.813   -49.73   54.52
-138875.940   355.159   -55.76   43.50
-138505.534   339.786   -41.50   30.94
-138135.071   332.128   -20.67   24.99
-137764.550   332.759     1.70   26.51
-137393.972   333.882     3.03   26.99
-137023.336   334.019     0.37   22.88
-136652.642   334.882     2.33   19.31
-136281.891   337.910     8.17   20.92
-135911.082   345.176    19.59   25.56
-135540.215   352.801    20.56   26.08
-135169.291   368.387    42.01   35.35
-134798.309   386.163    47.91   41.78
-134427.269   407.951    58.71   42.11
-134056.171   424.297    44.04   41.07
-133685.016   444.725    55.03   43.37
-133313.802   464.110    52.21   42.64
-132942.531   483.062    51.04   30.58
-132571.201   475.099   -21.44   33.07
-132199.814   455.339   -53.20   37.90
-131828.369   436.572   -50.52   31.02
-131456.866   434.575    -5.37   25.78
-131085.304   450.639    43.23   31.34
-130713.685   472.991    60.14   30.36
-130342.007   485.766    34.36   19.03
-129970.272   482.131    -9.78   20.12
-129598.478   468.283   -37.24   24.26
-129226.626   457.145   -29.95   18.74
-128854.716   456.634    -1.37   20.13
-128482.747   458.361     4.64   22.05
-128110.721   460.726     6.36   19.02
-127738.636   462.361     4.39   17.46
-127366.492   470.163    20.96   22.34
-126994.291   485.545    41.32   27.87
-126622.031   500.497    40.16   24.10
-126249.712   513.734    35.55   16.07
-125877.335   520.060    16.99   11.91
-125504.900   524.923    13.06    9.05
-125132.406   526.693     4.75    7.85
-124759.854   526.085    -1.63    9.36
-124387.243   522.128   -10.62   13.52
-124014.573   513.402   -23.41   16.55
-123641.845   503.978   -25.28   16.18
-123269.059   492.402   -31.05   15.42
-122896.213   482.289   -27.12   14.48
-122523.309   473.217   -24.33   13.49
-122150.346   467.108   -16.38   14.47
-121777.325   466.323    -2.10   18.08
-121404.245   463.765    -6.86   21.07
-121031.105   456.710   -18.91   21.50
-120657.907   448.821   -21.14   20.86
-120284.651   442.163   -17.83   15.29
-119911.335   440.342    -4.88   10.29
-119537.960   448.550    21.98   15.63
-119164.527   464.556    42.86   21.41
-118791.034   480.568    42.87   20.31
-118417.483   492.759    32.63   11.97
-118043.872   494.070     3.51   11.59
-117670.203   488.234   -15.62   16.25
-117296.474   478.896   -24.98   18.47
-116922.686   466.720   -32.57   20.98
-116548.839   454.964   -31.44   20.86
-116174.933   447.937   -18.79   16.55
-115800.968   447.531    -1.08   13.98
-115426.943   454.989    19.94   18.09
-115052.859   463.649    23.15   16.18
-114678.716   468.818    13.81   13.91
-114304.514   472.183     8.99   12.29
-113930.252   477.595    14.46   13.39
-113555.931   487.345    26.05   14.14
-113181.550   493.803    17.25   11.10
-112807.110   494.751     2.53   11.01
-112432.611   484.910   -26.28   16.76
-112058.052   471.894   -34.75   15.66
-111683.433   460.603   -30.14   15.76
-111308.755   450.759   -26.27   13.86
-110934.018   448.265    -6.65   14.46
-110559.221   450.348     5.55   19.09
-110184.364   458.829    22.62   21.90
-109809.447   470.097    30.05   21.63
-109434.471   478.657    22.83   18.51
-109059.435   486.177    20.05   13.97
-108684.339   490.156    10.61   12.01
-108309.184   491.074     2.45   12.99
-107933.969   490.389    -1.83   12.90
-107558.694   488.369    -5.38   11.66
-107183.359   485.725    -7.04   12.33
-106807.964   481.537   -11.16   15.93
-106432.509   474.128   -19.73   18.97
-106056.994   465.187   -23.81   19.13
-105681.420   456.542   -23.01   14.88
-105305.785   454.683    -4.95    9.59
-104930.090   458.937    11.32   10.94
-104554.335   467.625    23.12   13.72
-104178.520   480.207    33.48   13.61
-103802.645   491.003    28.72   12.34
-103426.710   500.356    24.88   10.34
-103050.714   505.477    13.62    7.84
-102674.659   503.643    -4.88   10.31
-102298.543   495.301   -22.18   16.65
-101922.367   478.489   -44.69   23.04
-101546.130   462.279   -43.08   21.66
-101169.833   453.417   -23.55   14.98
-100793.476   456.937     9.35   16.75
-100417.059   468.016    29.43   19.07
-100040.581   477.069    24.05   12.91
 -99664.042   471.383   -15.10   17.99
 -99287.443   458.478   -34.26   23.12
 -98910.784   440.854   -46.79   23.57
 -98534.064   424.142   -44.36   20.32
 -98157.283   411.423   -33.75   19.61
 -97780.442   399.390   -31.93   18.98
 -97403.540   392.297   -18.82   20.49
 -97026.577   388.288   -10.63   24.43
 -96649.554   388.142    -0.39   26.13
 -96272.470   398.577    27.67   25.78
 -95895.326   407.796    24.44   19.70
 -95518.120   409.777     5.25   21.26
 -95140.854   397.065   -33.69   38.34
 -94763.527   361.190   -95.07   63.63
 -94386.139   304.731  -149.59   79.68
 -94008.690   262.015  -113.16   63.05
 -93631.180   233.869   -74.55   28.27
 -93253.609   238.239    11.57   24.06
 -92875.977   258.666    54.09   31.90
 -92498.284   283.518    65.79   42.86
 -92120.531   303.781    53.64   47.10
 -91742.716   317.950    37.50   48.47
 -91364.840   327.950    26.46   46.88
 -90986.902   336.381    22.31   44.76
 -90608.904   341.555    13.69   40.97
 -90230.844   345.260     9.80   37.59
 -89852.723   349.150    10.29   35.32
 -89474.541   356.298    18.90   32.58
 -89096.298   360.485    11.07   30.18
 -88717.993   369.856    24.77   29.76
 -88339.627   376.990    18.85   32.63
 -87961.200   386.790    25.89   36.48
 -87582.711   391.389    12.15   36.99
 -87204.160   396.033    12.27   34.69
 -86825.549   394.423    -4.25   31.96
 -86446.875   393.363    -2.80   28.43
 -86068.140   392.194    -3.09   23.46
 -85689.344   392.497     0.80   19.96
 -85310.486   394.827     6.15   15.95
 -84931.566   398.131     8.72   15.96
 -84552.585   404.153    15.89   18.40
 -84173.542   408.537    11.56   18.13
 -83794.437   415.004    17.06   17.97
 -83415.271   422.004    18.46   17.55
 -83036.042   428.781    17.87   18.10
 -82656.752   434.169    14.21   17.76
 -82277.400   436.843     7.05   15.06
 -81897.987   438.049     3.18   13.25
 -81518.511   436.990    -2.79   10.53
 -81144.135   436.742    -0.66    9.11
 -80776.526   435.963    -2.12    7.43
 -80408.859   436.294     0.90    6.49
 -80041.135   436.963     1.82    6.37
 -79673.352   439.151     5.95    6.41
 -79305.512   440.523     3.73    5.96
 -78937.614   442.379     5.05    5.43
 -78569.659   444.697     6.30    5.60
 -78201.645   448.494    10.32    7.11
 -77833.574   455.779    19.79   12.12
 -77465.445   464.994    25.03   12.61
 -77097.257   475.397    28.25   13.83
 -76729.012   483.950    23.23   12.23
 -76360.709   489.977    16.36   11.59
 -75992.348   491.284     3.55   12.48
 -75623.929   489.321    -5.33   12.05
 -75255.451   483.756   -15.10   13.70
 -74886.916   473.417   -28.05   17.47
 -74518.322   461.423   -32.54   18.49
 -74149.671   447.963   -36.51   16.77
 -73780.961   436.021   -32.39   16.62
 -73412.193   421.805   -38.55   17.82
 -73043.366   409.299   -33.91   18.10
 -72674.482   396.858   -33.72   18.28
 -72305.539   387.037   -26.62   18.28
 -71936.537   383.723    -8.98   22.91
 -71567.478   383.908     0.50   31.00
 -71198.360   392.443    23.12   37.91
 -70829.183   400.265    21.19   39.06
 -70459.948   403.068     7.59   36.92
 -70090.655   402.562    -1.37   36.20
 -69721.303   402.542    -0.05   27.59
 -69351.893   395.796   -18.26   22.99
 -68982.424   384.977   -29.28   25.43
 -68612.896   364.853   -54.45   30.32
 -68243.310   339.380   -68.92   34.12
 -67873.665   309.034   -82.09   33.67
 -67503.962   265.152  -118.69   59.79
 -67134.199   219.909  -122.35   59.28
 -66764.378   193.803   -70.59   44.72
 -66394.499   188.979   -13.04   42.04
 -66024.560   227.950   105.34   55.02
 -65654.563   270.246   114.31   50.87
 -65284.507   304.923    93.70   50.60
 -64914.392   325.251    54.92   49.00
 -64544.218   339.817    39.35   45.05
 -64173.985   346.979    19.35   40.55
 -63803.694   346.510    -1.27   35.89
 -63433.343   350.594    11.03   31.48
 -63062.933   356.700    16.48   30.89
 -62692.464   370.603    37.53   35.34
 -62321.936   383.910    35.91   41.06
 -61951.349   390.444    17.63   38.95
 -61580.703   393.495     8.23   38.10
 -61209.998   392.784    -1.92   34.67
 -60839.234   391.749    -2.79   29.68
 -60468.410   392.788     2.80   23.03
 -60097.527   393.578     2.13   16.52
 -59726.585   402.457    23.94   17.14
 -59355.583   413.726    30.37   20.98
 -58984.523   427.923    38.26   20.97
 -58613.402   441.937    37.76   19.04
 -58242.223   452.800    29.26   17.63
 -57870.984   458.334    14.91   16.04
 -57499.685   454.657    -9.90   21.17
 -57128.327   445.649   -24.25   27.40
 -56756.910   430.649   -40.38   28.16
 -56385.433   421.463   -24.73   23.52
 -56013.897   416.763   -12.65   19.67
 -55642.300   418.108     3.62   18.90
 -55270.645   422.510    11.84   17.04
 -54898.929   426.318    10.24   14.52
 -54527.154   432.518    16.67   14.01
 -54155.320   442.680    27.33   16.57
 -53783.425   455.085    33.36   18.16
 -53411.471   463.577    22.83   14.40
 -53039.457   463.831     0.68   14.57
 -52667.383   457.243   -17.71   19.42
 -52295.249   439.305   -48.20   23.23
 -51923.055   423.243   -43.15   21.83
 -51550.802   413.720   -25.58   18.96
 -51178.488   416.603     7.74   22.88
 -50806.115   425.964    25.14   22.72
 -50433.681   433.622    20.56   18.18
 -50061.188   437.643    10.80   18.09
 -49688.634   434.777    -7.69   24.16
 -49316.020   431.318    -9.28   26.55
 -48943.347   421.704   -25.80   29.25
 -48570.613   405.052   -44.67   30.83
 -48197.819   389.131   -42.71   21.75
 -47824.964   388.162    -2.60   18.02
 -47452.050   395.812    20.51   18.54
 -47079.075   392.337    -9.32   21.97
 -46706.040   382.117   -27.39   25.58
 -46332.944   368.529   -36.42   19.95
 -45959.788   360.631   -21.16   15.17
 -45586.572   361.884     3.36   21.35
 -45213.295   359.617    -6.07   24.53
 -44839.958   351.720   -21.15   22.80
 -44466.561   345.166   -17.55   17.73
 -44093.103   341.085   -10.93   10.70
 -43719.584   340.639    -1.19    9.30
 -43346.005   340.937     0.80    8.26
 -42972.365   343.752     7.54   10.25
 -42598.664   348.081    11.58   12.88
 -42224.903   353.203    13.70   13.58
 -41851.082   358.585    14.40   14.04
 -41477.199   365.270    17.88   16.57
 -41103.256   374.443    24.53   19.47
 -40729.252   383.729    24.83   19.33
 -40355.187   388.897    13.81   19.87
 -39981.061   392.002     8.30   17.37
 -39606.875   392.653     1.74   14.51
 -39232.627   395.112     6.57   12.97
 -38858.319   398.599     9.31   15.84
 -38483.950   406.030    19.85   18.95
 -38109.519   416.852    28.90   21.34
 -37735.028   423.818    18.60   19.73
 -37360.476   431.062    19.34   18.06
 -36985.862   434.463     9.08   15.53
 -36611.187   436.019     4.15   12.13
 -36236.452   437.962     5.19   10.15
 -35861.655   440.288     6.21    8.80
 -35486.797   441.860     4.19    8.17
 -35111.877   439.542    -6.18   10.95
 -34736.897   434.664   -13.01   14.06
 -34361.855   428.410   -16.67   13.69
 -33986.752   424.923    -9.30   10.57
 -33611.587   426.885     5.23    9.65
 -33236.361   432.781    15.71   12.72
 -32861.074   443.112    27.53   14.38
 -32485.725   451.977    23.62   13.78
 -32110.315   458.118    16.36    9.14
 -31734.843   458.126     0.02    8.33
 -31359.310   454.039   -10.88   10.03
 -30983.715   448.450   -14.88    8.97
 -30608.058   445.253    -8.51    6.82
 -30232.340   446.673     3.78    8.37
 -29856.560   449.152     6.60    7.79
 -29480.719   448.131    -2.72   11.24
 -29104.815   437.173   -29.15   24.69
 -28728.850   420.643   -43.97   30.36
 -28352.824   403.550   -45.46   30.66
 -27976.735   384.417   -50.87   30.33
 -27600.585   370.630   -36.65   26.87
 -27224.372   362.729   -21.00   26.58
 -26848.098   365.170     6.49   30.18
 -26471.762   374.739    25.43   25.56
 -26095.364   376.910     5.77   19.12
 -25718.904   365.321   -30.78   28.68
 -25342.382   336.950   -75.35   44.97
 -24965.797   299.349   -99.85   47.82
 -24589.151   276.478   -60.72   28.25
 -24212.443   283.629    18.98   32.82
 -23835.672   310.868    72.30   43.06
 -23458.839   347.568    97.39   49.22
 -23081.944   382.991    93.98   42.33
 -22704.987   404.356    56.68   27.43
 -22327.967   405.430     2.85   23.75
 -21950.885   386.634   -49.84   36.72
 -21573.741   354.794   -84.42   43.82
 -21196.535   326.331   -75.45   43.15
 -20819.266   304.248   -58.53   43.46
 -20441.934   281.845   -59.37   54.41
 -20064.540   266.215   -41.41   67.08
 -19687.084   263.396    -7.47   71.64
 -19309.565   283.962    54.48   77.70
 -18931.983   322.159   101.16   68.64
 -18554.339   348.608    70.04   53.95
 -18176.633   361.416    33.91   47.11
 -17798.863   336.502   -65.95   61.99
 -17421.031   287.203  -130.48   71.85
 -17043.136   238.923  -127.76   70.01
 -16665.179   194.187  -118.36   70.07
 -16287.158   157.105   -98.09   76.43
 -15909.075   130.703   -69.83   77.60
 -15530.929   117.463   -35.01   72.15
 -15152.720   138.747    56.27   85.51
 -14774.449   172.247    88.56   90.73
 -14396.114   192.291    52.98   81.14
 -14017.716   188.534    -9.93   84.35
 -13639.255   135.792  -139.36   88.14
 -13260.732    96.868  -102.83   61.27
 -12882.145    96.443    -1.12   51.07
 -12503.495   127.577    82.22   64.31
 -12124.782   163.430    94.67   52.63
 -11746.005   178.134    38.82   43.86
 -11367.166   168.937   -24.28   51.07
 -10988.263   149.599   -51.04   54.81
 -10609.297   147.292    -6.09   63.20
 -10230.268   152.278    13.16   74.60
  -9851.175   162.153    26.05   75.45
  -9472.019   159.607    -6.71   73.14
  -9092.800   148.062   -30.45   58.86
  -8713.517   151.858    10.01   46.36
  -8334.171   161.150    24.50   41.26
  -7954.761   182.558    56.42   45.52
  -7575.288   204.230    57.11   49.52
  -7195.751   221.404    45.25   50.65
  -6816.151   232.029    27.99   47.55
  -6438.601   247.989    42.27   47.72
  -6071.175   278.028    81.75   55.20
  -5703.690   306.443    77.32   50.47
  -5336.146   310.547    11.17   50.95
  -4968.543   297.777   -34.74   53.48
  -4600.881   283.239   -39.54   38.29
  -4233.159   289.677    17.51   32.82
  -3865.378   315.206    69.41   37.88
  -3497.538   339.482    66.00   32.38
  -3129.638   345.066    15.18   34.69
  -2761.679   332.872   -33.14   62.30
  -2393.661   284.700  -130.90  106.69
  -2025.583   206.495  -212.47  134.38
  -1657.446   111.345  -258.46  122.42
  -1289.249    47.347  -173.81   87.25
   -920.993    -1.131  -131.64    8.48
   -552.677    -4.063    -7.96    0.00
   -184.302    -4.063     0.00    0.00
    184.133    -2.127     5.25    6.84
    552.628     6.643    23.80   17.02
    921.182    20.700    38.14   23.21
   1289.796    40.190    52.87   23.77
   1658.469    58.234    48.94   18.70
   2027.202    74.976    45.40   16.45
   2395.996    90.001    40.74   18.12
   2764.848   109.523    52.93   24.08
   3133.761   132.633    62.64   32.44
   3502.734   159.247    72.13   32.98
   3871.766   183.658    66.15   25.64
   4240.859   200.747    46.30   13.81
   4610.011   207.283    17.70    7.07
   4979.223   209.523     6.07    3.35
   5348.496   208.363    -3.14    3.88
   5717.828   208.003    -0.97    5.53
   6087.221   210.430     6.57    8.93
   6456.673   215.817    14.58   11.11
   6826.186   221.898    16.46    8.51
   7195.759   227.247    14.47    4.47
   7565.392   224.512    -7.40   10.68
   7935.085   215.896   -23.30   18.06
   8304.838   206.329   -25.87   19.04
   8674.652   200.856   -14.80   14.61
   9044.526   204.818    10.71   13.94
   9414.461   213.297    22.92   14.54
   9784.456   224.274    29.67   12.32
  10154.511   234.653    28.05   11.17
  10524.626   243.095    22.81   15.86
  10894.802   245.126     5.49   21.94
  11265.039   233.671   -30.94   33.58
  11635.336   223.099   -28.55   38.74
  12005.694   214.737   -22.58   39.20
  12376.112   212.817    -5.18   38.98
  12746.591   221.308    22.92   37.94
  13117.130   224.257     7.96   35.51
  13487.730   221.657    -7.02   33.97
  13858.391   227.397    15.49   36.43
  14229.113   224.670    -7.36   35.71
  14599.895   231.621    18.75   31.89
  14970.738   238.103    17.48   31.80
  15341.642   248.910    29.14   30.96
  15712.607   265.544    44.84   26.58
  16083.632   279.963    38.86   10.95
  16454.719   284.582    12.45    7.82
  16825.866   288.350    10.15    7.36
  17197.075   293.167    12.98    5.87
  17568.344   297.248    10.99    5.59
  17939.675   301.279    10.85    5.63
  18311.066   305.673    11.83    6.11
  18682.519   310.222    12.25    6.46
  19054.033   313.476     8.76    5.17
  19425.608   314.590     3.00    4.56
  19797.244   313.363    -3.30    5.61
  20168.941   310.590    -7.46    6.62
  20540.700   308.670    -5.17    5.65
  20912.520   308.703     0.09    4.70
  21284.401   309.783     2.90    4.25
  21656.344   310.287     1.36    3.43
  22028.347   311.228     2.53    3.04
  22400.413   313.296     5.56    5.86
  22772.539   319.924    17.81   11.70
  23144.728   328.502    23.05   15.61
  23516.977   339.521    29.60   16.30
  23889.289   347.818    22.29   14.50
  24261.661   354.721    18.54   12.88
  24634.096   359.647    13.23   12.11
  25006.592   366.196    17.58   13.45
  25379.149   374.443    22.14   13.72
  25751.769   379.777    14.31    9.74
  26124.450   382.274     6.70    7.90
  26497.192   380.475    -4.83    8.33
  26869.997   376.153   -11.59    9.79
  27242.863   374.278    -5.03   10.21
  27615.791   372.356    -5.16    8.83
  27988.781   375.262     7.79    9.33
  28361.833   379.498    11.36    8.41
  28734.947   383.283    10.14    7.76
  29108.123   384.019     1.97    7.17
  29481.361   380.274   -10.03    9.52
  29854.661   371.117   -24.53   13.43
  30228.022   358.910   -32.70   16.57
  30601.446   350.193   -23.34   13.37
  30974.932   344.649   -14.84   12.14
  31348.481   343.812    -2.24   11.57
  31722.091   343.174    -1.71    9.77
  32095.764   343.356     0.49    8.81
  32469.499   343.539     0.49    8.39
  32843.296   346.476     7.86    8.72
  33217.155   349.430     7.90    6.98
  33591.077   351.378     5.21    5.08
  33965.061   351.534     0.42    5.38
  34339.107   350.976    -1.49    6.60
  34713.216   351.274     0.80    7.85
  35087.388   352.818     4.13    8.42
  35461.622   355.779     7.91    8.00
  35835.918   358.053     6.08    7.64
  36210.277   360.534     6.63    6.81
  36584.699   362.055     4.06    6.01
  36959.183   363.131     2.87    5.15
  37333.730   362.647    -1.29    5.08
  37708.339   360.792    -4.95    7.88
  38083.012   355.987   -12.82   10.88
  38457.747   352.123   -10.31   10.06
  38832.545   353.112     2.64   10.48
  39207.405   356.471     8.96   13.02
  39582.329   362.437    15.91   12.89
  39957.315   367.937    14.67   10.95
  40332.364   372.041    10.94    8.12
  40707.476   371.714    -0.87    5.99
  41082.651   366.555   -13.75   10.51
  41457.890   357.990   -22.83   12.82
  41833.191   348.380   -25.61   13.10
  42208.555   342.423   -15.87    9.93
  42583.982   340.392    -5.41    7.86
  42959.473   341.555     3.10    7.62
  43335.027   341.677     0.32    8.24
  43710.643   340.167    -4.02    9.39
  44086.323   337.152    -8.03    9.64
  44462.067   334.079    -8.18    8.69
  44837.873   330.898    -8.47   10.31
  45213.743   326.693   -11.19   11.11
  45589.677   327.043     0.93   12.44
  45965.673   332.537    14.61   14.32
  46341.734   338.910    16.95   10.72
  46717.857   338.847    -0.17    9.59
  47094.044   331.252   -20.19   13.77
  47470.295   320.586   -28.35   13.17
  47846.609   312.853   -20.55    8.40
  48222.987   314.937     5.54    9.46
  48599.428   320.430    14.59   10.31
  48975.933   325.304    12.95   10.57
  49352.502   326.770     3.89   11.78
  49729.134   326.392    -1.00   11.30
  50105.830   326.529     0.36   10.15
  50482.590   329.526     7.96    8.80
  50859.414   334.291    12.64    9.89
  51236.302   336.899     6.92   12.11
  51613.253   339.118     5.89   15.52
  51990.268   342.603     9.24   16.20
  52367.348   348.253    14.98   15.81
  52744.491   353.450    13.78   13.73
  53121.698   356.724     8.68   12.50
  53498.970   355.910    -2.16   10.99
  53876.305   350.989   -13.04    8.88
  54253.705   346.485   -11.94    6.82
  54631.169   342.872    -9.57    3.74
  55008.696   341.137    -4.60    1.64
  55386.288   340.616    -1.38    1.01
  55763.945   340.450    -0.44    0.92
  56141.665   340.488     0.10    0.83
  56519.450   340.590     0.27    0.69
  56897.300   340.664     0.20    0.64
  57275.213   340.768     0.27    0.50
  57653.191   340.808     0.11    0.47
  58031.234   340.937     0.34    0.61
  58409.341   339.203    -4.58    5.91
  58787.512   331.139   -21.33   15.30
  59165.748   323.115   -21.22   17.45
  59544.049   312.824   -27.20   15.05
  59922.414   303.211   -25.41    7.75
  60300.844   298.026   -13.70    5.36
  60679.338   292.768   -13.89    7.94
  61057.897   285.392   -19.48   11.16
  61436.521   277.821   -20.00   11.37
  61815.210   273.578   -11.21   10.06
  62193.964   272.180    -3.69   12.58
  62572.782   275.196     7.96   16.63
  62951.665   277.937     7.23   20.59
  63330.613   279.423     3.92   22.77
  63709.627   275.975    -9.10   22.04
  64088.705   271.622   -11.49   20.23
  64467.848   265.625   -15.82   19.99
  64847.056   260.334   -13.95   19.02
  65226.329   257.063    -8.62   20.20
  65605.667   253.310    -9.89   21.35
  65985.071   248.924   -11.56   22.19
  66364.539   241.397   -19.84   21.93
  66744.073   234.860   -17.23   20.13
  67123.672   230.616   -11.18   17.46
  67503.337   228.590    -5.34   14.24
  67883.067   227.552    -2.73   15.30
  68262.862   230.437     7.60   18.60
  68631.303   235.012    12.42   20.48
  68998.599   237.870     7.78   21.30
  69365.956   241.024     8.59   20.16
  69733.373   243.384     6.42   16.29
  70100.851   240.142    -8.82   13.31
  70468.390   232.231   -21.52   16.34
  70835.990   220.469   -32.00   18.34
  71203.650   208.949   -31.33   18.42
  71571.371   196.671   -33.39   16.87
  71939.153   191.897   -12.98   14.32
  72306.996   195.683    10.29   17.60
  72674.900   205.651    27.09   22.32
  73042.865   220.898    41.44   22.37
  73410.890   235.612    39.98   13.14
  73778.977   245.349    26.46    9.18
  74147.125   248.385     8.25    7.89
  74515.334   249.755     3.72    9.04
  74883.603   247.266    -6.76   11.76
  75251.934   242.660   -12.50   12.84
  75620.327   241.367    -3.51   12.21
  75988.780   239.001    -6.42   10.34
  76357.295   238.783    -0.59    9.05
  76725.870   241.616     7.69    9.38
  77094.507   244.757     8.52   11.78
  77463.206   247.670     7.90   12.63
  77831.966   243.012   -12.63   15.12
  78200.787   235.937   -19.18   15.05
  78569.669   229.228   -18.19   11.10
  78938.613   226.871    -6.39   11.47
  79307.619   231.534    12.64   13.68
  79676.685   237.000    14.81   12.31
  80045.814   239.755     7.46    9.99
  80415.004   245.713    16.14   10.81
  80784.255   254.599    24.07   14.99
  81153.569   265.470    29.44   15.96
  81522.943   271.149    15.38   13.14
  81892.380   268.869    -6.17   17.17
  82261.878   258.209   -28.85   23.42
  82631.438   247.057   -30.18   19.03
  83001.060   244.065    -8.09   14.09
  83370.743   250.707    17.97   16.76
  83740.489   258.774    21.82   13.11
  84110.296   260.156     3.74   12.41
  84480.165   257.399    -7.45   13.93
  84850.096   254.612    -7.53   13.70
  85220.089   258.794    11.30   16.14
  85590.144   268.537    26.33   17.59
  85960.261   274.112    15.06   15.82
  86330.441   271.869    -6.06   18.45
  86700.682   257.562   -38.65   24.84
  87070.985   243.923   -36.83   19.94
  87441.351   240.362    -9.62   15.28
  87811.778   237.707    -7.17   17.94
  88182.268   231.157   -17.68   21.02
  88552.820   221.842   -25.14   20.55
  88923.435   214.924   -18.67   12.13
  89294.111   214.153    -2.08    9.25
  89664.850   222.262    21.87   16.05
  90035.652   229.139    18.55   17.56
  90406.516   234.974    15.73   19.53
  90777.442   238.207     8.72   22.44
  91148.431   236.690    -4.09   23.19
  91519.482   233.126    -9.61   22.82
  91890.596   229.812    -8.93   18.33
  92261.772   228.247    -4.21   13.13
  92633.011   228.174    -0.20    8.94
  93004.313   231.139     7.99    8.55
  93375.677   235.287    11.17    8.64
  93747.104   240.483    13.99    9.79
  94118.594   249.244    23.59   13.58
  94490.146   256.085    18.41   11.25
  94861.761   254.724    -3.66   14.79
  95233.439   249.166   -14.95   19.76
  95605.180   238.299   -29.24   19.41
  95976.984   228.297   -26.90   14.63
  96348.850   221.519   -18.23   10.46
  96720.780   217.677   -10.33    8.04
  97092.773   215.038    -7.09    5.96
  97464.828   212.766    -6.11    3.62
  97836.947   211.824    -2.53    2.49
  98209.129   211.870     0.12    2.01
  98581.374   212.051     0.49    2.28
  98953.682   212.092     0.11    2.34
  99326.053   212.772     1.83    2.26
  99698.487   212.873     0.27    3.14
 100070.985   212.152    -1.93    4.45
 100443.546   211.155    -2.68    5.11
 100816.170   210.599    -1.49    4.85
 101188.858   210.963     0.98    5.07
 101561.609   214.092     8.40    5.56
 101934.423   217.949    10.35    5.56
 102307.301   221.112     8.48    5.67
 102680.242   223.014     5.10    6.34
 103053.247   223.834     2.20    7.29
 103426.315   224.371     1.44    6.99
 103799.447   225.462     2.93    7.05
 104172.642   225.911     1.20    6.70
 104545.901   228.099     5.86    6.56
 104919.224   229.262     3.11    6.83
 105292.611   228.911    -0.94    7.80
 105666.061   228.744    -0.45    7.67
 106039.575   229.423     1.82    6.87
 106413.152   230.139     1.92    5.86
 106786.794   232.206     5.53    4.72
 107160.499   233.680     3.95    3.83
 107534.269   233.494    -0.50    6.60
 107908.102   229.975    -9.41    9.18
 108281.999   225.300   -12.50    9.51
 108655.961   221.324   -10.63    8.53
 109029.986   218.871    -6.56    5.78
 109404.075   218.099    -2.06    3.85
 109778.229   218.910     2.17    3.04
 110152.446   221.015     5.62    3.34
 110526.728   222.950     5.17    3.90
 110901.074   224.287     3.57    4.70
 111275.484   225.274     2.64    5.06
 111649.958   224.381    -2.39    5.01
 112024.497   222.599    -4.76    4.09
 112399.100   222.304    -0.79    2.69
 112773.767   223.677     3.67    3.81
 113148.499   226.060     6.36    5.71
 113523.295   228.371     6.17    6.24
 113898.156   230.537     5.78    6.68
 114273.081   230.703     0.44    6.35
 114648.071   229.747    -2.55    6.10
 115023.125   229.667    -0.21    6.28
 115398.244   229.412    -0.68    6.49
 115773.427   229.392    -0.05    6.21
 116148.676   232.129     7.29    7.63
 116523.988   237.042    13.09    5.70
 116899.366   240.142     8.26    5.78
 117274.808   243.612     9.24    4.53
 117650.316   245.418     4.81    2.51
 118025.888   246.124     1.88    2.40
 118401.524   248.028     5.07    3.18
 118777.226   250.387     6.28    5.68
 119152.993   250.884     1.32    8.31
 119528.824   248.562    -6.18   11.87
 119904.721   245.018    -9.43   12.50
 120280.683   241.105   -10.41    8.90
 120656.710   240.595    -1.36    6.54
 121032.801   245.437    12.88    7.41
 121408.958   249.599    11.07    7.21
 121785.181   255.787    16.45    6.74
 122161.468   262.634    18.20    9.38
 122537.821   269.013    16.95   10.39
 122914.239   274.215    13.82    9.26
 123290.722   276.231     5.36    7.79
 123667.270   270.734   -14.60   12.12
 124043.884   264.278   -17.14   13.37
 124420.564   255.716   -22.73   11.19
 124797.308   251.721   -10.60    5.19
 125174.119   254.887     8.40    7.20
 125550.994   258.519     9.64    9.15
 125927.936   256.649    -4.96   14.52
 126304.943   252.430   -11.19   15.57
 126682.015   246.699   -15.20   12.52
 127059.153   242.470   -11.22    5.60
 127436.357   244.974     6.64    4.29
 127813.627   247.563     6.86    4.47
 128190.962   251.974    11.69    6.28
 128568.363   258.274    16.70    8.28
 128945.830   265.199    18.35   10.27
 129323.363   272.147    18.41    9.42
 129700.962   276.152    10.61    6.56
 130078.626   275.177    -2.58    6.68
 130456.357   268.443   -17.83   10.82
 130834.154   260.387   -21.33   11.00
 131212.016   253.706   -17.68   10.55
 131589.945   246.474   -19.14    9.57
 131967.940   241.116   -14.18    9.80
 132346.001   229.824   -29.87   16.88
 132724.128   217.000   -33.92   20.00
 133102.321   204.674   -32.59   16.88
 133480.581   196.707   -21.07   13.24
 133858.907   197.122     1.10   15.24
 134237.299   200.356     8.55   13.79
 134615.757   202.571     5.85   10.92
 134994.282   205.962     8.96    8.20
 135372.874   212.406    17.02    8.96
 135751.531   219.719    19.31    8.14
 136130.256   226.696    18.43    8.98
 136509.046   235.463    23.15    9.16
 136887.904   241.861    16.89    8.27
 137266.828   246.924    13.36    6.07
 137645.818   248.253     3.51    5.10
 138024.875   246.124    -5.62    6.41
 138403.999   243.173    -7.78    6.22
 138783.190   240.237    -7.75    4.71
 139162.447   239.991    -0.65    6.54
 139541.772   247.369    19.45   12.87
 139921.163   258.029    28.10   13.35
 140300.621   266.443    22.18    8.83
 140680.146   270.950    11.88    3.91
 141059.737   269.737    -3.20    5.77
 141439.396   266.296    -9.06    7.31
 141819.122   262.356   -10.38    8.49
 142198.915   254.505   -20.68   11.31
 142578.775   247.253   -19.09   12.14
 142958.702   239.162   -21.30   10.59
 143330.551   229.911   -24.88   12.24
 143697.653   220.512   -25.61   13.71
 144064.816   215.655   -13.23   11.12
 144432.042   215.712     0.16    9.72
 144799.331   221.875    16.78   10.06
 145166.681   228.764    18.76    5.89
 145534.094   231.706     8.01    3.13
 145901.569   232.378     1.83    2.77
 146269.106   233.000     1.69    2.64
 146636.706   233.468     1.27    2.79
 147004.368   234.912     3.93    3.41
 147372.093   236.937     5.51    3.55
 147739.880   238.199     3.43    3.37
 148107.729   239.898     4.62    3.54
 148475.641   240.799     2.45    3.87
 148843.616   240.000    -2.17    5.41
 149211.653   237.122    -7.82    7.58
 149579.753   232.873   -11.55    8.49
 149947.915   227.249   -15.28    8.58
 150316.140   220.529   -18.25    9.16
 150684.428   216.159   -11.87    8.12
 151052.779   213.910    -6.11    6.51
 151421.192   218.508    12.48   10.25
 151789.668   226.568    21.88    9.54
 152158.207   234.899    22.61    8.73
 152526.809   240.581    15.42    6.24
 152895.474   240.542    -0.11    9.71
 153264.202   237.397    -8.53   13.62
 153632.993   233.640   -10.19   12.99
 154001.847   231.206    -6.60   10.25
 154370.763   230.412    -2.15    7.37
 154739.743   233.331     7.91    6.74
 155108.786   238.124    12.99    6.24
 155477.892   241.544     9.27    6.82
 155847.062   246.693    13.95    7.67
 156216.294   251.354    12.63    5.66
 156585.590   253.499     5.81    4.16
 156954.949   253.398    -0.27    4.21
 157324.371   252.087    -3.55    4.68
 157693.857   250.380    -4.62    4.96
 158063.406   248.258    -5.74    5.50
 158433.018   245.734    -6.83    7.55
 158802.694   241.337   -11.90    7.40
 159172.434   240.206    -3.06    6.89
 159542.236   243.810     9.75    9.82
 159912.103   248.233    11.96    8.93
 160282.033   249.961     4.67    6.96
 160652.026   247.369    -7.01    8.87
 161022.083   241.231   -16.59    8.44
 161392.204   236.053   -13.99    6.56
 161762.389   229.221   -18.46    7.82
 162132.637   222.628   -17.81    8.70
 162502.949   215.727   -18.64    9.05
 162873.325   211.085   -12.53    7.87
 163243.765   209.001    -5.63    8.39
 163614.268   208.796    -0.55    8.34
 163984.836   210.529     4.68    6.30
 164355.467   211.628     2.96    4.58
 164726.162   213.072     3.90    3.74
 165096.922   213.324     0.68    3.86
 165467.745   212.231    -2.95    4.46
 165838.632   209.808    -6.53    4.83
 166209.584   205.835   -10.71    5.92
 166580.599   203.035    -7.55    5.58
 166951.679   202.887    -0.40    6.46
 167322.823   205.244     6.35    8.59
 167694.031   211.552    16.99    8.60
 168065.304   217.076    14.88    6.03
 168436.641   220.249     8.55    4.99
 168808.042   222.579     6.27    4.50
 169179.507   223.137     1.50    3.42
 169551.037   222.962    -0.47    2.72
 169922.632   221.334    -4.38    3.75
 170294.290   219.784    -4.17    4.19
 170666.014   218.860    -2.49    3.98
