-270879.580   705.966     0.00   58.45
-270502.742   716.771    28.67   69.05
-270125.845   751.490    92.10   97.39
-269748.892   775.866    64.65  106.62
-269371.880   802.587    70.86  112.86
-268994.812   820.512    47.52  113.14
-268617.685   808.801   -31.05  109.80
-268240.501   782.104   -70.76   98.87
-267863.259   753.221   -76.55   86.69
-267485.959   726.721   -70.22   74.94
-267108.602   702.724   -63.58   64.67
-266731.186   671.212   -83.48   52.66
-266353.713   644.970   -69.50   42.72
-265976.182   620.216   -65.55   31.57
-265598.594   605.233   -39.67   22.07
-265220.947   594.743   -27.77   19.16
-264843.242   587.121   -20.18   17.41
-264465.480   579.693   -19.66   15.10
-264087.659   574.627   -13.41   14.16
-263709.781   569.943   -12.39   15.40
-263331.844   570.668     1.92   24.48
-262953.849   574.166     9.25   37.11
-262575.797   577.061     7.66   42.37
-262197.686   583.227    16.30   45.14
-261819.517   599.414    42.79   52.59
-261441.290   624.424    66.11   57.39
-261063.004   643.513    50.45   52.66
-260684.661   664.414    55.23   55.52
-260306.259   688.040    62.42   63.98
-259927.799   730.999   113.48   89.25
-259549.280   799.818   181.77  123.61
-259170.704   865.638   173.82  125.67
-258792.069   904.068   101.47   98.33
-258413.375   916.118    31.81   78.55
-258034.623   907.741   -22.11   78.25
-257655.813   884.090   -62.42   80.27
-257276.944   868.733   -40.53   80.73
-256898.017   852.013   -44.11   84.24
-256519.031   813.358  -101.97   85.76
-256139.986   752.277  -161.11   92.61
-255760.883   702.752  -130.61   85.87
-255381.721   673.400   -77.40   64.30
-255002.501   679.916    17.18   70.56
-254634.334   721.984   114.24   91.14
-254266.372   770.349   131.41  119.32
-253898.356   808.727   104.26  134.83
-253530.284   864.568   151.68  132.76
-253162.158   920.865   152.89  120.78
-252793.977   974.883   146.68  119.51
-252425.741  1021.752   127.25  124.73
-252057.449  1097.061   204.44  116.68
-251689.103  1160.992   173.52   88.93
-251320.702  1200.088   106.10   49.79
-250952.245  1202.884     7.59   38.06
-250583.734  1166.910   -97.60   59.43
-250215.167  1115.955  -138.22   74.00
-249846.545  1050.801  -176.71   87.42
-249477.868   992.698  -157.56   95.26
-249109.136   934.609  -157.50   79.71
-248740.349   887.949  -126.49   65.77
-248371.506   862.554   -68.84   74.36
-248002.608   850.470   -32.75   99.45
-247633.655   851.957     4.03  123.06
-247264.647   820.132   -86.23  154.41
-246895.583   776.221  -118.95  152.41
-246526.463   725.907  -136.28  151.17
-246157.289   652.318  -199.29  128.93
-245788.059   614.963  -101.15  106.60
-245418.773   575.180  -107.71   78.26
-245049.432   574.041    -3.08   80.94
-244680.036   577.860    10.34   95.52
-244310.583   596.440    50.28  111.17
-243941.076   575.698   -56.12  103.27
-243571.513   556.913   -50.82   91.28
-243201.894   571.141    38.49   72.03
-242832.219   608.893   102.10   97.76
-242462.489   715.198   287.46  126.81
-242092.703   806.727   247.46  100.91
-241722.862   847.927   111.38   65.23
-241352.965   832.292   -42.26   80.75
-240983.012   755.893  -206.46  104.91
-240613.003   661.703  -254.51  109.27
-240242.938   578.068  -225.95  109.70
-239872.818   520.350  -155.91   75.72
-239502.641   490.082   -81.75   58.93
-239132.409   491.827     4.71   67.11
-238762.121   495.405     9.66   66.95
-238391.777   481.963   -36.29   68.64
-238021.377   438.608  -117.03   77.61
-237650.921   396.386  -113.95   59.37
-237280.408   377.121   -51.98   54.06
-236909.840   373.388   -10.07   68.46
-236539.216   371.096    -6.18   79.03
-236168.536   359.935   -30.10   73.82
-235797.799   353.430   -17.54   63.99
-235427.007   345.654   -20.97   62.49
-235056.158   350.541    13.18   75.71
-234685.253   369.430    50.92   76.78
-234314.291   388.212    50.62   79.53
-233943.274   428.965   109.82   96.36
-233572.200   482.527   144.31  104.35
-233201.070   553.308   190.68   90.43
-232829.884   605.102   139.51   77.47
-232458.641   663.239   156.57   74.30
-232087.341   715.809   141.55   69.00
-231715.986   772.623   152.96   67.61
-231344.574   806.259    90.55   53.54
-230973.105   819.705    36.19   49.47
-230601.580   808.935   -28.98   61.70
-230229.999   781.239   -74.52   70.56
-229858.360   758.741   -60.53   74.26
-229486.666   758.730    -0.03   78.74
-229114.914   782.672    64.39   78.54
-228743.106   827.207   119.76   84.57
-228371.242   878.115   136.87   71.69
-227999.320   901.900    63.94   57.69
-227627.342   903.336     3.86   53.90
-227255.308   852.207  -137.40   81.55
-226883.216   783.086  -185.73   98.58
-226511.068   704.013  -212.43   95.84
-226138.863   655.527  -130.24   75.26
-225766.601   631.175   -65.40   75.03
-225394.282   611.971   -51.57   84.03
-225021.906   591.985   -53.66   75.08
-224649.474   589.263    -7.31   62.59
-224276.984   610.924    58.14   64.20
-223904.437   663.999   142.44   68.09
-223531.834   715.680   138.67   65.92
-223159.173   771.457   149.64   61.25
-222786.455   812.457   109.98   51.43
-222413.681   834.082    58.00   38.30
-222040.849   827.305   -18.18   44.08
-221667.960   787.568  -106.54   68.11
-221295.014   731.132  -151.30   78.82
-220922.010   665.061  -177.10   80.30
-220548.950   606.583  -156.72   71.15
-220175.832   546.294  -161.55   70.60
-219802.657   496.396  -133.68   61.20
-219429.424   483.135   -35.52   57.18
-219056.134   490.056    18.54   73.34
-218682.787   542.335   140.00   89.00
-218309.383   598.063   149.21   75.54
-217935.921   639.335   110.49   69.98
-217562.401   666.582    72.93   75.82
-217188.825   674.689    21.70   82.54
-216815.190   674.837     0.40   98.81
-216441.499   655.927   -50.59  112.44
-216067.749   628.828   -72.49  124.28
-215693.942   586.088  -114.31  134.15
-215320.078   531.568  -145.80  138.46
-214946.155   464.335  -179.77  141.01
-214572.176   373.006  -244.16  140.85
-214198.138   288.088  -226.99  117.15
-213824.043   222.073  -176.43   71.93
-213449.890   196.943   -67.15   28.40
-213075.679   208.608    31.16   35.60
-212701.411   231.596    61.41   43.12
-212327.084   268.104    97.51   66.78
-211952.700   304.638    97.57   90.31
-211578.258   344.898   107.50   99.52
-211203.758   382.888   101.42  100.89
-210829.200   411.417    76.15  100.65
-210454.584   430.735    51.56  102.94
-210079.910   448.486    47.37   97.32
-209705.179   472.486    64.03   97.45
-209330.389   492.073    52.25   98.90
-208955.541   512.703    55.02  101.19
-208580.635   530.061    46.29  101.52
-208205.671   540.404    27.58   98.32
-207830.648   541.743     3.57   97.28
-207455.568   544.007     6.03   91.39
-207080.429   541.527    -6.61   89.39
-206705.232   552.594    29.49   89.47
-206329.977   572.013    51.74   95.86
-205954.663   599.301    72.70   94.13
-205579.291   620.430    56.28   99.02
-205203.861   641.217    55.36   92.88
-204828.373   656.555    40.84   90.76
-204452.826   660.247     9.83   80.82
-204077.220   637.346   -60.96   86.83
-203701.557   607.567   -79.26   76.40
-203325.834   601.869   -15.16   68.63
-202950.053   629.499    73.51   80.32
-202574.214   691.499   164.93   86.00
-202198.316   752.499   162.25   73.75
-201822.360   807.033   145.03   66.72
-201446.344   847.068   106.45   61.42
-201070.271   881.553    91.68   60.66
-200694.138   902.823    56.54   57.82
-200317.947   912.513    25.75   58.02
-199941.697   913.110     1.59   60.97
-199565.388   928.445    40.74   51.41
-199189.021   955.068    70.73   45.20
-198812.594   985.913    81.93   45.54
-198436.109  1021.013    93.21   38.18
-198059.565  1044.338    61.93   33.56
-197682.962  1063.143    49.93   24.93
-197306.300  1065.993     7.56   28.13
-196929.579  1033.986   -84.95   77.53
-196552.799   992.554  -109.94  105.06
-196175.961   932.260  -159.97  122.93
-195799.063   874.020  -154.50  122.43
-195422.106   814.893  -156.83  119.01
-195045.090   762.513  -138.91  109.29
-194668.014   716.930  -120.87   94.38
-194290.880   688.930   -74.23   89.84
-193913.686   674.340   -38.67  100.48
-193536.433   669.892   -11.79  112.80
-193159.121   666.705    -8.44  110.01
-192781.750   663.905    -7.42  114.46
-192404.319   652.392   -30.50  118.58
-192026.829   646.513   -15.57  112.06
-191649.280   616.916   -78.38  105.72
-191271.671   575.946  -108.48  101.15
-190894.003   505.305  -187.01  103.40
-190516.276   467.084  -101.17   87.21
-190138.489   447.888   -50.80   65.65
-189760.642   510.040   164.46  108.36
-189382.736   609.749   263.80  123.17
-189004.770   716.277   281.80  125.67
-188626.745   817.054   266.54   95.65
-188248.660   878.594   162.74   58.17
-187870.515   883.329    12.52   61.10
-187492.311   845.541   -99.90   95.75
-187114.047   794.100  -135.97   93.53
-186735.724   749.287  -118.43   63.34
-186357.340   751.207     5.07   47.27
-185978.897   758.386    18.97   32.20
-185600.394   735.673   -60.00   51.08
-185221.831   692.235  -114.73   67.01
-184843.208   631.527  -160.31   76.14
-184464.525   550.362  -214.30   90.99
-184085.783   455.719  -249.85  120.94
-183706.980   372.865  -218.69  105.11
-183328.118   325.568  -124.82   69.43
-182949.195   325.280    -0.76   60.91
-182570.212   374.865   130.82   68.69
-182191.169   435.811   160.76   63.77
-181812.067   484.992   129.71   65.84
-181432.904   539.727   144.33   74.46
-181053.680   588.985   129.87   78.27
-180674.397   636.175   124.40   78.17
-180295.053   679.102   113.14   74.11
-179924.386   710.458    84.58   67.06
-179556.600   732.828    60.81   56.47
-179188.757   743.582    29.23   39.33
-178820.858   739.595   -10.83   28.85
-178452.903   717.965   -58.78   39.71
-178084.891   674.082  -119.22   67.24
-177716.823   614.869  -160.85   87.92
-177348.699   552.034  -170.66   86.59
-176980.518   522.540   -80.09   66.06
-176612.281   535.965    36.45   69.08
-176243.987   569.784    91.81   71.45
-175875.637   617.773   130.26   57.08
-175507.230   637.458    53.42   70.74
-175138.767   661.157    64.31   91.16
-174770.247   686.883    69.80   94.20
-174401.671   727.760   110.89   89.47
-174033.038   752.801    67.92   76.11
-173664.348   777.376    66.65   64.77
-173295.602   782.020    12.59   64.39
-172926.799   789.431    20.09   58.86
-172557.939   792.184     7.46   58.56
-172189.023   804.878    34.40   54.07
-171820.050   813.432    23.18   50.34
-171451.020   835.811    60.63   41.83
-171081.933   852.687    45.72   42.40
-170712.789   883.811    84.30   40.01
-170343.589   905.220    57.98   36.16
-169974.331   927.689    60.84   27.02
-169605.017   937.273    25.95   29.82
-169235.645   940.297     8.18   35.91
-168866.217   938.193    -5.69   39.07
-168496.731   925.378   -34.68   45.29
-168127.189   911.828   -36.66   48.65
-167757.589   890.446   -57.84   53.92
-167387.933   877.143   -35.98   58.21
-167018.219   858.148   -51.37   61.76
-166648.448   843.013   -40.93   62.56
-166278.620   821.581   -57.94   61.75
-165908.735   805.951   -42.25   59.20
-165538.792   789.838   -43.55   56.83
-165168.792   796.212    17.22   52.77
-164798.735   806.027    26.52   52.59
-164428.621   821.746    42.47   55.28
-164058.449   829.458    20.83   57.09
-163688.220   830.305     2.29   59.50
-163317.934   812.900   -47.00   59.08
-162947.590   798.235   -39.59   58.35
-162577.188   777.687   -55.47   48.66
-162206.729   767.041   -28.73   42.62
-161836.213   760.500   -17.65   35.25
-161465.639   767.332    18.43   33.78
-161095.008   772.833    14.84   32.52
-160724.318   793.527    55.82   33.83
-160353.572   821.913    76.56   45.49
-159982.767   860.780   104.80   56.81
-159611.905   912.607   139.73   67.88
-159240.986   973.874   165.15   57.26
-158870.008  1020.351   125.27   49.69
-158498.973  1059.763   106.21   33.59
-158127.880  1083.349    63.55   22.98
-157756.729  1094.138    29.07   17.89
-157385.521  1093.851    -0.77   22.08
-157014.254  1088.791   -13.63   25.88
-156642.930  1080.895   -21.26   24.65
-156271.547  1078.041    -7.69   22.74
-155900.107  1075.264    -7.48   20.28
-155528.609  1075.719     1.22   16.90
-155157.053  1074.955    -2.05   13.34
-154785.438  1074.763    -0.52   10.47
-154413.766  1071.553    -8.63   11.12
-154042.036  1065.075   -17.43   14.84
-153670.247  1051.953   -35.29   21.21
-153298.400  1029.392   -60.67   31.40
-152926.495   999.797   -79.57   42.29
-152554.532   954.294  -122.32   54.89
-152182.511   904.719  -133.24   65.73
-151810.432   820.527  -226.24   97.88
-151438.294   761.554  -158.45   91.69
-151066.098   718.594  -115.41   57.11
-150693.843   713.993   -12.36   39.37
-150321.530   749.027    94.09   59.64
-149949.159   787.360   102.93   67.46
-149576.729   835.102   128.17   72.57
-149204.241   871.597    97.96   68.69
-148831.695   903.732    86.25   64.73
-148459.089   929.332    68.70   57.12
-148086.426   961.703    86.85   49.31
-147713.704   992.227    81.89   43.19
-147340.923  1026.393    91.64   42.60
-146968.083  1055.208    77.27   30.08
-146595.185  1066.447    30.14   20.87
-146222.229  1059.983   -17.33   29.78
-145849.213  1030.700   -78.49   49.23
-145476.139   989.292  -110.98   57.67
-145103.006   959.513   -79.80   60.24
-144729.814   942.735   -44.95   61.88
-144356.564   955.873    35.20   63.11
-143983.254   984.212    75.90   54.96
-143609.886  1007.566    62.54   44.66
-143236.459  1015.311    20.74   37.31
-142862.973   993.580   -58.18   64.11
-142489.427   967.594   -69.56   71.66
-142115.823   959.284   -22.24   65.93
-141742.160   972.392    35.08   69.03
-141368.438  1008.675    97.08   65.73
-140994.657  1048.313   106.03   52.23
-140620.817  1074.703    70.58   42.60
-140246.917  1097.527    61.04   23.71
-139872.959  1106.121    22.98   14.51
-139498.941  1105.033    -2.91   15.59
-139124.864  1104.280    -2.01   15.83
-138750.727  1106.487     5.90   17.55
-138376.532  1110.213     9.96   18.47
-138002.277  1105.856   -11.64   24.22
-137627.963  1089.306   -44.21   34.52
-137253.589  1053.473   -95.70   56.83
-136879.156  1019.027   -91.99   55.42
-136504.664   999.716   -51.56   55.78
-136130.112   990.965   -23.36   58.78
-135755.501  1002.390    30.49   52.32
-135380.830  1001.485    -2.41   44.78
-135006.100   993.951   -20.10   46.82
-134631.310   976.073   -47.70   58.35
-134256.460   969.620   -17.21   64.51
-133881.551   976.257    17.70   64.71
-133506.582   994.378    48.32   47.96
-133131.554  1001.662    19.42   30.65
-132756.466   991.075   -28.22   39.13
-132381.318   953.660   -99.72   68.53
-132006.110   900.784  -140.91   86.39
-131630.843   842.847  -154.37   89.60
-131255.515   784.921  -154.32   69.02
-130880.128   741.127  -116.65   57.32
-130504.681   708.161   -87.80   45.30
-130129.174   684.053   -64.19   36.08
-129753.607   681.609    -6.51   38.74
-129377.980   699.737    48.26   51.50
-129002.294   728.527    76.62   56.65
-128626.547   753.290    65.90   61.35
-128250.740   779.838    70.63   63.43
-127874.873   808.689    76.75   63.87
-127498.945   838.793    80.07   58.19
-127122.958   860.567    57.90   44.49
-126746.911   883.527    61.05   40.13
-126370.803   899.499    42.46   41.53
-125994.635   910.713    29.81   42.29
-125618.407   919.585    23.58   41.80
-125242.118   913.685   -15.68   40.30
-124865.769   903.817   -26.22   37.67
-124489.360   882.700   -56.09   42.99
-124112.891   855.668   -71.80   36.34
-123736.361   839.061   -44.10   29.18
-123359.770   829.305   -25.90   23.44
-122983.119   830.253     2.52   20.37
-122606.408   837.060    18.07   21.89
-122229.636   850.113    34.64   30.80
-121852.803   874.608    64.99   41.34
-121475.910   890.431    41.98   40.09
-121098.957   899.687    24.55   44.02
-120721.942   902.999     8.78   41.95
-120344.867   894.660   -22.11   47.73
-119967.731   880.048   -38.74   51.86
-119590.535   864.687   -40.72   49.75
-119213.278   855.693   -23.84   48.29
-118835.960   846.670   -23.91   51.32
-118458.581   826.527   -53.37   67.02
-118081.141   774.027  -139.08   72.75
-117703.640   728.486  -120.62   60.86
-117326.079   721.230   -19.22   61.75
-116948.456   702.448   -49.73   59.34
-116570.773   675.203   -72.13   71.90
-116193.028   627.449  -126.40   88.66
-115815.223   567.130  -159.64   75.47
-115437.356   517.033  -132.56   50.45
-115059.428   495.144   -57.91   38.26
-114681.439   504.672    25.20   51.53
-114303.389   525.141    54.14   62.19
-113925.278   558.280    87.64   63.64
-113547.106   590.047    83.99   57.71
-113168.872   604.432    38.03   48.09
-112790.577   606.340     5.04   36.47
-112412.221   585.727   -54.48   55.84
-112033.803   556.216   -77.98   63.42
-111655.324   529.116   -71.60   61.92
-111276.783   516.020   -34.59   56.74
-110898.182   508.298   -20.39   50.85
-110519.518   492.474   -41.79   46.00
-110140.793   462.499   -79.14   44.24
-109762.007   428.916   -88.65   44.13
-109383.159   393.243   -94.15   42.15
-109004.250   362.672   -80.68   39.16
-108625.279   334.027   -75.58   34.41
-108246.246   312.243   -57.47   32.41
-107867.151   293.176   -50.29   26.28
-107487.995   283.405   -25.77   17.05
-107108.777   287.319    10.32   28.16
-106729.498   300.020    33.48   40.74
-106350.156   313.856    36.47   42.74
-105970.753   323.084    24.32   38.45
-105591.288   341.300    48.00   41.07
-105217.872   374.157    87.98   55.92
-104850.262   407.784    91.47   50.60
-104482.594   445.362   102.20   39.13
-104114.869   474.938    80.42   37.78
-103747.086   503.801    78.47   44.45
-103379.245   534.432    83.27   49.27
-103011.346   555.805    58.09   49.85
-102643.390   549.193   -17.97   64.70
-102275.376   518.582   -83.17   82.23
-101907.304   470.220  -131.38   82.29
-101539.174   438.041   -87.41   52.02
-101170.986   426.198   -32.16   56.04
-100802.740   435.809    26.10   64.62
-100434.437   457.800    59.70   60.08
-100066.075   467.152    25.39   52.88
 -99697.655   469.324     5.90   32.27
 -99329.177   463.416   -16.03   35.06
 -98960.642   426.856   -99.19   59.39
 -98592.048   380.583  -125.53   60.87
 -98223.396   356.993   -63.98   43.52
 -97854.686   358.935     5.27   48.53
 -97485.917   400.711   113.27   66.78
 -97117.091   453.713   143.69   60.13
 -96748.206   489.647    97.41   48.02
 -96379.263   504.841    41.18   40.71
 -96010.261   478.447   -71.52   71.49
 -95641.202   432.655  -124.07   74.64
 -95272.084   390.540  -114.09   60.27
 -94902.907   373.398   -46.43   62.29
 -94533.672   362.119   -30.55   80.90
 -94164.379   357.344   -12.93   89.27
 -93795.027   324.527   -88.84   91.84
 -93425.617   294.823   -80.40   84.79
 -93056.148   263.290   -85.34   73.75
 -92686.621   234.138   -78.88   45.36
 -92317.035   226.780   -19.91   21.51
 -91947.391   230.693    10.59   19.52
 -91577.688   243.241    33.94   22.74
 -91207.926   258.443    41.11   20.63
 -90838.105   276.367    48.46   27.12
 -90468.226   296.470    54.35   34.43
 -90098.288   316.740    54.79   36.32
 -89728.292   346.851    81.37   46.20
 -89358.236   374.140    73.74   52.06
 -88988.122   408.034    91.57   49.22
 -88617.948   439.687    85.50   54.66
 -88247.716   468.090    76.71   66.67
 -87877.425   497.527    79.49   73.08
 -87507.075   527.041    79.69   64.15
 -87136.667   555.140    75.85   62.73
 -86766.199   593.662   103.97   56.67
 -86395.672   624.514    83.26   53.55
 -86025.086   659.212    93.62   34.72
 -85654.440   676.847    47.58   24.38
 -85283.736   682.541    15.36   19.13
 -84912.973   673.014   -25.69   26.23
 -84542.150   661.757   -30.36   31.25
 -84171.268   653.193   -23.09   33.11
 -83800.327   645.287   -21.31   31.30
 -83429.327   633.345   -32.19   31.36
 -83058.268   615.621   -47.76   37.39
 -82687.149   590.619   -67.37   41.72
 -82315.971   566.787   -64.20   41.91
 -81944.733   555.621   -30.07   36.13
 -81573.436   545.419   -27.48   25.78
 -81202.079   535.900   -25.63   26.02
 -80830.663   523.579   -33.17   32.63
 -80459.188   514.922   -23.31   39.40
 -80087.653   489.113   -69.46   55.60
 -79716.059   467.816   -57.31   62.56
 -79344.405   435.079   -88.08   67.30
 -78972.691   399.687   -95.21   58.80
 -78600.917   358.224  -111.52   51.11
 -78229.084   325.527   -87.93   50.78
 -77857.192   284.553  -110.17   55.82
 -77485.239   248.446   -97.07   49.73
 -77113.227   216.142   -86.83   36.85
 -76741.155   195.367   -55.83   27.49
 -76369.023   181.072   -38.41   22.00
 -75996.832   176.054   -13.48   18.83
 -75624.580   176.367     0.84   17.92
 -75252.269   184.892    22.90   25.69
 -74879.897   200.580    42.13   28.08
 -74507.466   205.710    13.77   32.55
 -74134.975   168.843   -98.97   79.69
 -73762.423   130.416  -103.14   83.96
 -73389.812    88.579  -112.27   64.57
 -73017.140    68.430   -54.07   46.37
 -72644.409    87.198    50.35   67.06
 -72271.617   114.263    72.60   82.57
 -71898.765   169.299   147.60   96.94
 -71525.853   230.930   165.26   84.28
 -71152.881   288.937   155.52   70.52
 -70779.848   336.568   127.68   38.57
 -70406.755   357.241    55.41   29.25
 -70033.602   357.927     1.84   32.79
 -69660.388   346.277   -31.21   39.31
 -69287.114   323.431   -61.20   39.81
 -68913.780   303.951   -52.17   36.43
 -68540.385   280.087   -63.91   30.40
 -68166.930   263.851   -43.47   26.54
 -67793.414   246.124   -47.46   23.33
 -67419.838   238.843   -19.49   17.82
 -67046.201   251.410    33.63   37.10
 -66672.504   274.273    61.18   51.78
 -66298.745   307.329    88.44   52.81
 -65924.927   332.946    68.52   36.01
 -65551.047   338.206    14.07   20.33
 -65177.107   329.648   -22.88   19.02
 -64803.106   319.014   -28.43   16.70
 -64429.045   311.473   -20.16   21.71
 -64054.922   298.807   -33.85   32.32
 -63680.739   285.006   -36.88   32.87
 -63306.495   273.790   -29.97   26.30
 -62932.190   267.784   -16.04   14.79
 -62557.824   275.353    20.22   20.11
 -62183.397   285.327    26.63   26.78
 -61808.910   295.645    27.55   26.99
 -61434.361   308.486    34.28   25.62
 -61059.751   316.488    21.36   25.25
 -60685.080   329.287    34.16   28.08
 -60310.348   350.052    55.41   34.19
 -59935.555   382.378    86.25   42.54
 -59560.700   419.929   100.17   52.51
 -59185.785   465.927   122.68   54.69
 -58810.808   498.833    87.75   39.84
 -58435.770   513.488    39.07   28.27
 -58060.671   508.422   -13.51   39.04
 -57685.510   478.527   -79.68   57.09
 -57310.288   435.797  -113.87   65.38
 -56935.005   383.760  -138.65   62.31
 -56559.660   333.263  -134.53   55.70
 -56184.254   285.145  -128.17   50.73
 -55808.786   245.047  -106.79   39.05
 -55433.257   214.132   -82.32   32.10
 -55057.667   192.027   -58.85   18.82
 -54682.014   182.347   -25.77    9.77
 -54306.301   177.635   -12.54    3.94
 -53930.525   178.046     1.09    2.89
 -53554.688   180.892     7.57    6.42
 -53178.789   189.796    23.69   17.75
 -52802.829   206.711    44.99   28.55
 -52426.807   228.474    57.87   36.05
 -52050.723   257.423    76.97   38.88
 -51674.577   280.172    60.48   32.14
 -51298.369   294.405    37.83   26.97
 -50922.100   300.093    15.11   28.81
 -50545.768   302.673     6.86   28.51
 -50169.375   311.432    23.27   34.45
 -49792.920   326.540    40.13   40.68
 -49416.402   347.041    54.45   40.00
 -49039.823   356.527    25.19   31.72
 -48663.182   353.638    -7.67   26.58
 -48286.478   339.400   -37.79   26.60
 -47909.713   327.243   -32.27   20.41
 -47532.885   321.052   -16.43   18.11
 -47155.995   319.540    -4.01   18.07
 -46779.043   318.119    -3.77   17.51
 -46402.029   313.189   -13.08   14.70
 -46024.952   310.124    -8.13   14.97
 -45647.813   304.290   -15.47   18.33
 -45270.612   298.757   -14.67   16.78
 -44893.348   298.332    -1.13   15.33
 -44516.022   304.311    15.84   17.81
 -44138.634   321.345    45.14   22.37
 -43761.183   340.402    50.49   22.00
 -43383.670   349.642    24.48   17.20
 -43006.094   352.193     6.76   12.55
 -42628.455   343.450   -23.15   16.39
 -42250.754   328.927   -38.45   21.61
 -41872.991   313.158   -41.74   23.71
 -41495.164   292.711   -54.12   19.99
 -41117.275   277.329   -40.70   16.81
 -40739.324   264.658   -33.52   13.84
 -40361.309   256.211   -22.35    8.75
 -39983.232   252.852    -8.89    5.02
 -39605.092   253.230     1.00    5.22
 -39226.889   254.052     2.18    4.67
 -38848.623   254.499     1.18    3.98
 -38470.295   254.270    -0.60    4.65
 -38091.903   254.110    -0.42    5.08
 -37713.449   256.142     5.37    5.97
 -37334.931   261.593    14.40    8.22
 -36956.351   269.448    20.75   11.13
 -36577.707   280.185    28.36   12.34
 -36199.000   288.215    21.20   10.67
 -35820.230   293.820    14.80    5.86
 -35441.397   292.935    -2.34    7.45
 -35062.501   285.202   -20.41   11.99
 -34683.542   277.554   -20.18   10.63
 -34304.519   273.436   -10.86    7.41
 -33925.433   273.610     0.46    7.23
 -33546.284   280.789    18.93   12.54
 -33167.071   286.865    16.02   11.91
 -32787.795   290.373     9.25   10.41
 -32408.456   292.106     4.57    8.66
 -32029.053   293.020     2.41    9.72
 -31649.587   300.864    20.67   14.24
 -31270.057   311.672    28.47   17.31
 -30890.463   323.257    30.52   16.19
 -30514.045   324.220     2.56   16.46
 -30146.618   323.189    -2.81   16.53
 -29779.132   324.620     3.89   18.34
 -29411.587   333.899    25.24   24.58
 -29043.982   349.106    41.37   24.86
 -28676.319   366.770    48.04   24.56
 -28308.596   376.198    25.64   23.43
 -27940.814   376.981     2.13   24.48
 -27572.973   369.711   -19.76   29.62
 -27205.073   352.869   -45.78   27.79
 -26837.113   342.119   -29.21   17.60
 -26469.094   340.633    -4.04   13.47
 -26101.015   345.696    13.75   14.16
 -25732.877   355.145    25.67   10.87
 -25364.680   357.895     7.47    8.81
 -24996.423   350.987   -18.76   15.58
 -24628.107   338.553   -33.76   20.84
 -24259.731   323.448   -41.01   20.37
 -23891.295   308.407   -40.82   15.97
 -23522.800   291.487   -45.92   21.37
 -23154.245   270.903   -55.85   31.25
 -22785.631   246.722   -65.60   33.96
 -22416.957   226.111   -55.90   26.34
 -22048.224   211.748   -38.95   15.16
 -21679.430   209.007    -7.43   18.08
 -21310.577   209.800     2.15   21.64
 -20941.664   211.877     5.63   24.47
 -20572.691   223.356    31.11   31.91
 -20203.658   242.501    51.88   40.32
 -19834.566   275.797    90.21   43.20
 -19465.413   303.847    75.98   35.65
 -19096.201   322.237    49.81   18.96
 -18726.929   319.890    -6.36   22.50
 -18357.596   304.356   -42.06   30.31
 -17988.204   284.382   -54.07   30.41
 -17618.752   262.790   -58.44   27.78
 -17249.239   241.579   -57.40   35.19
 -16879.666   215.380   -70.89   36.14
 -16510.034   193.732   -58.57   30.34
 -16140.341   171.514   -60.10   18.92
 -15770.587   166.719   -12.97   16.99
 -15400.774   188.047    57.67   45.18
 -15030.900   216.860    77.90   55.14
 -14660.966   250.935    92.11   41.32
 -14290.972   263.877    34.98   22.54
 -13920.917   244.185   -53.22   45.69
 -13550.802   215.220   -78.26   48.68
 -13180.627   193.606   -58.39   34.14
 -12810.391   196.001     6.47   35.48
 -12440.094   225.922    80.80   42.81
 -12069.737   252.860    72.74   33.71
 -11699.320   262.913    27.14   28.72
 -11328.842   250.399   -33.78   39.50
 -10958.303   221.356   -78.38   47.83
 -10587.704   190.592   -83.01   44.10
 -10217.044   169.593   -56.65   30.91
  -9846.323   175.579    16.15   36.89
  -9475.542   207.501    86.09   52.14
  -9104.700   242.189    93.54   49.05
  -8733.797   257.514    41.32   41.18
  -8362.833   236.436   -56.82   53.47
  -7991.809   192.513  -118.38   56.97
  -7620.723   149.093  -117.01   49.73
  -7249.577   105.093  -118.55   40.55
  -6878.370    78.948   -70.43   33.17
  -6507.102    69.053   -26.65   23.71
  -6135.772    83.668    39.36   41.09
  -5764.382   124.358   109.56   56.39
  -5392.931   164.745   108.73   51.42
  -5021.419   199.774    94.29   37.23
  -4649.845   215.322    41.84   35.34
  -4278.210   219.436    11.07   42.99
  -3906.515   221.953     6.77   45.00
  -3534.758   230.142    22.03   43.02
  -3162.939   241.167    29.65   40.76
  -2791.060   253.027    31.89   40.51
  -2419.119   255.658     7.08   38.07
  -2047.117   243.202   -33.48   48.95
  -1675.054   206.059   -99.83   76.25
  -1302.929   134.687  -191.80  100.25
   -930.742    71.800  -168.97   88.84
   -558.495    20.360  -138.19   45.08
   -186.185     4.553   -42.46   12.11
    186.185    10.552    16.11   14.13
    558.618    21.527    29.47   17.21
    931.112    35.389    37.22   18.29
   1303.667    45.073    25.99   13.12
   1676.284    53.319    22.13   11.23
   2048.963    61.938    23.13    7.50
   2421.703    65.579     9.77    6.97
   2794.506    69.180     9.66    7.44
   3167.370    73.711    12.15   11.96
   3540.295    76.946     8.67   15.79
   3913.283    81.627    12.55   15.05
   4286.333    85.666    10.83   12.19
   4659.444    90.789    13.73   15.91
   5032.617    99.362    22.97   21.62
   5405.852   111.787    33.29   31.54
   5779.150   118.220    17.23   33.35
   6152.509   118.803     1.56   31.28
   6525.930   115.606    -8.56   21.97
   6899.413   115.670     0.17   18.20
   7272.959   127.007    30.35   22.82
   7646.566   140.450    35.98   26.48
   8020.236   158.303    47.78   30.27
   8393.968   177.232    50.65   35.28
   8767.762   203.500    70.28   39.51
   9141.619   230.111    71.18   34.17
   9515.537   251.335    56.76   24.82
   9889.518   257.963    17.72   23.58
  10263.562   255.147    -7.53   27.19
  10637.668   251.924    -8.61   28.95
  11011.836   251.605    -0.85   30.52
  11386.067   254.198     6.93   34.67
  11760.360   258.653    11.90   39.91
  12134.715   271.913    35.42   44.28
  12509.134   286.286    38.39   43.08
  12883.614   298.180    31.76   30.68
  13258.158   296.449    -4.62   30.27
  13632.764   277.020   -51.87   44.22
  14007.433   242.345   -92.55   51.13
  14382.164   213.973   -75.71   37.09
  14756.958   210.767    -8.55   27.99
  15131.815   218.582    20.85   29.04
  15506.735   236.027    46.53   25.94
  15881.718   248.273    32.66   18.99
  16256.763   248.160    -0.30   21.23
  16631.871   241.606   -17.47   25.68
  17007.043   229.961   -31.04   32.87
  17382.277   214.345   -41.62   36.89
  17757.574   206.241   -21.59   34.54
  18132.934   210.605    11.63   33.43
  18508.358   211.722     2.98   31.78
  18883.844   197.001   -39.20   40.68
  19259.394   164.698   -86.02   55.57
  19635.006   110.565  -144.12   59.20
  20010.682    71.113  -105.02   45.25
  20386.421    50.565   -54.69   32.64
  20762.224    41.968   -22.88   32.93
  21138.089    35.579   -17.00   34.64
  21514.018    32.006    -9.50   27.65
  21890.010    24.666   -19.52   15.05
  22266.066    20.784   -10.32   11.67
  22642.185    21.464     1.81   10.87
  23018.368    21.047    -1.11    8.78
  23394.614    27.818    18.00   10.88
  23770.923    37.329    25.28   12.54
  24147.296    45.345    21.30   14.05
  24523.733    55.579    27.19   10.35
  24900.233    61.488    15.70    6.43
  25276.797    65.709    11.21    4.71
  25653.425    69.632    10.42    5.99
  26030.116    74.683    13.41    7.71
  26406.871    81.053    16.91    8.50
  26783.690    94.869    36.66   18.22
  27160.572   110.264    40.85   23.28
  27537.519   120.132    26.18   19.04
  27914.529   121.033     2.39   18.49
  28291.603   109.163   -31.48   21.87
  28668.741    96.392   -33.87   10.15
  29045.943    94.889    -3.98    6.26
  29423.209    97.239     6.23    6.85
  29800.539   101.314    10.80    5.77
  30177.934   106.620    14.06    5.60
  30555.392   111.424    12.73    6.26
  30932.914   114.629     8.49    5.56
  31310.501   115.932     3.45    4.67
  31688.152   115.058    -2.31    5.13
  32065.867   113.202    -4.91    4.72
  32443.646   112.617    -1.55    3.78
  32821.490   116.140     9.33    6.84
  33199.397   120.977    12.80    7.69
  33577.370   124.865    10.29    5.23
  33955.406   125.957     2.89    3.74
  34333.508   125.121    -2.21    2.92
  34711.673   126.903     4.71    8.05
  35089.903   127.892     2.61   11.32
  35468.198   127.937     0.12   11.07
  35846.557   127.007    -2.46    9.45
  36224.981   125.185    -4.81    6.70
  36603.469   122.764    -6.40    5.43
  36982.022   121.658    -2.92    5.76
  37360.640   117.864   -10.02    7.54
  37739.322   116.228    -4.32    9.48
  38118.069   115.567    -1.75   11.82
  38496.882   113.060    -6.62   17.32
  38875.758   112.691    -0.97   18.94
  39254.700   113.257     1.49   20.93
  39633.707   121.089    20.67   26.40
  40012.778   136.770    41.37   29.34
  40391.915   157.590    54.92   26.52
  40771.116   175.994    48.54   16.56
  41150.383   188.438    32.81   10.80
  41529.714   197.102    22.84    8.15
  41909.111   202.835    15.11    6.63
  42288.573   206.787    10.42    4.35
  42668.100   206.501    -0.75    5.56
  43047.692   204.652    -4.87    6.45
  43427.350   203.967    -1.80    5.63
  43807.073   203.818    -0.39    5.07
  44186.755   204.280     1.22    5.37
  44553.992   202.215    -5.62    6.41
  44921.290   199.554    -7.25    5.09
  45288.648   201.489     5.27    6.42
  45656.067   205.703    11.47    7.22
  46023.547   208.552     7.75    6.10
  46391.087   208.635     0.23    5.88
  46758.688   202.565   -16.51   11.04
  47126.350   192.593   -27.12   14.21
  47494.072   180.020   -34.19   14.99
  47861.856   171.189   -24.01   11.30
  48229.700   168.488    -7.34    8.67
  48597.605   170.967     6.74   10.60
  48965.571   175.727    12.94    9.45
  49333.598   176.119     1.07   11.60
  49701.686   172.869    -8.83   14.54
  50069.834   167.155   -15.52   13.81
  50438.044   164.089    -8.33   10.83
  50806.315   165.096     2.73    9.70
  51174.647   171.104    16.31   10.63
  51543.040   175.774    12.68    9.45
  51911.494   179.270     9.49    6.77
  52280.010   180.948     4.55    5.65
  52648.586   183.929     8.09    7.04
  53017.224   190.642    18.21   10.33
  53385.923   202.714    32.74   15.92
  53754.684   215.602    34.95   18.28
  54123.506   227.565    32.44   14.71
  54492.389   234.774    19.54    8.35
  54861.333   237.657     7.81    4.44
  55230.339   238.476     2.22    4.83
  55599.406   238.606     0.35    5.09
  55968.535   240.072     3.97    4.33
  56337.726   241.258     3.21    5.29
  56706.978   242.362     2.99    6.06
  57076.291   243.423     2.87    5.86
  57445.666   246.362     7.96    5.36
  57815.103   248.020     4.49    6.15
  58184.601   248.802     2.12    6.43
  58554.162   246.487    -6.26    9.22
  58923.783   238.860   -20.63   16.30
  59293.467   225.347   -36.55   20.08
  59663.212   212.117   -35.79   19.66
  60033.020   199.449   -34.26   13.89
  60402.889   195.134   -11.67    9.21
  60772.820   195.100    -0.09    7.86
  61142.813   201.802    18.11   11.46
  61512.868   210.698    24.04   13.34
  61882.985   218.527    21.15   13.19
  62253.163   227.027    22.96    6.58
  62623.404   231.722    12.68    5.83
  62993.707   235.737    10.84    7.68
  63364.073   239.957    11.39    8.67
  63734.500   244.527    12.34    8.69
  64104.989   247.927     9.18    8.46
  64475.541   251.380     9.32    7.95
  64846.155   255.717    11.70    7.78
  65216.831   261.261    14.96    7.65
  65587.569   266.236    13.42    5.44
  65958.370   269.987    10.12    4.06
  66329.233   272.077     5.63    4.62
  66700.159   272.158     0.22    6.46
  67071.147   273.677     4.09    7.04
  67442.197   275.474     4.84    6.94
  67813.310   278.122     7.13    6.07
  68184.486   281.134     8.12    5.52
  68555.724   281.704     1.53    5.55
  68927.024   280.672    -2.78    5.73
  69298.388   277.514    -8.50    7.49
  69669.814   272.033   -14.76    8.72
  70041.302   265.324   -18.06   10.91
  70412.853   256.358   -24.13   11.50
  70784.467   248.843   -20.22    8.15
  71156.144   244.783   -10.92    6.32
  71527.884   242.950    -4.93    5.98
  71899.686   241.553    -3.76    5.95
  72271.552   238.839    -7.30    6.47
  72643.480   234.293   -12.22    8.14
  73015.471   227.052   -19.47   13.77
  73387.525   215.615   -30.74   17.52
  73759.643   203.377   -32.89   16.67
  74131.823   191.168   -32.81   11.64
  74504.066   185.681   -14.74    8.89
  74876.372   185.189    -1.32    7.35
  75248.742   186.129     2.53    6.75
  75621.175   188.436     6.19    7.19
  75993.671   189.102     1.79   10.16
  76366.230   187.589    -4.06   12.27
  76738.852   186.802    -2.11   11.65
  77111.538   184.450    -6.31    9.94
  77484.287   180.241   -11.29    7.96
  77857.099   179.033    -3.24    6.50
  78229.975   182.117     8.27   10.66
  78602.914   194.488    33.17   20.77
  78975.917   210.552    43.07   24.63
  79348.983   226.739    43.39   21.15
  79722.113   235.988    24.79   11.50
  80095.306   231.236   -12.74   16.62
  80468.563   223.245   -21.41   17.53
  80841.883   216.989   -16.76   14.44
  81215.267   217.408     1.12   13.63
  81588.715   221.957    12.18   10.56
  81962.227   223.818     4.98    6.35
  82335.802   224.082     0.71    5.58
  82709.441   223.685    -1.06    5.60
  83083.144   220.002    -9.86   10.38
  83456.911   214.189   -15.55   11.80
  83830.741   207.977   -16.62    9.33
  84204.636   204.007   -10.62    4.38
  84578.594   204.228     0.59    2.90
  84952.617   206.162     5.17    4.12
  85326.703   209.277     8.33    5.42
  85700.854   213.919    12.41    7.78
  86075.069   221.277    19.66    9.45
  86449.348   226.967    15.20    8.63
  86823.690   231.223    11.37    7.69
  87198.098   236.653    14.50    8.35
  87572.569   240.755    10.95    7.69
  87947.105   244.803    10.81    7.15
  88321.704   248.714    10.44    5.78
  88696.369   250.488     4.73    4.27
  89071.097   249.058    -3.81    5.72
  89445.890   244.020   -13.44    8.09
  89820.747   238.107   -15.78    8.27
  90195.669   230.464   -20.39    7.89
  90570.656   222.502   -21.24   10.59
  90945.706   211.322   -29.81   13.55
  91320.822   201.722   -25.59   12.48
  91696.002   194.160   -20.16    6.90
  92071.246   192.463    -4.52    5.28
  92446.556   194.989     6.73    6.54
  92821.929   199.181    11.17    7.16
  93197.368   203.877    12.51    6.05
  93572.872   206.698     7.51    4.28
  93948.440   207.727     2.74    4.99
  94324.073   207.784     0.15    6.53
  94699.771   205.214    -6.84    7.94
  95075.533   201.140   -10.84    8.42
  95451.361   199.156    -5.28    8.23
  95827.254   197.351    -4.80    7.64
  96203.211   197.327    -0.06    8.07
  96579.234   194.645    -7.13    9.42
  96955.322   190.881   -10.01    9.44
  97331.475   190.109    -2.05    9.91
  97707.693   194.989    12.97   13.88
  98083.976   203.693    23.13   14.71
  98460.324   209.706    15.98   11.21
  98836.737   212.264     6.79    8.57
  99213.216   211.835    -1.14    7.41
  99589.760   209.375    -6.53    6.72
  99966.370   205.426   -10.49    6.98
 100343.045   200.831   -12.20    7.78
 100719.785   197.619    -8.53    9.06
 101096.590   195.014    -6.91   10.34
 101473.462   195.119     0.28   11.76
 101850.398   194.910    -0.56   10.96
 102227.400   191.843    -8.14   11.71
 102604.468   186.553   -14.03   11.14
 102981.601   182.007   -12.06    9.02
 103358.800   182.602     1.58    8.58
 103736.065   187.764    13.68   10.37
 104113.395   195.177    19.65    9.88
 104490.792   201.618    17.07    5.79
 104868.253   204.114     6.61    5.35
 105245.781   205.058     2.50    5.21
 105623.375   205.789     1.94    4.58
 106001.034   207.181     3.68    3.89
 106378.759   208.683     3.98    4.35
 106756.551   210.729     5.42    5.06
 107134.408   212.193     3.88    5.94
 107512.331   214.614     6.41    6.96
 107890.321   216.877     5.99    6.54
 108268.376   220.964    10.81    6.44
 108646.498   225.757    12.67    7.43
 109024.686   226.959     3.18    7.06
 109402.940   228.270     3.47    6.12
 109781.260   226.818    -3.84    6.22
 110159.646   223.274    -9.37    3.48
 110538.099   223.627     0.93    4.01
 110916.618   223.822     0.51    5.65
 111295.204   221.789    -5.37    8.29
 111673.856   218.869    -7.71    9.85
 112052.574   213.438   -14.34    9.40
 112431.359   208.305   -13.55    9.36
 112810.210   204.719    -9.46    8.44
 113189.128   199.827   -12.91    7.19
 113568.112   196.247    -9.45    5.08
 113947.163   195.354    -2.36    4.13
 114326.281   196.108     1.99    4.67
 114705.466   200.907    12.66    8.28
 115084.717   205.565    12.29    7.40
 115464.035   208.752     8.40    5.18
 115843.419   209.847     2.89    4.51
 116222.871   209.539    -0.81    4.07
 116602.389   209.902     0.96    4.19
 116981.975   209.264    -1.68    4.57
 117361.627   206.663    -6.85    6.30
 117741.346   203.296    -8.87    5.77
 118121.132   200.439    -7.52    2.77
 118500.985   199.722    -1.89    2.08
 118880.906   201.064     3.53    2.90
 119251.251   202.829     4.77    3.15
 119618.356   204.438     4.38    2.90
 119985.524   206.813     6.47    2.50
 120352.754   208.664     5.04    2.64
 120720.046   210.198     4.18    3.02
 121087.401   211.702     4.09    3.32
 121454.817   213.796     5.70    3.81
 121822.296   216.749     8.04    5.48
 122189.837   219.427     7.29    6.73
 122557.441   223.679    11.57    7.20
 122925.107   226.553     7.82    6.60
 123292.835   227.988     3.90    5.52
 123660.626   228.177     0.51    4.34
 124028.479   226.354    -4.96    3.59
 124396.394   225.402    -2.59    2.83
 124764.372   225.312    -0.25    2.41
 125132.413   226.964     4.49    3.89
 125500.516   229.963     8.15    4.55
 125868.682   231.414     3.94    4.15
 126236.911   233.552     5.81    3.95
 126605.202   234.489     2.54    3.31
 126973.556   234.267    -0.60    3.96
 127341.972   233.177    -2.96    6.16
 127710.452   230.644    -6.88    8.72
 128078.994   228.490    -5.85    9.33
 128447.599   227.852    -1.73    8.10
 128816.267   229.902     5.56    6.88
 129184.998   234.620    12.80    6.31
 129553.791   237.027     6.53    5.44
 129922.648   235.620    -3.81    7.47
 130291.568   231.601   -10.90    8.23
 130660.551   228.027    -9.69    5.98
 131029.596   228.502     1.29    6.01
 131398.705   231.148     7.17    5.30
 131767.877   230.922    -0.61    4.84
 132137.113   227.367    -9.63    7.31
 132506.411   223.539   -10.37    6.45
 132875.773   221.020    -6.82    4.90
 133245.198   223.414     6.48    6.73
 133614.686   228.807    14.60    8.49
 133984.237   234.464    15.31    9.20
 134353.852   238.696    11.45    8.37
 134723.531   240.746     5.55    7.85
 135093.272   239.296    -3.92    8.08
 135463.078   236.453    -7.69    6.17
 135832.946   234.382    -5.60    5.46
 136202.879   233.377    -2.72    4.81
 136572.874   233.241    -0.37    4.23
 136942.934   235.002     4.76    5.16
 137313.057   239.894    13.22    8.20
 137683.243   247.169    19.65   11.33
 138053.494   254.245    19.11   10.89
 138423.808   258.077    10.35    7.70
 138794.186   256.464    -4.36    9.78
 139164.627   252.827    -9.82   10.32
 139535.133   248.780   -10.92    8.37
 139905.702   247.354    -3.85    6.25
 140276.335   247.438     0.23    4.96
 140647.032   246.964    -1.28    4.25
 141017.793   244.274    -7.26    5.88
 141388.618   238.649   -15.17    8.20
 141759.507   232.350   -16.99    9.57
 142130.461   226.144   -16.73    8.69
 142501.478   220.843   -14.29    7.33
 142872.559   216.002   -13.05    6.26
 143243.705   214.314    -4.55    6.30
 143614.914   215.539     3.30    9.01
 143986.188   219.027     9.39    9.76
 144357.527   223.552    12.19    8.30
 144728.929   228.008    12.00    8.32
 145100.396   234.239    16.78    9.96
 145471.927   238.564    11.64    8.27
 145843.523   239.403     2.26    6.56
 146215.183   236.977    -6.53    6.53
 146586.907   233.689    -8.84    8.26
 146958.696   229.219   -12.02   11.40
 147330.549   221.189   -21.60   15.30
 147702.467   214.402   -18.25   15.27
 148074.450   206.461   -21.35    9.79
 148446.497   201.682   -12.85    4.37
