# NaN NaN NaN ;Mean Elev.(m), Avg Gradient(m/km), RMS Gradient(m/km) - SRTM1     
#  -28.000  -2.577   9.533 ;Mean Elev.(m), Avg Gradient(m/km), RMS Gradient(m/km) - ASTER GDEM
#    1.309   0.672   5.614 ;Mean Elev.(m), Avg Gradient(m/km), RMS Gradient(m/km) - GMTED2010 
  6     5.954 52440.14241986 17.71 126.918880  72.429118 22.908
  6     5.441 52440.14242051 16.27 126.913280  72.426228 22.908
  6     5.706 52440.14242115 14.78 126.907680  72.423338 22.908
  6     6.671 52440.14242179 13.25 126.902080  72.420448 22.908
  6     6.703 52440.14242244 13.05 126.896480  72.417568 22.908
  6     6.906 52440.14242308 12.73 126.890874  72.414677  3.899
  6     7.007 52440.14242373 13.20 126.885284  72.411787  3.899
  7     4.013 52475.14241788 27.67 126.920442  72.427733  7.193
  7     4.057 52475.14241853 23.37 126.914832  72.424843  7.193
  7     3.855 52475.14241917 19.61 126.909231  72.421958  2.700
  7     3.491 52475.14241982 19.37 126.903631  72.419068  2.700
  7     3.559 52475.14242046 18.71 126.898031  72.416178  2.700
  7     0.979 52475.14242111 18.28 126.892441  72.413288  2.700
  7    -0.017 52475.14242175 17.68 126.886841  72.410398  2.700
  8     2.930 52510.14237665 33.20 126.917697  72.427766  6.042
  8     3.018 52510.14237730 34.60 126.912097  72.424876  6.042
  8     2.917 52510.14237794 31.04 126.906497  72.421986  6.042
  8     2.785 52510.14237859 26.96 126.900897  72.419096  6.042
  8     2.901 52510.14237923 24.53 126.895297  72.416206  6.042
  8     2.878 52510.14237988 22.92 126.889707  72.413316  6.042
  8     2.421 52510.14238052 22.16 126.884107  72.410426  6.042
  9     3.304 52545.14238454 33.90 126.945688  72.427196 11.544
  9     3.411 52545.14238519 39.45 126.940078  72.424306 11.544
  9     3.408 52545.14238583 41.39 126.934478  72.421416 11.544
  9     3.257 52545.14238648 35.87 126.928868  72.418526 11.544
  9     3.166 52545.14238712 29.45 126.923268  72.415646 11.544
  9     2.965 52545.14238777 28.05 126.917668  72.412756 11.544
  9     2.878 52545.14238841 24.77 126.912068  72.409866 11.544
 10     3.323 52580.14241644 25.04 126.930767  72.428605  4.707
 10     3.415 52580.14241708 25.58 126.925157  72.425715  4.707
 10     3.404 52580.14241773 26.20 126.919557  72.422835  4.707
 10     3.271 52580.14241837 25.77 126.913957  72.419945  4.707
 10     3.185 52580.14241902 26.41 126.908357  72.417055  4.707
 10     2.836 52580.14241966 26.59 126.902757  72.414165  4.707
 10     2.854 52580.14242031 26.13 126.897157  72.411275  4.707
 11     3.335 52615.14238511 22.77 126.908930  72.429504  5.311
 11     3.347 52615.14238575 22.94 126.903330  72.426614  5.311
 11     3.349 52615.14238640 24.56 126.897730  72.423724  5.311
 11     3.344 52615.14238704 25.27 126.892130  72.420834  5.311
 11     3.464 52615.14238769 25.46 126.886530  72.417944  5.311
 11     3.235 52615.14238833 24.19 126.880940  72.415064  5.311
 11     2.936 52615.14238898 24.99 126.875340  72.412174  5.311
 12     3.617 52650.14236274 23.02 126.943178  72.430276  4.306
 12     3.526 52650.14236338 23.14 126.937578  72.427386  4.306
 12     3.426 52650.14236403 24.44 126.931968  72.424496  4.306
 12     3.445 52650.14236467 24.81 126.926368  72.421616  4.306
 12     3.485 52650.14236532 24.09 126.920758  72.418726  4.306
 12     3.427 52650.14236596 24.13 126.915168  72.415836  4.306
 12     3.155 52650.14236660 24.66 126.909568  72.412946  4.306
 12     2.822 52650.14236725 24.31 126.903968  72.410056  4.306
 14     3.343 52720.14240033 21.30 126.929231  72.428801  3.406
 14     3.445 52720.14240097 21.37 126.923621  72.425921  3.406
 14     3.416 52720.14240162 22.46 126.918021  72.423031  3.406
 14     3.531 52720.14240226 22.45 126.912421  72.420141  3.406
 14     3.516 52720.14240290 22.27 126.906821  72.417251  3.406
 14     3.414 52720.14240355 22.07 126.901221  72.414361  3.406
 14     2.923 52720.14240419 22.12 126.895621  72.411471  3.406
 15     3.224 52755.14242511 18.74 126.902600  72.429317  6.753
 15     3.325 52755.14242575 20.32 126.896990  72.426427  6.753
 15     3.312 52755.14242640 22.76 126.891390  72.423537  6.753
 15     3.438 52755.14242704 23.24 126.885790  72.420647  6.753
 15     3.342 52755.14242769 23.26 126.880200  72.417767  6.753
 15     3.214 52755.14242833 22.41 126.874600  72.414877  6.753
 15     2.918 52755.14242898 22.63 126.869010  72.411987  6.753
 16     3.797 52790.14237197 37.11 126.953027  72.429124 12.521
 16     3.500 52790.14237261 43.79 126.947417  72.426234 12.521
 16     3.373 52790.14237326 44.05 126.941807  72.423354 12.521
 16     3.355 52790.14237390 43.88 126.936197  72.420464 12.521
 16     3.197 52790.14237455 35.97 126.930597  72.417574 12.521
 16     3.025 52790.14237519 32.51 126.924997  72.414684 12.521
 16     2.714 52790.14237584 30.12 126.919397  72.411794 12.521
 16     2.184 52790.14237648 30.88 126.913797  72.408914 12.521
 17     5.618 52825.14244211 33.09 126.946240  72.428822  8.069
 17     5.013 52825.14244276 28.68 126.940630  72.425932  8.069
 17     4.432 52825.14244340 25.84 126.935020  72.423052  8.069
 17     3.830 52825.14244405 23.92 126.929420  72.420162  8.069
 17     3.919 52825.14244469 21.22 126.923820  72.417272  8.069
 17     4.160 52825.14244534 20.50 126.918220  72.414382  8.069
 17     8.979 52825.14244598 18.74 126.912620  72.411492  8.069
 17     4.950 52825.14244663 23.03 126.907020  72.408612  8.069
 18     3.806 52860.14248813 35.08 126.945300  72.428370  9.558
 18     3.598 52860.14248878 32.88 126.939700  72.425480  9.558
 18     3.654 52860.14248942 35.49 126.934090  72.422600  9.558
 18     3.627 52860.14249007 36.46 126.928490  72.419710  9.558
 18     3.437 52860.14249071 34.63 126.922890  72.416820  9.558
 18     3.535 52860.14249136 25.52 126.917290  72.413930  9.558
 18     3.188 52860.14249200 22.38 126.911690  72.411050  9.558
 18     2.634 52860.14249264 21.02 126.906090  72.408160  9.558
 19     3.477 52895.14251946 40.48 126.921432  72.428996 20.664
 19     3.554 52895.14252010 31.82 126.915832  72.426106 20.664
 19     3.465 52895.14252075 32.62 126.910232  72.423216 20.664
 19     3.495 52895.14252139 40.75 126.904632  72.420326 20.664
 19     3.428 52895.14252204 38.78 126.899032  72.417446 20.664
 19     3.230 52895.14252268 32.17 126.893432  72.414556 20.664
 19     2.920 52895.14252333 24.10 126.887842  72.411666 20.664
 20     3.393 52930.14246875 20.89 126.904424  72.430531  7.019
 20     3.292 52930.14246939 22.12 126.898824  72.427641  7.019
 20     3.116 52930.14247004 23.92 126.893224  72.424751  7.019
 20     2.835 52930.14247068 25.74 126.887624  72.421861  7.019
 20     2.784 52930.14247133 27.98 126.882024  72.418971  7.019
 20     3.041 52930.14247197 29.01 126.876434  72.416081  7.019
 20     3.240 52930.14247262 29.99 126.870844  72.413191  7.019
 21     2.889 52965.14245864 14.59 126.949320  72.427998  2.753
 21     3.159 52965.14245929 14.61 126.943710  72.425108  2.753
 21     3.106 52965.14245993 14.48 126.938110  72.422218  2.753
 21     3.015 52965.14246057 14.88 126.932500  72.419328  2.753
 21     2.740 52965.14246122 14.74 126.926900  72.416438  2.753
 21     2.565 52965.14246186 15.11 126.921300  72.413558  2.753
 21     2.119 52965.14246251 14.19 126.915700  72.410668  2.753
 22     3.486 53000.14249379 18.07 126.919274  72.429350  4.517
 22     3.553 53000.14249443 18.37 126.913664  72.426460  4.517
 22     3.417 53000.14249508 19.20 126.908064  72.423570  4.517
 22     3.334 53000.14249572 17.19 126.902464  72.420680  4.517
 22     3.125 53000.14249637 18.32 126.896864  72.417800  4.517
 22     2.937 53000.14249701 17.13 126.891264  72.414910  4.517
 22     2.529 53000.14249766 16.71 126.885674  72.412020  4.517
 23     3.508 53035.14244383 17.59 126.903352  72.427859  4.948
 23     3.440 53035.14244448 18.38 126.897752  72.424969  4.948
 23     3.234 53035.14244512 18.94 126.892152  72.422079  4.948
 23     3.134 53035.14244577 19.22 126.886552  72.419189  4.948
 23     3.154 53035.14244641 17.54 126.880962  72.416299  4.948
 23     2.916 53035.14244706 16.28 126.875362  72.413419  4.948
 24     3.387 53070.14246175 18.25 126.930598  72.428678  4.885
 24     3.467 53070.14246240 18.36 126.924988  72.425788  4.885
 24     3.375 53070.14246304 19.07 126.919388  72.422898  4.885
 24     3.296 53070.14246369 18.31 126.913788  72.420008  4.885
 24     3.171 53070.14246433 17.12 126.908188  72.417128  4.885
 24     2.850 53070.14246498 16.96 126.902588  72.414238  4.885
 24     2.511 53070.14246562 16.12 126.896998  72.411348  4.885
 25     3.546 53105.14244547 12.95 126.897431  72.428436  4.447
 25     3.318 53105.14244611 13.92 126.891831  72.425546  4.447
 25     3.223 53105.14244676 15.17 126.886231  72.422656  4.447
 25     3.205 53105.14244740 13.19 126.880631  72.419766  4.447
 25     3.272 53105.14244805 13.84 126.875041  72.416886  4.447
 25     2.820 53105.14244869 14.29 126.869441  72.413986  4.447
 26     3.916 53140.14246745  8.10 126.940862  72.429035  2.557
 26     3.841 53140.14246809  7.61 126.935252  72.426145  2.557
 26     3.509 53140.14246874  8.17 126.929642  72.423255  2.557
 26     3.477 53140.14246938  7.97 126.924042  72.420365  2.557
 26     3.397 53140.14247003  7.32 126.918442  72.417485  2.557
 26     2.986 53140.14247067  7.62 126.912842  72.414595  2.557
 26     2.574 53140.14247132  7.67 126.907242  72.411705  2.557
 26     2.436 53140.14247196  7.30 126.901652  72.408815  2.557
 27     5.632 53175.14250219 22.43 126.930984  72.428633  5.649
 27     5.218 53175.14250283 20.36 126.925384  72.425753  5.649
 27     5.349 53175.14250348 18.47 126.919774  72.422863  5.649
 27     6.590 53175.14250412 17.49 126.914174  72.419973  5.649
 27     7.499 53175.14250477 17.38 126.908574  72.417083  5.649
 27    23.339 53175.14250606 13.90 126.897384  72.411303  5.649
 28     4.240 53210.14252018 30.85 126.923530  72.429536  6.815
 28     4.710 53210.14252083 24.17 126.917930  72.426646  6.815
 28     4.168 53210.14252147 22.27 126.912320  72.423756  6.815
 28     3.675 53210.14252212 20.92 126.906720  72.420866  6.815
 28     2.934 53210.14252276 21.18 126.901120  72.417976  6.815
 28     1.698 53210.14252341 20.35 126.895530  72.415086  6.815
 28     0.608 53210.14252405 20.51 126.889930  72.412206  6.815
 29     4.594 53245.14248869 31.51 126.916114  72.427278 11.073
 29     4.063 53245.14248934 27.62 126.910514  72.424388 11.073
 29     3.746 53245.14248998 34.80 126.904914  72.421498 11.073
 29     3.774 53245.14249063 38.98 126.899314  72.418608 11.073
 29     3.702 53245.14249127 27.63 126.893724  72.415718 11.073
 29     3.158 53245.14249192 22.67 126.888124  72.412828 11.073
 29     2.118 53245.14249256 22.88 126.882534  72.409948 11.073
 30     3.629 53280.14246963 25.30 126.947314  72.428949  6.231
 30     3.434 53280.14247028 28.23 126.941704  72.426059  6.231
 30     3.281 53280.14247092 31.11 126.936104  72.423169  6.231
 30     3.194 53280.14247157 28.68 126.930494  72.420279  6.231
 30     2.979 53280.14247221 26.30 126.924894  72.417399  6.231
 30     2.475 53280.14247286 25.76 126.919294  72.414509  6.231
 30     1.985 53280.14247350 24.65 126.913694  72.411619  6.231
 30     1.209 53280.14247415 24.18 126.908094  72.408729  6.231
 31     4.466 53315.14248815 22.53 126.931718  72.428444  4.361
 31     4.140 53315.14248879 23.33 126.926108  72.425554  4.361
 31     3.779 53315.14248944 24.64 126.920508  72.422674  4.361
 31     3.671 53315.14249008 24.80 126.914908  72.419784  4.361
 31     3.742 53315.14249073 25.49 126.909308  72.416894  4.361
 31     3.827 53315.14249137 23.96 126.903708  72.414004  4.361
 31     3.524 53315.14249202 24.15 126.898108  72.411114  4.361
 32     4.279 53350.14245383 20.03 126.925087  72.429817  4.298
 32     4.072 53350.14245447 21.04 126.919487  72.426937  4.298
 32     3.895 53350.14245512 22.02 126.913887  72.424047  4.298
 32     4.023 53350.14245576 21.34 126.908287  72.421157  4.298
 32     4.098 53350.14245641 21.10 126.902687  72.418267  4.298
 32     3.928 53350.14245705 21.61 126.897087  72.415377  4.298
 32     3.611 53350.14245770 20.79 126.891497  72.412487  4.298
 32     3.301 53350.14245834 20.91 126.885907  72.409597  4.298
 33     4.408 53385.14243282 22.54 126.944015  72.427303  4.667
 33     4.196 53385.14243346 23.54 126.938405  72.424413  4.667
 33     3.809 53385.14243410 24.15 126.932805  72.421523  4.667
 33     3.787 53385.14243475 23.31 126.927195  72.418633  4.667
 33     3.820 53385.14243539 23.03 126.921595  72.415753  4.667
 33     3.666 53385.14243604 22.39 126.915995  72.412863  4.667
 33     3.325 53385.14243668 21.15 126.910395  72.409973  4.667
 34     4.577 53420.14243767 19.65 126.936385  72.429794  4.483
 34     4.195 53420.14243832 20.75 126.930775  72.426914  4.483
 34     3.935 53420.14243896 21.24 126.925175  72.424024  4.483
 34     3.859 53420.14243961 21.68 126.919575  72.421134  4.483
 34     3.977 53420.14244025 20.81 126.913975  72.418244  4.483
 34     3.787 53420.14244090 20.89 126.908375  72.415354  4.483
 34     3.754 53420.14244154 19.45 126.902785  72.412464  4.483
 34     3.347 53420.14244219 19.61 126.897185  72.409574  4.483
 35     4.412 53455.14244305 20.05 126.955244  72.428357  5.044
 35     4.259 53455.14244370 21.69 126.949644  72.425477  5.044
 35     3.911 53455.14244434 23.14 126.944034  72.422587  5.044
 35     3.757 53455.14244499 22.99 126.938434  72.419697  5.044
 35     3.739 53455.14244563 23.00 126.932824  72.416807  5.044
 35     3.673 53455.14244628 21.39 126.927224  72.413917  5.044
 35     3.503 53455.14244692 20.70 126.921624  72.411037  5.044
 35     3.132 53455.14244757 19.76 126.916024  72.408147  5.044
 36     4.020 53490.14252899 19.03 126.924008  72.428985  5.092
 36     4.043 53490.14252964 19.74 126.918398  72.426095  5.092
 36     4.064 53490.14253028 19.09 126.912798  72.423205  5.092
 36     4.048 53490.14253093 19.33 126.907198  72.420315  5.092
 36     4.113 53490.14253157 18.55 126.901598  72.417425  5.092
 36     3.914 53490.14253222 18.24 126.895998  72.414545  5.092
 36     3.554 53490.14253286 17.92 126.890398  72.411655  5.092
 37     7.786 53525.14251327 26.24 126.934339  72.430029  5.169
 37     7.566 53525.14251392 26.46 126.928729  72.427149  5.169
 37     7.527 53525.14251456 26.76 126.923129  72.424259  5.169
 37     7.530 53525.14251521 26.14 126.917529  72.421369  5.169
 37     7.626 53525.14251585 25.96 126.911929  72.418479  5.169
 37     7.876 53525.14251650 27.38 126.906329  72.415589  5.169
 37     8.083 53525.14251714 29.46 126.900729  72.412699  5.169
 37     8.058 53525.14251779 31.25 126.895139  72.409819  5.169
 38     4.776 53560.14254142 24.44 126.915881  72.429607  3.921
 38     4.392 53560.14254207 21.68 126.910281  72.426717  3.921
 38     3.879 53560.14254271 20.72 126.904671  72.423827  3.921
 38     3.250 53560.14254335 19.82 126.899071  72.420937  3.921
 38     2.335 53560.14254400 18.67 126.893471  72.418047  3.921
 38     1.393 53560.14254464 18.33 126.887881  72.415167  3.921
 38     0.200 53560.14254529 18.06 126.882281  72.412277  3.921
 39     4.857 53595.14247989 23.08 126.916040  72.428013  3.579
 39     4.348 53595.14248054 21.79 126.910440  72.425123  3.579
 39     3.675 53595.14248118 21.47 126.904840  72.422233  3.579
 39     2.641 53595.14248183 20.95 126.899240  72.419343  3.579
 39     1.726 53595.14248247 20.09 126.893650  72.416453  3.579
 39     0.576 53595.14248312 19.95 126.888050  72.413573  3.579
 39    -0.523 53595.14248376 19.14 126.882460  72.410683  3.579
 40     5.380 53630.14247197 31.97 126.950164  72.429246  5.417
 40     4.862 53630.14247262 30.27 126.944554  72.426356  5.417
 40     4.562 53630.14247326 26.68 126.938944  72.423476  5.417
 40     3.655 53630.14247391 25.79 126.933344  72.420586  5.417
 40     2.893 53630.14247455 25.60 126.927734  72.417696  5.417
 40     2.396 53630.14247519 25.02 126.922134  72.414806  5.417
 40     2.571 53630.14247584 22.91 126.916534  72.411926  5.417
 40     2.036 53630.14247648 22.72 126.910934  72.409036  5.417
 41     3.980 53665.14249610 38.88 126.928549  72.429802 16.848
 41     3.887 53665.14249674 37.54 126.922939  72.426922 16.848
 41     3.843 53665.14249739 37.17 126.917339  72.424032 16.848
 41     4.009 53665.14249803 40.02 126.911739  72.421142 16.848
 41     3.921 53665.14249868 42.04 126.906139  72.418252 16.848
 41     3.963 53665.14249932 40.15 126.900539  72.415362 16.848
 41     4.192 53665.14249997 47.99 126.894939  72.412472 16.848
 41     4.084 53665.14250061 45.30 126.889349  72.409592 16.848
 42     3.647 53700.14245119 19.26 126.921692  72.429367  4.657
 42     3.650 53700.14245183 20.03 126.916092  72.426487  4.657
 42     3.794 53700.14245248 20.53 126.910492  72.423597  4.657
 42     3.830 53700.14245312 19.84 126.904892  72.420707  4.657
 42     3.788 53700.14245376 19.55 126.899292  72.417817  4.657
 42     3.674 53700.14245441 20.31 126.893692  72.414927  4.657
 42     3.336 53700.14245505 19.44 126.888102  72.412037  4.657
 43     3.658 53735.14237351 17.66 126.909160  72.430106  5.837
 43     3.584 53735.14237416 18.56 126.903560  72.427216  5.837
 43     3.717 53735.14237480 19.33 126.897960  72.424326  5.837
 43     3.793 53735.14237544 19.95 126.892370  72.421436  5.837
 43     3.858 53735.14237609 19.23 126.886770  72.418546  5.837
 43     3.742 53735.14237673 19.10 126.881180  72.415656  5.837
 43     3.398 53735.14237738 18.25 126.875590  72.412766  5.837
 44     3.424 53770.14236068 17.17 126.940566  72.428859  2.846
 44     3.464 53770.14236133 18.47 126.934966  72.425974  5.857
 44     3.672 53770.14236197 18.95 126.929356  72.423084  5.857
 44     3.896 53770.14236261 19.07 126.923756  72.420194  5.857
 44     3.816 53770.14236326 19.36 126.918156  72.417314  5.857
 44     3.630 53770.14236390 18.62 126.912556  72.414424  5.857
 44     3.584 53770.14236455 18.40 126.906966  72.411534  5.857
 44     2.994 53770.14236519 18.81 126.901366  72.408644  5.857
 45     3.276 53805.14235491 18.59 126.917198  72.429884  6.775
 45     3.557 53805.14235556 18.44 126.911598  72.426994  6.775
 45     3.694 53805.14235620 20.09 126.905998  72.424104  6.775
 45     3.782 53805.14235685 20.61 126.900398  72.421214  6.775
 45     3.891 53805.14235749 20.31 126.894808  72.418324  6.775
 45     3.775 53805.14235813 21.28 126.889208  72.415434  6.775
 45     3.533 53805.14235878 19.34 126.883618  72.412544  6.775
 47     4.675 53875.14242116 13.85 126.935821  72.428953  2.766
 47     4.052 53875.14242180 14.30 126.930211  72.426063  2.766
 47     3.985 53875.14242245 14.12 126.924611  72.423173  2.766
 47     3.911 53875.14242309 13.83 126.919011  72.420283  2.766
 47     3.712 53875.14242374 13.88 126.913411  72.417403  2.766
 47     3.583 53875.14242438 14.51 126.907809  72.414515  2.520
 47     3.435 53875.14242503 13.50 126.902219  72.411625  2.520
 47     2.952 53875.14242567 12.33 126.896619  72.408735  2.520
 49     3.849 53945.14248904 29.91 126.912771  72.427940 12.034
 49     4.198 53945.14248968 23.07 126.907167  72.425056  2.942
 49     3.893 53945.14249033 23.60 126.901557  72.422166  2.942
 49     3.915 53945.14249097 22.66 126.895957  72.419276  2.942
 49     3.811 53945.14249162 20.99 126.890367  72.416386  2.942
 49     3.359 53945.14249226 20.77 126.884767  72.413496  2.942
 49     2.430 53945.14249291 20.13 126.879167  72.410606  2.942
 50     4.612 53980.14243613 29.28 126.912007  72.430220  8.236
 50     4.269 53980.14243678 27.36 126.906407  72.427330  8.236
 50     3.699 53980.14243742 26.46 126.900807  72.424440  8.236
 50     2.978 53980.14243807 26.24 126.895199  72.421556  3.474
 50     2.187 53980.14243871 24.95 126.889609  72.418666  3.474
 50     1.397 53980.14243935 23.31 126.884009  72.415776  3.474
 50     0.150 53980.14244000 22.85 126.878419  72.412886  3.474
 51     5.342 54015.14245310 21.18 126.950479  72.427397 20.391
 51     5.220 54015.14245375 19.26 126.944878  72.424509  2.896
 51     4.209 54015.14245439 19.70 126.939268  72.421619  2.896
 51     3.845 54015.14245504 19.04 126.933668  72.418729  2.896
 51     7.680 54015.14245568 18.59 126.928058  72.415839  2.896
 51     8.225 54015.14245633 17.02 126.922458  72.412959  2.896
 51     2.498 54015.14245697 17.25 126.916858  72.410069  2.896
 52     4.847 54050.14245604 21.42 126.937546  72.428957  3.916
 52     4.458 54050.14245668 21.88 126.931946  72.426067  3.916
 52     4.200 54050.14245733 22.57 126.926336  72.423177  3.916
 52     3.706 54050.14245797 23.14 126.920741  72.420294  4.095
 52     3.411 54050.14245862 24.69 126.915141  72.417404  4.095
 52     2.998 54050.14245926 25.44 126.909541  72.414514  4.095
 52     2.997 54050.14245991 25.75 126.903941  72.411624  4.095
 52     2.913 54050.14246055 23.82 126.898351  72.408734  4.095
 54     4.152 54120.14237642 20.13 126.899048  72.430078  3.765
 54     3.808 54120.14237707 20.45 126.893448  72.427188  3.765
 54     3.860 54120.14237771 21.52 126.887848  72.424298  3.765
 54     3.916 54120.14237836 21.43 126.882250  72.421405  4.109
 54     3.925 54120.14237900 21.77 126.876660  72.418525  4.109
 54     3.711 54120.14237965 21.77 126.871060  72.415635  4.109
 54     3.351 54120.14238029 21.40 126.865470  72.412745  4.109
 55     3.309 54155.14240595 17.00 126.926798  72.428857  2.722
 55     3.649 54155.14240659 16.76 126.921198  72.425967  2.722
 55     3.831 54155.14240724 17.11 126.915597  72.423075  5.151
 55     3.888 54155.14240788 18.14 126.909997  72.420195  5.151
 55     3.887 54155.14240852 18.14 126.904397  72.417305  5.151
 55     3.798 54155.14240917 19.18 126.898797  72.414415  5.151
 55     3.587 54155.14240981 19.44 126.893207  72.411525  5.151
 56     3.346 54190.14237303 19.01 126.905828  72.429146  6.506
 56     3.778 54190.14237367 20.23 126.900228  72.426256  6.506
 56     3.857 54190.14237432 20.38 126.894638  72.423366  6.506
 56     4.004 54190.14237496 19.47 126.889038  72.420486  6.506
 56     3.928 54190.14237561 19.88 126.883438  72.417596  6.506
 56     3.682 54190.14237625 19.77 126.877848  72.414706  6.506
 56     3.391 54190.14237689 20.46 126.872258  72.411816  6.506
 57     5.293 54225.14241654 12.78 126.933423  72.429261  4.118
 57     4.832 54225.14241718 13.51 126.927823  72.426371  4.118
 57     3.997 54225.14241783 14.60 126.922213  72.423481  4.118
 57     3.880 54225.14241847 13.71 126.916613  72.420591  4.118
 57     3.779 54225.14241911 14.45 126.911013  72.417711  4.118
 57     3.718 54225.14241976 14.64 126.905413  72.414821  4.118
 57     3.461 54225.14242040 15.18 126.899813  72.411931  4.118
 57     3.109 54225.14242105 15.01 126.894223  72.409041  4.118
 58     6.714 54260.14243690 15.32 126.931260  72.429994  6.593
 58     6.488 54260.14243755 14.30 126.925660  72.427104  6.593
 58     6.759 54260.14243819 13.16 126.920050  72.424214  6.593
 58     6.553 54260.14243884 13.59 126.914450  72.421324  6.593
 58     7.242 54260.14243948 11.28 126.908850  72.418444  6.593
 58     7.630 54260.14244013 10.74 126.903250  72.415554  6.593
 58     8.392 54260.14244077  9.88 126.897660  72.412664  6.593
 58    10.364 54260.14244141  9.49 126.892060  72.409774  6.593
 59     5.799 54295.14244071 31.66 126.931076  72.430325  6.836
 59     5.519 54295.14244136 29.69 126.925466  72.427435  6.836
 59     4.839 54295.14244200 29.29 126.919866  72.424545  6.836
 59     4.040 54295.14244265 29.10 126.914266  72.421655  6.836
 59     3.184 54295.14244329 26.49 126.908666  72.418775  6.836
 59     1.877 54295.14244394 27.37 126.903066  72.415885  6.836
 59     0.833 54295.14244458 24.60 126.897476  72.412995  6.836
 59    -0.550 54295.14244523 23.75 126.891876  72.410105  6.836
 60     5.436 54330.14243411 26.16 126.920696  72.429160  4.671
 60     4.962 54330.14243475 24.69 126.915096  72.426270  4.671
 60     4.110 54330.14243540 23.99 126.909496  72.423380  4.671
 60     3.382 54330.14243604 23.90 126.903896  72.420490  4.671
 60     2.341 54330.14243668 23.52 126.898296  72.417600  4.671
 60     1.335 54330.14243733 23.50 126.892696  72.414720  4.671
 60     0.123 54330.14243797 23.14 126.887106  72.411830  4.671
 61     4.950 54365.14237959 30.15 126.903930  72.428531  6.188
 61     4.104 54365.14238023 30.72 126.898330  72.425641  6.188
 61     3.643 54365.14238088 30.10 126.892730  72.422751  6.188
 61     3.574 54365.14238152 29.00 126.887140  72.419861  6.188
 61     3.234 54365.14238216 29.35 126.881540  72.416971  6.188
 61     1.044 54365.14238281 30.71 126.875950  72.414091  6.188
 62     3.892 54400.14237526 33.04 126.930326  72.429035  7.431
 62     3.700 54400.14237590 34.14 126.924716  72.426155  7.431
 62     3.697 54400.14237655 34.33 126.919116  72.423265  7.431
 62     3.668 54400.14237719 32.72 126.913516  72.420375  7.431
 62     3.663 54400.14237784 30.59 126.907916  72.417485  7.431
 62     3.520 54400.14237848 30.38 126.902316  72.414595  7.431
 62     3.691 54400.14237912 27.20 126.896726  72.411705  7.431
 63     4.770 54435.14233303 15.45 126.913961  72.430272  3.096
 63     4.077 54435.14233367 15.40 126.908361  72.427382  3.096
 63     3.809 54435.14233432 15.61 126.902761  72.424492  3.096
 63     3.761 54435.14233496 15.93 126.897161  72.421602  3.096
 63     3.759 54435.14233561 15.79 126.891561  72.418712  3.096
 63     3.577 54435.14233625 14.82 126.885971  72.415822  3.096
 63     3.518 54435.14233689 14.80 126.880371  72.412942  3.096
 64     4.925 54470.14235852 15.64 126.942068  72.428903  3.097
 64     4.307 54470.14235916 15.13 126.936458  72.426013  3.097
 64     3.848 54470.14235981 15.19 126.930858  72.423133  3.097
 64     3.649 54470.14236045 15.62 126.925258  72.420243  3.097
 64     3.590 54470.14236110 15.83 126.919658  72.417353  3.097
 64     3.567 54470.14236174 15.18 126.914058  72.414463  3.097
 64     3.290 54470.14236239 14.24 126.908458  72.411573  3.097
 64     3.040 54470.14236303 13.66 126.902858  72.408693  3.097
 65     4.148 54505.14234728 13.82 126.911327  72.428878  3.837
 65     3.718 54505.14234792 14.52 126.905727  72.425988  3.837
 65     3.626 54505.14234857 16.19 126.900127  72.423098  3.837
 65     3.737 54505.14234921 15.72 126.894527  72.420208  3.837
 65     3.738 54505.14234986 15.61 126.888927  72.417318  3.837
 65     3.610 54505.14235050 13.48 126.883337  72.414428  3.837
 65     3.405 54505.14235114 14.51 126.877737  72.411538  3.837
 66     4.416 54540.14237413 12.61 126.926488  72.428172  2.915
 66     3.969 54540.14237478 12.78 126.920878  72.425282  2.915
 66     3.820 54540.14237542 13.21 126.915278  72.422392  2.915
 66     3.707 54540.14237607 12.40 126.909678  72.419502  2.915
 66     3.719 54540.14237671 12.85 126.904078  72.416622  2.915
 66     3.542 54540.14237736 13.10 126.898488  72.413732  2.915
 66     3.354 54540.14237800 12.48 126.892888  72.410842  2.915
 67     4.738 54575.14234820 12.10 126.909577  72.429110  3.073
 67     3.872 54575.14234885 12.94 126.903977  72.426220  3.073
 67     3.758 54575.14234949 13.06 126.898377  72.423330  3.073
 67     3.679 54575.14235014 13.25 126.892777  72.420440  3.073
 67     3.731 54575.14235078 13.56 126.887177  72.417550  3.073
 67     3.723 54575.14235142 12.00 126.881587  72.414670  3.073
 67     3.465 54575.14235207 11.57 126.875997  72.411780  3.073
 68     4.660 54610.14236631 34.55 126.925725  72.428126 17.177
 68     3.913 54610.14236696 36.59 126.920115  72.425236 17.177
 68     3.842 54610.14236760 37.14 126.914515  72.422346 17.177
 68     3.885 54610.14236825 36.81 126.908915  72.419456 17.177
 68     3.840 54610.14236889 37.41 126.903315  72.416576 17.177
 68     3.318 54610.14236954 40.05 126.897715  72.413686 17.177
 68     2.137 54610.14237018 41.91 126.892125  72.410796 17.177
 69     5.599 54645.14237385 25.19 126.925927  72.429406  8.231
 69     5.116 54645.14237449 21.38 126.920317  72.426516  8.231
 69     4.773 54645.14237514 20.56 126.914717  72.423626  8.231
 69     4.731 54645.14237578 20.22 126.909117  72.420736  8.231
 69     5.004 54645.14237643 20.53 126.903517  72.417846  8.231
 69     5.044 54645.14237707 20.17 126.897917  72.414966  8.231
 69     5.092 54645.14237772 19.93 126.892327  72.412076  8.231
 70     3.558 54680.14237549 36.07 126.922071  72.428003 12.481
 70     3.584 54680.14237614 29.26 126.916471  72.425113 12.481
 70     3.642 54680.14237678 39.01 126.910871  72.422223 12.481
 70     3.638 54680.14237743 39.76 126.905271  72.419343 12.481
 70     3.498 54680.14237807 37.26 126.899671  72.416453 12.481
 70     3.569 54680.14237872 27.29 126.894081  72.413563 12.481
 70     3.313 54680.14237936 20.96 126.888481  72.410673 12.481
 71     5.182 54715.14232618 26.74 126.908782  72.430076  4.320
 71     4.652 54715.14232683 25.37 126.903182  72.427186  4.320
 71     4.076 54715.14232747 24.15 126.897582  72.424296  4.320
 71     3.369 54715.14232812 23.07 126.891982  72.421406  4.320
 71     2.466 54715.14232876 22.93 126.886392  72.418526  4.320
 71     1.469 54715.14232941 22.02 126.880792  72.415626  4.320
 71     0.384 54715.14233005 21.32 126.875202  72.412746  4.320
 72     3.744 54750.14234549 36.45 126.935208  72.429240  9.898
 72     4.020 54750.14234613 36.45 126.929608  72.426350  9.898
 72     3.619 54750.14234678 29.77 126.923998  72.423460  9.898
 72     3.624 54750.14234742 32.54 126.918398  72.420570  9.898
 72     3.686 54750.14234807 29.78 126.912798  72.417690  9.898
 72     3.606 54750.14234871 25.69 126.907198  72.414800  9.898
 72     3.288 54750.14234936 21.21 126.901598  72.411910  9.898
 72     6.605 54750.14235000 18.81 126.896008  72.409020  9.898
 73     3.812 54785.14231530 24.92 126.913189  72.427389  4.903
 73     3.664 54785.14231595 25.23 126.907589  72.424499  4.903
 73     3.628 54785.14231659 24.72 126.901989  72.421609  4.903
 73     3.570 54785.14231724 24.91 126.896389  72.418729  4.903
 73     3.453 54785.14231788 23.79 126.890799  72.415839  4.903
 73     3.018 54785.14231853 23.67 126.885199  72.412949  4.903
 74     4.554 54820.14233816 21.05 126.938387  72.429838  3.715
 74     4.100 54820.14233880 21.15 126.932787  72.426948  3.715
 74     3.742 54820.14233945 22.08 126.927177  72.424058  3.715
 74     3.778 54820.14234009 20.58 126.921577  72.421168  3.715
 74     3.801 54820.14234074 20.04 126.915977  72.418288  3.715
 74     3.740 54820.14234138 20.31 126.910377  72.415398  3.715
 74     3.504 54820.14234203 19.56 126.904777  72.412508  3.715
 74     3.053 54820.14234267 19.23 126.899187  72.409618  3.715
 75     3.849 54855.14231161 22.64 126.915188  72.427608  3.990
 75     3.757 54855.14231226 23.17 126.909588  72.424718  3.990
 75     3.736 54855.14231290 22.70 126.903988  72.421828  3.990
 75     3.884 54855.14231355 21.17 126.898388  72.418948  3.990
 75     3.748 54855.14231419 20.17 126.892788  72.416058  3.990
 75     3.562 54855.14231484 19.12 126.887198  72.413168  3.990
 75     3.183 54855.14231548 18.38 126.881598  72.410278  3.990
 76     4.007 54890.14234330 22.45 126.921590  72.428025  3.880
 76     3.774 54890.14234394 23.25 126.915990  72.425135  3.880
 76     3.771 54890.14234459 21.75 126.910390  72.422245  3.880
 76     3.818 54890.14234523 20.61 126.904790  72.419365  3.880
 76     3.862 54890.14234588 20.15 126.899190  72.416475  3.880
 76     3.622 54890.14234652 19.35 126.893600  72.413585  3.880
 76     3.388 54890.14234717 18.83 126.888000  72.410695  3.880
 77     4.329 54925.14231077 18.30 126.903329  72.429508  3.600
 77     3.828 54925.14231142 19.32 126.897719  72.426618  3.600
 77     3.752 54925.14231206 18.96 126.892129  72.423728  3.600
 77     3.840 54925.14231271 17.96 126.886529  72.420838  3.600
 77     3.782 54925.14231335 17.97 126.880929  72.417948  3.600
 77     3.676 54925.14231400 16.14 126.875339  72.415068  3.600
 77     3.403 54925.14231464 15.71 126.869749  72.412178  3.600
 78     5.183 54960.14234011  9.31 126.937485  72.430939  2.425
 78     4.706 54960.14234076  9.49 126.931875  72.428049  2.425
 78     4.042 54960.14234140 10.87 126.926265  72.425159  2.425
 78     3.898 54960.14234205  9.96 126.920665  72.422269  2.425
 78     3.851 54960.14234269  9.99 126.915065  72.419379  2.425
 78     3.977 54960.14234333  9.28 126.909465  72.416499  2.425
 78     3.693 54960.14234398  9.49 126.903865  72.413609  2.425
 78     3.516 54960.14234462  8.79 126.898275  72.410719  2.425
 79     6.886 54995.14236242 28.26 126.925831  72.430187  9.617
 79     6.918 54995.14236307 29.70 126.920221  72.427297  9.617
 79     6.852 54995.14236371 30.96 126.914621  72.424407  9.617
 79     7.072 54995.14236436 31.32 126.909021  72.421527  9.617
 79     7.027 54995.14236500 32.79 126.903421  72.418637  9.617
 79     7.044 54995.14236565 33.01 126.897821  72.415747  9.617
 79     7.174 54995.14236629 34.38 126.892231  72.412857  9.617
 79     7.163 54995.14236693 34.75 126.886631  72.409967  9.617
 80     4.886 55030.14235289 25.49 126.920955  72.427625  5.645
 80     4.395 55030.14235354 22.27 126.915355  72.424735  5.645
 80     3.720 55030.14235418 21.31 126.909755  72.421845  5.645
 80     3.100 55030.14235483 20.83 126.904155  72.418955  5.645
 80     2.045 55030.14235547 20.34 126.898555  72.416075  5.645
 80     0.859 55030.14235612 20.53 126.892965  72.413185  5.645
 80    -0.173 55030.14235676 20.28 126.887365  72.410295  5.645
 81     4.094 55065.14234308 34.00 126.922962  72.429912  6.158
 81     4.218 55065.14234372 23.81 126.917362  72.427022  6.158
 81     3.922 55065.14234436 22.33 126.911762  72.424132  6.158
 81     3.602 55065.14234501 21.52 126.906162  72.421242  6.158
 81     2.956 55065.14234565 20.53 126.900562  72.418352  6.158
 81     3.571 55065.14234630 20.16 126.894962  72.415462  6.158
 81     3.559 55065.14234694 19.78 126.889372  72.412582  6.158
 81    -0.396 55065.14234759 19.72 126.883772  72.409692  6.158
 82     3.480 55100.14228700 41.92 126.901673  72.429843 13.614
 82     3.475 55100.14228764 45.48 126.896073  72.426953 13.614
 82     3.434 55100.14228829 48.00 126.890473  72.424063 13.614
 82     3.472 55100.14228893 48.28 126.884873  72.421173 13.614
 82     3.320 55100.14228958 43.30 126.879283  72.418283 13.614
 82     3.320 55100.14229022 32.86 126.873683  72.415403 13.614
 82     2.964 55100.14229087 29.26 126.868093  72.412513 13.614
 83     4.361 55135.14228789 28.36 126.935572  72.429981  9.750
 83     4.257 55135.14228853 27.79 126.929972  72.427091  9.750
 83     4.186 55135.14228918 29.14 126.924362  72.424201  9.750
 83     4.254 55135.14228982 28.45 126.918762  72.421311  9.750
 83     4.321 55135.14229047 29.92 126.913162  72.418431  9.750
 83     4.407 55135.14229111 31.70 126.907562  72.415541  9.750
 83     4.372 55135.14229176 36.56 126.901962  72.412651  9.750
 83     4.434 55135.14229240 33.21 126.896372  72.409761  9.750
 84     3.764 55170.14225192 17.82 126.915382  72.429990  5.506
 84     3.708 55170.14225257 18.70 126.909782  72.427100  5.506
 84     3.547 55170.14225321 20.85 126.904182  72.424210  5.506
 84     3.653 55170.14225386 21.50 126.898582  72.421320  5.506
 84     3.425 55170.14225450 21.15 126.892982  72.418440  5.506
 84     3.441 55170.14225515 21.90 126.887392  72.415550  5.506
 84     2.086 55170.14225579 22.88 126.881792  72.412660  5.506
 85     3.642 55205.14228126 17.68 126.933588  72.428594  5.228
 85     3.593 55205.14228191 18.12 126.927978  72.425704  5.228
 85     3.623 55205.14228255 18.81 126.922378  72.422814  5.228
 85     3.566 55205.14228320 19.91 126.916778  72.419924  5.228
 85     3.457 55205.14228384 21.56 126.911178  72.417044  5.228
 85     3.471 55205.14228449 20.92 126.905578  72.414154  5.228
 85     3.265 55205.14228513 20.33 126.899978  72.411264  5.228
 86     3.599 55240.14225868 17.66 126.909509  72.429149  4.970
 86     3.706 55240.14225933 18.45 126.903909  72.426259  4.970
 86     3.717 55240.14225997 18.40 126.898309  72.423369  4.970
 86     3.563 55240.14226062 19.54 126.892709  72.420479  4.970
 86     3.641 55240.14226126 19.53 126.887109  72.417589  4.970
 86     3.464 55240.14226191 18.09 126.881519  72.414709  4.970
 86     2.993 55240.14226255 20.20 126.875929  72.411819  4.970
 87     3.495 55275.14227558 16.06 126.920889  72.428850  4.953
 87     3.659 55275.14227622 15.80 126.915279  72.425960  4.953
 87     3.785 55275.14227687 17.18 126.909679  72.423080  4.953
 87     3.817 55275.14227751 17.02 126.904079  72.420190  4.953
 87     3.712 55275.14227816 18.97 126.898479  72.417300  4.953
 87     3.558 55275.14227880 18.48 126.892889  72.414410  4.953
 87     3.112 55275.14227945 18.98 126.887289  72.411520  4.953
 88     3.354 55310.14224257 15.53 126.906902  72.428043  7.668
 88     3.509 55310.14224321 15.75 126.901302  72.425153  7.668
 88     3.777 55310.14224386 16.25 126.895712  72.422263  7.668
 88     3.721 55310.14224450 18.83 126.890112  72.419383  7.668
 88     3.726 55310.14224515 19.36 126.884512  72.416493  7.668
 88     1.370 55310.14224579 23.34 126.878922  72.413603  7.668
 89     5.173 55345.14224364 33.08 126.929703  72.430421 15.974
 89     5.239 55345.14224429 37.08 126.924103  72.427531 15.974
 89     5.180 55345.14224493 43.27 126.918493  72.424641 15.974
 89     5.263 55345.14224558 44.18 126.912893  72.421751 15.974
 89     5.215 55345.14224622 41.17 126.907293  72.418861 15.974
 89     5.063 55345.14224687 35.29 126.901693  72.415981 15.974
 89     4.924 55345.14224751 30.91 126.896103  72.413091 15.974
 89     5.304 55345.14224816 33.13 126.890503  72.410201 15.974
 90     5.055 55380.14223826 20.65 126.915586  72.427775  3.289
 90     4.583 55380.14223890 20.49 126.909986  72.424885  3.289
 90     3.945 55380.14223955 19.38 126.904386  72.421995  3.289
 90     3.146 55380.14224019 19.33 126.898786  72.419115  3.289
 90     2.071 55380.14224084 18.82 126.893186  72.416225  3.289
 90     1.012 55380.14224148 19.12 126.887596  72.413335  3.289
 90    -0.225 55380.14224213 18.64 126.882006  72.410445  3.289
 91     3.407 55415.14226340 39.67 126.936787  72.428735 12.124
 91     3.226 55415.14226404 34.77 126.931187  72.425845 12.124
 91     3.408 55415.14226469 36.15 126.925577  72.422955 12.124
 91     3.560 55415.14226533 36.36 126.919977  72.420065 12.124
 91     3.596 55415.14226598 37.11 126.914377  72.417185 12.124
 91     3.289 55415.14226662 32.13 126.908777  72.414295 12.124
 91     3.058 55415.14226727 22.47 126.903177  72.411405 12.124
 91     2.493 55415.14226791 21.47 126.897587  72.408515 12.124
 92     3.553 55450.14224976 33.27 126.918734  72.429703  9.884
 92     3.520 55450.14225040 31.51 126.913134  72.426813  9.884
 92     3.437 55450.14225105 29.84 126.907534  72.423923  9.884
 92     3.724 55450.14225169 37.31 126.901934  72.421033  9.884
 92     3.485 55450.14225234 37.35 126.896334  72.418153  9.884
 92     3.492 55450.14225298 31.53 126.890734  72.415263  9.884
 92     3.163 55450.14225363 22.68 126.885144  72.412373  9.884
 93     3.047 55485.14217518 24.01 126.905032  72.430757 13.863
 93     3.058 55485.14217582 25.19 126.899432  72.427867 13.863
 93     3.087 55485.14217647 27.05 126.893832  72.424977 13.863
 93     2.751 55485.14217711 30.41 126.888232  72.422087 13.863
 93     2.697 55485.14217776 34.23 126.882642  72.419207 13.863
 93     2.749 55485.14217840 37.14 126.877042  72.416317 13.863
 93     2.712 55485.14217904 41.43 126.871452  72.413427 13.863
