# NaN NaN NaN ;Mean Elev.(m), Avg Gradient(m/km), RMS Gradient(m/km) - SRTM1     
#    9.761  -0.127   1.570 ;Mean Elev.(m), Avg Gradient(m/km), RMS Gradient(m/km) - ASTER GDEM
#    1.008  -0.224   2.638 ;Mean Elev.(m), Avg Gradient(m/km), RMS Gradient(m/km) - GMTED2010 
  7     5.765 52456.48362666  5.37 128.339520  72.101629  7.381
  7     6.207 52456.48362730  4.64 128.334100  72.104529  7.381
  7     7.128 52456.48363310  4.12 128.285260  72.130659  7.381
  7    12.460 52456.48363375  1.58 128.279820  72.133559  7.381
  7     7.726 52456.48363439  2.57 128.274390  72.136459  7.381
 10     1.230 52561.48362307 41.34 128.372474  72.078436 15.944
 10     1.160 52561.48362372 37.85 128.367064  72.081336 15.944
 10     1.218 52561.48362694 43.43 128.340007  72.095858 26.834
 10     1.286 52561.48362759 44.35 128.334587  72.098758 26.834
 10     1.488 52561.48363532 42.90 128.269447  72.133588 26.834
 12     0.308 52631.48357463 23.60 128.371853  72.076745  3.425
 12     0.401 52631.48357528 23.97 128.366443  72.079655  3.425
 12     0.606 52631.48357592 23.87 128.361035  72.082558  4.963
 12     0.707 52631.48357657 24.60 128.355625  72.085458  4.963
 12     0.823 52631.48357850 24.27 128.339385  72.094168  4.963
 12     0.722 52631.48357915 24.00 128.333965  72.097078  4.963
 12     0.622 52631.48358688 24.53 128.268825  72.131908  4.963
 15     0.775 52736.48361281 22.82 128.344384  72.105151  4.521
 15     0.401 52736.48361345 21.63 128.338964  72.108051  4.521
 15     0.152 52736.48361410 20.16 128.333544  72.110961  4.521
 15    -0.160 52736.48361474 20.99 128.328114  72.113861  4.521
 15     0.315 52736.48361861 22.95 128.295549  72.131275  5.428
 15     0.442 52736.48361926 23.67 128.290109  72.134185  5.428
 15     0.692 52736.48361990 23.26 128.284669  72.137085  5.428
 15     0.910 52736.48362055 25.08 128.279239  72.139985  5.428
 16     0.727 52771.48358625 30.09 128.362345  72.100863 17.108
 16     0.551 52771.48358689 30.58 128.356935  72.103763 17.108
 16     0.467 52771.48358754 34.57 128.351515  72.106673 17.108
 16     0.440 52771.48358818 32.28 128.346095  72.109573 17.108
 16     0.366 52771.48358882 31.14 128.340675  72.112473 17.108
 16     0.559 52771.48358947 32.25 128.335255  72.115383 17.108
 16     0.557 52771.48359011 33.16 128.329835  72.118283 17.108
 16     0.500 52771.48359076 29.77 128.324405  72.121193 17.108
 16     0.484 52771.48359140 24.16 128.318975  72.124093 17.108
 16     0.452 52771.48359205 24.17 128.313555  72.126993 17.108
 16     0.400 52771.48359269 25.37 128.308125  72.129893 17.108
 16     0.601 52771.48359334 26.73 128.302685  72.132803 17.108
 16     0.681 52771.48359398 29.59 128.297255  72.135703 17.108
 16     0.713 52771.48359463 28.98 128.291825  72.138603 17.108
 16     0.652 52771.48359527 29.62 128.286385  72.141513 17.108
 16     0.864 52771.48359592 27.02 128.280945  72.144413 17.108
 17     3.219 52806.48363074 27.68 128.368438  72.074909 12.950
 17     3.371 52806.48363139 25.15 128.363028  72.077819 12.950
 17     3.349 52806.48363203 22.47 128.357618  72.080719 12.950
 17     3.496 52806.48363268 21.26 128.352208  72.083619 12.950
 17     3.633 52806.48363332 22.27 128.346798  72.086529 12.950
 17     4.265 52806.48363397 21.93 128.341378  72.089429 12.950
 17     5.521 52806.48363461 24.39 128.335964  72.092332 14.347
 17     5.709 52806.48363526 26.21 128.330544  72.095242 14.347
 18    -0.239 52841.48369095 29.87 128.368524  72.078818 11.668
 18    -0.405 52841.48369160 28.69 128.363114  72.081718 11.668
 18     0.607 52841.48369224 24.52 128.357704  72.084618 11.668
 18     5.214 52841.48369482 19.27 128.336044  72.096238 11.668
 18     5.488 52841.48369547 21.96 128.330630  72.099138  7.802
 19     0.614 52876.48372988 23.63 128.370771  72.080263 11.279
 19     0.885 52876.48373053 25.70 128.365361  72.083163 11.279
 19     0.820 52876.48373375 31.69 128.338301  72.097683 11.279
 19     5.385 52876.48373440 28.21 128.332884  72.100585 13.088
 19     0.716 52876.48374149 21.49 128.273174  72.132515 13.088
 20     0.633 52911.48369637 19.05 128.358711  72.103127  6.141
 20     4.051 52911.48369701 17.72 128.353291  72.106027  6.141
 20     4.584 52911.48369766 17.98 128.347871  72.108927  6.141
 20     5.105 52911.48369830 19.30 128.342451  72.111837  6.141
 20     5.478 52911.48369894 20.40 128.337031  72.114737  6.141
 20     5.806 52911.48369959 20.49 128.331611  72.117637  6.141
 20     5.954 52911.48370023 22.15 128.326181  72.120547  6.141
 20     6.473 52911.48370088 21.56 128.320751  72.123449  7.342
 20     6.830 52911.48370152 19.35 128.315321  72.126349  7.342
 20     6.844 52911.48370217 19.26 128.309891  72.129249  7.342
 20     6.235 52911.48370281 20.54 128.304461  72.132159  7.342
 20    -0.262 52911.48370346 21.72 128.299031  72.135059  7.342
 20     0.237 52911.48370410 23.85 128.293591  72.137959  7.342
 20     0.542 52911.48370475 24.87 128.288151  72.140859  7.342
 20     0.708 52911.48370539 29.04 128.282711  72.143769  7.342
 23     0.740 53016.48368621 20.97 128.344144  72.104972  5.297
 23     0.399 53016.48368685 20.61 128.338724  72.107882  5.297
 23     0.245 53016.48368750 20.47 128.333304  72.110782  5.297
 23     0.107 53016.48368814 20.36 128.327876  72.113681  4.662
 23     0.329 53016.48369201 20.89 128.295306  72.131101  4.662
 23     0.499 53016.48369266 20.92 128.289876  72.134001  4.662
 23     0.581 53016.48369330 21.58 128.284446  72.136911  4.662
 23     0.748 53016.48369395 21.33 128.279006  72.139811  4.662
 24     0.455 53051.48365824 18.83 128.371628  72.076837  3.840
 24     0.586 53051.48365889 19.62 128.366218  72.079737  3.840
 24     0.744 53051.48365953 20.15 128.360808  72.082647  3.840
 24     0.910 53051.48366018 19.33 128.355398  72.085547  3.840
 24     0.914 53051.48366211 18.52 128.339158  72.094257  3.840
 24     0.869 53051.48366276 18.38 128.333738  72.097157  3.840
 24     0.672 53051.48367049 18.87 128.268593  72.131991  4.176
 25     0.719 53086.48369995 19.78 128.342890  72.102482  3.926
 25     0.600 53086.48370060 18.89 128.337470  72.105382  3.926
 25     0.261 53086.48370124 18.34 128.332050  72.108292  3.926
 25     0.549 53086.48370640 17.79 128.288640  72.131512  3.926
 25     0.622 53086.48370705 18.05 128.283210  72.134412  3.926
 25     0.836 53086.48370769 18.22 128.277770  72.137322  3.926
 26     0.454 53121.48366516 15.45 128.370441  72.077761  3.781
 26     0.578 53121.48366581 16.51 128.365031  72.080671  3.781
 26     0.697 53121.48366645 16.32 128.359621  72.083571  3.781
 26     0.856 53121.48366710 16.94 128.354211  72.086471  3.781
 26     0.979 53121.48366903 16.32 128.337961  72.095191  3.781
 26     0.761 53121.48366968 16.00 128.332551  72.098091  3.781
 26     0.757 53121.48367741 13.53 128.267403  72.132920  3.857
 28     5.346 53191.48371692 20.24 128.343650  72.102633 14.846
 28     5.813 53191.48371756 22.18 128.338230  72.105533 14.846
 28     5.909 53191.48371821 24.34 128.332810  72.108443 14.846
 28     2.639 53191.48372336 18.64 128.289380  72.131663 14.846
 28    16.421 53191.48372401 17.61 128.283940  72.134563 14.846
 28    17.419 53191.48372465 13.26 128.278500  72.137463 14.846
 29     0.450 53226.48372119 29.59 128.343591  72.104776 20.425
 29     0.560 53226.48372183 22.89 128.338171  72.107676 20.425
 29     1.119 53226.48372248 26.49 128.332748  72.110576 17.545
 29     1.000 53226.48372312 34.51 128.327318  72.113486 17.545
 29     2.276 53226.48372699 19.65 128.294748  72.130896 17.545
 29     0.279 53226.48372764 21.90 128.289308  72.133806 17.545
 29     0.582 53226.48372828 24.90 128.283878  72.136706 17.545
 29     0.640 53226.48372893 29.64 128.278438  72.139606 17.545
 30     0.661 53261.48369415 45.09 128.355099  72.101745 21.523
 30     0.291 53261.48369544 31.80 128.344269  72.107555 21.523
 30     0.530 53261.48369608 23.45 128.338849  72.110455 21.523
 30     0.870 53261.48369673 28.68 128.333428  72.113360 13.729
 30     0.789 53261.48369737 30.95 128.328008  72.116260 13.729
 30     6.038 53261.48369801 25.93 128.322578  72.119170 13.729
 30     6.936 53261.48369995 21.67 128.306298  72.127880 13.729
 30     6.325 53261.48370059 22.33 128.300868  72.130780 13.729
 30     0.494 53261.48370124 24.56 128.295438  72.133680 13.729
 30     0.499 53261.48370188 26.92 128.289998  72.136590 13.729
 30     0.439 53261.48370253 29.33 128.284568  72.139490 13.729
 30     0.544 53261.48370317 31.51 128.279128  72.142390 13.729
 31     1.124 53296.48372276 31.81 128.369331  72.075415 10.051
 31     1.116 53296.48372340 36.46 128.363921  72.078315 10.051
 31     0.991 53296.48372405 36.23 128.358521  72.081225 10.051
 31     1.011 53296.48372469 36.37 128.353111  72.084125 10.051
 31     0.880 53296.48372533 36.12 128.347701  72.087025 10.051
 31     0.989 53296.48372598 34.75 128.342281  72.089935 10.051
 31     1.063 53296.48372662 34.34 128.336871  72.092835 10.051
 31     0.929 53296.48372727 32.16 128.331449  72.095739  9.213
 32     0.779 53331.48370058 24.78 128.338231  72.102893  5.456
 32     0.531 53331.48370122 24.71 128.332811  72.105803  5.456
 32     0.468 53331.48370702 26.04 128.283961  72.131923  5.456
 32     0.783 53331.48370767 26.80 128.278521  72.134833  5.456
 32     1.024 53331.48370831 28.24 128.273081  72.137733  5.456
 34     0.566 53401.48366919 24.68 128.374062  72.078658  4.919
 34     0.686 53401.48366983 24.32 128.368652  72.081558  4.919
 34     0.869 53401.48367370 23.82 128.336171  72.098981  4.422
 34     0.820 53401.48367434 22.05 128.330751  72.101891  4.422
 34     0.602 53401.48368079 20.54 128.276471  72.130911  4.422
 34     1.018 53401.48368144 20.72 128.271031  72.133821  4.422
 35     0.978 53436.48366335 24.30 128.352895  72.102944  5.917
 35     0.818 53436.48366400 23.70 128.347475  72.105844  5.917
 35     0.529 53436.48366464 23.33 128.342065  72.108754  5.917
 35     0.352 53436.48366528 22.58 128.336635  72.111654  5.917
 35     0.218 53436.48366593 22.68 128.331215  72.114554  5.917
 35     0.261 53436.48366657 22.87 128.325795  72.117464  5.917
 35     0.258 53436.48366915 23.09 128.304085  72.129074  5.917
 35     0.422 53436.48366980 24.05 128.298645  72.131974  5.917
 35     0.709 53436.48367044 24.78 128.293215  72.134874  5.917
 35     0.810 53436.48367109 25.58 128.287775  72.137784  5.917
 35     0.939 53436.48367173 26.35 128.282345  72.140684  5.917
 36     0.452 53471.48370871 23.74 128.371478  72.076656  5.048
 36     0.540 53471.48370935 24.32 128.366068  72.079566  5.048
 36     0.671 53471.48371000 24.00 128.360658  72.082466  5.048
 36     0.788 53471.48371064 24.61 128.355248  72.085366  5.048
 36     0.946 53471.48371129 24.21 128.349838  72.088276  5.048
 36     0.935 53471.48371258 24.95 128.339011  72.094080  5.952
 36     0.873 53471.48371322 23.51 128.333591  72.096990  5.952
 36     0.873 53471.48372096 21.83 128.268461  72.131820  5.952
 37     0.565 53506.48374716 30.59 128.339131  72.100792 21.801
 37     0.591 53506.48374781 29.90 128.333711  72.103692 21.801
 37     1.078 53506.48375425 32.50 128.279441  72.132722 21.801
 37     1.244 53506.48375490 37.28 128.274001  72.135632 21.801
 38     5.485 53541.48375224 24.76 128.336834  72.102555 16.817
 38     5.695 53541.48375288 29.65 128.331414  72.105455 16.817
 38     5.808 53541.48375868 18.11 128.282564  72.131585 16.817
 38    17.644 53541.48375933 14.77 128.277124  72.134485 16.817
 38    17.886 53541.48375997 12.48 128.271684  72.137385 16.817
 39     0.183 53576.48374171 25.72 128.345547  72.103652  8.331
 39     5.025 53576.48374236 24.61 128.340127  72.106552  8.331
 39     5.471 53576.48374300 23.11 128.334707  72.109462  8.331
 39     6.527 53576.48374752 19.87 128.296727  72.129782  8.331
 39     5.807 53576.48374816 17.70 128.291287  72.132682  8.331
 39     1.329 53576.48374880 17.77 128.285857  72.135582  8.331
 39     0.480 53576.48374945 18.48 128.280417  72.138492  8.331
 40    11.315 53611.48369310 24.47 128.355233  72.103178  8.295
 40     4.978 53611.48369375 27.04 128.349823  72.106078  8.295
 40     5.337 53611.48369439 27.77 128.344403  72.108978  8.295
 40     5.628 53611.48369504 28.10 128.338983  72.111888  8.295
 40     5.810 53611.48369568 29.96 128.333563  72.114788  8.295
 40     6.027 53611.48369633 29.91 128.328143  72.117698  8.295
 40     6.085 53611.48369697 31.82 128.322713  72.120598  8.295
 40     6.585 53611.48369826 29.76 128.311863  72.126398  8.295
 40    20.550 53611.48369891 23.14 128.306433  72.129308  8.295
 40    20.938 53611.48369955 19.75 128.300993  72.132208  8.295
 40    20.630 53611.48370020 18.07 128.295563  72.135108  8.295
 40    20.022 53611.48370084 17.78 128.290133  72.138018  8.295
 40    19.427 53611.48370149 16.84 128.284693  72.140918  8.295
 41     1.470 53646.48369272 11.31 128.368531  72.078238  5.850
 41     1.190 53646.48369337 10.97 128.363121  72.081138  5.850
 41     1.965 53646.48369401 11.26 128.357711  72.084038  5.850
 41     3.916 53646.48369466 10.60 128.352301  72.086948  5.850
 41     4.376 53646.48369595 17.63 128.341471  72.092758  5.850
 41     5.182 53646.48369659 17.50 128.336051  72.095658  5.850
 41     5.466 53646.48369724 20.06 128.330639  72.098566  5.134
 42     0.002 53681.48371375 21.76 128.339305  72.102053  3.978
 42    -0.085 53681.48371439 21.60 128.333885  72.104953  3.978
 42     0.109 53681.48372019 20.00 128.285045  72.131083  3.978
 42     0.334 53681.48372084 19.70 128.279615  72.133983  3.978
 42     0.678 53681.48372148 19.07 128.274175  72.136893  3.978
 43     0.179 53716.48364094 22.10 128.357086  72.102383  7.263
 43     0.317 53716.48364158 23.57 128.351663  72.105293  4.581
 43     0.435 53716.48364223 21.73 128.346253  72.108193  4.581
 43     0.564 53716.48364287 26.99 128.340833  72.111103  4.581
 43     0.543 53716.48364352 22.08 128.335403  72.114003  4.581
 43     0.447 53716.48364416 21.93 128.329983  72.116903  4.581
 43     0.353 53716.48364481 21.80 128.324553  72.119813  4.581
 43     0.220 53716.48364545 21.84 128.319133  72.122713  4.581
 43     0.145 53716.48364609 20.98 128.313703  72.125613  4.581
 43     0.055 53716.48364674 21.45 128.308273  72.128523  4.581
 43     0.227 53716.48364738 20.26 128.302843  72.131423  4.581
 43     0.276 53716.48364803 20.26 128.297403  72.134323  4.581
 43     0.470 53716.48364867 19.64 128.291973  72.137223  4.581
 43     0.567 53716.48364932 19.57 128.286533  72.140133  4.581
 43     0.551 53716.48364996 19.73 128.281093  72.143033  4.581
 44     0.212 53751.48355499 20.17 128.368350  72.078818  4.278
 44     0.302 53751.48355563 20.18 128.362940  72.081718  4.278
 44     0.288 53751.48355628 20.96 128.357530  72.084618  4.278
 44     0.419 53751.48355885 19.38 128.335860  72.096238  4.278
 44     0.346 53751.48355950 19.68 128.330449  72.099143  3.578
 45     0.386 53786.48359030 18.97 128.343807  72.104782  3.445
 45     0.292 53786.48359094 19.22 128.338387  72.107692  3.445
 45     0.469 53786.48359159 18.63 128.332967  72.110592  3.445
 45     0.474 53786.48359223 18.90 128.327547  72.113492  3.445
 45     0.466 53786.48359610 18.02 128.294967  72.130912  3.445
 45     0.519 53786.48359674 17.66 128.289537  72.133812  3.445
 45     0.633 53786.48359739 18.06 128.284097  72.136722  3.445
 45     0.717 53786.48359803 17.69 128.278657  72.139622  3.445
 46     0.348 53821.48354547 20.22 128.368088  72.103390  6.593
 46     0.172 53821.48354612 20.19 128.362668  72.106300  6.593
 46     0.190 53821.48354676 20.17 128.357258  72.109200  6.593
 46     0.419 53821.48354741 18.11 128.351838  72.112100  6.593
 46     0.723 53821.48354805 18.82 128.346409  72.115008  3.749
 46     0.760 53821.48354870 19.38 128.340989  72.117908  3.749
 46     0.517 53821.48354934 17.95 128.335569  72.120818  3.749
 46     0.463 53821.48354999 17.78 128.330139  72.123718  3.749
 46     0.423 53821.48355063 17.59 128.324719  72.126618  3.749
 46     0.405 53821.48355128 17.54 128.319289  72.129528  3.749
 46     0.391 53821.48355192 17.07 128.313859  72.132428  3.749
 46     0.333 53821.48355257 17.76 128.308429  72.135328  3.749
 46     0.368 53821.48355321 17.29 128.302989  72.138238  3.749
 46     0.486 53821.48355386 17.16 128.297559  72.141138  3.749
 46     0.793 53821.48355450 16.71 128.292119  72.144038  3.749
 47     0.254 53856.48362996 13.87 128.369513  72.078606  2.986
 47     0.374 53856.48363060 13.64 128.364103  72.081506  2.986
 47     0.487 53856.48363125 14.29 128.358693  72.084416  2.986
 47     0.705 53856.48363383 12.30 128.337043  72.096026  2.986
 47     0.546 53856.48363447 12.08 128.331623  72.098926  2.986
 48     5.233 53891.48364677 28.48 128.340676  72.101462 11.861
 48     5.352 53891.48364741 32.27 128.335256  72.104362 11.861
 48     2.749 53891.48365322 31.12 128.286406  72.130492 11.861
 48     2.319 53891.48365386 21.27 128.280966  72.133392 11.861
 48     2.160 53891.48365451 22.18 128.275526  72.136292 11.861
 49     1.267 53926.48370385 42.72 128.370918  72.077598 20.296
 49     1.179 53926.48370449 41.91 128.365518  72.080498 20.296
 49     1.105 53926.48370514 31.81 128.360108  72.083408 20.296
 49     1.027 53926.48370578 28.87 128.354698  72.086308 20.296
 49     1.266 53926.48370772 31.50 128.338458  72.095018 20.296
 49     1.407 53926.48370836 34.47 128.333038  72.097928 20.296
 49     2.361 53926.48371610 18.41 128.267917  72.132760  4.967
 50     5.540 53961.48369499 21.92 128.339097  72.104386 15.161
 50     5.965 53961.48369564 22.39 128.333677  72.107286 15.161
 50     6.084 53961.48370079 21.25 128.290273  72.130510 13.504
 50     0.566 53961.48370144 24.11 128.284833  72.133420 13.504
 50     0.725 53961.48370208 28.33 128.279403  72.136320 13.504
 50     0.932 53961.48370273 38.04 128.273963  72.139220 13.504
 51     2.732 53996.48363008 17.95 128.364551  72.072420  7.312
 51     5.895 53996.48363073 14.80 128.359141  72.075330  7.312
 51     5.324 53996.48363137 13.43 128.353731  72.078230  7.312
 51     9.552 53996.48363202 12.39 128.348321  72.081130  7.312
 51     4.152 53996.48363266 11.81 128.342901  72.084040  7.312
 51     4.332 53996.48363331 14.25 128.337491  72.086940  7.312
 51     5.205 53996.48363395 15.80 128.332071  72.089840  7.312
 52     0.821 54031.48368381 32.46 128.374394  72.077755 11.382
 52     0.842 54031.48368446 37.85 128.368994  72.080655 11.382
 52     0.751 54031.48368510 39.39 128.363584  72.083565 11.382
 52     0.797 54031.48368833 32.11 128.336504  72.098075 11.382
 52     0.835 54031.48368897 30.03 128.331084  72.100985 11.382
 52     1.555 54031.48369606 33.21 128.271367  72.132915  9.231
 53     0.451 54066.48368324 23.09 128.340502  72.105530  4.663
 53     0.128 54066.48368388 22.56 128.335082  72.108430  4.663
 53     0.262 54066.48368904 21.71 128.291660  72.131647  4.564
 53     0.590 54066.48368969 22.77 128.286230  72.134557  4.564
 53     0.893 54066.48369033 21.71 128.280790  72.137457  4.564
 53     1.074 54066.48369098 22.80 128.275350  72.140357  4.564
 54     0.782 54101.48364459 23.28 128.352476  72.104010  4.709
 54     0.519 54101.48364524 23.06 128.347056  72.106920  4.709
 54     0.330 54101.48364588 23.07 128.341636  72.109820  4.709
 54     0.302 54101.48364653 22.48 128.336217  72.112723  5.041
 54     0.309 54101.48364717 22.65 128.330797  72.115633  5.041
 54     0.393 54101.48364782 22.79 128.325367  72.118533  5.041
 54     0.345 54101.48364975 22.89 128.309087  72.127243  5.041
 54     0.447 54101.48365040 22.60 128.303657  72.130143  5.041
 54     0.483 54101.48365104 23.64 128.298227  72.133043  5.041
 54     0.629 54101.48365168 25.52 128.292787  72.135953  5.041
 54     0.741 54101.48365233 25.93 128.287357  72.138853  5.041
 54     0.872 54101.48365297 26.49 128.281917  72.141753  5.041
 55     0.602 54136.48360502 24.34 128.370660  72.078162  5.063
 55     0.778 54136.48360566 23.44 128.365250  72.081062  5.063
 55     0.828 54136.48360631 24.31 128.359840  72.083972  5.063
 55     0.919 54136.48360888 22.36 128.338190  72.095582  5.063
 55     0.833 54136.48360953 21.13 128.332770  72.098482  5.063
 55     1.066 54136.48361726 20.91 128.267622  72.133318  4.608
 56     0.624 54171.48362166 18.28 128.343317  72.106275  5.582
 56     0.384 54171.48362230 18.12 128.337897  72.109175  5.582
 56     0.288 54171.48362295 17.81 128.332477  72.112075  5.582
 56     0.353 54171.48362359 17.94 128.327057  72.114985  5.582
 56     0.503 54171.48362682 17.72 128.299917  72.129501  4.351
 56     0.527 54171.48362746 18.62 128.294487  72.132401  4.351
 56     0.609 54171.48362811 19.69 128.289047  72.135301  4.351
 56     0.863 54171.48362875 19.44 128.283617  72.138201  4.351
 56     1.000 54171.48362939 18.91 128.278177  72.141111  4.351
 57     0.564 54206.48361025 21.46 128.367237  72.078497  5.052
 57     0.713 54206.48361089 21.27 128.361827  72.081397  5.052
 57     0.849 54206.48361154 21.00 128.356417  72.084297  5.052
 57     0.931 54206.48361218 21.27 128.351007  72.087207  5.052
 57     0.935 54206.48361347 19.92 128.340182  72.093011  5.174
 57     0.864 54206.48361412 18.85 128.334762  72.095921  5.174
 57     0.733 54206.48361476 18.32 128.329342  72.098821  5.174
 58     0.689 54241.48364787 33.35 128.341093  72.101025 28.035
 58     0.661 54241.48364852 32.86 128.335683  72.103925 28.035
 58     1.002 54241.48365432 28.81 128.286832  72.130050 23.464
 58     0.835 54241.48365496 32.34 128.281402  72.132950 23.464
 58     1.040 54241.48365561 38.26 128.275962  72.135860 23.464
 59     6.501 54276.48366298 21.57 128.338031  72.102558 16.648
 59     6.874 54276.48366362 24.31 128.332611  72.105468 16.648
 59     2.039 54276.48366943 21.19 128.283761  72.131588 16.648
 59     1.963 54276.48367007 14.97 128.278321  72.134498 16.648
 59     7.662 54276.48367072 11.51 128.272891  72.137398 16.648
 61     4.242 54346.48363674 21.65 128.359508  72.101143  9.184
 61     4.894 54346.48363739 18.66 128.354087  72.104045  6.303
 61    12.199 54346.48363803 17.92 128.348677  72.106945  6.303
 61    13.284 54346.48363868 18.56 128.343257  72.109855  6.303
 61     5.944 54346.48363932 20.14 128.337837  72.112755  6.303
 61     5.923 54346.48363997 22.92 128.332407  72.115655  6.303
 61     5.942 54346.48364061 26.29 128.326987  72.118565  6.303
 61     5.904 54346.48364125 28.92 128.321557  72.121465  6.303
 61     6.441 54346.48364254 24.43 128.310707  72.127275  6.303
 61     6.547 54346.48364319 19.38 128.305277  72.130175  6.303
 61     5.794 54346.48364383 19.84 128.299837  72.133075  6.303
 61     0.441 54346.48364448 20.64 128.294407  72.135975  6.303
 61     0.289 54346.48364512 22.35 128.288967  72.138885  6.303
 61    -3.455 54346.48364577 24.05 128.283537  72.141785  6.303
 62    -0.045 54381.48359545 26.78 128.374171  72.077652 12.021
 62     0.333 54381.48359609 26.48 128.368761  72.080562 12.021
 62     0.837 54381.48359674 31.01 128.363351  72.083462 12.021
 62     0.847 54381.48359996 33.42 128.336281  72.097982 12.021
 62     3.654 54381.48360060 24.46 128.330859  72.100881  9.607
 62     0.603 54381.48360770 25.44 128.271149  72.132811  9.607
 63     0.508 54416.48358660 23.80 128.344026  72.104306  4.693
 63     0.361 54416.48358725 23.18 128.338606  72.107206  4.693
 63     0.261 54416.48358789 22.30 128.333186  72.110116  4.693
 63     0.072 54416.48358854 23.52 128.327756  72.113016  4.693
 63     0.308 54416.48359241 22.21 128.295196  72.130436  4.693
 63     0.359 54416.48359305 22.47 128.289756  72.133336  4.693
 63     0.541 54416.48359369 22.66 128.284326  72.136236  4.693
 63     0.706 54416.48359434 22.38 128.278886  72.139146  4.693
 64     0.359 54451.48356442 18.90 128.367653  72.077749  3.393
 64     0.384 54451.48356507 19.47 128.362243  72.080649  3.393
 64     0.568 54451.48356571 19.24 128.356833  72.083549  3.393
 64     0.627 54451.48356636 19.05 128.351423  72.086459  3.393
 64     0.706 54451.48356700 18.99 128.346013  72.089359  3.393
 64     0.670 54451.48356765 19.18 128.340593  72.092269  3.393
 64     0.589 54451.48356829 19.18 128.335183  72.095169  3.393
 64     0.311 54451.48356894 18.62 128.329764  72.098068  3.424
 65     0.578 54486.48358320 18.91 128.338014  72.104056  4.006
 65     0.405 54486.48358385 18.85 128.332594  72.106966  4.006
 65     0.449 54486.48358901 17.64 128.289174  72.130186  4.006
 65     0.604 54486.48358965 18.26 128.283734  72.133086  4.006
 65     0.767 54486.48359030 18.36 128.278304  72.135986  4.006
 66     0.565 54521.48357813 20.87 128.371150  72.080729  4.591
 66     0.721 54521.48358200 18.50 128.338670  72.098159  4.591
 66     0.640 54521.48358265 18.03 128.333250  72.101059  4.591
 66     0.779 54521.48358974 17.73 128.273537  72.132988  5.476
 67     0.564 54556.48359384 45.24 128.345653  72.105322 14.908
 67     0.534 54556.48359449 37.01 128.340243  72.108222 14.908
 67     0.379 54556.48359513 29.49 128.334813  72.111122 14.908
 67    -0.109 54556.48359577 25.02 128.329393  72.114032 14.908
 67     0.778 54556.48359964 15.29 128.296823  72.131442 14.908
 67     0.726 54556.48360029 15.65 128.291393  72.134352 14.908
 67     0.709 54556.48360093 16.26 128.285953  72.137252 14.908
 67     0.808 54556.48360158 16.56 128.280523  72.140152 14.908
 68     0.541 54591.48357390 16.99 128.376493  72.079433  3.980
 68     0.554 54591.48357455 19.13 128.371083  72.082343  3.980
 68     0.825 54591.48357841 15.89 128.338601  72.099767  4.401
 68     0.558 54591.48357906 16.57 128.333181  72.102667  4.401
 68     0.562 54591.48358551 13.04 128.278901  72.131697  4.401
 68     0.775 54591.48358615 13.77 128.273471  72.134597  4.401
 69     4.979 54626.48359476 16.26 128.340702  72.103245  5.267
 69     5.273 54626.48359541 15.02 128.335282  72.106145  5.267
 69     6.582 54626.48360121 14.55 128.286432  72.132275  5.267
 69     5.734 54626.48360185 14.24 128.280992  72.135175  5.267
 69     4.272 54626.48360250 14.73 128.275552  72.138075  5.267
 70     0.384 54661.48359760 23.61 128.377235  72.079426 13.660
 70     0.561 54661.48359824 25.79 128.371825  72.082326 13.660
 70     5.197 54661.48360211 23.90 128.339346  72.099751 10.621
 70     5.625 54661.48360276 23.35 128.333926  72.102651 10.621
 70     5.646 54661.48360920 19.94 128.279656  72.131681 10.621
 70     5.769 54661.48360985 15.37 128.274216  72.134591 10.621
 71     5.190 54696.48357963 21.07 128.345154  72.105802 10.917
 71     5.413 54696.48358027 20.34 128.339734  72.108712 10.917
 71     1.191 54696.48358092 32.97 128.334314  72.111612 10.917
 71     1.096 54696.48358156 30.80 128.328894  72.114512 10.917
 71     1.762 54696.48358478 34.08 128.301754  72.129032 10.917
 71     1.078 54696.48358543 28.63 128.296314  72.131932 10.917
 71     1.114 54696.48358607 24.72 128.290884  72.134832 10.917
 71     0.945 54696.48358672 29.36 128.285444  72.137742 10.917
 71     1.070 54696.48358736 28.32 128.280014  72.140642 10.917
 72     5.243 54731.48355375 13.21 128.369907  72.079331  6.583
 72     6.860 54731.48355439 10.72 128.364497  72.082241  6.583
 72     7.251 54731.48355762 18.28 128.337432  72.096760 11.773
 72     7.016 54731.48355826 21.77 128.332012  72.099660 11.773
 72    18.982 54731.48356535 14.46 128.272302  72.131590 11.773
 73     0.940 54766.48355824 29.80 128.337301  72.103772  9.629
 73     0.939 54766.48355888 29.15 128.331881  72.106682  9.629
 73     1.236 54766.48356404 30.77 128.288461  72.129902  9.629
 73     1.228 54766.48356468 33.19 128.283031  72.132802  9.629
 73     1.155 54766.48356533 33.04 128.277591  72.135712  9.629
 74     0.132 54801.48354694 24.47 128.372135  72.076052  3.597
 74     0.304 54801.48354758 24.33 128.366725  72.078952  3.597
 74     0.433 54801.48354822 24.40 128.361315  72.081862  3.597
 74     0.693 54801.48354887 23.83 128.355905  72.084762  3.597
 74     0.785 54801.48354951 24.05 128.350495  72.087662  3.597
 74     0.792 54801.48355080 22.66 128.339669  72.093478  3.599
 74     0.791 54801.48355145 22.42 128.334249  72.096378  3.599
 75     0.704 54836.48355036 22.35 128.338441  72.103397  3.641
 75     0.366 54836.48355100 22.07 128.333021  72.106297  3.641
 75     0.605 54836.48355680 22.03 128.284171  72.132427  3.641
 75     0.836 54836.48355745 22.68 128.278731  72.135327  3.641
 75     0.873 54836.48355809 23.37 128.273291  72.138227  3.641
 76     0.731 54871.48354567 22.00 128.369378  72.078766  3.841
 76     0.680 54871.48354632 22.39 128.363968  72.081666  3.841
 76     0.887 54871.48354696 22.78 128.358558  72.084576  3.841
 76     0.803 54871.48354954 19.88 128.336900  72.096186  3.554
 76     0.590 54871.48355019 19.60 128.331480  72.099086  3.554
 77     0.711 54906.48355849 21.86 128.346989  72.105814  3.687
 77     0.659 54906.48355913 21.44 128.341569  72.108724  3.687
 77     0.604 54906.48355978 21.76 128.336149  72.111624  3.687
 77     0.603 54906.48356042 21.40 128.330729  72.114534  3.687
 77     0.599 54906.48356107 20.84 128.325299  72.117434  3.687
 77     0.556 54906.48356365 20.05 128.303599  72.129044  3.687
 77     0.629 54906.48356429 20.38 128.298159  72.131944  3.687
 77     0.827 54906.48356493 20.69 128.292729  72.134854  3.687
 77     0.936 54906.48356558 20.86 128.287299  72.137754  3.687
 77     0.871 54906.48356622 20.94 128.281859  72.140654  3.687
 78     0.789 54941.48353837 20.98 128.370198  72.079257  3.701
 78     0.816 54941.48353901 20.79 128.364788  72.082167  3.701
 78     0.874 54941.48354224 18.45 128.337723  72.096683  3.812
 78     0.712 54941.48354288 18.57 128.332303  72.099593  3.812
 78     0.854 54941.48354997 16.91 128.272593  72.131523  3.812
 79     1.557 54976.48356695 33.89 128.375453  72.081229 13.668
 79     1.582 54976.48357146 29.93 128.337570  72.101563 18.593
 79     1.639 54976.48357211 32.33 128.332150  72.104463 18.593
 79     2.135 54976.48357791 31.00 128.283300  72.130593 18.593
 79     1.877 54976.48357855 34.52 128.277860  72.133493 18.593
 79     1.992 54976.48357920 38.75 128.272420  72.136393 18.593
 80     5.310 55011.48358111 19.80 128.339143  72.104076 12.126
 80     5.595 55011.48358175 22.09 128.333723  72.106976 12.126
 80     6.006 55011.48358691 24.80 128.290303  72.130196 12.126
 80     5.883 55011.48358756 17.00 128.284873  72.133106 12.126
 80     5.575 55011.48358820 13.33 128.279433  72.136006 12.126
 80     9.075 55011.48358885 10.88 128.273993  72.138906 12.126
 81     5.570 55046.48357229 18.52 128.339238  72.101149 13.405
 81     1.345 55046.48357294 29.18 128.333818  72.104049 13.405
 81     1.191 55046.48357874 27.05 128.284968  72.130179 13.405
 81     1.104 55046.48357938 20.51 128.279528  72.133079 13.405
 81     1.097 55046.48358003 19.67 128.274098  72.135979 13.405
 82     0.801 55081.48354482 29.77 128.357457  72.101747  9.874
 82     0.552 55081.48354547 28.86 128.352045  72.104649  6.833
 82     0.273 55081.48354611 25.23 128.346625  72.107549  6.833
 82     5.018 55081.48354676 22.75 128.341205  72.110459  6.833
 82     5.555 55081.48354740 22.90 128.335785  72.113359  6.833
 82     5.834 55081.48354805 23.45 128.330365  72.116259  6.833
 82     6.225 55081.48354869 23.67 128.324935  72.119169  6.833
 82     6.964 55081.48355062 19.97 128.308655  72.127879  6.833
 82     6.722 55081.48355127 18.48 128.303225  72.130779  6.833
 82     1.879 55081.48355191 20.06 128.297785  72.133679  6.833
 82     0.487 55081.48355256 22.64 128.292355  72.136579  6.833
 82     0.602 55081.48355320 30.57 128.286915  72.139489  6.833
 82     0.744 55081.48355385 30.69 128.281485  72.142389  6.833
 83     0.698 55116.48349966 30.63 128.371168  72.079893 12.379
 83     0.609 55116.48350030 30.47 128.365758  72.082793 12.379
 83     0.654 55116.48350353 30.76 128.338694  72.097308 11.300
 83     0.559 55116.48350417 25.93 128.333274  72.100218 11.300
 83     5.976 55116.48351126 20.51 128.273564  72.132148 11.300
 84     0.521 55151.48350313 22.80 128.338095  72.103992  5.085
 84     0.304 55151.48350377 22.09 128.332675  72.106892  5.085
 84     0.210 55151.48350893 20.50 128.289255  72.130112  5.085
 84     0.563 55151.48350957 20.56 128.283825  72.133022  5.085
 84     0.891 55151.48351022 19.92 128.278385  72.135922  5.085
 85     0.369 55186.48348533 22.75 128.370862  72.077461  3.987
 85     0.325 55186.48348598 23.76 128.365452  72.080371  3.987
 85     0.565 55186.48348662 24.04 128.360042  72.083271  3.987
 85     0.805 55186.48348727 22.88 128.354632  72.086171  3.987
 85     0.798 55186.48348920 22.19 128.338384  72.094890  3.721
 85     0.808 55186.48348984 22.09 128.332974  72.097790  3.721
 85     1.009 55186.48349758 18.11 128.267834  72.132620  3.721
 86     0.674 55221.48350136 22.00 128.340863  72.103555  4.099
 86     0.560 55221.48350200 20.86 128.335443  72.106455  4.099
 86     0.515 55221.48350716 19.00 128.292023  72.129675  4.099
 86     0.715 55221.48350780 19.14 128.286593  72.132585  4.099
 86     0.899 55221.48350845 19.92 128.281153  72.135485  4.099
 86     1.062 55221.48350909 19.59 128.275713  72.138385  4.099
 87     0.494 55256.48348190 21.22 128.371312  72.081184  3.821
 87     0.845 55256.48348577 19.18 128.338838  72.098604  3.681
 87     0.724 55256.48348642 19.42 128.333418  72.101504  3.681
 87     0.917 55256.48349351 16.40 128.273708  72.133434  3.681
 88     0.428 55291.48349053 20.33 128.345299  72.107211  4.220
 88     0.193 55291.48349117 19.29 128.339879  72.110121  4.220
 88     0.034 55291.48349182 19.72 128.334459  72.113021  4.220
 88    -0.090 55291.48349246 19.33 128.329029  72.115931  4.220
 88    -0.184 55291.48349311 19.33 128.323609  72.118831  4.220
 88     0.003 55291.48349504 18.48 128.307319  72.127541  4.220
 88     0.097 55291.48349569 18.76 128.301889  72.130441  4.220
 88     0.317 55291.48349633 18.93 128.296459  72.133341  4.220
 88     0.506 55291.48349698 20.43 128.291029  72.136251  4.220
 88     0.808 55291.48349762 20.46 128.285589  72.139151  4.220
 88     0.968 55291.48349827 19.67 128.280149  72.142051  4.220
 89     0.456 55326.48346656 32.23 128.376760  72.080251 15.038
 89     0.807 55326.48347107 32.06 128.338867  72.100584 18.920
 89     0.588 55326.48347172 31.29 128.333447  72.103484 18.920
 89     0.578 55326.48347817 32.01 128.279167  72.132514 18.920
 89     1.053 55326.48347881 31.51 128.273737  72.135414 18.920
 90     7.367 55361.48346801 19.83 128.342556  72.103818 14.692
 90     6.594 55361.48346866 21.70 128.337146  72.106718 14.692
 90     2.507 55361.48347382 28.18 128.293726  72.129938 14.692
 90     2.238 55361.48347446 22.68 128.288296  72.132848 14.692
 90     5.828 55361.48347510 18.05 128.282856  72.135748 14.692
 90     9.789 55361.48347575 14.01 128.277426  72.138648 14.692
 91     0.216 55396.48346975 21.98 128.370918  72.079242  6.926
 91     0.675 55396.48347039 23.57 128.365508  72.082152  6.926
 91     0.565 55396.48347361 31.65 128.338450  72.096671 10.347
 91     5.131 55396.48347426 24.84 128.333030  72.099571 10.347
 91     9.651 55396.48348135 14.56 128.273320  72.131501 10.347
 92     0.583 55431.48348283 27.79 128.341797  72.101233 12.036
 92     5.785 55431.48348347 21.65 128.336377  72.104143 12.036
 92     6.399 55431.48348927 20.69 128.287527  72.130263 12.036
 92     0.734 55431.48348992 24.45 128.282087  72.133173 12.036
 92     0.959 55431.48349056 29.05 128.276657  72.136073 12.036
 93     0.589 55466.48344233 41.61 128.364359  72.100793 16.732
 93     0.548 55466.48344298 34.57 128.358939  72.103703 16.732
 93     0.357 55466.48344362 29.78 128.353521  72.106606 10.887
 93     0.090 55466.48344427 22.25 128.348101  72.109506 10.887
 93     4.399 55466.48344491 19.73 128.342681  72.112406 10.887
 93     5.239 55466.48344556 20.47 128.337261  72.115316 10.887
 93     5.719 55466.48344620 20.22 128.331841  72.118216 10.887
 93     6.113 55466.48344685 21.20 128.326411  72.121126 10.887
 93     6.426 55466.48344749 21.91 128.320991  72.124026 10.887
 93     6.474 55466.48344813 21.64 128.315561  72.126926 10.887
 93     6.248 55466.48344878 21.70 128.310131  72.129826 10.887
 93     6.128 55466.48344942 21.93 128.304701  72.132736 10.887
 93     0.082 55466.48345007 25.11 128.299261  72.135636 10.887
 93     0.289 55466.48345071 28.45 128.293831  72.138536 10.887
 93     0.409 55466.48345136 30.15 128.288391  72.141446 10.887
 93     0.486 55466.48345200 30.69 128.282951  72.144346 10.887
