# NaN NaN NaN ;Mean Elev.(m), Avg Gradient(m/km), RMS Gradient(m/km) - SRTM1     
#   79.377  -4.305   9.362 ;Mean Elev.(m), Avg Gradient(m/km), RMS Gradient(m/km) - ASTER GDEM
#   64.000  -4.279   8.893 ;Mean Elev.(m), Avg Gradient(m/km), RMS Gradient(m/km) - GMTED2010 
  8 130.037544  62.348853    80.391    80.396 10 52512.50946378 41.921
 11 130.022256  62.354652    82.603    82.590  3 52617.50948372 28.097
 13 130.030671  62.350316    83.129    83.058  7 52687.50945500 17.089
 20 130.026182  62.353202    82.608    82.487  5 52932.50956616 44.631
 23 130.027243  62.349958    83.051    83.068  4 53037.50954448 16.184
 25 130.029781  62.350989    83.566    83.541  8 53107.50954525 18.203
 29 130.022849  62.356210    84.006    84.006  2 53247.50959261 37.625
 32 130.030835  62.350814    83.807    83.824  7 53352.50954955 18.335
 34 130.025445  62.353495    83.514    83.304  5 53422.50954406 13.497
 37 130.020858  62.355154    88.226    88.226  2 53527.50961496 34.643
 39 130.030898  62.351460    83.797    84.021  8 53597.50958292 30.745
 42 130.026921  62.352907    82.697    82.664  6 53702.50954662 20.792
 43 130.042747  62.349494    83.158    83.157 11 53737.50945535 18.136
 50 130.026677  62.350794    86.199    86.418  4 53982.50953294 41.406
 52 130.027768  62.349118    83.553    83.550  4 54052.50955513 25.703
 53 130.022150  62.355904    83.857    83.725  3 54087.50954839 19.984
 54 130.037464  62.353550    83.309    83.303  8 54122.50947135 15.068
 56 130.036012  62.348511    83.219    83.231 10 54192.50946982 14.270
 60 130.024925  62.353311    85.893    85.816  5 54332.50953583 22.922
 61 130.035472  62.347265    83.375    83.266 11 54367.50947553 28.263
 63 130.028293  62.350421    82.996    82.920  4 54437.50943518 20.590
 65 130.030318  62.352790    83.281    83.179  8 54507.50944687 15.641
 67 130.035495  62.347231    84.260    84.526 11 54577.50944810 11.999
 70 130.019989  62.355588    84.470    84.470  2 54682.50947774 47.110
 71 130.039887  62.342411    88.746    88.888  8 54717.50942278 27.130
 73 130.026975  62.352521    83.422    83.472  5 54787.50941508 26.173
 75 130.027068  62.353340    83.174    83.169  6 54857.50941130 20.958
 77 130.029726  62.353458    83.728    83.598  6 54927.50940935 15.502
 81 130.032975  62.343320    86.465    86.465  2 55067.50944283 23.128
 82 130.035391  62.347335    85.111    85.075 11 55102.50938283 45.205
 84 130.030329  62.350081    83.788    83.780  7 55172.50935199 23.300
 86 130.031957  62.350258    83.482    83.394  9 55242.50935663 15.383
 87 130.020567  62.354831    84.444    84.444  2 55277.50937973 13.554
 88 130.030306  62.351866    84.283    84.322  7 55312.50934261 19.579
 90 130.022229  62.354289    84.733    84.733  2 55382.50934071 35.678
 92 130.023949  62.356933    84.796    84.803  4 55452.50935091 37.254
 93 130.037792  62.348682    83.247    83.389 11 55487.50927102 44.377
