# NaN NaN NaN ;Mean Elev.(m), Avg Gradient(m/km), RMS Gradient(m/km) - SRTM1     
#  -27.988 -28.043  53.365 ;Mean Elev.(m), Avg Gradient(m/km), RMS Gradient(m/km) - ASTER GDEM
#    1.103   5.539  54.080 ;Mean Elev.(m), Avg Gradient(m/km), RMS Gradient(m/km) - GMTED2010 
  7 126.884007  72.112751     4.300     4.756 21 52459.48760963 15.270
  9 126.818983  72.133171     3.449     4.390  7 52529.48758623 32.796
 10 126.879657  72.111753     3.543     3.491 21 52564.48760325 42.526
 11 126.881663  72.113506     2.459     2.806 19 52599.48763055 21.358
 12 126.869734  72.110406     3.240     3.420 23 52634.48758418 19.903
 13 126.880837  72.113191     2.873     3.155 19 52669.48759584 19.986
 14 126.874978  72.110877     3.065     3.215 22 52704.48758127 19.319
 15 126.886105  72.114196     2.664     2.869 20 52739.48761803 18.294
 16 126.914483  72.108938     2.085     1.975 22 52774.48756575 27.174
 17 126.913160  72.085198     9.071     9.170 19 52809.48763448 11.081
 18 126.868234  72.110961     0.486     0.971 22 52844.48769675 23.009
 19 126.873959  72.113357     3.597     3.993 22 52879.48773484 30.186
 20 126.906738  72.110261     3.307     3.511 22 52914.48769118 26.369
 21 126.915379  72.083699     1.505     1.944 19 52949.48764540 25.609
 22 126.878605  72.114392     1.302     1.320 20 52984.48767892 14.448
 23 126.910971  72.104051     1.407     1.487 20 53019.48766786 12.892
 24 126.871547  72.113263     2.125     2.194 22 53054.48765554 12.203
 25 126.885104  72.115434     2.028     2.266 19 53089.48769287 10.478
 26 126.873748  72.110375     2.377     2.674 22 53124.48766264  9.869
 27 126.873272  72.110929     5.892     5.903 22 53159.48772229 30.652
 28 126.886026  72.112911     5.924     6.605 21 53194.48771772 40.633
 29 126.902591  72.106928     4.090     4.233 20 53229.48770719 35.973
 30 126.910794  72.108764     3.688     3.943 23 53264.48767877 33.509
 31 126.915039  72.083830     6.033     6.121 19 53299.48771949 40.784
 32 126.884565  72.112005     3.175     3.282 21 53334.48769562 24.090
 33 126.909085  72.111389     3.253     3.213 21 53369.48763532 20.129
 34 126.874306  72.112564     3.696     3.875 22 53404.48766855 17.677
 35 126.905870  72.109964     3.817     3.753 22 53439.48765496 18.675
 36 126.870493  72.111335     3.763     4.019 23 53474.48771712 13.081
 37 126.883326  72.111062     4.999     4.964 21 53509.48773580 39.308
 38 126.885393  72.111037     6.826     6.703 21 53544.48775033 17.990
 40 126.902904  72.110938     6.237     6.262 21 53614.48768280 47.572
 41 126.875187  72.111672     3.652     4.133 22 53649.48769132 29.786
 42 126.880388  72.112857     2.757     2.711 21 53684.48770425 22.303
 43 126.908000  72.110182     3.034     2.976 21 53719.48762968 14.886
 44 126.874116  72.112065     3.290     3.588 22 53754.48755392 16.031
 45 126.902383  72.106853     2.816     2.884 20 53789.48758226 13.841
 46 126.913318  72.084484     3.164     2.744 20 53824.48753396 10.483
 47 126.871612  72.111641     3.433     3.753 22 53859.48763299 10.263
 49 126.875274  72.111156     0.850     1.875 22 53929.48770492 21.144
 50 126.885963  72.112298     3.526     3.824 21 53964.48768433 32.551
 51 126.804746  72.138903     4.010     4.010  2 53999.48764490 23.790
 52 126.875759  72.113114     5.432     5.366 22 54034.48768388 31.764
 53 126.885196  72.113472     3.876     4.071 20 54069.48767771 20.317
 54 126.908174  72.109936     4.054     4.040 21 54104.48763227 20.115
 55 126.873843  72.111348     3.755     3.842 22 54139.48760871 15.780
 56 126.911065  72.103533     3.676     3.631 20 54174.48761027 12.334
 57 126.874536  72.110535     3.642     4.025 22 54209.48761486 13.693
 58 126.878036  72.114014     4.889     4.899 20 54244.48764639 45.365
 59 126.884192  72.110896     7.518     7.444 21 54279.48765761 14.562
 60 126.884003  72.114716     3.487     3.788 19 54314.48765789 20.918
 61 126.902836  72.110267     3.559     3.725 22 54349.48762614 27.569
 62 126.874032  72.113267     3.417     3.577 21 54384.48759613 30.817
 63 126.901915  72.108385     2.746     2.775 21 54419.48757540 12.864
 64 126.887592  72.099991     2.770     3.055 22 54454.48756473  9.895
 65 126.884799  72.115285     3.056     3.320 19 54489.48757660  7.996
 66 126.875004  72.113238     3.415     3.630 22 54524.48758029  8.635
 67 126.899741  72.109849     3.528     3.692 21 54559.48758455  8.445
 68 126.883725  72.111383     3.453     3.648 21 54594.48757583  8.312
 69 126.880594  72.114062     9.094     9.057 20 54629.48759069  9.338
 70 126.881173  72.111446     1.956     3.483 22 54664.48759714 27.701
 71 126.904614  72.110062     4.279     5.365 22 54699.48756783 16.703
 72 126.871888  72.110630     5.650     6.277 22 54734.48755553 14.525
 73 126.903437  72.104510     4.743     4.759 20 54769.48754685 29.803
 74 126.871397  72.110829     3.195     3.177 23 54804.48754944 22.631
 75 126.882418  72.113351     3.434     3.454 19 54839.48754332 21.114
 76 126.871807  72.113761     3.558     3.826 22 54874.48755001 19.681
 77 126.901012  72.110684     3.784     4.016 21 54909.48754857 17.440
 78 126.873864  72.110735     3.515     3.832 22 54944.48754235 15.415
 79 126.899824  72.103443     7.552     7.595 20 54979.48756717 43.230
 80 126.881725  72.113726     1.703     1.032 19 55014.48757340 16.564
 81 126.884813  72.111884     4.104     4.145 21 55049.48756669 42.707
 82 126.906041  72.110789     4.677     4.677 22 55084.48753384 43.914
 83 126.873065  72.111956     3.520     4.057 22 55119.48749903 27.002
 84 126.886219  72.114312     2.984     3.335 20 55154.48749422 13.826
 85 126.871818  72.110782     3.418     3.623 23 55189.48748824 11.547
 86 126.900936  72.105548     3.706     3.611 20 55224.48749195 11.851
 87 126.879339  72.113069     3.300     3.449 20 55259.48748420 10.389
 88 126.901825  72.110311     3.212     3.509 21 55294.48747935  8.636
 89 126.883385  72.110923     1.662     1.369 21 55329.48746599 20.015
 91 126.872748  72.110837     4.607     5.193 22 55399.48747114 15.859
 92 126.902511  72.104562     3.340     3.593 20 55434.48747507 27.492
 93 126.912623  72.109015     3.320     3.575 22 55469.48743043 33.069
