-124004.528    -1.000     0.00    0.00
-123638.183    -1.000     0.00    0.00
-123271.935    -1.000     0.00    0.00
-122905.782    -1.000     0.00    0.00
-122539.726    -1.000     0.00    0.00
-122173.765    -1.000     0.00    0.00
-121807.901    -1.000     0.00    0.00
-121442.132    -1.000     0.00    0.00
-121076.458    -1.000     0.00    0.00
-120710.881    -1.000     0.00    0.00
-120345.398    -1.000     0.00    0.00
-119980.012    -1.000     0.00    0.00
-119614.720    -1.000     0.00    0.00
-119249.524    -1.000     0.00    0.00
-118884.423    -1.000     0.00    0.00
-118519.418    -1.000     0.00    0.00
-118154.507    -1.000     0.00    0.00
-117789.691    -1.000     0.00    0.00
-117424.970    -1.000     0.00    0.00
-117060.344    -1.000     0.00    0.00
-116695.813    -1.000     0.00    0.00
-116331.377    -1.000     0.00    0.00
-115967.035    -1.000     0.00    0.00
-115602.788    -1.000     0.00    0.00
-115238.635    -1.000     0.00    0.00
-114874.576    -1.000     0.00    0.00
-114510.612    -1.000     0.00    0.00
-114146.742    -1.000     0.00    0.00
-113782.966    -1.000     0.00    0.00
-113419.284    -1.000     0.00    0.00
-113055.697    -1.000     0.00    0.00
-112692.203    -1.000     0.00    0.00
-112328.803    -1.000     0.00    0.00
-111965.497    -1.000     0.00    0.00
-111602.284    -1.000     0.00    0.00
-111239.166    -1.000     0.00    0.00
-110871.308    -1.000     0.00    0.00
-110488.205    -1.000     0.00    0.00
-110105.209    -1.000     0.00    0.00
-109722.322    -1.000     0.00    0.00
-109339.544    -1.000     0.00    0.00
-108956.872    -1.000     0.00    0.00
-108574.309    -1.000     0.00    0.00
-108191.854    -1.000     0.00    0.00
-107809.506    -1.000     0.00    0.00
-107427.265    -1.000     0.00    0.00
-107045.133    -1.000     0.00    0.00
-106663.107    -1.000     0.00    0.00
-106281.189    -1.000     0.00    0.00
-105899.378    -1.000     0.00    0.00
-105517.674    -1.000     0.00    0.00
-105136.077    -1.000     0.00    0.00
-104754.587    -1.000     0.00    0.00
-104373.204    -1.000     0.00    0.00
-103991.927    -1.000     0.00    0.00
-103610.757    -1.000     0.00    0.00
-103229.694    -1.000     0.00    0.00
-102848.737    -1.000     0.00    0.00
-102467.887    -1.000     0.00    0.00
-102087.142    -1.000     0.00    0.00
-101706.504    -1.000     0.00    0.00
-101325.973    -1.000     0.00    0.00
-100945.547    -1.000     0.00    0.00
-100565.227    -1.000     0.00    0.00
-100185.013    -1.000     0.00    0.00
 -99804.904    -1.000     0.00    0.00
 -99424.902    -1.000     0.00    0.00
 -99045.005    -1.000     0.00    0.00
 -98665.213    -1.000     0.00    0.00
 -98285.527    -1.000     0.00    0.00
 -97905.946    -1.000     0.00    0.00
 -97526.470    -1.000     0.00    0.00
 -97147.100    -1.000     0.00    0.00
 -96767.834    -1.000     0.00    0.00
 -96388.674    -1.000     0.00    0.00
 -96009.618    -1.000     0.00    0.00
 -95630.667    -1.000     0.00    0.00
 -95251.821    -1.000     0.00    0.00
 -94873.080    -1.000     0.00    0.00
 -94494.443    -0.408     1.56    1.38
 -94115.910    -0.031     0.99    1.67
 -93737.482     0.144     0.46    1.76
 -93359.158    -0.145    -0.76    1.59
 -92980.938    -0.620    -1.26    1.12
 -92602.822    -0.977    -0.94    0.20
 -92224.811    -1.000    -0.06    0.00
 -91846.903    -0.858     0.38    0.69
 -91469.099    -0.285     1.52    1.50
 -91091.399     0.496     2.07    1.86
 -90713.802     0.945     1.19    1.88
 -90336.309     1.188     0.64    1.83
 -89958.920     1.048    -0.37    1.85
 -89581.634     1.346     0.79    1.84
 -89204.451     1.512     0.44    1.67
 -88827.371     1.695     0.49    1.30
 -88450.395     2.209     1.36    0.46
 -88073.522     2.149    -0.16    0.44
 -87696.751     2.192     0.12    0.53
 -87320.084     2.126    -0.18    0.64
 -86943.519     2.055    -0.19    0.59
 -86567.057     1.907    -0.39    0.55
 -86190.698     1.680    -0.60    0.72
 -85814.441     1.349    -0.88    1.13
 -85438.287     0.898    -1.20    1.36
 -85062.235     0.205    -1.84    1.40
 -84686.286    -0.333    -1.43    1.18
 -84310.438    -0.909    -1.53    0.37
 -83934.693    -0.859     0.13    0.68
 -83559.050    -0.773     0.23    0.80
 -83183.509    -0.688     0.23    0.95
 -82808.070    -0.677     0.03    0.96
 -82432.732    -0.640     0.10    1.04
 -82057.496    -0.754    -0.30    0.91
 -81682.362    -0.899    -0.39    0.57
 -81307.330    -1.000    -0.27    0.00
 -80932.399    -1.000     0.00    0.00
 -80557.569    -0.867     0.35    0.68
 -80182.841    -0.640     0.61    1.10
 -79808.213    -0.589     0.14    1.18
 -79433.687    -0.634    -0.12    1.00
 -79059.262    -0.195     1.17    1.46
 -78684.938     0.608     2.15    1.83
 -78310.715     1.425     2.18    1.68
 -77936.593     1.969     1.45    1.12
 -77562.571     2.094     0.34    0.74
 -77188.650     1.635    -1.23    0.72
 -76814.830     1.318    -0.85    0.65
 -76441.110     1.049    -0.72    0.49
 -76067.491     0.984    -0.17    0.18
 -75693.972     1.000     0.04    0.00
 -75320.553     1.000     0.00    0.00
 -74947.234     1.000     0.00    0.00
 -74574.015     1.000     0.00    0.00
 -74200.896     0.984    -0.04    0.13
 -73827.878     0.938    -0.12    0.24
 -73454.959     0.754    -0.49    0.59
 -73082.140     0.605    -0.40    0.75
 -72709.420     0.357    -0.67    0.90
 -72336.800     0.167    -0.51    0.96
 -71964.280     0.078    -0.24    0.96
 -71591.859     0.142     0.17    0.95
 -71219.537     0.568     1.14    0.80
 -70847.315     0.659     0.24    0.73
 -70475.192     0.661     0.01    0.72
 -70103.168     0.719     0.15    0.68
 -69731.243     0.977     0.69    0.15
 -69359.416     1.000     0.06    0.00
 -68987.689     1.000     0.00    0.00
 -68616.061     1.000     0.00    0.00
 -68244.531     1.000     0.00    0.00
 -67873.100     1.000     0.00    0.00
 -67501.768     1.000     0.00    0.00
 -67130.534     1.000     0.00    0.00
 -66759.398     0.825    -0.47    0.55
 -66388.361     0.421    -1.09    0.90
 -66017.422    -0.063    -1.31    0.99
 -65646.581    -0.211    -0.40    0.97
 -65275.838    -0.119     0.25    1.06
 -64905.193     0.378     1.34    1.19
 -64534.646     0.904     1.42    1.17
 -64164.197     1.540     1.72    0.77
 -63793.846     1.867     0.88    0.34
 -63423.592     1.592    -0.74    0.93
 -63053.436     0.808    -2.12    1.42
 -62683.378     0.176    -1.71    1.36
 -62313.417     0.033    -0.39    1.30
 -61943.553     0.688     1.77    1.42
 -61573.787     1.062     1.01    1.22
 -61204.118     1.025    -0.10    1.11
 -60834.546     0.646    -1.03    1.11
 -60465.071     0.685     0.11    1.05
 -60095.694     0.777     0.25    0.95
 -59726.413     0.664    -0.31    0.92
 -59357.229     0.409    -0.69    0.79
 -58988.141     0.145    -0.72    0.49
 -58619.151     0.558     1.12    0.87
 -58250.257     1.081     1.42    0.98
 -57881.459     1.680     1.63    0.70
 -57512.758     1.992     0.85    0.09
 -57144.154     2.000     0.02    0.00
 -56775.645     2.000     0.00    0.00
 -56407.233     2.000     0.00    0.00
 -56038.917     2.000     0.00    0.00
 -55670.697     2.000     0.00    0.00
 -55302.573     2.000     0.00    0.00
 -54934.545     2.000     0.00    0.00
 -54566.613     1.680    -0.87    0.72
 -54198.777     1.563    -0.32    0.81
 -53831.036     1.602     0.10    0.79
 -53463.391     1.693     0.25    0.72
 -53095.842     1.889     0.53    0.46
 -52728.388     2.000     0.30    0.00
 -52361.029     2.000     0.00    0.00
 -51993.766     2.000     0.00    0.00
 -51626.598     2.000     0.00    0.00
 -51259.525     1.961    -0.11    0.26
 -50892.547     1.521    -1.20    0.85
 -50525.665     1.165    -0.97    0.97
 -50158.877     0.752    -1.13    0.94
 -49792.184     0.314    -1.19    0.70
 -49425.586     0.150    -0.45    0.49
 -49059.083     0.000    -0.41    0.00
 -48692.674     0.202     0.55    0.59
 -48326.360     0.825     1.70    0.98
 -47960.140     1.354     1.44    0.93
 -47594.015     1.857     1.37    0.51
 -47227.984     2.000     0.39    0.00
 -46862.047     2.000     0.00    0.00
 -46496.205     2.000     0.00    0.00
 -46130.457     2.016     0.04    0.12
 -45764.803     2.016     0.00    0.13
 -45399.243     2.017     0.00    0.13
 -45033.776     2.016    -0.00    0.13
 -44668.404     2.000    -0.04    0.00
 -44303.125     2.000     0.00    0.00
 -43937.940     1.913    -0.24    0.40
 -43572.849     1.535    -1.04    0.83
 -43207.851     1.008    -1.44    0.99
 -42842.947     0.852    -0.43    0.97
 -42478.136     0.952     0.28    0.98
 -42113.418     1.442     1.34    0.87
 -41748.794     1.578     0.37    0.78
 -41384.263     1.111    -1.28    0.98
 -41019.825     0.774    -0.92    0.94
 -40655.480     0.864     0.25    0.94
 -40291.228     1.112     0.68    0.94
 -39927.069     1.608     1.36    0.71
 -39563.003     1.827     0.60    0.52
 -39199.029     1.863     0.10    0.47
 -38835.148     1.903     0.11    0.41
 -38471.360     1.929     0.07    0.36
 -38107.664     1.951     0.06    0.31
 -37744.061     1.553    -1.10    0.81
 -37380.550     1.016    -1.48    0.98
 -37017.132     0.463    -1.52    0.81
 -36653.806     0.207    -0.71    0.60
 -36290.572     0.331     0.34    0.72
 -35910.086     0.659     0.86    0.90
 -35527.229     1.079     1.10    1.24
 -35144.477     2.346     3.31    3.63
 -34761.832     4.856     6.56    6.09
 -34379.292     6.409     4.06    6.52
 -33996.858     7.328     2.40    6.72
 -33614.529     6.086    -3.25    6.61
 -33232.306     3.878    -5.78    5.07
 -32850.188     2.228    -4.32    3.85
 -32468.176     0.992    -3.24    2.37
 -32086.269     0.177    -2.13    0.53
 -31704.467     0.000    -0.46    0.00
 -31322.770     0.000     0.00    0.00
 -30941.178     0.000     0.00    0.00
 -30559.691     0.048     0.13    0.25
 -30178.309     0.638     1.55    1.15
 -29797.032     1.465     2.17    1.50
 -29415.859     2.400     2.45    1.26
 -29034.791     2.984     1.53    0.64
 -28653.827     2.914    -0.18    0.61
 -28272.968     2.968     0.14    0.71
 -27892.213     2.952    -0.04    0.91
 -27511.562     3.817     2.27    2.72
 -27131.015     5.071     3.30    4.31
 -26750.572     6.683     4.24    5.17
 -26370.233     8.392     4.49    5.25
 -25989.998    10.212     4.79    4.72
 -25609.867    10.758     1.44    4.08
 -25229.840    10.500    -0.68    4.33
 -24849.916     9.770    -1.92    4.35
 -24470.096     8.619    -3.03    3.69
 -24090.379     8.202    -1.10    2.56
 -23710.766     7.560    -1.69    1.72
 -23331.255     6.828    -1.93    1.58
 -22951.848     7.732     2.38    2.88
 -22572.544    10.591     7.54    5.40
 -22193.344    14.504    10.32    5.60
 -21814.246    17.544     8.02    3.68
 -21435.251    19.508     5.18    2.87
 -21056.358    20.040     1.40    3.04
 -20677.569    19.894    -0.38    3.13
 -20298.882    19.154    -1.95    3.45
 -19920.297    19.290     0.36    3.66
 -19541.815    19.286    -0.01    3.93
 -19163.436    18.400    -2.34    4.66
 -18785.158    15.764    -6.97    5.91
 -18406.983    11.097   -12.34    4.54
 -18028.910     9.080    -5.33    2.70
 -17650.939     7.733    -3.56    2.22
 -17273.070     6.690    -2.76    2.76
 -16895.302     5.210    -3.92    2.68
 -16517.637     3.815    -3.69    1.10
 -16140.073     3.873     0.15    0.87
 -15762.611     4.281     1.08    0.93
 -15385.250     3.992    -0.77    1.58
 -15007.991     3.575    -1.11    1.62
 -14630.833     3.137    -1.16    1.27
 -14253.777     2.944    -0.51    0.75
 -13876.822     2.975     0.08    0.16
 -13499.967     2.360    -1.63    1.19
 -13123.214     1.525    -2.22    1.46
 -12746.562     1.128    -1.05    1.39
 -12370.011     1.184     0.15    1.39
 -11993.560     1.892     1.88    1.37
 -11617.210     2.452     1.49    1.08
 -11240.961     2.780     0.87    0.71
 -10864.813     2.968     0.50    0.28
 -10488.765     3.000     0.09    0.00
 -10112.817     3.000     0.00    0.00
  -9736.969     3.000     0.00    0.00
  -9361.222     3.000     0.00    0.00
  -8985.575     3.000     0.00    0.00
  -8610.028     3.000     0.00    0.00
  -8234.581     3.000     0.00    0.00
  -7859.234     3.000     0.00    0.00
  -7483.987     2.992    -0.02    0.09
  -7108.840     2.496    -1.32    1.07
  -6733.792     1.744    -2.00    1.43
  -6358.844     1.381    -0.97    1.40
  -5983.995     1.632     0.67    1.43
  -5609.246     2.325     1.85    1.20
  -5234.596     2.912     1.57    0.46
  -4860.046     3.000     0.23    0.00
  -4485.594     3.000     0.00    0.00
  -4111.242     3.000     0.00    0.00
  -3736.989     3.000     0.00    0.00
  -3362.835     3.000     0.00    0.00
  -2988.779     3.000     0.00    0.00
  -2614.823     3.000     0.00    0.00
  -2240.965     3.000     0.00    0.00
  -1867.206     3.000     0.00    0.00
  -1493.545     2.659    -0.91    0.89
  -1119.983     1.984    -1.81    1.37
   -746.520     1.129    -2.29    1.42
   -373.154     0.455    -1.81    1.04
      0.113     0.008    -1.20    0.09
    373.282     0.000    -0.02    0.00
    746.353     0.000     0.00    0.00
   1119.325     0.000     0.00    0.00
   1492.200     0.000     0.00    0.00
   1864.977     0.000     0.00    0.00
   2237.656     0.000     0.00    0.00
   2610.237     0.000     0.00    0.00
   2982.721     0.000     0.00    0.00
   3355.107     0.000     0.00    0.00
   3727.396     0.000     0.00    0.00
   4099.587     0.000     0.00    0.00
   4471.681     0.000     0.00    0.00
   4843.678     0.000     0.00    0.00
   5215.578     0.000     0.00    0.00
   5587.380     0.000     0.00    0.00
   5959.085     0.000     0.00    0.00
   6330.694     0.272     0.73    0.86
   6702.205     1.573     3.50    2.74
   7073.620     4.712     8.45    5.52
   7444.938     9.710    13.46    7.41
   7816.160    16.089    17.19    8.44
   8187.284    23.393    19.68    7.89
   8558.313    31.008    20.52   10.40
   8929.244    40.983    26.89   13.20
   9300.080    52.556    31.21   16.27
   9670.819    61.813    24.97   14.46
  10041.462    73.067    30.36   14.58
  10412.009    84.248    30.18   19.18
  10782.460   100.455    43.75   23.10
  11152.815   119.984    52.73   24.90
  11523.074   140.081    54.28   27.22
  11893.237   166.190    70.53   34.24
  12263.305   200.573    92.91   47.47
  12633.276   232.713    86.87   54.30
  13003.153   262.883    81.57   51.16
  13372.933   282.371    52.70   46.20
  13742.618   295.270    34.89   42.76
  14112.208   295.691     1.14   40.08
  14481.703   281.112   -39.46   46.86
  14851.102   246.482   -93.74   46.51
  15220.406   205.862  -109.99   45.53
  15589.615   170.711   -95.21   35.82
  15958.729   140.712   -81.27   26.06
  16327.748   122.854   -48.39   19.50
  16696.673   114.529   -22.56   16.61
  17065.502   112.317    -6.00   18.36
  17434.237   115.789     9.42   18.20
  17802.877   119.609    10.36   14.18
  18171.422   131.139    31.29   18.75
  18539.873   151.581    55.48   30.44
  18908.230   184.103    88.29   43.54
  19276.492   236.423   142.07   68.33
  19644.660   277.309   111.05   62.49
  20012.734   301.025    64.43   47.22
  20380.714   292.960   -21.92   48.57
  20748.599   268.161   -67.41   45.07
  21116.391   251.344   -45.72   33.73
  21484.089   258.105    18.39   38.02
  21851.692   269.530    31.08   35.03
  22219.203   269.276    -0.69   34.35
  22586.619   255.984   -36.18   44.85
  22953.942   230.453   -69.50   43.56
  23321.171   210.122   -55.36   28.19
  23688.307   203.603   -17.76   17.13
  24055.349   208.308    12.82   19.57
  24422.298   215.379    19.27   18.49
  24789.154   221.475    16.62   16.32
  25155.916   225.756    11.67   13.37
  25522.586   226.298     1.48   10.26
  25889.162   227.296     2.72   10.34
  26255.645   223.309   -10.88   15.02
  26622.036   216.642   -18.20   16.98
  26988.333   210.035   -18.04   17.35
  27354.538   204.639   -14.73   18.38
  27720.650   198.984   -15.45   19.79
  28086.670   188.203   -29.45   21.87
  28452.597   177.710   -28.68   22.97
  28818.431   169.392   -22.74   24.37
  29184.174   158.934   -28.59   29.89
  29549.823   149.130   -26.81   30.61
  29915.381   137.136   -32.81   26.38
  30280.846   124.512   -34.54   19.04
  30646.219   116.951   -20.69   15.34
  31011.500   110.466   -17.76   11.96
  31376.689   108.746    -4.71   13.61
  31741.786   109.642     2.46   19.19
  32106.792   111.061     3.89   24.72
  32471.705   106.829   -11.60   26.43
  32836.527   101.430   -14.80   23.92
  33201.257    94.966   -17.72   19.05
  33565.896    92.512    -6.73   19.66
  33930.443    92.225    -0.79   22.98
  34294.898    89.392    -7.77   23.18
  34659.263    84.951   -12.19   20.17
  35023.536    78.983   -16.38   16.04
  35387.717    71.413   -20.79   15.09
  35751.808    60.524   -29.91   16.62
  36115.807    49.336   -30.74   16.27
  36479.716    36.983   -33.94   15.35
  36843.533    25.309   -32.09   13.22
  37207.260    18.744   -18.05    8.88
  37570.896    15.057   -10.14    6.18
  37934.441    14.074    -2.70    5.91
  38297.895    15.417     3.70    6.53
  38671.325    16.309     2.39    6.71
  39054.032    16.742     1.13    7.27
  39436.635    17.479     1.93    7.73
  39819.135    18.475     2.60    9.01
  40201.531    19.244     2.01    9.68
  40583.823    20.672     3.74    9.85
  40966.013    23.704     7.93   11.48
  41348.098    26.869     8.28   13.29
  41730.081    32.695    15.25   17.89
  42111.961    39.455    17.70   24.51
  42493.737    47.100    20.02   30.75
  42875.411    56.458    24.52   34.03
  43256.982    69.221    33.45   34.94
  43638.450    87.949    49.09   37.20
  44019.815   110.230    58.42   38.67
  44401.078   129.852    51.47   34.89
  44782.238   134.140    11.25   27.34
  45163.296   130.775    -8.83   28.16
  45544.251   116.488   -37.50   31.94
  45925.105   101.225   -40.07   33.38
  46305.855    82.183   -50.01   36.29
  46686.504    64.179   -47.30   34.13
  47067.051    42.175   -57.82   24.13
  47447.496    26.262   -41.83   17.53
  47827.839    15.932   -27.16   10.99
  48208.080     8.820   -18.70    6.53
  48588.219     5.746    -8.09    4.82
  48968.257     3.529    -5.83    3.60
  49348.193     2.268    -3.32    1.88
  49728.028     1.947    -0.84    0.35
  50107.761     2.016     0.18    0.13
  50487.393     2.000    -0.04    0.00
  50866.924     1.983    -0.04    0.18
  51246.354     2.200     0.57    0.88
  51625.682     2.642     1.16    1.43
  52004.910     2.975     0.88    1.67
  52384.037     2.939    -0.10    1.73
  52763.063     2.529    -1.08    1.55
  53141.988     2.103    -1.13    1.11
  53520.812     1.697    -1.07    0.71
  53899.536     1.851     0.41    0.74
  54278.159     1.958     0.28    0.92
  54656.682     2.124     0.44    1.15
  55035.105     2.643     1.37    1.61
  55413.427     3.458     2.15    2.12
  55791.649     4.200     1.96    2.06
  56169.771     4.504     0.80    1.95
  56547.793     4.525     0.06    2.09
  56925.716     4.440    -0.23    2.41
  57303.538     4.525     0.22    2.84
  57681.260     4.214    -0.82    2.50
  58058.883     3.459    -2.00    1.44
  58436.406     3.033    -1.13    0.29
  58813.829     3.000    -0.09    0.00
  59191.153     3.099     0.26    0.30
  59568.378     3.313     0.57    0.47
  59945.503     3.587     0.73    0.49
  60322.529     3.829     0.64    0.38
  60699.456     4.000     0.45    0.00
  61076.284     4.000     0.00    0.00
  61453.012     4.178     0.47    0.38
  61829.642     4.570     1.04    1.04
  62206.173     6.588     5.36    7.32
  62582.605     9.793     8.52   14.48
  62958.939    14.748    13.16   21.46
  63335.174    20.742    15.93   26.71
  63711.310    28.246    19.95   31.89
  64087.348    36.420    21.74   35.54
  64463.287    42.139    15.21   36.00
  64839.128    49.390    19.29   36.19
  65214.871    59.933    28.06   38.22
  65590.516    74.820    39.63   41.01
  65966.063    96.458    57.62   40.65
  66341.511   121.438    66.53   31.03
  66716.862   143.578    58.98   22.04
  67092.115   159.172    41.56   23.67
  67467.270   175.575    43.72   24.67
  67842.327   183.729    21.74   20.92
  68217.287   181.328    -6.40   23.29
  68592.149   169.755   -30.87   25.40
  68966.914   157.664   -32.26   18.43
  69341.581   156.151    -4.04   14.17
  69716.151   170.175    37.44   26.06
  70090.624   192.336    59.18   36.09
  70464.999   217.887    68.25   34.07
  70839.278   239.227    57.01   24.74
  71213.459   251.808    33.62   13.23
  71587.544   254.303     6.67   12.94
  71961.531   247.463   -18.29   18.06
  72335.422   238.400   -24.24   21.93
  72709.216   225.107   -35.56   20.52
  73082.913   215.470   -25.79   16.50
  73456.514   209.008   -17.30   12.45
  73830.019   205.352    -9.79    7.24
  74203.427   205.009    -0.92    4.48
  74576.738   205.182     0.46    3.81
  74949.953   206.839     4.44    2.62
  75323.073   207.133     0.79    2.69
  75696.096   207.881     2.01    3.18
  76069.022   209.562     4.51    4.28
  76441.853   210.512     2.55    4.46
  76814.588   211.034     1.40    4.00
  77187.228   210.471    -1.51    4.65
  77559.771   210.339    -0.35    5.98
  77932.219   212.053     4.60    8.00
  78304.571   213.554     4.03    8.71
  78676.828   215.627     5.57    9.23
  79048.989   218.555     7.87   10.91
  79421.055   220.833     6.12   10.25
  79793.025   222.798     5.28   10.17
  80164.900   223.308     1.37   11.11
  80536.680   221.202    -5.67   12.75
  80908.365   219.475    -4.65   13.82
  81279.955   218.546    -2.50   14.05
  81651.450   218.509    -0.10   12.60
  82022.850   214.140   -11.76   15.07
  82394.155   206.186   -21.42   21.23
  82765.366   188.891   -46.59   32.62
  83136.482   165.765   -62.31   44.07
  83507.503   141.684   -64.90   46.34
  83878.430   121.100   -55.49   35.62
  84249.262   111.025   -27.17   22.27
  84620.000   114.776    10.12   20.63
  84990.644   127.876    35.34   25.20
  85361.193   147.232    52.23   24.53
  85731.649   167.237    54.00   26.22
  86102.010   185.642    49.69   25.80
  86472.277   204.767    51.65   21.81
  86842.450   215.713    29.57   17.17
  87212.530   222.835    19.24   14.56
  87582.515   228.958    16.55   14.45
  87952.407   237.711    23.66   17.01
  88322.205   250.377    34.25   20.04
  88691.910   265.610    41.20   19.03
  89061.521   277.395    31.88   15.55
  89431.038   283.966    17.78   15.52
  89800.463   288.711    12.84   19.01
  90169.793   292.300     9.72   18.82
  90539.031   282.126   -27.55   27.73
  90908.176   257.992   -65.38   47.28
  91277.227   224.129   -91.75   47.86
  91646.186   204.397   -53.48   32.40
  92015.051   199.894   -12.21   21.77
  92383.824   217.924    48.89   29.43
  92752.504   239.719    59.11   31.67
  93121.091   262.535    61.90   30.85
  93489.585   285.339    61.88   33.77
  93857.987   305.008    53.39   29.64
  94226.296   321.526    44.84   19.52
  94594.513   332.442    29.64   19.83
  94962.637   341.378    24.28   21.90
  95330.669   342.178     2.17   20.88
  95698.609   331.261   -29.67   28.91
  96066.457   298.351   -89.46   51.37
  96434.212   248.667  -135.09   69.22
  96801.876   201.912  -127.16   59.90
  97169.447   165.814   -98.20   39.90
  97536.927   147.025   -51.12   27.61
  97904.315   133.912   -35.69   16.78
  98271.611   135.417     4.10   14.91
  98638.815   141.808    17.41   18.16
  99005.928   157.243    42.04   21.19
  99372.949   174.975    48.31   22.29
  99739.878   190.492    42.29   20.96
 100106.716   206.294    43.08   20.14
 100473.463   217.700    31.10   19.67
 100840.119   230.936    36.10   19.30
 101206.683   241.534    28.91   21.56
 101573.156   251.692    27.72   22.17
 101939.538   264.973    36.25   21.59
 102305.829   279.358    39.27   24.43
 102672.030   294.035    40.08   23.55
 103038.139   305.941    32.52   17.11
 103404.157   309.650    10.13   12.72
 103770.085   305.640   -10.96   14.52
 104135.922   291.218   -39.42   22.34
 104501.668   273.915   -47.31   24.42
 104867.324   261.162   -34.88   16.79
 105232.890   259.220    -5.31   12.36
 105598.365   262.924    10.13   12.21
 105963.749   272.469    26.12   10.05
 106329.044   280.076    20.82   10.62
 106694.248   290.027    27.25   13.47
 107059.362   304.161    38.71   17.41
 107424.386   318.168    38.37   18.56
 107789.320   330.391    33.49   12.36
 108154.164   329.051    -3.67   16.35
 108518.918   319.513   -26.15   22.56
 108883.582   305.060   -39.63   21.80
 109248.157   292.017   -35.78   19.53
 109612.641   282.000   -27.48   20.73
 109977.037   273.212   -24.12   24.13
 110341.342   273.102    -0.30   27.27
 110705.559   272.504    -1.64   29.21
 111069.686   260.630   -32.61   35.53
 111433.723   239.437   -58.21   45.43
 111797.671   207.573   -87.55   39.85
 112161.530   188.085   -53.56   23.77
 112525.300   184.803    -9.02   18.42
 112888.981   190.646    16.06   22.46
 113255.834   196.798    16.77   22.60
 113638.382   198.509     4.47   23.77
 114020.828   199.454     2.47   25.45
 114403.172   199.695     0.63   30.63
 114785.416   214.263    38.11   45.98
 115167.558   235.111    54.55   55.44
 115549.599   266.814    82.98   59.25
 115931.539   291.008    63.34   55.13
 116313.379   304.152    34.42   47.86
 116695.117   303.856    -0.77   43.19
 117076.755   309.584    15.01   36.97
 117458.292   323.547    36.59   40.41
 117839.728   347.276    62.21   43.22
 118221.064   373.923    69.87   34.10
 118602.300   392.470    48.65   24.57
 118983.435   406.793    37.58   13.94
 119364.470   414.612    20.52   11.14
 119745.405   420.667    15.89    9.17
 120126.239   423.336     7.01    7.63
 120506.974   422.118    -3.20    9.27
 120887.609   419.644    -6.50   12.43
 121268.143   413.598   -15.89   18.01
 121648.578   401.138   -32.75   30.34
 122028.914   380.897   -53.21   43.35
 122409.149   357.802   -60.74   48.33
 122789.285   342.186   -41.08   46.67
 123169.322   337.393   -12.61   44.16
 123549.259   335.815    -4.15   42.47
 123929.096   333.318    -6.57   41.31
 124308.835   328.644   -12.31   41.54
 124688.474   318.224   -27.44   43.56
 125068.015   306.438   -31.05   47.47
 125447.456   295.128   -29.80   51.09
 125826.798   292.569    -6.75   55.77
 126206.041   301.831    24.42   59.02
 126585.186   327.655    68.11   58.72
 126964.232   352.000    64.22   52.99
 127343.179   371.369    51.11   35.46
 127722.027   366.703   -12.32   32.14
 128100.778   349.591   -45.18   37.66
 128479.429   323.299   -69.43   36.43
 128857.983   305.739   -46.38   29.63
 129236.438   295.426   -27.25   24.97
 129614.795   292.563    -7.57   24.59
 129993.053   294.382     4.81   23.25
 130371.214   298.250    10.23   23.16
 130749.277   305.263    18.55   23.71
 131127.242   320.672    40.77   25.46
 131505.109   334.060    35.43   24.10
 131882.878   347.814    36.41   20.16
 132260.550   356.210    22.23   18.23
 132638.124   363.291    18.75   16.34
 133015.601   368.805    14.61   12.55
 133392.980   369.574     2.04    9.80
 133770.262   359.771   -25.98   19.06
 134147.446   344.879   -39.48   24.60
 134524.534   326.388   -49.03   22.45
 134901.524   315.812   -28.05   14.87
 135278.417   310.144   -15.04    7.05
 135655.213   314.368    11.21    9.25
 136031.912   321.062    17.77   10.89
 136408.515   331.345    27.30   12.55
 136785.020   341.009    25.66   12.48
 137161.429   348.302    19.37    9.84
 137537.741   353.695    14.33    8.08
 137913.957   357.118     9.10    6.53
 138290.076   356.924    -0.52    8.58
 138666.099   352.018   -13.05   15.98
 139042.026   337.333   -39.06   25.51
 139417.856   321.276   -42.72   27.26
 139793.590   304.363   -45.01   18.66
 140169.228   296.923   -19.80    9.17
 140544.770   298.927     5.33   10.80
 140920.216   305.444    17.36   12.56
 141295.566   311.043    14.92   13.71
 141670.821   310.293    -2.00   18.44
 142045.979   303.229   -18.83   24.18
 142421.042   290.157   -34.85   24.30
 142796.010   280.034   -26.99   18.56
 143170.882   273.091   -18.52    7.21
 143545.658   275.195     5.61    7.42
 143920.339   278.400     8.55    9.12
 144294.925   285.603    19.23   12.99
 144669.415   293.966    22.33   15.41
 145043.810   304.856    29.09   16.83
 145418.111   316.675    31.57   18.15
 145792.316   329.319    33.78   17.33
 146166.426   340.058    28.71   16.99
 146540.442   350.278    27.32   16.40
 146914.362   358.284    21.41   15.34
 147288.188   359.297     2.71   14.10
 147661.919   354.674   -12.37   14.79
 148035.556   348.381   -16.84   13.45
 148409.098   344.060   -11.57   10.09
