# NaN NaN NaN ;Mean Elev.(m), Avg Gradient(m/km), RMS Gradient(m/km) - SRTM1     
#   52.132  -1.330   5.703 ;Mean Elev.(m), Avg Gradient(m/km), RMS Gradient(m/km) - ASTER GDEM
#   49.509  -2.554   7.192 ;Mean Elev.(m), Avg Gradient(m/km), RMS Gradient(m/km) - GMTED2010 
  7    76.609 52445.10445025 51.27 129.689094  63.267765 30.575
  7    76.643 52445.10445283 49.35 129.678474  63.255235 30.575
  7    76.827 52445.10445347 50.38 129.675824  63.252105 30.575
  7    76.734 52445.10445412 49.71 129.673164  63.248965 30.575
  7    76.846 52445.10445476 50.33 129.670513  63.245836 39.080
  7    76.860 52445.10445541 51.18 129.667863  63.242706 39.080
  7    76.832 52445.10445605 52.11 129.665213  63.239576 39.080
  7    77.250 52445.10446121 52.07 129.644023  63.214506 39.080
  7    77.301 52445.10446186 49.64 129.641373  63.211376 39.080
  7    77.356 52445.10446250 47.21 129.638723  63.208246 39.080
  7    77.429 52445.10446315 48.13 129.636083  63.205116 39.080
  7    77.449 52445.10446379 48.10 129.633433  63.201976 39.080
  7    77.515 52445.10446443 49.27 129.630793  63.198846 39.080
  7    77.544 52445.10446508 50.15 129.628143  63.195716 39.080
  7    77.595 52445.10446572 50.06 129.625503  63.192576 39.080
  7    77.733 52445.10447024 36.67 129.607012  63.170650 15.677
  7    77.761 52445.10447153 35.48 129.601732  63.164380 15.677
  7    77.933 52445.10447217 40.45 129.599092  63.161240 15.677
  7    77.930 52445.10447282 43.42 129.596462  63.158110 15.677
  7    78.012 52445.10447346 43.55 129.593822  63.154980 15.677
  8    77.278 52480.10444292 16.22 129.690427  63.266401 31.437
  8    75.721 52480.10444357 24.84 129.687767  63.263261 31.437
  8    75.763 52480.10444550 25.31 129.679807  63.253871 31.437
  8    75.668 52480.10444614 24.73 129.677157  63.250731 31.437
  8    75.693 52480.10444679 21.40 129.674499  63.247602 18.319
  8    75.337 52480.10444743 20.29 129.671849  63.244472 18.319
  8    75.500 52480.10444808 21.28 129.669199  63.241332 18.319
  8    75.807 52480.10444872 24.96 129.666549  63.238202 18.319
  8    76.132 52480.10445388 27.34 129.645359  63.213142 18.319
  8    76.070 52480.10445453 26.86 129.642709  63.210012 18.319
  8    76.217 52480.10445517 25.76 129.640069  63.206872 18.319
  8    76.386 52480.10445581 25.01 129.637419  63.203742 18.319
  8    76.503 52480.10445646 23.10 129.634779  63.200612 18.319
  8    76.652 52480.10445710 21.33 129.632139  63.197482 18.319
  8    76.789 52480.10445775 19.57 129.629489  63.194342 18.319
  8    77.270 52480.10445839 23.37 129.626849  63.191212 18.319
  8    76.656 52480.10446420 24.37 129.603081  63.163015 24.590
  8    76.660 52480.10446484 24.67 129.600451  63.159875 24.590
  8    79.520 52480.10446548 21.47 129.597811  63.156745 24.590
  8    80.213 52480.10446613 23.15 129.595171  63.153605 24.590
  9    73.785 52515.10439184 40.58 129.690335  63.264234 37.403
  9    74.019 52515.10439442 33.57 129.679727  63.251703 32.881
  9    74.051 52515.10439507 33.21 129.677077  63.248573 32.881
  9    74.026 52515.10439571 36.40 129.674427  63.245443 32.881
  9    73.998 52515.10439635 44.90 129.671767  63.242303 32.881
  9    73.989 52515.10439700 48.58 129.669127  63.239173 32.881
  9    74.082 52515.10439764 45.69 129.666477  63.236043 32.881
  9    74.466 52515.10440345 51.26 129.642657  63.207843 32.881
  9    74.620 52515.10440409 47.90 129.640007  63.204713 32.881
  9    74.499 52515.10440474 52.94 129.637367  63.201583 32.881
  9    74.567 52515.10440538 54.32 129.634717  63.198443 32.881
  9    74.702 52515.10440603 54.41 129.632077  63.195313 32.881
  9    74.683 52515.10440667 53.77 129.629437  63.192183 32.881
  9    74.630 52515.10440731 53.40 129.626798  63.189045 22.249
  9    74.949 52515.10441312 31.20 129.603048  63.160845 22.249
  9    74.985 52515.10441376 29.83 129.600408  63.157705 22.249
  9    74.602 52515.10441441 30.29 129.597778  63.154575 22.249
  9    74.448 52515.10441505 29.85 129.595138  63.151435 22.249
 10    74.888 52550.10443882 53.85 129.696304  63.257548 32.593
 10    74.984 52550.10444205 48.51 129.683034  63.241878 32.593
 10    74.924 52550.10444269 52.68 129.680384  63.238748 32.593
 10    75.029 52550.10444334 52.31 129.677734  63.235618 32.593
 10    74.938 52550.10444398 53.54 129.675084  63.232488 32.593
 10    74.911 52550.10444463 53.27 129.672434  63.229358 32.593
 10    75.838 52550.10445301 52.18 129.638017  63.188626 28.043
 10    75.686 52550.10445365 53.32 129.635367  63.185496 28.043
 10    76.169 52550.10446010 41.33 129.608967  63.154166 28.043
 10    75.873 52550.10446074 41.20 129.606327  63.151026 28.043
 10    75.769 52550.10446139 40.40 129.603688  63.147896 20.155
 10    75.869 52550.10446203 38.58 129.601048  63.144766 20.155
 10    75.994 52550.10446268 35.66 129.598418  63.141626 20.155
 11    73.559 52585.10441756 27.62 129.697755  63.260842 10.182
 11    73.527 52585.10441821 30.84 129.695095  63.257712 10.182
 11    73.660 52585.10442143 27.97 129.681835  63.242052 10.182
 11    73.755 52585.10442208 28.29 129.679185  63.238912 10.182
 11    73.650 52585.10442272 30.14 129.676535  63.235782 10.182
 11    73.857 52585.10442337 30.46 129.673888  63.232649 13.069
 11    73.734 52585.10442401 29.11 129.671238  63.229519 13.069
 11    74.426 52585.10443239 32.83 129.636848  63.188789 13.069
 11    74.520 52585.10443304 43.75 129.634198  63.185659 13.069
 11    74.721 52585.10443948 35.33 129.607809  63.154320 14.569
 11    74.758 52585.10444013 32.77 129.605169  63.151190 14.569
 11    74.841 52585.10444077 34.17 129.602539  63.148050 14.569
 11    74.889 52585.10444142 36.61 129.599899  63.144920 14.569
 11    74.874 52585.10444206 37.85 129.597269  63.141790 14.569
 12    73.460 52620.10439673 26.04 129.685484  63.268388  6.552
 12    73.533 52620.10439737 26.53 129.682834  63.265258  6.552
 12    73.480 52620.10439802 26.50 129.680174  63.262118  6.552
 12    73.593 52620.10439866 25.18 129.677524  63.258988  6.552
 12    73.630 52620.10439931 23.98 129.674874  63.255858  6.552
 12    73.713 52620.10439995 23.64 129.672224  63.252728  6.552
 12    73.623 52620.10440060 23.74 129.669564  63.249588  6.552
 12    73.607 52620.10440124 23.20 129.666914  63.246458  6.552
 12    73.646 52620.10440188 23.76 129.664265  63.243326  6.722
 12    73.747 52620.10440253 25.84 129.661615  63.240196  6.722
 12    73.789 52620.10440575 20.88 129.648375  63.224526  6.722
 12    73.764 52620.10440640 21.22 129.645725  63.221396  6.722
 12    73.811 52620.10440704 20.70 129.643085  63.218266  6.722
 12    73.978 52620.10440769 21.06 129.640435  63.215136  6.722
 12    74.271 52620.10440833 21.93 129.637795  63.211996  6.722
 12    74.333 52620.10440898 23.07 129.635145  63.208866  6.722
 12    74.427 52620.10440962 24.22 129.632505  63.205736  6.722
 12    74.425 52620.10441027 24.48 129.629865  63.202596  6.722
 12    74.498 52620.10441091 25.73 129.627215  63.199466  6.722
 12    74.439 52620.10441155 26.57 129.624575  63.196336  6.722
 12    74.511 52620.10441607 26.55 129.606094  63.174396  7.404
 12    74.601 52620.10441671 28.80 129.603454  63.171266  7.404
 12    74.720 52620.10441800 28.52 129.598174  63.164996  7.404
 12    74.771 52620.10441865 28.06 129.595544  63.161866  7.404
 12    74.722 52620.10441929 28.11 129.592904  63.158736  7.404
 12    74.868 52620.10441994 27.31 129.590264  63.155596  7.404
 14    75.898 52690.10437918 17.70 129.686933  63.269920  4.868
 14    74.661 52690.10437982 17.08 129.684280  63.266792  4.072
 14    74.809 52690.10438047 17.36 129.681630  63.263662  4.072
 14    73.951 52690.10438111 16.83 129.678970  63.260522  4.072
 14    73.677 52690.10438176 16.65 129.676320  63.257392  4.072
 14    73.247 52690.10438240 17.53 129.673670  63.254262  4.072
 14    73.397 52690.10438305 18.22 129.671010  63.251132  4.072
 14    73.409 52690.10438369 17.81 129.668360  63.247992  4.072
 14    73.368 52690.10438434 17.67 129.665710  63.244862  4.072
 14    73.538 52690.10438498 16.86 129.663060  63.241732  4.072
 14    73.513 52690.10438562 16.95 129.660420  63.238602  4.072
 14    73.393 52690.10438820 17.11 129.649820  63.226062  4.072
 14    73.163 52690.10438949 17.99 129.644530  63.219802  4.072
 14    73.157 52690.10439014 17.67 129.641880  63.216662  4.072
 14    73.509 52690.10439078 18.16 129.639240  63.213532  4.072
 14    74.095 52690.10439143 18.22 129.636590  63.210402  4.072
 14    74.334 52690.10439207 18.65 129.633950  63.207272  4.072
 14    74.190 52690.10439272 19.53 129.631307  63.204137  7.473
 14    74.167 52690.10439336 19.94 129.628667  63.200997  7.473
 14    74.023 52690.10439401 20.88 129.626017  63.197867  7.473
 14    73.905 52690.10439465 21.49 129.623377  63.194737  7.473
 14    74.064 52690.10439916 22.60 129.604897  63.172797  7.473
 14    74.141 52690.10440045 23.71 129.599617  63.166527  7.473
 14    74.215 52690.10440110 23.45 129.596987  63.163397  7.473
 14    74.178 52690.10440174 21.88 129.594347  63.160267  7.473
 14    74.277 52690.10440239 22.07 129.591717  63.157127  7.473
 15    77.679 52725.10442404 12.88 129.695712  63.261983  2.789
 15    74.754 52725.10442468 13.74 129.693062  63.258853  2.789
 15    73.361 52725.10442726 15.01 129.682450  63.246319  2.783
 15    73.525 52725.10442790 15.08 129.679800  63.243189  2.783
 15    74.030 52725.10442855 14.85 129.677140  63.240059  2.783
 15    74.762 52725.10442919 14.87 129.674490  63.236919  2.783
 15    74.361 52725.10442984 14.43 129.671840  63.233789  2.783
 15    76.160 52725.10443048 15.27 129.669190  63.230659  2.783
 15    73.921 52725.10443822 18.56 129.637438  63.193068  5.450
 15    74.084 52725.10443886 20.65 129.634798  63.189928  5.450
 15    73.972 52725.10443951 24.47 129.632148  63.186798  5.450
 15    73.990 52725.10444531 19.88 129.608388  63.158598  5.450
 15    74.059 52725.10444595 19.95 129.605748  63.155468  5.450
 15    74.328 52725.10444660 19.14 129.603118  63.152328  5.450
 15    74.115 52725.10444724 21.25 129.600478  63.149198  5.450
 15    74.227 52725.10444789 21.93 129.597848  63.146068  5.450
 16    73.246 52760.10444051 17.13 129.682302  63.274093  4.398
 16    73.493 52760.10444116 17.54 129.679642  63.270963  4.398
 16    73.860 52760.10444180 17.87 129.676992  63.267823  4.398
 16    74.513 52760.10444245 18.45 129.674332  63.264693  4.398
 16    74.878 52760.10444309 19.36 129.671682  63.261563  4.398
 16    74.806 52760.10444374 20.53 129.669032  63.258433  4.398
 16    74.179 52760.10444567 18.55 129.661071  63.249031  5.294
 16    73.963 52760.10444632 18.67 129.658421  63.245901  5.294
 16    74.490 52760.10444696 17.81 129.655771  63.242771  5.294
 16    74.689 52760.10444761 17.42 129.653121  63.239631  5.294
 16    75.983 52760.10444825 16.93 129.650471  63.236501  5.294
 16    75.963 52760.10444890 17.23 129.647821  63.233371  5.294
 16    76.385 52760.10444954 17.28 129.645171  63.230231  5.294
 16    76.799 52760.10445018 16.41 129.642531  63.227101  5.294
 16    77.044 52760.10445083 15.26 129.639881  63.223971  5.294
 16    77.007 52760.10445147 14.95 129.637231  63.220841  5.294
 16    76.778 52760.10445212 15.11 129.634591  63.217701  5.294
 16    75.903 52760.10445276 16.54 129.631941  63.214571  5.294
 16    75.821 52760.10445341 17.29 129.629301  63.211441  5.294
 16    74.063 52760.10445405 22.72 129.626651  63.208301  5.294
 16    74.263 52760.10445470 20.64 129.624011  63.205171  5.294
 16    74.332 52760.10445534 18.90 129.621361  63.202041  5.294
 16    75.558 52760.10445599 15.06 129.618721  63.198901  5.294
 16    75.939 52760.10445663 13.81 129.616081  63.195771  5.294
 16    75.831 52760.10445728 13.96 129.613441  63.192641  5.294
 16    75.901 52760.10445792 13.94 129.610791  63.189501  5.294
 16    75.723 52760.10445857 14.44 129.608149  63.186372  4.636
 16    76.738 52760.10445921 14.87 129.605509  63.183242  4.636
 16    75.297 52760.10445985 15.53 129.602869  63.180102  4.636
 16    75.315 52760.10446050 14.98 129.600229  63.176972  4.636
 16    76.080 52760.10446114 14.79 129.597599  63.173842  4.636
 16    76.047 52760.10446179 15.23 129.594959  63.170702  4.636
 16    76.067 52760.10446243 15.15 129.592319  63.167572  4.636
 16    76.124 52760.10446308 15.29 129.589679  63.164442  4.636
 17    78.688 52795.10439953 26.89 129.703264  63.254843 39.529
 17    76.745 52795.10440469 28.29 129.682040  63.229788 29.241
 17    76.604 52795.10440534 28.00 129.679390  63.226648 29.241
 17    76.986 52795.10440598 28.80 129.676740  63.223518 29.241
 17    79.566 52795.10441436 27.41 129.642334  63.182796  8.142
 17    79.245 52795.10441501 21.44 129.639694  63.179656  8.142
 17    78.673 52795.10441565 18.30 129.637054  63.176526  8.142
 17    77.810 52795.10441952 18.18 129.621214  63.157726  8.142
 17    78.115 52795.10442016 18.54 129.618574  63.154596  8.142
 17    78.555 52795.10442081 18.43 129.615934  63.151456  8.142
 17    79.458 52795.10442145 17.66 129.613294  63.148326  8.142
 17    79.443 52795.10442210 17.90 129.610664  63.145196  8.142
 17    79.170 52795.10442274 17.79 129.608024  63.142056  8.142
 17    78.917 52795.10442339 19.10 129.605384  63.138926  8.142
 17    78.830 52795.10442403 24.02 129.602754  63.135796  8.142
 17    79.157 52795.10442468 25.59 129.600114  63.132656  8.142
 17    79.392 52795.10442532 26.59 129.597484  63.129526  8.142
 17    79.281 52795.10442597 27.13 129.594844  63.126386  8.142
 18    76.231 52830.10446652 49.15 129.704338  63.253968 40.857
 18    76.105 52830.10446717 46.18 129.701688  63.250838 40.857
 18    76.190 52830.10447168 29.81 129.683116  63.228913 27.921
 18    76.320 52830.10447233 41.40 129.680466  63.225773 27.921
 18    76.432 52830.10447297 42.57 129.677816  63.222643 27.921
 18    77.171 52830.10448135 52.40 129.643413  63.181921 40.574
 18    77.199 52830.10448200 51.64 129.640773  63.178781 40.574
 18    77.336 52830.10448651 46.89 129.622293  63.156851 40.574
 18    77.467 52830.10448715 44.08 129.619653  63.153721 40.574
 18    77.476 52830.10448780 40.82 129.617013  63.150581 40.574
 18    77.451 52830.10448844 46.81 129.614373  63.147451 40.574
 18    77.473 52830.10448909 46.56 129.611743  63.144321 40.574
 18    77.494 52830.10448973 45.21 129.609103  63.141181 40.574
 18    77.514 52830.10449038 43.85 129.606463  63.138051 40.574
 18    77.529 52830.10449102 37.63 129.603833  63.134921 40.574
 18    77.488 52830.10449167 32.21 129.601193  63.131781 40.574
 18    77.469 52830.10449231 31.52 129.598563  63.128651 40.574
 18    77.671 52830.10449295 36.16 129.595933  63.125511 40.574
 19    75.958 52865.10451042 39.04 129.701804  63.256056 27.919
 19    75.915 52865.10451622 22.60 129.677942  63.227869 20.320
 19    75.878 52865.10451686 23.66 129.675292  63.224729 20.320
 19    79.012 52865.10452524 19.43 129.640892  63.184009 20.320
 19    78.638 52865.10452589 19.28 129.638249  63.180874 13.041
 19    76.262 52865.10452653 18.39 129.635609  63.177734 13.041
 19    77.137 52865.10453169 26.36 129.614499  63.152674 13.041
 19    76.900 52865.10453234 19.40 129.611859  63.149534 13.041
 19    76.723 52865.10453298 16.85 129.609219  63.146404 13.041
 19    76.916 52865.10453362 16.05 129.606589  63.143274 13.041
 19    77.076 52865.10453427 16.14 129.603949  63.140134 13.041
 19    77.368 52865.10453491 18.34 129.601319  63.137004 13.041
 19    77.881 52865.10453556 21.21 129.598679  63.133864 13.041
 19    78.437 52865.10453620 22.26 129.596049  63.130734 13.041
 20    74.497 52900.10453816 34.09 129.689036  63.264733 30.203
 20    74.855 52900.10454073 28.74 129.678416  63.252213 30.203
 20    74.677 52900.10454138 28.67 129.675766  63.249073 30.203
 20    74.583 52900.10454202 28.90 129.673112  63.245942 26.565
 20    74.941 52900.10454267 36.26 129.670462  63.242812 26.565
 20    74.981 52900.10454331 35.07 129.667812  63.239682 26.565
 20    74.986 52900.10454396 37.76 129.665162  63.236542 26.565
 20    75.437 52900.10454911 38.64 129.643982  63.211482 26.565
 20    75.364 52900.10454976 38.75 129.641342  63.208352 26.565
 20    75.415 52900.10455040 41.52 129.638692  63.205222 26.565
 20    75.487 52900.10455105 45.65 129.636052  63.202082 26.565
 20    75.539 52900.10455169 51.89 129.633402  63.198952 26.565
 20    75.483 52900.10455234 51.82 129.630762  63.195822 26.565
 20    75.450 52900.10455298 49.81 129.628122  63.192682 26.565
 20    75.544 52900.10455363 50.36 129.625472  63.189552 26.565
 20    75.972 52900.10455943 45.11 129.601718  63.161345 27.050
 20    75.958 52900.10456007 44.03 129.599088  63.158215 27.050
 20    75.974 52900.10456072 45.30 129.596448  63.155085 27.050
 20    76.019 52900.10456136 43.16 129.593808  63.151945 27.050
 21    73.734 52935.10448035 50.50 129.683921  63.268809 25.245
 21    73.837 52935.10448100 48.17 129.681271  63.265679 25.245
 21    73.824 52935.10448164 49.36 129.678621  63.262539 25.245
 21    73.910 52935.10448229 45.82 129.675961  63.259409 25.245
 21    73.923 52935.10448293 47.65 129.673311  63.256279 25.245
 21    73.906 52935.10448358 50.75 129.670661  63.253149 25.245
 21    74.007 52935.10448422 50.99 129.668011  63.250009 25.245
 21    73.836 52935.10448487 46.07 129.665361  63.246879 25.245
 21    74.006 52935.10448551 47.58 129.662706  63.243745 39.888
 21    73.931 52935.10448616 48.55 129.660056  63.240615 39.888
 21    74.115 52935.10448680 45.37 129.657406  63.237485 39.888
 21    74.180 52935.10448874 37.55 129.649466  63.228085 39.888
 21    74.294 52935.10448938 42.79 129.646816  63.224955 39.888
 21    74.324 52935.10449003 51.66 129.644166  63.221815 39.888
 21    74.314 52935.10449067 50.90 129.641526  63.218685 39.888
 21    74.292 52935.10449131 49.82 129.638876  63.215555 39.888
 21    74.245 52935.10449196 46.80 129.636236  63.212415 39.888
 21    74.294 52935.10449260 43.25 129.633586  63.209285 39.888
 21    74.425 52935.10449325 45.10 129.630946  63.206155 39.888
 21    74.539 52935.10449389 50.48 129.628306  63.203015 39.888
 21    74.597 52935.10449454 46.48 129.625656  63.199885 39.888
 21    74.509 52935.10449518 43.57 129.623016  63.196755 39.888
 21    74.732 52935.10449970 47.61 129.604539  63.174814 25.774
 21    74.842 52935.10450034 48.51 129.601899  63.171684 25.774
 21    74.863 52935.10450098 46.90 129.599259  63.168554 25.774
 21    74.860 52935.10450163 48.72 129.596619  63.165414 25.774
 21    74.876 52935.10450227 47.19 129.593989  63.162284 25.774
 21    74.929 52935.10450292 48.68 129.591349  63.159154 25.774
 22    73.675 52970.10450036 24.71 129.696091  63.258592  9.549
 22    73.542 52970.10450359 26.17 129.682821  63.242922  9.549
 22    73.645 52970.10450423 26.35 129.680171  63.239792  9.549
 22    73.600 52970.10450488 29.15 129.677521  63.236662  9.549
 22    73.723 52970.10450552 30.34 129.674871  63.233532  9.549
 22    73.713 52970.10450617 28.91 129.672221  63.230392  9.549
 22    74.073 52970.10451455 26.58 129.637814  63.189668  9.368
 22    74.054 52970.10451519 26.72 129.635164  63.186538  9.368
 22    74.172 52970.10452164 28.96 129.608764  63.155208  9.368
 22    74.304 52970.10452228 29.62 129.606124  63.152068  9.368
 22    74.327 52970.10452293 30.83 129.603486  63.148937  9.009
 22    74.203 52970.10452357 33.23 129.600856  63.145807  9.009
 22    74.409 52970.10452422 32.32 129.598216  63.142667  9.009
 23    76.018 53005.10451614 21.69 129.688591  63.265863  4.986
 23    73.486 53005.10451872 22.18 129.677971  63.253343  4.986
 23    73.516 53005.10451937 22.64 129.675325  63.250206  6.705
 23    73.638 53005.10452001 22.59 129.672665  63.247076  6.705
 23    73.542 53005.10452066 23.48 129.670015  63.243946  6.705
 23    73.533 53005.10452130 22.15 129.667365  63.240806  6.705
 23    73.691 53005.10452195 22.50 129.664715  63.237676  6.705
 23    73.887 53005.10452710 22.01 129.643525  63.212616  6.705
 23    73.997 53005.10452775 22.17 129.640885  63.209486  6.705
 23    74.099 53005.10452839 24.47 129.638235  63.206346  6.705
 23    74.188 53005.10452904 25.11 129.635595  63.203216  6.705
 23    74.228 53005.10452968 26.04 129.632945  63.200086  6.705
 23    74.212 53005.10453033 25.89 129.630305  63.196946  6.705
 23    74.199 53005.10453097 25.27 129.627665  63.193816  6.705
 23    74.220 53005.10453162 23.82 129.625015  63.190686  6.705
 23    74.532 53005.10453742 27.42 129.601258  63.162482  7.844
 23    74.616 53005.10453806 25.01 129.598618  63.159352  7.844
 23    74.707 53005.10453871 26.57 129.595978  63.156212  7.844
 23    74.623 53005.10453935 24.07 129.593348  63.153082  7.844
 24    73.924 53040.10446704 17.70 129.700988  63.257615  4.246
 24    73.848 53040.10446769 18.02 129.698328  63.254485  4.246
 24    73.449 53040.10447284 23.25 129.677106  63.229424  6.045
 24    73.411 53040.10447349 22.19 129.674456  63.226294  6.045
 24    74.162 53040.10448187 22.83 129.640033  63.185575  8.011
 24    74.166 53040.10448251 23.25 129.637393  63.182435  8.011
 24    74.245 53040.10448896 23.21 129.610983  63.151105  8.011
 24    74.249 53040.10448961 24.22 129.608343  63.147975  8.011
 24    74.256 53040.10449025 25.53 129.605713  63.144835  8.011
 24    74.304 53040.10449089 27.90 129.603073  63.141705  8.011
 24    74.255 53040.10449154 27.72 129.600433  63.138575  8.011
 24    74.250 53040.10449218 26.96 129.597803  63.135435  8.011
 24    74.111 53040.10449283 24.95 129.595163  63.132305  8.011
 25    73.116 53075.10449757 17.54 129.690326  63.266869  4.308
 25    73.327 53075.10449821 17.23 129.687676  63.263739  4.308
 25    73.319 53075.10450079 17.34 129.677062  63.251213  5.417
 25    73.476 53075.10450143 17.43 129.674412  63.248073  5.417
 25    73.302 53075.10450208 17.54 129.671752  63.244943  5.417
 25    73.254 53075.10450272 18.32 129.669102  63.241813  5.417
 25    73.233 53075.10450337 19.48 129.666452  63.238683  5.417
 25    73.192 53075.10450401 19.93 129.663802  63.235543  5.417
 25    73.384 53075.10450853 18.09 129.645272  63.213623  5.417
 25    73.657 53075.10450917 18.03 129.642622  63.210483  5.417
 25    73.803 53075.10450982 18.46 129.639972  63.207353  5.417
 25    73.943 53075.10451046 18.59 129.637332  63.204223  5.417
 25    73.804 53075.10451110 19.77 129.634692  63.201083  5.417
 25    73.784 53075.10451175 20.28 129.632042  63.197953  5.417
 25    73.864 53075.10451239 20.35 129.629402  63.194823  5.417
 25    73.954 53075.10451304 19.89 129.626758  63.191689  6.390
 25    74.033 53075.10451884 20.98 129.602998  63.163489  6.390
 25    74.055 53075.10451949 22.27 129.600358  63.160349  6.390
 25    74.125 53075.10452013 21.36 129.597718  63.157219  6.390
 25    74.167 53075.10452077 19.95 129.595088  63.154089  6.390
 26    78.137 53110.10446871 13.52 129.697074  63.258848  4.312
 26    73.346 53110.10447193 16.19 129.683794  63.243178  4.312
 26    74.289 53110.10447258 15.96 129.681144  63.240048  4.312
 26    73.648 53110.10447322 16.21 129.678494  63.236918  4.312
 26    73.426 53110.10447387 17.04 129.675844  63.233788  4.312
 26    73.586 53110.10447451 16.78 129.673194  63.230658  4.312
 26    73.265 53110.10447516 17.00 129.670534  63.227518  4.312
 26    73.815 53110.10448289 18.29 129.638771  63.189931  6.290
 26    73.837 53110.10448354 18.34 129.636121  63.186791  6.290
 26    73.757 53110.10448418 18.31 129.633481  63.183661  6.290
 26    73.763 53110.10448998 20.29 129.609711  63.155461  6.290
 26    74.006 53110.10449063 19.47 129.607071  63.152331  6.290
 26    73.987 53110.10449127 19.00 129.604441  63.149201  6.290
 26    73.917 53110.10449192 20.73 129.601801  63.146061  6.290
 26    73.880 53110.10449256 21.85 129.599161  63.142931  6.290
 26    73.809 53110.10449321 21.60 129.596531  63.139801  6.290
 27    74.647 53145.10451014 33.82 129.693775  63.260332 32.963
 27    74.693 53145.10451078 35.93 129.691125  63.257192 32.963
 27    74.810 53145.10451271 33.35 129.683160  63.247796 21.321
 27    74.817 53145.10451336 29.64 129.680510  63.244666 21.321
 27    74.813 53145.10451400 29.39 129.677860  63.241536 21.321
 27    74.702 53145.10451465 29.00 129.675210  63.238406 21.321
 27    74.760 53145.10451529 28.67 129.672550  63.235266 21.321
 27    74.897 53145.10451594 30.51 129.669900  63.232136 21.321
 27    75.372 53145.10452367 31.18 129.638140  63.194546 21.321
 27    75.439 53145.10452432 34.02 129.635493  63.191414 33.312
 27    75.454 53145.10452496 31.01 129.632853  63.188274 33.312
 27    75.519 53145.10452561 36.57 129.630203  63.185144 33.312
 27    75.875 53145.10453141 41.03 129.606443  63.156944 33.312
 27    75.844 53145.10453205 37.09 129.603813  63.153814 33.312
 27    75.788 53145.10453270 31.24 129.601173  63.150674 33.312
 27    75.781 53145.10453334 31.70 129.598533  63.147544 33.312
 28    78.858 53180.10452244 25.27 129.695228  63.260258 41.360
 28    79.139 53180.10452308 24.97 129.692578  63.257128 41.360
 28    79.698 53180.10452566 24.91 129.681967  63.244599 15.198
 28    79.397 53180.10452631 24.34 129.679317  63.241469 15.198
 28    79.291 53180.10452695 25.14 129.676667  63.238329 15.198
 28    79.094 53180.10452759 22.99 129.674017  63.235199 15.198
 28    79.158 53180.10452824 21.32 129.671367  63.232069 15.198
 28    80.370 53180.10453662 34.35 129.636957  63.191339 15.198
 28    80.050 53180.10453726 32.32 129.634317  63.188209 15.198
 28    80.311 53180.10453791 30.79 129.631677  63.185079 15.198
 28    79.958 53180.10454371 21.87 129.607914  63.156873 30.434
 28    80.357 53180.10454436 21.34 129.605284  63.153743 30.434
 28    80.678 53180.10454500 24.30 129.602644  63.150603 30.434
 28    80.750 53180.10454565 25.22 129.600014  63.147473 30.434
 28    80.701 53180.10454629 26.35 129.597374  63.144343 30.434
 29    74.860 53215.10454430 20.20 129.691287  63.262178 33.146
 29    75.205 53215.10454687 24.49 129.680677  63.249648 33.146
 29    74.962 53215.10454752 20.96 129.678020  63.246519 21.282
 29    74.705 53215.10454816 20.06 129.675370  63.243389 21.282
 29    75.087 53215.10454881 19.10 129.672720  63.240259 21.282
 29    75.183 53215.10454945 22.92 129.670070  63.237119 21.282
 29    75.617 53215.10455010 28.19 129.667420  63.233989 21.282
 29    76.404 53215.10455654 23.79 129.640940  63.202659 21.282
 29    76.576 53215.10455719 22.75 129.638300  63.199529 21.282
 29    76.415 53215.10455783 19.92 129.635650  63.196399 21.282
 29    77.133 53215.10455848 18.89 129.633010  63.193259 21.282
 29    76.943 53215.10455912 20.33 129.630370  63.190129 21.282
 29    76.930 53215.10455977 28.86 129.627730  63.186999 21.282
 29    76.216 53215.10456557 23.56 129.603962  63.158794 27.759
 29    79.721 53215.10456621 18.64 129.601332  63.155664 27.759
 29    80.143 53215.10456686 17.76 129.598692  63.152524 27.759
 29    80.332 53215.10456750 21.81 129.596062  63.149394 27.759
 30    74.690 53250.10451537 20.00 129.683337  63.263332 35.585
 30    74.630 53250.10451602 22.64 129.680687  63.260202 35.585
 30    74.663 53250.10451666 24.96 129.678037  63.257062 35.585
 30    74.774 53250.10451730 24.03 129.675382  63.253932 15.202
 30    74.550 53250.10451795 23.96 129.672732  63.250802 15.202
 30    74.484 53250.10451859 21.32 129.670082  63.247672 15.202
 30    74.537 53250.10451924 20.51 129.667432  63.244532 15.202
 30    74.767 53250.10451988 22.31 129.664782  63.241402 15.202
 30    74.830 53250.10452053 31.25 129.662132  63.238272 15.202
 30    75.469 53250.10452504 22.54 129.643592  63.216342 15.202
 30    75.278 53250.10452569 26.89 129.640952  63.213212 15.202
 30    75.260 53250.10452633 29.60 129.638302  63.210072 15.202
 30    75.001 53250.10452697 31.06 129.635662  63.206942 15.202
 30    75.011 53250.10452762 28.86 129.633022  63.203812 15.202
 30    75.182 53250.10452826 25.38 129.630372  63.200672 15.202
 30    75.201 53250.10452891 26.09 129.627732  63.197542 15.202
 30    75.597 53250.10452955 23.62 129.625092  63.194412 15.202
 30    75.528 53250.10453407 29.67 129.606607  63.172475 21.962
 30    75.366 53250.10453536 25.56 129.601327  63.166205 21.962
 30    75.459 53250.10453600 23.89 129.598697  63.163075 21.962
 30    78.353 53250.10453664 21.78 129.596057  63.159935 21.962
 30    80.182 53250.10453729 19.83 129.593427  63.156805 21.962
 31    75.408 53285.10451262 33.96 129.695304  63.257785 32.907
 31    75.223 53285.10451585 23.55 129.682030  63.242123 16.757
 31    75.327 53285.10451649 25.79 129.679380  63.238993 16.757
 31    75.456 53285.10451714 25.43 129.676730  63.235853 16.757
 31    75.578 53285.10451778 25.36 129.674080  63.232723 16.757
 31    75.658 53285.10451843 24.26 129.671430  63.229593 16.757
 31    76.429 53285.10452681 49.13 129.637016  63.188865 27.589
 31    76.414 53285.10452745 40.66 129.634366  63.185735 27.589
 31    76.726 53285.10453390 35.94 129.607956  63.154405 27.589
 31    76.919 53285.10453454 45.87 129.605326  63.151265 27.589
 31    77.111 53285.10453519 50.00 129.602686  63.148135 27.589
 31    76.808 53285.10453583 44.07 129.600046  63.145005 27.589
 31    76.805 53285.10453648 38.90 129.597406  63.141865 27.589
 32    74.303 53320.10449688 39.96 129.698553  63.256350 13.048
 32    74.343 53320.10450204 26.23 129.677338  63.231282 11.915
 32    74.541 53320.10450268 24.84 129.674688  63.228152 11.915
 32    74.521 53320.10451107 31.32 129.640288  63.187432 11.915
 32    74.480 53320.10451171 32.55 129.637648  63.184292 11.915
 32    74.512 53320.10451235 34.40 129.635008  63.181162 11.915
 32    74.520 53320.10451816 31.31 129.611252  63.152956 23.611
 32    74.633 53320.10451880 36.20 129.608612  63.149826 23.611
 32    74.737 53320.10451945 44.77 129.605982  63.146696 23.611
 32    74.768 53320.10452009 45.05 129.603342  63.143556 23.611
 32    74.825 53320.10452074 41.08 129.600712  63.140426 23.611
 32    74.761 53320.10452138 34.45 129.598072  63.137286 23.611
 32    74.542 53320.10452202 30.10 129.595442  63.134156 23.611
 33    77.427 53355.10446370 17.12 129.692018  63.264888  4.190
 33    77.011 53355.10446435 17.19 129.689368  63.261758  4.190
 33    74.421 53355.10446692 18.04 129.678758  63.249228  4.190
 33    74.317 53355.10446757 18.13 129.676108  63.246088  4.190
 33    74.352 53355.10446821 18.50 129.673449  63.242956  4.407
 33    74.381 53355.10446886 18.00 129.670799  63.239826  4.407
 33    74.459 53355.10446950 18.63 129.668149  63.236696  4.407
 33    74.464 53355.10447015 17.73 129.665509  63.233556  4.407
 33    75.403 53355.10447530 17.12 129.644329  63.208496  4.407
 33    74.877 53355.10447595 17.57 129.641689  63.205366  4.407
 33    74.767 53355.10447659 18.45 129.639049  63.202226  4.407
 33    74.881 53355.10447724 18.73 129.636399  63.199096  4.407
 33    74.787 53355.10447788 19.53 129.633759  63.195966  4.407
 33    75.007 53355.10447853 19.48 129.631119  63.192826  4.407
 33    74.784 53355.10447917 19.78 129.628479  63.189696  4.407
 33    75.499 53355.10448497 21.28 129.604728  63.161496  6.616
 33    75.518 53355.10448562 22.07 129.602088  63.158366  6.616
 33    75.553 53355.10448626 22.45 129.599448  63.155226  6.616
 33    75.496 53355.10448691 23.84 129.596818  63.152096  6.616
 33    75.445 53355.10448755 23.54 129.594178  63.148956  6.616
 34    77.647 53390.10447196 15.54 129.699528  63.257091  3.795
 34    74.305 53390.10447777 17.96 129.675646  63.228899  4.228
 34    74.187 53390.10447841 17.96 129.672996  63.225769  4.228
 34    74.692 53390.10448615 20.90 129.641233  63.188170  7.710
 34    74.629 53390.10448679 21.30 129.638593  63.185040  7.710
 34    74.586 53390.10448744 24.37 129.635953  63.181910  7.710
 34    74.704 53390.10449324 20.44 129.612183  63.153710  7.710
 34    74.967 53390.10449388 20.99 129.609543  63.150580  7.710
 34    74.859 53390.10449453 23.98 129.606913  63.147440  7.710
 34    74.822 53390.10449517 24.22 129.604273  63.144310  7.710
 34    74.820 53390.10449582 23.08 129.601633  63.141180  7.710
 34    74.951 53390.10449646 20.63 129.599003  63.138040  7.710
 34    74.871 53390.10449711 18.40 129.596363  63.134910  7.710
 35    76.908 53425.10446934 15.10 129.693509  63.260595  3.624
 35    74.709 53425.10446998 15.24 129.690859  63.257465  3.624
 35    74.962 53425.10447192 16.04 129.682897  63.248067  4.318
 35    74.095 53425.10447256 16.88 129.680247  63.244937  4.318
 35    73.950 53425.10447321 17.33 129.677597  63.241797  4.318
 35    73.634 53425.10447385 17.16 129.674947  63.238667  4.318
 35    73.728 53425.10447450 17.15 129.672297  63.235537  4.318
 35    73.716 53425.10447514 17.70 129.669647  63.232407  4.318
 35    74.311 53425.10448288 17.92 129.637897  63.194807  4.318
 35    74.352 53425.10448352 18.52 129.635247  63.191677  4.318
 35    74.182 53425.10448417 20.72 129.632613  63.188542  7.945
 35    74.059 53425.10448481 20.35 129.629963  63.185402  7.945
 35    74.406 53425.10449061 21.18 129.606213  63.157202  7.945
 35    74.493 53425.10449126 21.32 129.603583  63.154072  7.945
 35    74.449 53425.10449190 25.63 129.600943  63.150942  7.945
 35    74.539 53425.10449255 23.55 129.598303  63.147802  7.945
 36    78.567 53460.10447563 10.38 129.703535  63.254816  3.923
 36    75.917 53460.10448079 13.44 129.682313  63.229755  3.522
 36    74.888 53460.10448143 13.93 129.679653  63.226625  3.522
 36    74.832 53460.10448208 12.95 129.677003  63.223495  3.522
 36    74.424 53460.10449046 14.34 129.642610  63.182766  4.704
 36    74.340 53460.10449110 14.59 129.639960  63.179636  4.704
 36    74.763 53460.10449175 14.90 129.637320  63.176496  4.704
 36    73.485 53460.10449562 15.35 129.621480  63.157696  4.704
 36    73.556 53460.10449626 15.37 129.618840  63.154566  4.704
 36    73.979 53460.10449691 15.46 129.616200  63.151436  4.704
 36    73.987 53460.10449755 15.85 129.613570  63.148296  4.704
 36    74.080 53460.10449820 16.47 129.610930  63.145166  4.704
 36    74.202 53460.10449884 15.30 129.608290  63.142036  4.704
 36    74.088 53460.10449949 16.36 129.605660  63.138896  4.704
 36    74.116 53460.10450013 15.17 129.603020  63.135766  4.704
 36    76.879 53460.10450077 13.04 129.600390  63.132636  4.704
 36    77.210 53460.10450142 12.41 129.597750  63.129496  4.704
 36    77.287 53460.10450206 12.00 129.595114  63.126360  4.471
 37    79.087 53495.10455874 23.87 129.691241  63.264831 28.474
 37    74.356 53495.10455939 27.47 129.688581  63.261701 28.474
 37    73.715 53495.10456197 38.15 129.677965  63.249173 24.638
 37    73.831 53495.10456261 37.65 129.675315  63.246043 24.638
 37    73.651 53495.10456326 35.58 129.672665  63.242913 24.638
 37    73.770 53495.10456390 30.59 129.670005  63.239773 24.638
 37    75.261 53495.10456454 28.28 129.667355  63.236643 24.638
 37    75.581 53495.10457035 27.32 129.643525  63.208453 24.638
 37    75.432 53495.10457099 26.36 129.640875  63.205313 24.638
 37    74.256 53495.10457164 29.81 129.638225  63.202183 24.638
 37    74.047 53495.10457228 33.11 129.635585  63.199053 24.638
 37    74.075 53495.10457293 34.64 129.632935  63.195913 24.638
 37    74.011 53495.10457357 34.76 129.630295  63.192783 24.638
 37    74.200 53495.10457421 33.02 129.627655  63.189653 24.638
 37    79.232 53495.10458002 23.48 129.603888  63.161449 19.832
 37    79.650 53495.10458066 26.40 129.601248  63.158319 19.832
 37    79.714 53495.10458131 31.22 129.598608  63.155179 19.832
 37    80.252 53495.10458195 31.69 129.595968  63.152049 19.832
 38    76.924 53530.10453434 46.50 129.696830  63.261733 34.304
 38    77.078 53530.10453498 48.21 129.694170  63.258603 34.304
 38    77.085 53530.10453756 49.76 129.683559  63.246073 39.023
 38    77.129 53530.10453821 50.14 129.680909  63.242943 39.023
 38    77.218 53530.10453885 45.78 129.678259  63.239803 39.023
 38    77.220 53530.10453950 45.23 129.675609  63.236673 39.023
 38    77.240 53530.10454014 47.11 129.672959  63.233543 39.023
 38    77.269 53530.10454079 49.42 129.670309  63.230403 39.023
 38    77.835 53530.10454852 50.96 129.638559  63.192813 39.023
 38    77.836 53530.10454917 51.19 129.635909  63.189683 39.023
 38    77.828 53530.10454981 52.51 129.633266  63.186547 27.327
 38    78.195 53530.10455626 48.89 129.606876  63.155207 27.327
 38    78.244 53530.10455690 44.86 129.604246  63.152077 27.327
 38    78.300 53530.10455755 44.27 129.601606  63.148937 27.327
 38    78.337 53530.10455819 43.14 129.598966  63.145807 27.327
 39    76.903 53565.10456350 27.74 129.686492  63.267600 19.903
 39    77.009 53565.10456414 28.97 129.683832  63.264460 19.903
 39    77.143 53565.10456479 31.18 129.681182  63.261330 19.903
 39    77.165 53565.10456543 31.38 129.678532  63.258200 19.903
 39    77.140 53565.10456608 33.84 129.675872  63.255070 19.903
 39    76.814 53565.10456672 32.28 129.673222  63.251930 19.903
 39    76.620 53565.10456737 33.46 129.670571  63.248801 29.360
 39    76.540 53565.10456801 34.41 129.667921  63.245671 29.360
 39    76.729 53565.10456866 33.22 129.665271  63.242541 29.360
 39    77.050 53565.10456930 30.66 129.662611  63.239401 29.360
 39    77.684 53565.10457252 42.71 129.649371  63.223741 29.360
 39    77.826 53565.10457381 40.59 129.644081  63.217471 29.360
 39    77.723 53565.10457446 45.31 129.641431  63.214341 29.360
 39    77.789 53565.10457510 42.99 129.638781  63.211211 29.360
 39    77.882 53565.10457575 41.01 129.636141  63.208081 29.360
 39    77.920 53565.10457639 43.99 129.633491  63.204941 29.360
 39    77.982 53565.10457704 47.68 129.630851  63.201811 29.360
 39    78.064 53565.10457768 48.58 129.628211  63.198681 29.360
 39    78.091 53565.10457833 49.14 129.625561  63.195541 29.360
 39    78.137 53565.10458284 27.48 129.607078  63.173604 15.126
 39    78.169 53565.10458477 27.39 129.599158  63.164214 15.126
 39    78.201 53565.10458542 28.10 129.596528  63.161074 15.126
 39    78.384 53565.10458606 27.59 129.593888  63.157944 15.126
 39    80.162 53565.10458671 28.34 129.591248  63.154804 15.126
 40    77.431 53600.10450607 18.93 129.691091  63.265971 31.414
 40    74.835 53600.10450672 20.62 129.688441  63.262841 31.414
 40    74.664 53600.10450930 23.58 129.677832  63.250311  9.697
 40    75.010 53600.10450994 20.36 129.675182  63.247181  9.697
 40    74.656 53600.10451058 19.46 129.672532  63.244051  9.697
 40    74.905 53600.10451123 19.41 129.669872  63.240911  9.697
 40    74.758 53600.10451187 22.43 129.667232  63.237781  9.697
 40    75.800 53600.10451252 19.89 129.664572  63.234651  9.697
 40    75.373 53600.10451768 31.98 129.643402  63.209581  9.697
 40    75.574 53600.10451832 26.65 129.640762  63.206451  9.697
 40    76.114 53600.10451897 23.35 129.638112  63.203321  9.697
 40    75.990 53600.10451961 21.89 129.635472  63.200181  9.697
 40    76.523 53600.10452025 19.58 129.632822  63.197051  9.697
 40    76.608 53600.10452090 19.07 129.630182  63.193921  9.697
 40    76.732 53600.10452154 19.36 129.627542  63.190781  9.697
 40    76.088 53600.10452735 21.44 129.603782  63.162583 21.590
 40    76.926 53600.10452799 20.19 129.601152  63.159453 21.590
 40    79.620 53600.10452864 21.34 129.598512  63.156313 21.590
 40    80.227 53600.10452928 21.21 129.595882  63.153183 21.590
 41    74.807 53635.10450392 52.73 129.696863  63.258473 36.418
 41    74.896 53635.10450714 46.06 129.683589  63.242809 26.893
 41    75.001 53635.10450778 47.22 129.680939  63.239679 26.893
 41    74.920 53635.10450843 45.77 129.678289  63.236549 26.893
 41    74.914 53635.10450907 47.85 129.675639  63.233419 26.893
 41    75.040 53635.10450972 48.37 129.672989  63.230279 26.893
 41    75.391 53635.10451810 51.78 129.638569  63.189559 26.893
 41    75.406 53635.10451874 54.57 129.635924  63.186429 40.473
 41    75.439 53635.10451939 50.13 129.633284  63.183289 40.473
 41    75.807 53635.10452519 42.43 129.609514  63.155089 40.473
 41    75.851 53635.10452584 46.82 129.606874  63.151959 40.473
 41    75.920 53635.10452648 46.75 129.604244  63.148829 40.473
 41    76.016 53635.10452712 45.32 129.601604  63.145689 40.473
 41    76.024 53635.10452777 45.74 129.598964  63.142559 40.473
 41    76.041 53635.10452841 48.07 129.596334  63.139429 40.473
 42    73.458 53670.10452463 33.42 129.691070  63.263664 10.261
 42    73.514 53670.10452527 31.96 129.688410  63.260534 10.261
 42    73.532 53670.10452721 35.12 129.680453  63.251139 20.623
 42    73.588 53670.10452785 36.14 129.677803  63.248009 20.623
 42    73.550 53670.10452850 37.06 129.675153  63.244869 20.623
 42    73.486 53670.10452914 33.06 129.672493  63.241739 20.623
 42    73.582 53670.10452979 31.63 129.669843  63.238609 20.623
 42    73.583 53670.10453043 30.38 129.667193  63.235479 20.623
 42    73.940 53670.10453623 29.51 129.643363  63.207279 20.623
 42    73.961 53670.10453688 28.93 129.640713  63.204149 20.623
 42    73.756 53670.10453752 30.24 129.638073  63.201019 20.623
 42    73.937 53670.10453817 31.10 129.635423  63.197879 20.623
 42    74.042 53670.10453881 36.19 129.632783  63.194749 20.623
 42    74.080 53670.10453946 41.23 129.630143  63.191619 20.623
 42    74.080 53670.10454010 33.75 129.627495  63.188487 29.440
 42    74.650 53670.10454590 47.25 129.603735  63.160287 29.440
 42    74.724 53670.10454655 52.04 129.601095  63.157147 29.440
 42    74.596 53670.10454719 47.39 129.598455  63.154017 29.440
 42    74.624 53670.10454784 44.11 129.595825  63.150887 29.440
 43    73.566 53705.10446093 22.18 129.692438  63.261237  6.497
 43    73.537 53705.10446157 22.07 129.689788  63.258107  6.497
 43    73.709 53705.10446351 20.07 129.681828  63.248717  6.497
 43    73.602 53705.10446415 20.75 129.679178  63.245577  6.497
 43    73.583 53705.10446480 21.26 129.676533  63.242446 12.282
 43    73.663 53705.10446544 22.26 129.673883  63.239316 12.282
 43    73.687 53705.10446609 21.84 129.671233  63.236186 12.282
 43    73.638 53705.10446673 21.89 129.668583  63.233046 12.282
 43    73.876 53705.10447447 26.42 129.636833  63.195456 12.282
 43    73.919 53705.10447511 31.72 129.634183  63.192326 12.282
 43    73.995 53705.10447576 30.95 129.631543  63.189186 12.282
 43    73.770 53705.10447640 26.96 129.628903  63.186056 12.282
 43    74.401 53705.10448220 25.78 129.605155  63.157848 12.092
 43    74.476 53705.10448285 26.55 129.602515  63.154718 12.092
 43    74.286 53705.10448349 28.88 129.599885  63.151588 12.092
 43    74.281 53705.10448414 33.63 129.597245  63.148448 12.092
 44    73.683 53740.10437100 23.17 129.684388  63.268557  5.619
 44    73.756 53740.10437165 21.70 129.681738  63.265417  5.619
 44    73.706 53740.10437229 23.20 129.679088  63.262287  5.619
 44    73.877 53740.10437294 23.09 129.676428  63.259157  5.619
 44    73.828 53740.10437358 21.52 129.673778  63.256027  5.619
 44    73.857 53740.10437423 20.41 129.671128  63.252887  5.619
 44    73.693 53740.10437487 20.58 129.668478  63.249757  5.619
 44    73.638 53740.10437552 20.23 129.665832  63.246622  8.677
 44    73.847 53740.10437616 20.35 129.663182  63.243492  8.677
 44    74.044 53740.10437681 19.77 129.660532  63.240362  8.677
 44    73.811 53740.10437938 22.72 129.649942  63.227832  8.677
 44    73.857 53740.10438003 23.62 129.647292  63.224692  8.677
 44    73.949 53740.10438067 25.01 129.644652  63.221562  8.677
 44    73.982 53740.10438132 25.73 129.642002  63.218432  8.677
 44    73.932 53740.10438196 26.38 129.639362  63.215292  8.677
 44    73.968 53740.10438261 26.99 129.636712  63.212162  8.677
 44    74.149 53740.10438325 26.51 129.634072  63.209032  8.677
 44    74.247 53740.10438390 24.47 129.631432  63.205892  8.677
 44    74.079 53740.10438454 23.81 129.628782  63.202762  8.677
 44    74.133 53740.10438519 23.46 129.626142  63.199632  8.677
 44    74.167 53740.10438583 23.56 129.623502  63.196492  8.677
 44    74.490 53740.10439034 25.36 129.605025  63.174560 11.807
 44    74.562 53740.10439099 27.90 129.602385  63.171430 11.807
 44    74.463 53740.10439163 28.77 129.599755  63.168290 11.807
 44    74.535 53740.10439228 29.47 129.597115  63.165160 11.807
 44    74.616 53740.10439292 30.77 129.594485  63.162030 11.807
 44    74.663 53740.10439357 32.33 129.591845  63.158890 11.807
 45    73.843 53775.10439306 18.08 129.698696  63.257011  4.382
 45    74.599 53775.10439693 18.75 129.682776  63.238211  4.382
 45    73.597 53775.10439822 19.34 129.677477  63.231952  5.772
 45    73.505 53775.10439887 19.85 129.674827  63.228822  5.772
 45    73.905 53775.10440725 22.30 129.640427  63.188092  5.772
 45    73.853 53775.10440789 26.42 129.637777  63.184962  5.772
 45    73.916 53775.10440854 24.83 129.635137  63.181822  5.772
 45    74.283 53775.10441434 22.07 129.611386  63.153625  8.207
 45    74.428 53775.10441498 22.37 129.608746  63.150495  8.207
 45    74.099 53775.10441563 24.12 129.606106  63.147355  8.207
 45    74.101 53775.10441627 31.84 129.603476  63.144225  8.207
 45    74.098 53775.10441692 31.76 129.600836  63.141085  8.207
 45    74.116 53775.10441756 24.10 129.598206  63.137955  8.207
 45    74.030 53775.10441821 21.59 129.595566  63.134825  8.207
 46    72.941 53810.10437370 19.78 129.687941  63.268085  5.046
 46    73.191 53810.10437499 19.71 129.682631  63.261815  5.046
 46    73.127 53810.10437564 19.41 129.679981  63.258685  5.046
 46    73.268 53810.10437628 19.98 129.677331  63.255555  5.046
 46    73.126 53810.10437692 19.20 129.674671  63.252415  5.046
 46    73.191 53810.10437757 19.39 129.672021  63.249285  5.046
 46    73.284 53810.10437821 18.77 129.669371  63.246155  5.046
 46    73.105 53810.10437886 19.17 129.666721  63.243015  5.046
 46    73.114 53810.10437950 19.23 129.664071  63.239885  5.046
 46    73.037 53810.10438273 20.96 129.650833  63.224227  7.803
 46    73.149 53810.10438402 21.56 129.645543  63.217957  7.803
 46    73.148 53810.10438466 23.68 129.642893  63.214827  7.803
 46    73.195 53810.10438531 23.05 129.640253  63.211687  7.803
 46    73.501 53810.10438595 21.61 129.637603  63.208557  7.803
 46    73.607 53810.10438659 21.92 129.634963  63.205427  7.803
 46    73.774 53810.10438724 20.16 129.632323  63.202287  7.803
 46    73.323 53810.10438788 21.20 129.629673  63.199157  7.803
 46    73.393 53810.10438853 25.97 129.627033  63.196027  7.803
 46    73.536 53810.10438917 22.07 129.624393  63.192887  7.803
 46    73.722 53810.10439369 19.92 129.605922  63.170953  7.604
 46    73.813 53810.10439498 22.59 129.600642  63.164683  7.604
 46    73.742 53810.10439562 26.23 129.598002  63.161553  7.604
 46    73.932 53810.10439626 27.29 129.595372  63.158423  7.604
 46    73.770 53810.10439691 27.62 129.592732  63.155283  7.604
 47    73.958 53845.10441898 10.72 129.695296  63.257792  3.426
 47    76.295 53845.10442220  9.83 129.682026  63.242122  3.426
 47    75.467 53845.10442285 10.76 129.679372  63.238994  4.639
 47    76.120 53845.10442349 10.45 129.676722  63.235864  4.639
 47    76.468 53845.10442413 10.27 129.674072  63.232734  4.639
 47    76.604 53845.10442478 10.22 129.671422  63.229594  4.639
 47    73.545 53845.10443316 16.41 129.637012  63.188874  4.639
 47    73.643 53845.10443380 14.82 129.634362  63.185734  4.639
 47    76.716 53845.10444025 11.65 129.607957  63.154400  5.417
 47    73.803 53845.10444090 12.66 129.605327  63.151270  5.417
 47    73.809 53845.10444154 14.14 129.602687  63.148140  5.417
 47    73.763 53845.10444219 17.00 129.600047  63.145000  5.417
 47    73.756 53845.10444283 15.91 129.597417  63.141870  5.417
 48    78.907 53880.10444684 51.11 129.697209  63.255917 44.184
 48    79.063 53880.10445006 49.04 129.683938  63.240260 44.128
 48    79.109 53880.10445199 52.33 129.675988  63.230860 44.128
 48    79.207 53880.10445264 51.20 129.673338  63.227730 44.128
 48    79.769 53880.10446102 50.82 129.638938  63.187000 44.128
 48    79.774 53880.10446166 50.63 129.636296  63.183866 42.939
 48    80.137 53880.10446811 48.53 129.609896  63.152526 42.939
 48    80.169 53880.10446875 47.93 129.607256  63.149396 42.939
 48    80.218 53880.10446940 48.47 129.604626  63.146266 42.939
 48    80.296 53880.10447004 49.95 129.601986  63.143126 42.939
 48    80.366 53880.10447069 50.82 129.599356  63.139996 42.939
 48    80.394 53880.10447133 50.56 129.596716  63.136866 42.939
 49    78.763 53915.10450222 39.80 129.690032  63.265855 38.756
 49    78.841 53915.10450480 37.07 129.679412  63.253325 38.756
 49    78.826 53915.10450545 36.75 129.676762  63.250195 38.756
 49    79.036 53915.10450609 39.02 129.674102  63.247065 38.756
 49    79.123 53915.10450674 44.00 129.671452  63.243935 38.756
 49    79.132 53915.10450738 40.59 129.668802  63.240795 38.756
 49    79.069 53915.10450803 36.85 129.666152  63.237663 25.914
 49    79.274 53915.10451318 42.75 129.644962  63.212603 25.914
 49    79.333 53915.10451383 47.99 129.642312  63.209473 25.914
 49    79.422 53915.10451447 48.43 129.639672  63.206333 25.914
 49    79.516 53915.10451512 46.18 129.637022  63.203203 25.914
 49    79.595 53915.10451576 42.02 129.634382  63.200073 25.914
 49    79.556 53915.10451641 40.77 129.631732  63.196943 25.914
 49    79.681 53915.10451705 41.84 129.629092  63.193803 25.914
 49    79.742 53915.10451770 49.52 129.626452  63.190673 25.914
 49    79.934 53915.10452350 31.86 129.602679  63.162474 25.745
 49    79.954 53915.10452414 30.73 129.600049  63.159334 25.745
 49    80.046 53915.10452479 29.72 129.597409  63.156204 25.745
 49    80.476 53915.10452543 29.91 129.594769  63.153074 25.745
 50    74.276 53950.10451130 39.95 129.686482  63.268281 26.767
 50    74.386 53950.10451195 45.66 129.683822  63.265141 26.767
 50    74.228 53950.10451259 48.15 129.681172  63.262011 26.767
 50    74.374 53950.10451324 42.82 129.678512  63.258881 26.767
 50    74.303 53950.10451388 39.82 129.675862  63.255751 26.767
 50    74.441 53950.10451453 39.89 129.673212  63.252621 26.767
 50    74.391 53950.10451517 41.29 129.670562  63.249481 26.767
 50    74.363 53950.10451582 40.72 129.667902  63.246351 26.767
 50    74.469 53950.10451646 40.86 129.665252  63.243221 26.767
 50    74.598 53950.10451711 46.01 129.662602  63.240091 26.767
 50    74.742 53950.10452033 47.31 129.649355  63.224418 36.923
 50    74.830 53950.10452162 50.41 129.644065  63.218158 36.923
 50    74.720 53950.10452226 49.23 129.641415  63.215018 36.923
 50    74.762 53950.10452291 51.16 129.638765  63.211888 36.923
 50    74.802 53950.10452355 48.27 129.636125  63.208758 36.923
 50    74.877 53950.10452420 52.86 129.633475  63.205628 36.923
 50    74.964 53950.10452484 50.50 129.630835  63.202488 36.923
 50    75.026 53950.10452549 52.52 129.628185  63.199358 36.923
 50    75.033 53950.10452613 51.33 129.625545  63.196228 36.923
 50    75.402 53950.10453064 44.55 129.607055  63.174288 36.923
 50    75.516 53950.10453129 46.91 129.604416  63.171157 25.068
 50    75.644 53950.10453258 46.45 129.599136  63.164887 25.068
 50    75.614 53950.10453322 46.04 129.596496  63.161757 25.068
 50    75.569 53950.10453387 44.68 129.593866  63.158627 25.068
 50    75.578 53950.10453451 46.24 129.591226  63.155487 25.068
 51    78.651 53985.10444869 19.12 129.688625  63.268223 23.699
 51    76.408 53985.10445063 30.55 129.680665  63.258823 23.699
 51    76.501 53985.10445127 30.16 129.678015  63.255693 23.699
 51    76.332 53985.10445192 26.64 129.675355  63.252563 23.699
 51    76.142 53985.10445256 25.48 129.672705  63.249423 23.699
 51    76.152 53985.10445321 22.46 129.670055  63.246293 23.699
 51    76.111 53985.10445385 21.92 129.667405  63.243163 23.699
 51    76.250 53985.10445450 21.31 129.664755  63.240033 23.699
 51    76.906 53985.10445965 24.98 129.643576  63.214967 17.598
 51    76.897 53985.10446030 25.34 129.640926  63.211837 17.598
 51    76.804 53985.10446094 26.05 129.638286  63.208697 17.598
 51    76.713 53985.10446159 26.11 129.635646  63.205567 17.598
 51    76.832 53985.10446223 26.13 129.632996  63.202437 17.598
 51    76.905 53985.10446288 29.11 129.630356  63.199297 17.598
 51    77.058 53985.10446352 30.92 129.627716  63.196167 17.598
 51    77.166 53985.10446417 34.34 129.625066  63.193037 17.598
 51    77.226 53985.10446868 27.64 129.606586  63.171097 17.598
 51    77.980 53985.10446997 23.97 129.601316  63.164834 20.489
 51    78.451 53985.10447061 23.99 129.598676  63.161694 20.489
 51    79.379 53985.10447126 23.72 129.596036  63.158564 20.489
 51    80.289 53985.10447190 23.77 129.593406  63.155434 20.489
 52    75.362 54020.10448751 53.76 129.699017  63.256737 21.880
 52    75.339 54020.10449267 46.01 129.677795  63.231679 28.132
 52    75.324 54020.10449331 46.56 129.675145  63.228549 28.132
 52    75.982 54020.10450169 51.16 129.640735  63.187819 28.132
 52    75.934 54020.10450234 55.62 129.638095  63.184689 28.132
 52    75.969 54020.10450298 52.29 129.635455  63.181549 28.132
 52    76.549 54020.10450878 42.58 129.611692  63.153353 32.706
 52    76.616 54020.10450943 47.71 129.609052  63.150223 32.706
 52    76.523 54020.10451007 48.56 129.606412  63.147083 32.706
 52    76.462 54020.10451072 48.09 129.603782  63.143953 32.706
 52    76.488 54020.10451136 47.98 129.601142  63.140813 32.706
 52    76.530 54020.10451201 50.87 129.598512  63.137683 32.706
 52    76.593 54020.10451265 49.60 129.595872  63.134553 32.706
 53    78.212 54055.10447895 17.14 129.699311  63.255994  5.857
 53    74.294 54055.10448411 19.56 129.678100  63.230936  6.747
 53    74.142 54055.10448475 19.64 129.675450  63.227796  6.747
 53    74.489 54055.10449313 18.42 129.641050  63.187076  6.747
 53    74.598 54055.10449378 19.43 129.638410  63.183936  6.747
 53    74.793 54055.10449442 21.73 129.635770  63.180806  6.747
 53    74.785 54055.10450022 24.88 129.612017  63.152610 10.680
 53    74.978 54055.10450087 25.44 129.609377  63.149470 10.680
 53    75.078 54055.10450151 26.73 129.606747  63.146340 10.680
 53    75.186 54055.10450216 30.21 129.604107  63.143200 10.680
 53    75.157 54055.10450280 29.95 129.601477  63.140070 10.680
 53    75.059 54055.10450345 25.54 129.598837  63.136940 10.680
 53    75.092 54055.10450409 24.13 129.596207  63.133800 10.680
 54    77.620 54090.10446524 17.63 129.691277  63.266956  4.958
 54    77.419 54090.10446588 17.23 129.688617  63.263816  4.958
 54    74.391 54090.10446846 18.18 129.678007  63.251286  4.958
 54    74.469 54090.10446910 17.60 129.675357  63.248156  4.958
 54    74.325 54090.10446975 18.00 129.672707  63.245026  4.958
 54    74.535 54090.10447039 17.42 129.670057  63.241896  4.958
 54    74.429 54090.10447104 17.60 129.667407  63.238756  4.958
 54    74.237 54090.10447168 18.00 129.664757  63.235626  4.958
 54    74.500 54090.10447684 18.73 129.643578  63.210561  5.504
 54    74.597 54090.10447749 19.45 129.640938  63.207431  5.504
 54    74.633 54090.10447813 19.53 129.638288  63.204301  5.504
 54    74.605 54090.10447878 19.63 129.635648  63.201161  5.504
 54    74.698 54090.10447942 18.17 129.632998  63.198031  5.504
 54    74.675 54090.10448006 18.36 129.630358  63.194901  5.504
 54    74.705 54090.10448071 18.51 129.627718  63.191761  5.504
 54    74.526 54090.10448135 18.96 129.625078  63.188631  5.504
 54    75.280 54090.10448716 22.59 129.601326  63.160430  5.350
 54    75.736 54090.10448780 21.33 129.598686  63.157300  5.350
 54    75.433 54090.10448845 20.71 129.596056  63.154160  5.350
 54    75.462 54090.10448909 20.41 129.593416  63.151030  5.350
 55    78.727 54125.10439389 13.62 129.702558  63.256211  3.527
 55    77.735 54125.10439454 14.15 129.699908  63.253081  3.527
 55    75.082 54125.10439969 15.83 129.678678  63.228021  3.527
 55    76.156 54125.10440034 15.72 129.676028  63.224891  3.527
 55    74.433 54125.10440872 16.58 129.641623  63.184165  4.757
 55    74.413 54125.10440936 17.19 129.638983  63.181035  4.757
 55    74.461 54125.10441001 17.72 129.636333  63.177895  4.757
 55    74.764 54125.10441452 18.61 129.617853  63.155965  4.757
 55    74.553 54125.10441517 19.97 129.615213  63.152835  4.757
 55    74.746 54125.10441581 19.53 129.612573  63.149695  4.757
 55    74.991 54125.10441646 19.31 129.609943  63.146565  4.757
 55    75.143 54125.10441710 19.38 129.607303  63.143435  4.757
 55    74.798 54125.10441775 20.69 129.604663  63.140295  4.757
 55    74.766 54125.10441839 21.04 129.602025  63.137161  5.295
 55    74.865 54125.10441903 19.68 129.599395  63.134031  5.295
 55    74.875 54125.10441968 20.06 129.596765  63.130901  5.295
 55    75.739 54125.10442032 18.77 129.594125  63.127761  5.295
 57    78.307 54195.10439595 11.97 129.698846  63.255133  4.299
 57    76.244 54195.10440111 15.01 129.677626  63.230075  3.752
 57    76.651 54195.10440176 14.16 129.674976  63.226945  3.752
 57    74.485 54195.10441014 14.46 129.640566  63.186215  3.752
 57    74.316 54195.10441078 15.23 129.637926  63.183085  3.752
 57    74.578 54195.10441143 14.95 129.635276  63.179955  3.752
 57    74.005 54195.10441723 18.25 129.611525  63.151750  5.961
 57    74.039 54195.10441787 17.92 129.608885  63.148620  5.961
 57    73.998 54195.10441852 18.88 129.606245  63.145480  5.961
 57    73.928 54195.10441916 19.37 129.603605  63.142350  5.961
 57    73.893 54195.10441981 20.96 129.600975  63.139220  5.961
 57    74.015 54195.10442045 18.38 129.598335  63.136080  5.961
 57    74.067 54195.10442110 18.30 129.595705  63.132950  5.961
 58    74.443 54230.10444563 35.36 129.694503  63.260455 32.441
 58    74.588 54230.10444627 37.52 129.691843  63.257325 32.441
 58    74.616 54230.10444885 39.32 129.681233  63.244795 32.441
 58    74.378 54230.10444950 35.08 129.678583  63.241665 32.441
 58    74.487 54230.10445014 31.56 129.675933  63.238535 32.441
 58    74.569 54230.10445079 28.63 129.673273  63.235395 32.441
 58    74.628 54230.10445143 30.56 129.670623  63.232265 32.441
 58    75.012 54230.10445981 32.47 129.636220  63.191534 30.491
 58    74.962 54230.10446046 35.28 129.633580  63.188404 30.491
 58    75.079 54230.10446110 38.54 129.630930  63.185274 30.491
 58    75.724 54230.10446690 44.05 129.607170  63.157074 30.491
 58    75.654 54230.10446755 40.02 129.604540  63.153934 30.491
 58    75.594 54230.10446819 35.46 129.601900  63.150804 30.491
 58    80.415 54230.10446884 27.48 129.599270  63.147664 30.491
 59    78.956 54265.10446299 37.83 129.696279  63.262298 25.103
 59    79.005 54265.10446364 42.63 129.693619  63.259158 25.103
 59    78.742 54265.10446621 38.29 129.683009  63.246628 25.103
 59    78.757 54265.10446686 38.14 129.680359  63.243498 25.103
 59    78.783 54265.10446750 38.36 129.677709  63.240368 25.103
 59    78.774 54265.10446815 39.50 129.675059  63.237238 25.103
 59    78.831 54265.10446879 41.45 129.672399  63.234098 25.103
 59    78.976 54265.10446944 44.81 129.669749  63.230968 25.103
 59    79.683 54265.10447717 38.99 129.637992  63.193377 21.033
 59    79.446 54265.10447782 36.35 129.635352  63.190237 21.033
 59    79.435 54265.10447846 35.38 129.632712  63.187107 21.033
 59    80.238 54265.10448491 42.92 129.606312  63.155777 21.033
 59    80.257 54265.10448555 41.72 129.603672  63.152637 21.033
 59    80.184 54265.10448620 37.16 129.601032  63.149507 21.033
 59    80.064 54265.10448684 36.83 129.598402  63.146377 21.033
 61    75.600 54335.10445623 42.18 129.691571  63.265169 18.115
 61    75.657 54335.10445688 46.56 129.688921  63.262039 18.115
 61    75.540 54335.10445946 27.06 129.678311  63.249509 18.115
 61    75.407 54335.10446010 26.31 129.675661  63.246369 18.115
 61    75.370 54335.10446075 26.86 129.673011  63.243239 18.115
 61    75.719 54335.10446139 28.95 129.670351  63.240109 18.115
 61    75.778 54335.10446204 32.26 129.667701  63.236979 18.115
 61    75.807 54335.10446268 42.48 129.665051  63.233839 18.115
 61    76.504 54335.10446784 33.61 129.643881  63.208779 18.115
 61    76.433 54335.10446848 32.32 129.641231  63.205649 18.115
 61    76.380 54335.10446913 33.46 129.638585  63.202516 17.253
 61    76.392 54335.10446977 37.13 129.635945  63.199376 17.253
 61    76.418 54335.10447042 36.87 129.633305  63.196246 17.253
 61    76.452 54335.10447106 37.32 129.630665  63.193116 17.253
 61    76.534 54335.10447171 39.66 129.628015  63.189976 17.253
 61    77.006 54335.10447751 33.77 129.604265  63.161776 17.253
 61    77.054 54335.10447815 39.88 129.601625  63.158646 17.253
 61    77.096 54335.10447880 35.87 129.598985  63.155516 17.253
 61    77.073 54335.10447944 33.88 129.596355  63.152376 17.253
 63    73.854 54405.10440104 50.35 129.690581  63.262518 18.962
 63    73.957 54405.10440362 37.79 129.679970  63.249992 23.379
 63    74.029 54405.10440427 37.50 129.677320  63.246862 23.379
 63    73.989 54405.10440491 36.19 129.674670  63.243732 23.379
 63    73.947 54405.10440556 35.17 129.672010  63.240592 23.379
 63    74.106 54405.10440620 35.57 129.669360  63.237462 23.379
 63    73.863 54405.10440685 35.73 129.666710  63.234332 23.379
 63    74.368 54405.10441265 35.70 129.642890  63.206132 23.379
 63    74.489 54405.10441329 40.75 129.640240  63.203002 23.379
 63    74.471 54405.10441394 49.52 129.637600  63.199872 23.379
 63    74.512 54405.10441458 49.05 129.634957  63.196739 30.457
 63    74.612 54405.10441523 45.36 129.632317  63.193599 30.457
 63    74.430 54405.10441587 40.05 129.629667  63.190469 30.457
 63    74.375 54405.10441652 36.66 129.627027  63.187339 30.457
 63    74.895 54405.10442232 42.57 129.603277  63.159139 30.457
 63    74.953 54405.10442296 48.48 129.600637  63.155999 30.457
 63    75.050 54405.10442361 43.52 129.597997  63.152869 30.457
 63    75.100 54405.10442425 46.86 129.595367  63.149739 30.457
 64    72.542 54440.10435986 22.41 129.701921  63.253044  6.348
 64    73.179 54440.10436502 21.71 129.680691  63.227984  6.348
 64    73.433 54440.10436567 20.92 129.678041  63.224854  6.348
 64    73.725 54440.10437405 19.94 129.643629  63.184128 13.583
 64    73.583 54440.10437469 21.26 129.640989  63.180998 13.583
 64    73.243 54440.10437534 22.02 129.638349  63.177868 13.583
 64    72.495 54440.10437985 28.63 129.619859  63.155928 13.583
 64    73.231 54440.10438049 29.02 129.617219  63.152798 13.583
 64    73.257 54440.10438114 31.48 129.614579  63.149668 13.583
 64    73.508 54440.10438178 34.33 129.611949  63.146528 13.583
 64    73.873 54440.10438243 36.07 129.609309  63.143398 13.583
 64    73.700 54440.10438307 38.88 129.606669  63.140268 13.583
 64    73.716 54440.10438372 34.06 129.604039  63.137128 13.583
 64    73.065 54440.10438436 31.54 129.601395  63.133996  6.707
 64    72.893 54440.10438501 29.81 129.598765  63.130866  6.707
 64    73.380 54440.10438565 24.21 129.596125  63.127726  6.707
 64    74.016 54440.10438630 21.64 129.593495  63.124596  6.707
 65    73.611 54475.10438862 19.13 129.694901  63.258471  4.847
 65    73.683 54475.10439184 19.70 129.681641  63.242811  4.847
 65    73.686 54475.10439249 19.86 129.678981  63.239681  4.847
 65    73.816 54475.10439313 19.43 129.676331  63.236541  4.847
 65    73.641 54475.10439378 19.35 129.673681  63.233411  4.675
 65    73.755 54475.10439442 19.01 129.671031  63.230281  4.675
 65    73.807 54475.10440280 19.29 129.636631  63.189551  4.675
 65    73.502 54475.10440345 20.13 129.633991  63.186421  4.675
 65    74.500 54475.10440989 26.14 129.607589  63.155084  9.203
 65    74.633 54475.10441054 26.05 129.604959  63.151954  9.203
 65    74.725 54475.10441118 29.24 129.602319  63.148814  9.203
 65    74.842 54475.10441183 27.59 129.599679  63.145684  9.203
 65    74.591 54475.10441247 27.90 129.597049  63.142554  9.203
 66    73.319 54510.10437384 18.04 129.699539  63.254211  4.294
 66    73.637 54510.10437900 17.74 129.678319  63.229151  4.294
 66    73.694 54510.10437964 17.06 129.675659  63.226021  4.294
 66    73.676 54510.10438802 19.25 129.641251  63.185291  5.201
 66    72.365 54510.10438867 20.06 129.638611  63.182161  5.201
 66    72.044 54510.10438931 21.71 129.635971  63.179031  5.201
 66    73.943 54510.10439511 24.33 129.612211  63.150824  7.817
 66    74.138 54510.10439576 26.97 129.609571  63.147694  7.817
 66    74.266 54510.10439640 28.57 129.606931  63.144554  7.817
 66    74.304 54510.10439705 25.93 129.604301  63.141424  7.817
 66    74.173 54510.10439769 26.22 129.601661  63.138294  7.817
 66    73.957 54510.10439834 24.64 129.599031  63.135164  7.817
 66    73.863 54510.10439898 22.58 129.596391  63.132024  7.817
 67    78.553 54545.10440189 13.52 129.694166  63.264435  4.958
 67    78.120 54545.10440253 14.18 129.691506  63.261305  4.958
 67    74.736 54545.10440511 14.43 129.680896  63.248769  3.437
 67    74.319 54545.10440576 15.30 129.678236  63.245639  3.437
 67    74.453 54545.10440640 14.62 129.675586  63.242509  3.437
 67    74.351 54545.10440705 14.96 129.672936  63.239379  3.437
 67    73.469 54545.10440769 15.34 129.670286  63.236239  3.437
 67    73.450 54545.10440834 14.89 129.667636  63.233109  3.437
 67    73.478 54545.10441543 15.70 129.638526  63.198649  3.437
 67    73.585 54545.10441607 16.00 129.635876  63.195519  3.437
 67    73.544 54545.10441672 15.90 129.633235  63.192385  6.221
 67    73.486 54545.10441736 16.13 129.630595  63.189245  6.221
 67    73.309 54545.10441801 16.88 129.627955  63.186115  6.221
 67    73.657 54545.10442381 20.55 129.604195  63.157915  6.221
 67    73.845 54545.10442445 21.04 129.601565  63.154775  6.221
 67    73.913 54545.10442510 19.97 129.598925  63.151645  6.221
 67    73.993 54545.10442574 21.71 129.596285  63.148515  6.221
 68    78.874 54580.10436964 10.03 129.696514  63.260155  5.486
 68    78.489 54580.10437029 10.11 129.693864  63.257025  5.486
 68    75.836 54580.10437287 11.06 129.683253  63.244498  2.878
 68    75.841 54580.10437351 11.32 129.680593  63.241358  2.878
 68    75.527 54580.10437416 11.26 129.677943  63.238228  2.878
 68    75.250 54580.10437480 10.96 129.675293  63.235098  2.878
 68    74.560 54580.10437545 11.14 129.672643  63.231958  2.878
 68    75.521 54580.10437609 11.02 129.669993  63.228828  2.878
 68    73.856 54580.10438383 12.80 129.638233  63.191238  2.878
 68    73.642 54580.10438447 13.46 129.635592  63.188103  5.428
 68    73.516 54580.10438512 14.45 129.632952  63.184963  5.428
 68    73.525 54580.10439092 17.31 129.609192  63.156763  5.428
 68    73.723 54580.10439156 17.46 129.606552  63.153633  5.428
 68    73.854 54580.10439221 17.59 129.603922  63.150503  5.428
 68    73.892 54580.10439285 17.54 129.601282  63.147363  5.428
 68    73.894 54580.10439350 17.05 129.598642  63.144233  5.428
 69    78.080 54615.10439208 50.39 129.693019  63.260336 38.126
 69    78.005 54615.10439273 50.75 129.690369  63.257196 38.126
 69    78.180 54615.10439466 51.90 129.682408  63.247799 43.779
 69    78.158 54615.10439531 52.80 129.679758  63.244669 43.779
 69    78.134 54615.10439595 53.31 129.677098  63.241539 43.779
 69    78.106 54615.10439660 52.50 129.674448  63.238409 43.779
 69    78.085 54615.10439724 52.07 129.671798  63.235269 43.779
 69    78.091 54615.10439789 52.73 129.669148  63.232139 43.779
 69    78.647 54615.10440562 49.27 129.637398  63.194549 43.779
 69    78.663 54615.10440627 49.65 129.634746  63.191415 26.102
 69    78.664 54615.10440691 49.43 129.632106  63.188275 26.102
 69    78.673 54615.10440756 49.26 129.629466  63.185145 26.102
 69    79.122 54615.10441336 47.46 129.605706  63.156945 26.102
 69    79.131 54615.10441400 43.86 129.603076  63.153815 26.102
 69    79.138 54615.10441465 45.52 129.600436  63.150675 26.102
 69    79.171 54615.10441529 43.24 129.597796  63.147545 26.102
 70    76.517 54650.10440369 27.59 129.693737  63.261319 24.325
 70    76.541 54650.10440433 37.68 129.691077  63.258189 24.325
 70    76.645 54650.10440627 28.40 129.683117  63.248789 24.325
 70    76.093 54650.10440691 27.99 129.680467  63.245659 24.325
 70    76.130 54650.10440756 29.05 129.677817  63.242529 24.325
 70    76.216 54650.10440820 31.54 129.675167  63.239399 24.325
 70    76.375 54650.10440885 34.38 129.672517  63.236259 24.325
 70    76.415 54650.10440949 33.56 129.669867  63.233129 24.325
 70    77.435 54650.10441723 27.77 129.638101  63.195534 17.165
 70    77.457 54650.10441787 26.20 129.635461  63.192404 17.165
 70    77.489 54650.10441852 24.62 129.632811  63.189274 17.165
 70    77.681 54650.10441916 25.87 129.630171  63.186134 17.165
 70    77.829 54650.10442496 22.84 129.606411  63.157934 17.165
 70    79.349 54650.10442561 22.14 129.603773  63.154802 19.761
 70    79.933 54650.10442625 20.59 129.601133  63.151672 19.761
 70    80.376 54650.10442690 21.19 129.598503  63.148532 19.761
 71    78.650 54685.10439717 18.48 129.691487  63.266441 34.796
 71    76.765 54685.10439781 20.35 129.688837  63.263311 34.796
 71    75.956 54685.10440039 26.10 129.678220  63.250781 11.396
 71    75.854 54685.10440104 25.20 129.675570  63.247651 11.396
 71    75.759 54685.10440168 26.39 129.672920  63.244511 11.396
 71    75.809 54685.10440233 27.43 129.670270  63.241381 11.396
 71    75.962 54685.10440297 27.07 129.667620  63.238251 11.396
 71    76.115 54685.10440362 31.56 129.664970  63.235111 11.396
 71    76.522 54685.10440877 24.51 129.643790  63.210051 11.396
 71    76.728 54685.10440942 23.76 129.641150  63.206921 11.396
 71    76.512 54685.10441006 22.96 129.638500  63.203791 11.396
 71    76.470 54685.10441071 22.14 129.635860  63.200651 11.396
 71    76.418 54685.10441135 22.68 129.633210  63.197521 11.396
 71    76.498 54685.10441200 20.33 129.630570  63.194391 11.396
 71    76.555 54685.10441264 22.90 129.627931  63.191255 18.842
 71    76.697 54685.10441329 32.01 129.625291  63.188115 18.842
 71    78.117 54685.10441844 19.74 129.604171  63.163055 18.842
 71    78.894 54685.10441909 18.28 129.601531  63.159915 18.842
 71    79.931 54685.10441973 16.92 129.598901  63.156785 18.842
 71    80.397 54685.10442038 19.78 129.596261  63.153645 18.842
 71    80.476 54685.10442102 24.58 129.593621  63.150515 18.842
 72    78.780 54720.10434881 53.33 129.700285  63.253572 36.959
 72    79.044 54720.10435397 50.07 129.679065  63.228522 36.959
 72    78.988 54720.10435462 50.16 129.676415  63.225382 36.959
 72    79.480 54720.10436300 51.22 129.642000  63.184663 32.138
 72    79.507 54720.10436364 49.44 129.639360  63.181523 32.138
 72    79.551 54720.10436429 48.68 129.636710  63.178393 32.138
 72    79.927 54720.10436880 48.72 129.618230  63.156463 32.138
 72    79.946 54720.10436944 48.41 129.615590  63.153323 32.138
 72    79.963 54720.10437009 47.77 129.612950  63.150193 32.138
 72    79.994 54720.10437073 45.13 129.610320  63.147063 32.138
 72    80.019 54720.10437138 43.53 129.607680  63.143923 32.138
 72    80.057 54720.10437202 41.27 129.605040  63.140793 32.138
 72    80.082 54720.10437267 38.96 129.602410  63.137663 32.138
 72    80.113 54720.10437331 40.15 129.599770  63.134523 32.138
 72    80.128 54720.10437396 42.19 129.597142  63.131388 26.503
 72    80.161 54720.10437460 43.89 129.594502  63.128258 26.503
 73    74.549 54755.10437204 49.88 129.694687  63.262619 20.463
 73    74.558 54755.10437269 53.91 129.692027  63.259489 20.463
 73    74.723 54755.10437527 43.79 129.681416  63.246956 30.561
 73    74.564 54755.10437591 38.88 129.678766  63.243826 30.561
 73    74.629 54755.10437655 38.33 129.676106  63.240696 30.561
 73    74.617 54755.10437720 39.11 129.673456  63.237556 30.561
 73    74.742 54755.10437784 43.83 129.670806  63.234426 30.561
 73    74.687 54755.10437849 47.63 129.668156  63.231296 30.561
 73    75.475 54755.10438622 51.83 129.636404  63.193705 29.264
 73    75.371 54755.10438687 51.73 129.633764  63.190565 29.264
 73    75.328 54755.10438751 50.46 129.631114  63.187435 29.264
 73    75.743 54755.10439332 48.66 129.607354  63.159235 29.264
 73    75.845 54755.10439396 49.90 129.604724  63.156105 29.264
 73    75.935 54755.10439461 47.58 129.602084  63.152965 29.264
 73    75.932 54755.10439525 44.63 129.599444  63.149835 29.264
 73    75.891 54755.10439590 47.00 129.596814  63.146705 29.264
 74    78.538 54790.10434232 20.41 129.699100  63.255325  8.888
 74    74.292 54790.10434747 21.99 129.677870  63.230265  8.888
 74    74.158 54790.10434812 22.37 129.675220  63.227135  8.888
 74    74.556 54790.10435650 20.52 129.640807  63.186406  5.383
 74    74.568 54790.10435714 19.71 129.638167  63.183276  5.383
 74    74.549 54790.10435779 21.26 129.635527  63.180146  5.383
 74    74.698 54790.10436359 25.18 129.611763  63.151940  8.780
 74    74.686 54790.10436423 28.43 129.609123  63.148810  8.780
 74    74.855 54790.10436488 29.56 129.606483  63.145670  8.780
 74    75.031 54790.10436552 29.52 129.603853  63.142540  8.780
 74    74.990 54790.10436617 25.52 129.601213  63.139410  8.780
 74    74.827 54790.10436681 23.29 129.598583  63.136270  8.780
 74    74.971 54790.10436746 26.99 129.595943  63.133140  8.780
 75    78.191 54825.10436855 16.55 129.695974  63.258936  5.682
 75    74.721 54825.10437177 18.37 129.682704  63.243271  4.722
 75    74.701 54825.10437241 18.66 129.680054  63.240141  4.722
 75    74.672 54825.10437306 18.97 129.677404  63.237001  4.722
 75    74.660 54825.10437370 19.55 129.674744  63.233871  4.722
 75    74.606 54825.10437435 19.61 129.672094  63.230741  4.722
 75    74.748 54825.10438273 17.55 129.637693  63.190010  6.117
 75    74.874 54825.10438337 17.56 129.635053  63.186880  6.117
 75    75.193 54825.10438982 21.83 129.608643  63.155550  6.117
 75    75.420 54825.10439047 21.51 129.606013  63.152410  6.117
 75    75.468 54825.10439111 22.59 129.603373  63.149280  6.117
 75    75.567 54825.10439175 23.61 129.600743  63.146150  6.117
 75    75.564 54825.10439240 21.73 129.598103  63.143010  6.117
 76    78.275 54860.10433533 13.88 129.700997  63.255437  4.232
 76    74.584 54860.10434049 18.12 129.679777  63.230377  4.232
 76    74.322 54860.10434113 17.98 129.677127  63.227247  4.232
 76    74.162 54860.10434178 17.22 129.674477  63.224107  4.232
 76    74.386 54860.10434952 16.13 129.642717  63.186514  4.354
 76    74.421 54860.10435016 16.25 129.640067  63.183384  4.354
 76    74.509 54860.10435080 16.84 129.637427  63.180254  4.354
 76    74.555 54860.10435145 16.75 129.634787  63.177114  4.354
 76    74.633 54860.10435661 19.79 129.613667  63.152054  4.354
 76    74.804 54860.10435725 20.77 129.611027  63.148914  4.354
 76    74.987 54860.10435790 20.33 129.608396  63.145784  4.032
 76    75.003 54860.10435854 20.77 129.605756  63.142654  4.032
 76    74.835 54860.10435919 21.00 129.603116  63.139514  4.032
 76    74.848 54860.10435983 19.79 129.600486  63.136384  4.032
 76    74.814 54860.10436047 19.08 129.597846  63.133254  4.032
 76    75.560 54860.10436112 16.59 129.595216  63.130114  4.032
 77    77.725 54895.10436909 13.59 129.691166  63.264832  3.879
 77    76.945 54895.10436974 14.85 129.688506  63.261702  3.879
 77    73.957 54895.10437232 15.51 129.677899  63.249167  4.528
 77    73.521 54895.10437296 16.49 129.675249  63.246037  4.528
 77    73.803 54895.10437361 16.00 129.672589  63.242907  4.528
 77    73.673 54895.10437425 16.52 129.669939  63.239767  4.528
 77    73.743 54895.10437490 16.58 129.667289  63.236637  4.528
 77    73.300 54895.10438070 16.05 129.643469  63.208447  4.528
 77    74.777 54895.10438134 15.98 129.640819  63.205307  4.528
 77    74.299 54895.10438199 15.78 129.638179  63.202177  4.528
 77    73.905 54895.10438263 15.48 129.635529  63.199047  4.528
 77    74.183 54895.10438328 15.10 129.632891  63.195915  6.742
 77    74.065 54895.10438392 15.83 129.630241  63.192775  6.742
 77    73.880 54895.10438457 17.55 129.627601  63.189645  6.742
 77    74.314 54895.10439037 20.41 129.603841  63.161445  6.742
 77    74.357 54895.10439101 19.35 129.601211  63.158315  6.742
 77    74.467 54895.10439166 21.00 129.598571  63.155175  6.742
 77    74.531 54895.10439230 21.35 129.595931  63.152045  6.742
 78    78.829 54930.10433383 10.07 129.697321  63.256810  3.349
 78    76.264 54930.10433705 12.24 129.684051  63.241150  3.349
 78    75.745 54930.10433770 12.86 129.681401  63.238020  3.349
 78    74.731 54930.10433899 13.71 129.676091  63.231750  3.349
 78    74.584 54930.10433963 13.77 129.673441  63.228620  3.349
 78    74.408 54930.10434801 13.58 129.639030  63.187896  3.850
 78    74.256 54930.10434866 13.48 129.636390  63.184756  3.850
 78    74.502 54930.10435510 15.69 129.609986  63.153425  3.986
 78    74.244 54930.10435575 17.52 129.607346  63.150295  3.986
 78    74.247 54930.10435639 17.57 129.604706  63.147155  3.986
 78    74.231 54930.10435704 16.38 129.602076  63.144025  3.986
 78    74.249 54930.10435768 17.37 129.599436  63.140895  3.986
 78    74.182 54930.10435833 16.92 129.596796  63.137755  3.986
 79    77.890 54965.10436972 43.96 129.692573  63.260536 33.811
 79    77.871 54965.10437230 40.70 129.681957  63.247998 34.544
 79    77.968 54965.10437294 35.03 129.679307  63.244868 34.544
 79    77.916 54965.10437359 34.60 129.676657  63.241738 34.544
 79    77.907 54965.10437423 36.58 129.673997  63.238608 34.544
 79    77.856 54965.10437488 38.20 129.671347  63.235468 34.544
 79    78.106 54965.10437552 42.89 129.668697  63.232338 34.544
 79    78.750 54965.10438326 38.31 129.636937  63.194748 34.544
 79    78.698 54965.10438390 35.43 129.634299  63.191614 31.282
 79    78.800 54965.10438455 37.59 129.631649  63.188474 31.282
 79    78.777 54965.10438519 38.17 129.629009  63.185344 31.282
 79    79.351 54965.10439099 36.58 129.605249  63.157144 31.282
 79    79.633 54965.10439164 32.20 129.602619  63.154004 31.282
 79    79.843 54965.10439228 32.36 129.599979  63.150874 31.282
 79    80.437 54965.10439293 30.76 129.597339  63.147744 31.282
 80    78.551 55000.10438974 44.01 129.691461  63.262914 27.698
 80    78.757 55000.10439038 42.84 129.688801  63.259784 27.698
 80    78.641 55000.10439232 41.32 129.680840  63.250379 28.901
 80    78.662 55000.10439296 41.05 129.678190  63.247249 28.901
 80    78.650 55000.10439361 41.72 129.675540  63.244119 28.901
 80    78.629 55000.10439425 42.31 129.672890  63.240989 28.901
 80    78.668 55000.10439490 42.65 129.670230  63.237849 28.901
 80    78.792 55000.10439554 44.81 129.667580  63.234719 28.901
 80    79.303 55000.10440199 46.41 129.641110  63.203389 28.901
 80    79.445 55000.10440263 45.79 129.638470  63.200259 28.901
 80    79.483 55000.10440328 46.23 129.635820  63.197129 28.901
 80    79.558 55000.10440392 47.72 129.633179  63.193997 23.926
 80    79.584 55000.10440457 49.29 129.630529  63.190857 23.926
 80    79.601 55000.10440521 50.73 129.627889  63.187727 23.926
 80    80.013 55000.10441101 43.40 129.604129  63.159527 23.926
 80    80.009 55000.10441166 40.16 129.601499  63.156397 23.926
 80    80.060 55000.10441230 40.56 129.598859  63.153257 23.926
 80    80.122 55000.10441295 39.63 129.596219  63.150127 23.926
 82    76.578 55070.10436470 18.80 129.689447  63.265626 36.094
 82    76.341 55070.10436728 21.82 129.678827  63.253095 11.128
 82    76.345 55070.10436792 23.45 129.676177  63.249965 11.128
 82    76.289 55070.10436857 23.33 129.673527  63.246835 11.128
 82    76.296 55070.10436921 22.00 129.670877  63.243695 11.128
 82    76.244 55070.10436986 23.91 129.668227  63.240565 11.128
 82    76.420 55070.10437050 25.30 129.665577  63.237435 11.128
 82    77.017 55070.10437566 26.22 129.644397  63.212365 11.128
 82    76.783 55070.10437630 27.50 129.641747  63.209235 11.128
 82    76.744 55070.10437695 28.45 129.639107  63.206105 11.128
 82    76.925 55070.10437759 25.91 129.636457  63.202975 11.128
 82    77.028 55070.10437824 25.42 129.633817  63.199835 11.128
 82    76.908 55070.10437888 25.13 129.631177  63.196705 11.128
 82    76.777 55070.10437953 24.13 129.628527  63.193565 11.128
 82    76.833 55070.10438017 30.54 129.625885  63.190437 17.922
 82    78.679 55070.10438597 20.69 129.602135  63.162237 17.922
 82    79.305 55070.10438662 18.73 129.599495  63.159097 17.922
 82    80.089 55070.10438726 17.73 129.596865  63.155967 17.922
 82    80.379 55070.10438791 22.71 129.594225  63.152827 17.922
 83    75.683 55105.10430764 43.54 129.699664  63.257510 24.696
 83    75.756 55105.10431151 22.21 129.683734  63.238720 24.696
 83    76.004 55105.10431344 26.71 129.675784  63.229320 24.696
 83    76.156 55105.10431408 28.26 129.673134  63.226190 24.696
 83    76.446 55105.10432182 39.37 129.641368  63.188599 23.829
 83    76.427 55105.10432246 31.50 129.638728  63.185459 23.829
 83    76.387 55105.10432311 30.68 129.636078  63.182329 23.829
 83    78.422 55105.10432891 19.44 129.612320  63.154132 15.796
 83    78.946 55105.10432956 18.38 129.609680  63.150992 15.796
 83    79.462 55105.10433020 18.81 129.607040  63.147862 15.796
 83    79.706 55105.10433085 19.32 129.604410  63.144732 15.796
 83    79.938 55105.10433149 19.00 129.601770  63.141592 15.796
 83    77.195 55105.10433213 20.38 129.599130  63.138462 15.796
 83    77.254 55105.10433278 24.14 129.596500  63.135332 15.796
 84    72.632 55140.10431371 37.96 129.691717  63.261267 19.948
 84    72.858 55140.10431629 32.91 129.681107  63.248737 19.948
 84    72.802 55140.10431694 31.50 129.678457  63.245607 19.948
 84    72.838 55140.10431758 31.38 129.675807  63.242467 19.948
 84    73.064 55140.10431823 33.06 129.673147  63.239337 19.948
 84    72.969 55140.10431887 38.51 129.670497  63.236207 19.948
 84    72.805 55140.10431952 43.46 129.667847  63.233077 19.948
 84    73.451 55140.10432661 35.56 129.638734  63.198607 25.278
 84    73.216 55140.10432725 40.52 129.636094  63.195477 25.278
 84    72.905 55140.10432790 39.76 129.633454  63.192347 25.278
 84    72.910 55140.10432854 34.98 129.630804  63.189217 25.278
 84    72.905 55140.10432919 30.58 129.628164  63.186077 25.278
 84    73.701 55140.10433499 35.57 129.604414  63.157877 25.278
 84    73.674 55140.10433563 42.65 129.601774  63.154747 25.278
 84    73.743 55140.10433628 45.32 129.599134  63.151617 25.278
 84    73.808 55140.10433692 44.95 129.596504  63.148477 25.278
 85    73.848 55175.10427485 24.61 129.702482  63.255340  8.467
 85    73.787 55175.10428001 27.02 129.681262  63.230290  8.467
 85    73.929 55175.10428065 27.48 129.678602  63.227150  8.467
 85    73.857 55175.10428130 29.02 129.675952  63.224020  8.467
 85    74.304 55175.10428968 22.42 129.641550  63.183293  8.017
 85    74.359 55175.10429032 22.76 129.638910  63.180163  8.017
 85    74.172 55175.10429097 23.32 129.636260  63.177033  8.017
 85    73.980 55175.10429548 24.70 129.617780  63.155093  8.017
 85    74.262 55175.10429613 25.05 129.615140  63.151963  8.017
 85    74.660 55175.10429677 22.96 129.612510  63.148833  8.017
 85    74.726 55175.10429742 24.86 129.609870  63.145693  8.017
 85    74.922 55175.10429806 25.22 129.607230  63.142563  8.017
 85    74.762 55175.10429870 25.28 129.604600  63.139433  8.017
 85    74.878 55175.10429935 24.94 129.601960  63.136293  8.017
 85    74.752 55175.10429999 24.89 129.599326  63.133159  7.471
 85    74.892 55175.10430064 24.86 129.596686  63.130029  7.471
 85    74.835 55175.10430128 24.60 129.594056  63.126899  7.471
 86    73.731 55210.10430874 24.11 129.695270  63.261534  5.030
 86    73.728 55210.10430938 23.44 129.692620  63.258404  5.030
 86    73.644 55210.10431196 22.69 129.682009  63.245869  7.968
 86    73.701 55210.10431261 23.23 129.679359  63.242739  7.968
 86    73.926 55210.10431325 24.15 129.676709  63.239609  7.968
 86    73.997 55210.10431389 24.86 129.674049  63.236469  7.968
 86    73.878 55210.10431454 26.55 129.671399  63.233339  7.968
 86    73.913 55210.10431518 24.74 129.668749  63.230209  7.968
 86    74.215 55210.10432292 25.16 129.636997  63.192618  9.064
 86    74.134 55210.10432356 24.52 129.634357  63.189478  9.064
 86    74.226 55210.10432421 22.47 129.631707  63.186348  9.064
 86    74.309 55210.10433001 26.09 129.607947  63.158148  9.064
 86    74.662 55210.10433066 26.11 129.605307  63.155018  9.064
 86    74.750 55210.10433130 25.64 129.602677  63.151878  9.064
 86    74.846 55210.10433195 25.34 129.600037  63.148748  9.064
 86    74.795 55210.10433259 24.69 129.597407  63.145618  9.064
 87    73.589 55245.10428104 16.81 129.699077  63.258897  5.735
 87    73.390 55245.10428168 17.59 129.696417  63.255767  5.735
 87    73.467 55245.10428490 19.82 129.683157  63.240107  5.735
 87    73.585 55245.10428555 19.54 129.680507  63.236977  5.735
 87    73.587 55245.10428684 20.76 129.675197  63.230707  5.735
 87    73.538 55245.10428748 21.92 129.672547  63.227577  5.735
 87    73.956 55245.10429586 18.07 129.638144  63.186855  5.372
 87    73.928 55245.10429651 18.42 129.635504  63.183715  5.372
 87    74.430 55245.10430295 19.74 129.609099  63.152387  5.092
 87    74.292 55245.10430360 19.86 129.606469  63.149257  5.092
 87    74.239 55245.10430424 20.76 129.603829  63.146117  5.092
 87    74.351 55245.10430489 18.97 129.601189  63.142987  5.092
 87    74.217 55245.10430553 18.73 129.598559  63.139847  5.092
 87    74.242 55245.10430618 17.76 129.595919  63.136717  5.092
 88    73.396 55280.10430228 16.74 129.689886  63.263509  3.712
 88    73.235 55280.10430486 18.01 129.679274  63.250971  5.186
 88    73.171 55280.10430550 18.44 129.676614  63.247841  5.186
 88    73.424 55280.10430615 18.59 129.673964  63.244711  5.186
 88    73.265 55280.10430679 20.04 129.671314  63.241581  5.186
 88    73.352 55280.10430743 19.20 129.668664  63.238441  5.186
 88    73.284 55280.10430808 18.00 129.666014  63.235311  5.186
 88    73.466 55280.10431324 15.41 129.644834  63.210251  5.186
 88    73.743 55280.10431388 15.57 129.642194  63.207121  5.186
 88    73.788 55280.10431453 15.99 129.639544  63.203981  5.186
 88    73.773 55280.10431517 16.93 129.636904  63.200851  5.186
 88    73.864 55280.10431582 18.12 129.634254  63.197721  5.186
 88    73.802 55280.10431646 16.79 129.631610  63.194587  5.864
 88    73.621 55280.10431710 17.31 129.628970  63.191447  5.864
 88    73.497 55280.10431775 17.28 129.626330  63.188317  5.864
 88    74.003 55280.10432355 18.89 129.602570  63.160117  5.864
 88    74.170 55280.10432420 17.78 129.599940  63.156977  5.864
 88    74.086 55280.10432484 17.46 129.597300  63.153847  5.864
 88    74.152 55280.10432549 18.13 129.594660  63.150717  5.864
 89    78.079 55315.10426772 16.21 129.694497  63.261823  3.594
 89    77.648 55315.10426836 16.83 129.691847  63.258683  3.594
 89    74.169 55315.10427094 16.21 129.681227  63.246153  3.594
 89    75.487 55315.10427159 15.39 129.678577  63.243023  3.594
 89    74.129 55315.10427223 15.59 129.675927  63.239893  3.594
 89    75.187 55315.10427288 14.71 129.673277  63.236763  3.594
 89    76.101 55315.10427352 14.91 129.670627  63.233623  3.594
 89    76.413 55315.10427417 14.59 129.667977  63.230493  3.594
 89    79.504 55315.10428190 16.68 129.636219  63.192895  3.225
 89    79.439 55315.10428255 16.67 129.633569  63.189765  3.225
 89    79.269 55315.10428319 16.35 129.630929  63.186635  3.225
 89    78.761 55315.10428899 15.17 129.607169  63.158435  3.225
 89    79.572 55315.10428964 14.71 129.604529  63.155295  3.225
 89    79.805 55315.10429028 14.46 129.601890  63.152160 10.639
 89    80.061 55315.10429093 14.32 129.599260  63.149030 10.639
 89    80.283 55315.10429157 14.47 129.596620  63.145900 10.639
 90    78.980 55350.10427311 20.62 129.692895  63.265477 32.085
 90    77.051 55350.10427375 28.84 129.690245  63.262347 32.085
 90    77.140 55350.10427633 26.33 129.679636  63.249810 18.677
 90    76.895 55350.10427697 25.97 129.676976  63.246680 18.677
 90    76.683 55350.10427762 23.87 129.674326  63.243550 18.677
 90    76.666 55350.10427826 25.24 129.671676  63.240420 18.677
 90    76.725 55350.10427891 27.09 129.669026  63.237280 18.677
 90    77.186 55350.10427955 28.74 129.666376  63.234150 18.677
 90    77.623 55350.10428535 32.22 129.642556  63.205960 18.677
 90    77.537 55350.10428600 31.22 129.639906  63.202820 18.677
 90    77.730 55350.10428664 32.73 129.637266  63.199690 18.677
 90    77.854 55350.10428729 31.75 129.634626  63.196560 18.677
 90    77.830 55350.10428793 32.71 129.631977  63.193425 13.622
 90    77.727 55350.10428858 34.48 129.629337  63.190285 13.622
 90    78.601 55350.10428922 34.73 129.626697  63.187155 13.622
 90    79.418 55350.10429502 23.79 129.602937  63.158955 13.622
 90    80.183 55350.10429567 23.03 129.600307  63.155825 13.622
 90    80.497 55350.10429631 23.24 129.597667  63.152685 13.622
 90    80.451 55350.10429696 32.45 129.595027  63.149555 13.622
 91    76.219 55385.10426755 33.47 129.699238  63.258796 14.615
 91    76.293 55385.10426819 36.09 129.696588  63.255666 14.615
 91    75.827 55385.10427141 29.63 129.683318  63.240006 14.615
 91    75.975 55385.10427335 28.80 129.675358  63.230606 14.615
 91    76.396 55385.10427399 28.96 129.672708  63.227476 14.615
 91    77.105 55385.10428237 44.41 129.638302  63.186753 15.431
 91    77.093 55385.10428302 37.30 129.635662  63.183613 15.431
 91    77.533 55385.10428946 35.26 129.609253  63.152283 14.955
 91    77.351 55385.10429011 33.03 129.606623  63.149153 14.955
 91    77.262 55385.10429075 31.49 129.603983  63.146013 14.955
 91    76.944 55385.10429140 32.95 129.601343  63.142883 14.955
 91    77.059 55385.10429204 31.18 129.598713  63.139753 14.955
 91    77.563 55385.10429269 31.08 129.596073  63.136613 14.955
 92    75.934 55420.10429235 51.89 129.694955  63.260957 27.812
 92    75.978 55420.10429300 48.94 129.692295  63.257817 27.812
 92    75.982 55420.10429558 38.31 129.681686  63.245291 16.235
 92    76.082 55420.10429622 37.63 129.679036  63.242161 16.235
 92    76.064 55420.10429687 37.71 129.676376  63.239031 16.235
 92    76.000 55420.10429751 39.13 129.673726  63.235891 16.235
 92    76.045 55420.10429816 30.25 129.671076  63.232761 16.235
 92    76.098 55420.10429880 33.58 129.668426  63.229631 16.235
 92    76.188 55420.10430654 24.89 129.636676  63.192037 13.328
 92    76.173 55420.10430718 26.78 129.634026  63.188897 13.328
 92    76.451 55420.10430783 27.70 129.631386  63.185767 13.328
 92    77.185 55420.10431363 42.88 129.607626  63.157567 13.328
 92    77.203 55420.10431427 38.72 129.604996  63.154437 13.328
 92    77.046 55420.10431492 34.34 129.602356  63.151297 13.328
 92    76.708 55420.10431556 33.77 129.599716  63.148167 13.328
 92    76.606 55420.10431621 33.95 129.597086  63.145027 13.328
 93    77.534 55455.10426900 16.45 129.688240  63.265028 29.777
 93    75.368 55455.10427157 19.55 129.677630  63.252498 29.777
 93    75.378 55455.10427222 19.18 129.674985  63.249367 14.802
 93    75.408 55455.10427286 17.68 129.672325  63.246237 14.802
 93    75.286 55455.10427351 18.23 129.669675  63.243107 14.802
 93    75.608 55455.10427415 21.46 129.667025  63.239967 14.802
 93    75.614 55455.10427480 23.84 129.664375  63.236837 14.802
 93    75.961 55455.10427995 30.53 129.643205  63.211777 14.802
 93    76.026 55455.10428060 28.54 129.640555  63.208637 14.802
 93    75.905 55455.10428124 24.82 129.637915  63.205507 14.802
 93    75.986 55455.10428189 20.27 129.635265  63.202377 14.802
 93    76.203 55455.10428253 17.62 129.632625  63.199247 14.802
 93    76.231 55455.10428318 17.03 129.629985  63.196107 14.802
 93    76.347 55455.10428382 16.77 129.627335  63.192977 14.802
 93    76.431 55455.10428447 22.83 129.624695  63.189847 14.802
 93    78.187 55455.10429027 17.26 129.600939  63.161639 18.743
 93    79.750 55455.10429091 15.96 129.598309  63.158509 18.743
 93    80.280 55455.10429156 17.57 129.595669  63.155369 18.743
 93    80.220 55455.10429220 25.46 129.593039  63.152239 18.743
