-184320.098  1040.991     0.00  144.33
-183953.919   924.651  -317.68  181.06
-183587.659   764.335  -437.66  220.33
-183221.317   634.740  -353.71  203.18
-182854.893   512.355  -333.96  114.41
-182488.387   449.718  -170.88   58.46
-182121.799   414.790   -95.27   22.42
-181755.129   401.035   -37.51   17.30
-181388.378   391.669   -25.53   11.25
-181021.544   389.973    -4.62   13.37
-180654.628   395.814    15.92   23.67
-180287.629   409.402    37.02   36.51
-179920.549   442.621    90.48   73.33
-179553.386   487.569   122.41  111.10
-179186.141   560.650   198.97  168.46
-178818.813   628.863   185.68  192.41
-178451.403   693.708   176.47  185.84
-178083.910   712.689    51.64  170.72
-177716.335   716.739    11.02  142.98
-177348.677   684.079   -88.82  113.10
-176980.937   696.973    35.06  101.29
-176613.113   774.497   210.74  145.25
-176245.207   840.175   178.50  138.96
-175877.218   905.514   177.54   95.50
-175509.146   921.337    42.98   86.14
-175140.991   899.137   -60.29   85.81
-174772.753   870.260   -78.41   99.53
-174404.432   826.408  -119.05  108.69
-174036.028   767.708  -159.32   83.96
-173667.541   739.929   -75.38   80.88
-173298.970   708.257   -85.92   73.26
-172930.316   668.413  -108.07   74.02
-172561.579   627.708  -110.38   80.41
-172192.758   577.860  -135.14   91.14
-171823.853   534.397  -117.80   90.00
-171454.866   484.980  -133.91   83.40
-171085.794   443.943  -111.18   71.77
-170716.639   405.193  -104.96   50.44
-170347.400   387.583   -47.69   58.15
-169978.078   370.177   -47.12   71.23
-169608.671   345.141   -67.77   77.35
-169239.181   321.203   -64.78   73.73
-168869.607   294.270   -72.87   63.07
-168499.949   268.669   -69.25   37.32
-168130.207   250.139   -50.11   15.87
-167760.380   242.593   -20.40    9.46
-167390.470   236.522   -16.41    4.34
-167020.475   233.265    -8.80    3.98
-166650.396   230.248    -8.15    4.02
-166280.233   232.501     6.08   12.42
-165909.985   240.532    21.69   22.68
-165539.653   263.489    61.98   40.51
-165169.236   302.118   104.27   63.77
-164798.735   354.579   141.58   69.76
-164428.149   387.279    88.23   54.79
-164057.479   420.182    88.76   42.40
-163686.724   463.350   116.42   92.40
-163315.884   501.183   102.01  132.39
-162944.959   545.227   118.73  140.60
-162573.949   557.458    32.96  116.63
-162202.854   551.601   -15.78   80.51
-161831.675   509.076  -114.56   60.14
-161460.410   462.961  -124.20   59.39
-161089.060   418.601  -119.44   64.66
-160717.625   366.239  -140.96   54.10
-160346.104   369.170     7.89   67.52
-159974.499   422.362   143.13  127.13
-159602.807   500.349   209.80  143.88
-159231.031   576.514   204.85  114.74
-158859.169   645.776   186.24  100.08
-158487.221   688.746   115.52   89.73
-158115.188   706.586    47.95   78.89
-157743.069   687.479   -51.34   84.09
-157370.865   643.981  -116.86   87.83
-156998.575   597.802  -124.03   83.63
-156626.198   565.833   -85.84   68.09
-156253.736   568.306     6.64   77.61
-155881.188   615.465   126.57  111.91
-155508.554   676.767   164.49  107.26
-155135.834   706.487    79.73   92.37
-154763.028   709.028     6.82   92.19
-154390.136   637.832  -190.91   93.86
-154017.157   575.035  -168.35   80.61
-153644.092   532.026  -115.27   74.77
-153270.941   520.038   -32.12   70.24
-152897.703   536.934    45.27   85.27
-152524.379   589.013   139.49  119.32
-152150.968   680.362   244.61  155.30
-151777.471   775.299   254.16  137.41
-151403.887   839.728   172.45  109.15
-151030.216   863.680    64.09   99.63
-150656.458   863.845     0.44  112.46
-150282.614   877.378    36.19  108.45
-149908.683   880.286     7.78  103.03
-149534.665   888.170    21.08   80.34
-149160.559   862.795   -67.82   94.75
-148786.367   783.575  -211.69  150.03
-148412.087   681.575  -272.50  171.63
-148037.721   559.368  -326.40   99.03
-147663.267   513.850  -121.55   44.87
-147288.725   536.203    59.68   86.06
-146914.097   605.717   185.54  128.73
-146539.381   696.769   242.96  127.28
-146164.577   743.661   125.10   95.02
-145789.686   784.728   109.53   85.04
-145414.707   836.881   139.07  104.67
-145039.641   849.247    32.97  101.28
-144664.486   870.918    57.76   79.93
-144289.244   867.746    -8.45   78.68
-143913.914   833.776   -90.50   66.88
-143538.497   803.085   -81.74   79.29
-143162.991   774.025   -77.38   77.30
-142787.397   765.998   -21.37   67.83
-142411.715   791.912    68.97   82.13
-142035.945   820.813    76.90   78.14
-141660.086   844.486    62.98   77.40
-141284.140   823.785   -55.06   84.93
-140908.104   780.028  -116.35   75.32
-140531.981   745.400   -92.06   54.25
-140155.769   755.016    25.56   60.92
-139779.469   753.184    -4.87   60.07
-139403.079   766.708    35.93   61.57
-139026.602   812.689   122.12   85.31
-138650.035   836.151    62.30  100.88
-138273.380   846.061    26.31  112.79
-137896.636   824.044   -58.43  116.16
-137519.803   782.555  -110.09   81.47
-137142.881   781.689    -2.30   84.94
-136765.870   795.943    37.80   91.42
-136388.769   792.048   -10.33   90.37
-136011.580   757.193   -92.40   86.26
-135634.302   719.906   -98.82   64.58
-135256.934   694.881   -66.31   56.67
-134879.477   664.304   -81.00   54.24
-134501.930   618.295  -121.85   65.58
-134124.294   563.545  -144.97   67.10
-133746.568   536.737   -70.97   54.80
-133368.753   546.670    26.29   69.05
-132990.848   601.108   144.04  102.49
-132612.854   672.698   189.38   96.42
-132234.769   738.236   173.33   80.99
-131856.595   793.330   145.67   65.54
-131478.331   811.489    48.00   55.08
-131099.977   820.851    24.74   48.41
-130721.532   812.099   -23.13   47.16
-130342.998   797.294   -39.11   37.95
-129964.374   780.514   -44.32   38.80
-129585.659   767.375   -34.69   36.07
-129206.854   759.085   -21.88   45.69
-128827.959   742.977   -42.51   50.81
-128448.973   728.603   -37.92   49.60
-128069.897   726.035    -6.77   51.93
-127690.730   725.537    -1.31   53.14
-127311.472   741.506    42.10   52.59
-126932.124   756.727    40.12   49.09
-126552.686   770.944    37.46   44.40
-126173.156   799.179    74.39   36.49
-125793.535   820.984    57.43   39.87
-125413.824   838.953    47.32   44.99
-125034.021   860.956    57.93   54.82
-124654.128   903.659   112.40   90.08
-124274.143   968.960   171.84  113.04
-123894.067  1017.371   127.36   90.27
-123513.900  1021.289    10.30   79.78
-123133.642   990.851   -80.04   88.47
-122753.292   957.327   -88.13   71.62
-122372.851   941.011   -42.88   66.63
-121992.318   964.643    62.10   86.32
-121611.694   993.590    76.05   85.40
-121230.978   968.101   -66.95  105.55
-120850.170   917.372  -133.20  133.05
-120469.271   849.972  -176.93  105.57
-120088.279   811.477  -101.03   58.75
-119707.196   813.003     4.00   59.86
-119326.021   837.870    65.23   77.53
-118944.753   865.699    72.98   99.04
-118563.394   879.232    35.48  110.01
-118181.943   843.765   -92.97  125.47
-117800.399   786.506  -150.06  132.76
-117418.763   691.054  -250.09  117.02
-117037.034   611.038  -209.60   98.30
-116664.799   538.814  -194.01   59.77
-116300.405   501.605  -102.10   36.18
-115935.928   477.530   -66.05   16.91
-115571.369   464.381   -36.07   12.58
-115206.727   456.774   -20.86   11.57
-114842.003   449.213   -20.73    9.35
-114477.196   439.960   -25.36   13.72
-114112.306   433.157   -18.64   14.13
-113747.334   437.331    11.43   20.80
-113382.279   454.472    46.95   41.17
-113017.140   509.499   150.69   82.19
-112651.919   576.652   183.86   98.33
-112286.615   646.167   190.28   78.49
-111921.227   700.259   148.03   63.24
-111555.757   722.689    61.37   63.39
-111190.203   715.122   -20.70   65.81
-110824.566   706.616   -23.26   64.02
-110458.846   693.463   -35.96   63.30
-110093.042   692.390    -2.93   65.00
-109727.155   687.613   -13.06   69.65
-109361.185   685.982    -4.46   75.03
-108995.130   690.925    13.50   73.08
-108628.993   703.371    33.99   63.06
-108262.771   729.699    71.88   60.36
-107896.466   748.135    50.33   61.75
-107530.078   746.642    -4.08   68.07
-107163.605   722.859   -64.89   62.35
-106797.048   695.504   -74.62   42.02
-106430.408   674.400   -57.56   43.44
-106063.683   651.448   -62.58   44.62
-105696.875   639.689   -32.05   46.98
-105329.982   638.387    -3.55   56.34
-104963.005   652.416    38.22   73.04
-104595.944   647.110   -14.45   83.70
-104228.799   629.718   -47.37  100.64
-103861.570   593.063   -99.81   93.54
-103494.256   556.554   -99.39   81.93
-103126.857   541.114   -42.02   82.18
-102759.374   532.097   -24.53   85.90
-102391.806   545.085    35.33  103.02
-102024.154   548.921    10.43  116.64
-101656.417   557.951    24.55  132.28
-101288.596   569.255    30.73  136.48
-100920.689   565.812    -9.36  135.40
-100552.698   559.340   -17.59  127.21
-100184.622   536.331   -62.51  115.36
 -99816.461   519.987   -44.39  104.03
 -99448.214   487.073   -89.38   81.35
 -99079.883   465.708   -58.00   60.12
 -98711.467   445.409   -55.09   37.90
 -98342.965   432.783   -34.26   31.22
 -97974.378   426.397   -17.32   35.77
 -97605.706   422.250   -11.25   38.30
 -97236.948   420.747    -4.08   49.01
 -96868.105   410.651   -27.37   51.87
 -96499.176   396.470   -38.44   44.81
 -96130.162   378.802   -47.87   24.05
 -95761.062   371.998   -18.43    6.98
 -95391.877   372.413     1.12    7.41
 -95022.606   376.782    11.83   14.14
 -94653.249   384.025    19.61   25.70
 -94283.806   399.680    42.37   45.16
 -93914.277   424.519    67.21   73.06
 -93544.662   453.227    77.66   82.03
 -93174.961   479.273    70.45   84.26
 -92805.174   503.931    66.68   73.97
 -92435.301   526.051    59.80   75.15
 -92065.342   547.337    57.53   76.53
 -91695.296   535.708   -31.42   65.30
 -91325.164   532.302    -9.20   54.60
 -90954.946   550.151    48.21   56.10
 -90584.641   556.213    16.37   60.40
 -90214.250   563.621    20.00   80.25
 -89843.772   536.838   -72.29   94.68
 -89473.208   491.022  -123.63   89.54
 -89102.557   457.171   -91.32   66.61
 -88731.819   440.812   -44.12   41.68
 -88360.994   455.605    39.89   61.10
 -87990.082   485.044    79.37   78.81
 -87619.084   531.592   125.46   96.74
 -87247.998   585.162   144.35   95.83
 -86876.825   625.422   108.46   80.64
 -86505.566   649.615    65.16   50.15
 -86134.219   647.166    -6.59   41.69
 -85762.785   624.048   -62.24   42.73
 -85391.263   599.069   -67.23   46.58
 -85019.654   567.631   -84.60   48.64
 -84647.958   540.152   -73.92   42.54
 -84276.174   516.141   -64.58   31.22
 -83904.303   506.175   -26.80   27.73
 -83532.344   502.359   -10.26   35.45
 -83160.297   512.615    27.56   53.41
 -82788.163   520.578    21.40   64.17
 -82415.941   521.170     1.59   68.64
 -82043.631   500.421   -55.73   73.86
 -81671.233   468.689   -85.21   71.03
 -81298.747   431.199  -100.64   51.21
 -80926.173   407.641   -63.23   34.31
 -80553.511   388.291   -51.92   30.48
 -80180.761   375.026   -35.59   28.17
 -79807.923   359.942   -40.46   23.52
 -79434.996   343.203   -44.88   24.40
 -79061.981   322.169   -56.39   24.70
 -78688.878   303.479   -50.09   23.02
 -78315.686   288.558   -39.98   12.36
 -77942.405   285.359    -8.57   13.96
 -77569.036   283.340    -5.41   17.77
 -77195.579   281.998    -3.59   17.97
 -76822.032   281.830    -0.45   20.03
 -76448.397   284.085     6.04   26.09
 -76074.673   283.167    -2.46   29.95
 -75700.860   279.218   -10.56   30.97
 -75326.958   277.334    -5.04   33.88
 -74952.967   275.748    -4.24   33.26
 -74578.887   284.882    24.42   45.37
 -74204.718   298.274    35.79   60.88
 -73830.460   319.605    56.99   67.39
 -73456.112   323.605    10.68   62.29
 -73081.675   322.982    -1.67   55.77
 -72707.148   314.372   -22.99   50.39
 -72332.532   296.988   -46.40   38.33
 -71957.827   282.126   -39.66   26.61
 -71583.032   273.855   -22.07   20.62
 -71208.147   267.652   -16.54   16.04
 -70833.172   263.451   -11.20   11.07
 -70458.108   259.393   -10.82    8.28
 -70082.954   261.245     4.94   16.69
 -69707.710   293.051    84.76   64.46
 -69332.376   334.341   110.01   85.71
 -68956.952   378.420   117.40   81.33
 -68581.437   395.240    44.79   77.13
 -68205.833   378.814   -43.73   89.00
 -67830.138   335.847  -114.36   75.31
 -67454.353   302.123   -89.74   60.09
 -67078.478   285.800   -43.43   57.75
 -66702.512   277.951   -20.88   70.11
 -66326.456   274.319    -9.66   77.04
 -65950.309   260.838   -35.84   67.08
 -65574.072   241.906   -50.32   46.14
 -65197.744   226.304   -41.46   32.68
 -64821.325   217.282   -23.97   25.68
 -64444.815   208.430   -23.51   19.42
 -64068.214   201.504   -18.39    9.52
 -63691.523   200.836    -1.77    7.46
 -63314.740   203.458     6.96   11.55
 -62937.866   205.430     5.23   14.72
 -62560.902   207.963     6.72   18.84
 -62183.845   209.338     3.65   21.44
 -61806.698   210.921     4.20   21.24
 -61429.459   209.689    -3.27   21.14
 -61052.129   209.532    -0.42   20.90
 -60674.708   209.460    -0.19   22.44
 -60297.195   209.910     1.19   24.10
 -59919.590   209.843    -0.18   26.08
 -59541.894   206.011   -10.14   27.33
 -59164.105   201.356   -12.32   25.34
 -58786.226   196.560   -12.69   20.79
 -58408.254   192.180   -11.59   15.78
 -58030.190   189.781    -6.34   13.65
 -57652.034   186.044    -9.88   13.33
 -57273.786   181.236   -12.71   12.62
 -56895.446   176.073   -13.65   11.05
 -56517.014   174.138    -5.11   10.76
 -56138.490   174.754     1.63   12.26
 -55759.873   177.573     7.45   15.90
 -55381.164   180.095     6.66   19.78
 -55002.362   183.104     7.94   23.29
 -54623.468   186.433     8.79   26.01
 -54244.481   188.436     5.29   26.71
 -53865.402   185.387    -8.04   22.90
 -53486.230   182.755    -6.94   21.08
 -53106.965   177.726   -13.26   17.67
 -52727.607   173.282   -11.71   13.73
 -52348.156   169.835    -9.08   10.95
 -51968.612   168.801    -2.73   11.87
 -51588.975   168.606    -0.51   14.11
 -51209.245   167.643    -2.54   14.43
 -50829.422   165.671    -5.19   12.40
 -50449.506   162.817    -7.51   10.05
 -50069.496   162.631    -0.49    9.66
 -49689.393   162.671     0.11    9.78
 -49309.196   162.880     0.55    9.19
 -48928.906   163.323     1.16    9.48
 -48548.522   162.267    -2.78    8.22
 -48168.044   159.690    -6.77    6.13
 -47787.473   157.737    -5.13    4.38
 -47406.808   158.754     2.67    6.71
 -47026.049   159.246     1.29    8.56
 -46645.196   162.644     8.92   12.72
 -46264.249   163.736     2.86   13.79
 -45883.207   162.644    -2.87   12.25
 -45502.072   160.998    -4.32    9.91
 -45120.843   158.828    -5.69    9.06
 -44739.519   156.828    -5.24    9.35
 -44358.101   155.904    -2.42    9.62
 -43976.588   156.138     0.61    8.82
 -43594.981   156.914     2.03    7.17
 -43213.279   158.044     2.96    7.77
 -42831.483   159.387     3.52   11.04
 -42449.592   161.855     6.46   15.80
 -42070.467   165.554     9.76   19.69
 -41706.318   171.272    15.70   22.45
 -41342.085   173.152     5.16   22.27
 -40977.768   175.213     5.65   22.78
 -40613.366   172.635    -7.07   24.51
 -40248.879   170.910    -4.73   26.04
 -39884.309   165.591   -14.59   21.94
 -39519.653   160.560   -13.80   17.06
 -39154.913   160.521    -0.11   18.94
 -38790.089   165.790    14.44   27.10
 -38425.180   171.847    16.60   31.37
 -38060.186   180.508    23.73   33.06
 -37695.107   186.588    16.65   32.51
 -37329.943   188.428     5.04   29.72
 -36964.695   185.290    -8.59   25.83
 -36599.361   182.266    -8.28   23.09
 -36233.943   182.326     0.17   20.54
 -35868.439   184.319     5.45   19.77
 -35502.850   187.690     9.22   17.08
 -35137.176   188.960     3.48   11.50
 -34771.416   188.188    -2.11    8.59
 -34405.572   181.535   -18.18    9.90
 -34039.641   175.341   -16.93    9.52
 -33673.626   169.060   -17.16    9.57
 -33307.525   165.020   -11.03   10.42
 -32941.338   161.545    -9.49   11.57
 -32575.065   156.581   -13.55   13.24
 -32208.707   150.075   -17.76   14.13
 -31842.263   140.802   -25.31   14.04
 -31475.734   132.791   -21.86   13.98
 -31109.118   122.757   -27.37   12.16
 -30742.417   112.717   -27.38   14.26
 -30375.629   103.029   -26.41   15.96
 -30008.756    94.319   -23.74   13.71
 -29641.796    92.465    -5.05   15.29
 -29274.750    95.352     7.87   23.61
 -28907.618   113.554    49.58   39.97
 -28540.399   132.893    52.66   43.00
 -28173.094   152.378    53.05   34.17
 -27805.703   160.014    20.79   19.40
 -27438.225   154.025   -16.30   20.09
 -27070.661   143.834   -27.73   16.62
 -26703.010   141.115    -7.39   12.41
 -26335.273   144.426     9.00   13.11
 -25967.448   150.259    15.86   10.63
 -25599.537   154.019    10.22    7.18
 -25231.539   152.926    -2.97    7.53
 -24863.454   148.577   -11.82   10.69
 -24495.283   140.994   -20.60   12.85
 -24127.024   134.512   -17.60   12.04
 -23758.678   133.840    -1.82   11.89
 -23390.245   138.435    12.47   13.08
 -23021.724   143.362    13.37   10.86
 -22653.117   148.864    14.93    8.55
 -22284.422   153.378    12.24    8.29
 -21915.639   156.240     7.76    9.33
 -21546.769   158.135     5.14   12.06
 -21177.812   157.718    -1.13   15.19
 -20808.767   154.992    -7.38   14.38
 -20439.634   150.180   -13.04   14.15
 -20070.414   144.158   -16.31   14.28
 -19701.106   140.341   -10.33   14.81
 -19331.710   135.359   -13.49   15.89
 -18962.226   131.942    -9.25   16.09
 -18592.654   129.717    -6.02   14.24
 -18222.994   126.521    -8.65   15.97
 -17853.246   126.204    -0.86   19.65
 -17483.410   125.878    -0.88   21.87
 -17113.486   124.626    -3.38   20.72
 -16743.473   119.900   -12.77   17.65
 -16373.372   116.140   -10.16   19.60
 -16003.183   116.093    -0.13   23.13
 -15632.905   119.754     9.89   27.10
 -15262.539   125.654    15.93   25.51
 -14892.084   126.840     3.20   22.14
 -14521.541   118.449   -22.64   24.11
 -14150.908   104.444   -37.79   23.54
 -13780.187    88.735   -42.37   22.36
 -13409.377    74.172   -39.27   18.59
 -13038.478    58.902   -41.17   15.18
 -12667.491    48.047   -29.26   13.06
 -12296.414    39.410   -23.28    9.12
 -11925.248    35.072   -11.69    6.62
 -11553.993    33.166    -5.13    6.23
 -11182.649    33.333     0.45    9.61
 -10811.215    33.906     1.54   12.59
 -10439.692    31.213    -7.25   13.79
 -10068.080    27.429   -10.18   12.08
  -9696.378    26.228    -3.23   11.07
  -9324.586    29.780     9.55   14.92
  -8952.705    35.826    16.26   18.53
  -8580.735    43.619    20.95   20.07
  -8208.674    50.788    19.27   20.62
  -7836.524    53.932     8.45   23.51
  -7464.284    53.817    -0.31   24.34
  -7091.954    48.145   -15.23   22.34
  -6719.534    42.411   -15.40   19.20
  -6347.024    34.589   -21.00   16.99
  -5974.424    20.890   -36.77   17.44
  -5601.733    10.288   -28.45   13.34
  -5228.953     4.430   -15.71    6.24
  -4856.082     6.609     5.84    6.89
  -4483.120     9.756     8.44    5.94
  -4110.069    10.413     1.76    4.82
  -3736.926     7.433    -7.99    5.75
  -3363.693     4.054    -9.05    4.83
  -2990.370     2.047    -5.37    3.47
  -2616.956     1.540    -1.36    3.01
  -2243.451     2.342     2.15    3.95
  -1869.855     3.025     1.83    4.51
  -1496.168     1.726    -3.48    3.87
  -1122.390     0.277    -3.88    2.03
   -748.521    -0.283    -1.50    0.10
   -374.562    -0.292    -0.02    0.00
     -0.510    -0.292     0.00    0.00
    373.632    -0.292     0.00    0.00
    747.865    -0.292     0.00    0.00
   1122.190    -0.292     0.00    0.00
   1496.607    -0.107     0.49    1.07
   1871.115     2.054     5.77    4.67
   2245.714     4.626     6.87    5.74
   2620.405     7.963     8.90    6.06
   2995.188    10.287     6.20    4.98
   3370.063    12.114     4.87    4.10
   3745.029    11.654    -1.23    3.81
   4120.087    11.956     0.81    3.48
   4495.238    11.119    -2.23    3.46
   4870.480    10.314    -2.15    3.35
   5245.815     9.230    -2.89    3.64
   5621.241     8.199    -2.75    3.98
   5996.760    10.190     5.30    8.15
   6372.371    16.960    18.03   14.58
   6748.075    27.745    28.71   17.88
   7123.871    39.602    31.55   17.46
   7499.759    50.237    28.29   11.29
   7875.740    56.503    16.67    8.47
   8251.814    60.291    10.07    6.22
   8627.980    62.348     5.47    6.12
   9004.239    61.636    -1.89    7.35
   9380.591    58.057    -9.51   10.85
   9757.036    51.041   -18.64   17.41
  10133.574    43.410   -20.27   20.58
  10510.205    34.467   -23.74   20.15
  10886.929    28.016   -17.12   18.71
  11263.746    27.110    -2.40   17.32
  11640.657    26.644    -1.23   15.83
  12017.661    28.944     6.10   14.63
  12394.758    32.969    10.67   14.12
  12771.949    37.791    12.78   11.64
  13149.233    41.593    10.08    9.41
  13526.611    45.493    10.33    4.70
  13904.082    48.717     8.54    3.99
  14281.647    52.727    10.62    5.86
  14659.307    56.163     9.10    7.24
  15037.059    58.282     5.61    9.14
  15414.906    59.989     4.52    8.02
  15792.847    61.772     4.72    4.26
  16170.882    60.529    -3.29    5.58
  16549.011    57.781    -7.27    6.40
  16927.234    53.435   -11.49    7.11
  17305.552    49.080   -11.51    7.14
  17683.964    44.708   -11.55    7.48
  18062.470    39.681   -13.28    7.32
  18441.071    36.451    -8.53    4.64
  18819.767    37.593     3.02    5.99
  19198.557    40.029     6.43    8.12
  19577.442    43.324     8.70    7.98
  19956.421    46.217     7.63    6.72
  20335.496    45.281    -2.47    8.04
  20714.665    44.798    -1.27   14.39
  21093.929    51.863    18.63   23.29
  21473.289    61.262    24.78   25.60
  21852.743    71.576    27.18   17.45
  22232.293    73.610     5.36   11.55
  22611.938    70.448    -8.33    9.02
  22991.679    65.257   -13.67    5.74
  23371.514    62.846    -6.35    4.72
  23751.446    62.636    -0.55    5.47
  24131.472    62.846     0.55    5.80
  24511.595    65.071     5.85    6.29
  24891.813    67.555     6.53    6.24
  25272.127    69.789     5.87    7.06
  25652.537    71.485     4.46    7.87
  26033.042    73.983     6.57    8.10
  26413.644    77.699     9.76    6.90
  26794.342    81.118     8.98    7.08
  27175.136    84.505     8.89   10.47
  27556.026    88.412    10.26   13.38
  27937.012    92.994    12.03   14.66
  28318.095    97.708    12.37   16.45
  28699.274   100.387     7.03   15.68
  29080.549   100.944     1.46   13.64
  29461.922    99.185    -4.61    9.26
  29843.390    99.315     0.34    6.62
  30224.956   103.708    11.51    9.21
  30606.618   110.673    18.25   13.97
  30988.377   120.050    24.56   16.50
  31370.233   128.503    22.14   16.99
  31752.186   136.690    21.44   16.07
  32134.236   141.244    11.92   15.48
  32516.384   144.934     9.66   15.45
  32884.614   148.159     8.76   15.22
  33248.603   152.149    10.96   14.86
  33612.677   157.628    15.05   12.96
  33976.837   158.991     3.74    9.62
  34341.084   155.775    -8.83    9.39
  34705.417   150.842   -13.54    8.59
  35069.836   148.805    -5.59    5.99
  35434.341   153.458    12.76   12.73
  35798.933   163.462    27.44   19.07
  36163.611   172.519    24.84   17.84
  36528.375   174.147     4.46   15.25
  36893.227   172.027    -5.81   15.87
  37258.165   165.084   -19.02   13.35
  37623.189   158.857   -17.06   11.07
  37988.301   152.781   -16.64   15.35
  38353.499   147.321   -14.95   18.75
  38718.784   144.434    -7.90   18.30
  39084.156   147.890     9.46   18.97
  39449.615   155.133    19.82   18.85
  39815.161   166.140    30.11   15.65
  40180.794   180.924    40.43   14.90
  40546.515   190.892    27.26   13.21
  40912.323   197.875    19.09   11.83
  41278.218   201.663    10.35   10.11
  41644.200   205.146     9.51    9.74
  42010.270   204.799    -0.95    9.88
  42376.427   200.334   -12.19   11.76
  42742.672   194.942   -14.72   12.62
  43109.005   186.271   -23.67   12.95
  43475.425   177.208   -24.73   16.01
  43841.933   170.344   -18.73   18.57
  44208.529   166.230   -11.22   18.36
  44575.212   165.301    -2.53   19.71
  44941.984   167.637     6.37   20.07
  45308.844   168.734     2.99   19.56
  45675.792   164.708   -10.97   19.29
  46042.827   156.655   -21.94   18.30
  46409.951   151.021   -15.35   15.69
  46777.164   147.717    -9.00   15.07
  47144.464   148.340     1.70   14.65
  47511.854   148.651     0.85   12.92
  47879.331   151.894     8.83   11.15
  48246.897   155.834    10.72   11.53
  48614.552   161.699    15.95   13.53
  48982.295   166.445    12.91   15.61
  49350.127   171.134    12.75   14.78
  49718.048   173.717     7.02   10.34
  50086.057   174.592     2.38    9.06
  50454.156   174.833     0.65    9.53
  50822.343   177.243     6.55   10.29
  51190.619   181.974    12.85   11.57
  51558.985   186.234    11.57   11.97
  51927.440   187.798     4.24   12.40
  52295.984   186.744    -2.86   13.17
  52664.617   187.876     3.07   13.83
  53033.339   190.863     8.10   15.22
  53402.151   196.910    16.40   13.46
  53771.053   202.982    16.46   10.31
  54140.044   209.619    17.99    8.85
  54509.124   214.840    14.15    7.76
  54878.295   217.736     7.84    5.77
  55247.555   215.805    -5.23    9.02
  55616.905   206.663   -24.75   17.48
  55986.344   191.920   -39.91   25.30
  56355.874   177.769   -38.30   28.50
  56725.493   162.432   -41.50   27.07
  57095.203   148.000   -39.04   26.15
  57465.003   140.181   -21.15   21.73
  57834.893   137.230    -7.98   17.64
  58204.873   135.425    -4.88   17.94
  58574.944   135.310    -0.31   21.75
  58945.105   125.508   -26.48   28.79
  59315.356   111.879   -36.81   29.86
  59685.698    98.097   -37.21   25.54
  60056.131    85.381   -34.33   23.44
  60426.654    73.081   -33.20   22.86
  60797.268    63.273   -26.46   18.29
  61167.973    53.066   -27.54   13.02
  61538.769    45.969   -19.14   10.32
  61909.655    44.931    -2.80    9.37
  62280.633    46.869     5.22   11.75
  62651.701    55.287    22.69   16.94
  63022.861    67.501    32.91   16.06
  63394.112    76.919    25.37   10.78
  63765.454    84.267    19.79    7.37
  64136.887    88.797    12.20    7.19
  64508.412    90.524     4.65    8.04
  64880.029    88.651    -5.04   10.72
  65251.736    81.612   -18.94   12.71
  65623.536    76.077   -14.89    8.67
  65995.427    77.177     2.96    8.23
  66367.410    82.860    15.28   11.17
  66739.484    91.780    23.98   11.69
  67111.651    99.436    20.57    9.83
  67483.909   106.208    18.19    5.94
  67856.260   110.204    10.73    6.54
  68228.702   114.014    10.23    8.07
  68601.237   118.585    12.27    8.02
  68973.864   119.212     1.68    7.98
  69346.583   114.923   -11.51   11.94
  69719.394   104.134   -28.94   16.18
  70092.298    96.699   -19.94   12.22
  70465.294    94.788    -5.12    8.92
  70838.383    97.485     7.23    9.74
  71211.564   101.221    10.01    9.30
  71584.839   101.164    -0.15    9.48
  71958.205   101.222     0.15    9.53
  72331.665   104.682     9.26   10.85
  72705.218   109.888    13.94   10.94
  73078.863   117.234    19.66   10.63
  73452.602   121.451    11.28    8.15
  73826.433   120.404    -2.80    9.42
  74200.358   117.708    -7.21    9.08
  74574.376   115.926    -4.76    7.49
  74948.487   116.212     0.76    7.05
  75322.692   118.931     7.27    7.57
  75696.990   122.690    10.04    8.48
  76071.382   124.901     5.90    8.62
  76445.867   127.555     7.09    9.07
  76820.446   129.892     6.24    9.03
  77195.118   128.350    -4.12    9.71
  77569.885   123.559   -12.79    8.33
  77944.745   119.154   -11.75    6.31
  78319.699   113.954   -13.87    5.24
  78694.747   111.788    -5.78    5.68
  79069.889   112.663     2.33    7.52
  79445.126   114.830     5.77    8.90
  79820.456   118.995    11.10    7.07
  80195.881   118.891    -0.28    6.86
  80571.400   114.137   -12.66    8.57
  80947.014   111.103    -8.08    7.00
  81322.722   112.168     2.84    8.08
  81698.524   116.363    11.16    9.66
  82074.422   121.517    13.71    8.23
  82450.413   125.918    11.71    6.13
  82826.500   127.186     3.37    5.64
  83202.682   128.529     3.57    3.99
  83578.958   128.421    -0.29    4.91
  83955.330   126.945    -3.92    6.91
  84331.796   125.920    -2.72    7.40
  84708.358   123.352    -6.82    8.46
  85085.014   116.546   -18.07   13.56
  85461.767   105.665   -28.88   19.56
  85838.614    95.154   -27.89   17.38
  86215.557    89.638   -14.63   13.07
  86592.595    87.445    -5.82   10.90
  86969.729    94.182    17.86   19.72
  87346.959   107.143    34.36   27.72
  87724.284   126.699    51.83   32.41
  88101.705   146.846    53.38   31.26
  88479.222   166.590    52.30   24.53
  88856.834   180.148    35.91   19.37
  89234.543   191.168    29.18   14.24
  89612.348   197.621    17.08   12.78
  89990.249   204.325    17.74   13.09
  90368.246   210.965    17.57   11.67
  90746.339   216.458    14.53    9.36
  91124.529   222.789    16.74    9.95
  91502.815   228.482    15.05   10.10
  91881.198   233.095    12.19    8.98
  92259.677   236.587     9.23    6.73
  92638.253   238.257     4.41    5.35
  93016.926   237.340    -2.42    4.96
  93395.695   234.613    -7.20    6.19
  93774.562   230.867    -9.89    7.12
  94153.525   227.821    -8.04    6.71
  94532.585   225.363    -6.49    4.78
  94911.742   226.016     1.72    5.25
  95290.997   228.038     5.33    5.01
  95670.349   231.234     8.42    4.61
  96049.798   235.208    10.47    5.22
  96429.344   240.699    14.47    7.80
  96808.988   245.584    12.87    7.01
  97188.729   248.962     8.90    4.89
  97568.568   250.096     2.98    5.23
  97948.505   248.181    -5.04    6.16
  98328.539   242.546   -14.83    9.74
  98708.672   234.935   -20.02   14.32
  99088.902   225.217   -25.56   16.29
  99469.230   213.125   -31.80   16.01
  99849.656   200.595   -32.94   15.94
 100230.181   189.956   -27.96   14.00
 100610.803   179.665   -27.04   10.35
 100991.524   179.499    -0.43   12.86
 101372.343   188.319    23.16   22.60
 101753.261   202.204    36.45   28.20
 102134.277   219.297    44.87   26.53
 102515.392   231.010    30.73   24.56
 102896.605   240.213    24.14   23.30
 103277.917   251.984    30.87   22.67
 103659.328   263.672    30.65   25.95
 104040.838   272.415    22.92   28.55
 104422.447   282.857    27.37   29.14
 104804.154   293.182    27.05   27.39
 105185.961   303.352    26.64   21.34
 105567.867   310.024    17.47   12.26
 105949.873   310.934     2.38    9.24
 106331.977   308.443    -6.52   11.81
 106714.182   308.725     0.74   13.06
 107096.485   309.763     2.71   13.83
 107472.172   311.464     4.53   11.83
 107835.916   313.004     4.23   10.55
 108199.748   312.883    -0.33   14.56
 108563.668   312.786    -0.27   16.17
 108927.675   314.754     5.41   16.38
 109291.771   315.308     1.52   16.84
 109655.954   312.777    -6.95   17.82
 110020.226   309.951    -7.76   18.90
 110384.586   306.255   -10.15   18.87
 110749.033   304.487    -4.85   16.79
 111113.570   303.910    -1.58   14.42
 111478.194   303.520    -1.07   12.98
 111842.907   304.653     3.11   12.79
 112207.708   307.510     7.83   13.53
 112572.597   312.217    12.90   13.83
 112937.576   318.644    17.61   13.08
 113302.642   324.493    16.02   11.43
 113667.798   330.337    16.01   13.26
 114033.042   336.352    16.47   14.94
 114398.375   339.924     9.78   13.16
 114763.797   342.633     7.42   10.90
 115129.308   347.277    12.71   11.00
 115494.908   355.064    21.30   15.23
 115860.597   369.044    38.23   18.23
 116226.375   384.053    41.03   17.69
 116592.242   395.469    31.21   12.81
 116958.199   398.917     9.42   12.51
 117324.245   397.486    -3.91   15.87
 117690.380   395.117    -6.47   18.09
 118056.605   397.424     6.30   20.06
 118422.920   401.613    11.44   21.09
 118789.323   409.531    21.61   19.55
 119155.817   418.420    24.26   16.22
 119522.400   423.770    14.60   11.61
 119889.074   426.372     7.10    8.14
 120255.837   425.846    -1.43    8.84
 120622.689   422.272    -9.74   11.54
 120989.632   414.708   -20.61   13.88
 121356.665   406.406   -22.62   15.01
 121723.788   397.558   -24.10   13.59
 122091.002   391.956   -15.26   11.76
 122458.305   384.440   -20.47   10.22
 122825.699   382.683    -4.78    9.82
 123193.183   387.234    12.39   14.14
 123560.758   399.217    32.60   20.69
 123928.423   412.927    37.29   20.37
 124296.179   424.912    32.59   13.04
 124664.026   431.156    16.98    8.05
 125031.963   430.352    -2.19   10.28
 125399.991   426.387   -10.77   11.97
 125768.110   419.323   -19.19   12.38
 126136.320   410.717   -23.38   13.38
 126504.621   401.534   -24.93   12.75
 126873.013   394.392   -19.39   13.06
 127241.496   385.935   -22.95   12.61
 127610.070   379.674   -16.99   10.04
 127978.735   376.277    -9.21   10.80
 128347.492   374.566    -4.64   13.27
 128716.340   371.717    -7.73   14.98
 129085.280   368.965    -7.46   14.30
 129454.311   368.005    -2.60   12.42
 129823.434   367.070    -2.53   11.35
 130192.648   368.035     2.61   10.11
 130561.955   365.880    -5.84    9.30
 130931.353   363.962    -5.19    9.45
 131300.843   362.321    -4.44   11.23
 131670.424   363.286     2.61   12.64
 132040.098   366.416     8.47   12.28
 132409.864   367.599     3.20    8.38
 132779.722   365.795    -4.88    7.23
 133149.673   359.229   -17.75    8.90
 133519.715   352.135   -19.17    9.44
 133889.850   344.998   -19.29    8.89
 134260.078   340.588   -11.91    7.61
 134630.397   334.726   -15.83    9.32
 135000.810   323.605   -30.03   14.28
 135371.315   311.149   -33.62   17.52
 135741.913   296.844   -38.60   16.39
 136112.603   288.030   -23.78   12.12
 136483.387   286.266    -4.76   11.76
 136854.263   289.734     9.35   12.43
 137225.232   292.341     7.03   11.17
 137596.295   289.608    -7.36   17.21
 137967.450   278.606   -29.64   26.32
 138338.699   264.576   -37.79   27.41
 138710.041   248.863   -42.32   22.88
 139081.476   237.441   -30.75   13.93
 139453.005   232.611   -13.00   10.66
 139824.627   234.013     3.77   13.11
 140196.342   237.620     9.70   15.65
 140568.152   241.301     9.90   18.04
 140940.055   246.424    13.77   21.47
 141312.051   250.110     9.91   24.85
 141684.142   251.734     4.37   27.08
 142056.326   256.499    12.81   29.01
 142428.605   258.849     6.31   27.64
 142800.977   256.580    -6.09   24.77
 143173.444   246.752   -26.39   25.05
 143546.004   236.132   -28.51   24.41
 143918.659   227.366   -23.52   19.79
 144291.409   223.623   -10.04   21.55
 144664.252   224.484     2.31   24.22
 145037.190   223.127    -3.64   24.82
 145410.223   218.623   -12.08   23.52
 145783.350   211.824   -18.22   20.54
 146156.572   204.930   -18.47   18.01
 146529.889   200.691   -11.36   18.16
 146903.300   201.277     1.57   22.68
 147276.807   205.166    10.41   30.38
 147650.408   215.163    26.76   39.05
 148024.105   232.318    45.91   47.78
 148397.896   252.115    52.97   48.60
 148771.783   269.113    45.47   40.73
 149145.765   275.918    18.20   32.84
 149519.842   275.682    -0.63   29.41
 149894.015   262.878   -34.22   28.74
 150268.283   248.117   -39.44   29.18
 150642.647   226.156   -58.67   30.98
 151017.106   208.546   -47.03   25.38
 151391.661   206.113    -6.49   30.92
 151766.312   218.927    34.20   52.80
 152141.058   234.135    40.59   68.78
 152515.901   243.091    23.89   74.15
 152890.839   232.012   -29.55   74.13
 153265.874   205.588   -70.46   60.99
 153641.005   179.725   -68.95   35.29
 154016.231   164.744   -39.93   14.92
 154391.555   159.827   -13.10    8.92
 154766.974   158.826    -2.67    8.50
 155142.490   159.977     3.06    7.25
 155518.103   161.178     3.20    5.41
 155893.812   161.836     1.75    3.97
 156269.617   160.993    -2.25    3.70
 156645.520   159.354    -4.36    3.95
 157021.519   156.616    -7.28    4.90
 157397.615   153.383    -8.59    7.54
 157773.808   151.882    -3.99   10.29
 158150.098   152.264     1.02   13.61
 158526.485   156.778    11.99   20.82
 158902.969   160.300     9.36   21.94
 159279.551   162.735     6.47   22.50
 159656.230   166.817    10.84   24.90
 160033.006   169.024     5.86   27.98
 160409.879   173.296    11.34   31.31
 160786.851   172.802    -1.31   32.32
 161163.919   168.837   -10.52   33.58
 161541.086   162.775   -16.07   31.86
 161918.350   158.541   -11.22   30.81
 162295.712   159.477     2.48   33.78
 162673.173   169.452    26.43   44.35
 163050.731   191.809    59.22   59.98
 163428.387   214.827    60.95   66.74
 163806.141   230.007    40.19   58.22
 164183.994   218.861   -29.50   55.48
 164561.944   192.137   -70.71   54.61
 164939.993   155.127   -97.91   35.20
 165318.141   136.486   -49.30   12.40
 165696.387   141.674    13.72   21.38
 166074.732   157.267    41.22   33.23
 166453.175   177.335    53.03   37.04
 166831.718   191.318    36.94   32.78
 167210.359   205.726    38.05   27.33
 167589.099   216.069    27.31   22.78
 167967.938   229.482    35.41   22.01
 168346.876   242.515    34.40   18.63
 168725.913   252.802    27.14   11.85
 169105.049   262.623    25.91   13.76
 169484.285   279.575    44.70   27.56
 169863.620   307.975    74.88   37.63
 170243.054   334.599    70.17   34.51
 170622.588   352.903    48.23   23.60
 171002.222   354.516     4.25   16.96
 171381.955   341.743   -33.64   26.33
 171761.788   314.801   -70.94   40.92
 172141.721   284.338   -80.19   48.67
 172521.754   251.571   -86.23   42.69
 172901.887   230.894   -54.40   27.87
 173282.120   234.522     9.54   35.53
 173662.453   262.125    72.58   46.35
 174042.886   290.186    73.77   32.08
 174423.420   298.431    21.67   20.63
 174804.054   283.087   -40.31   30.11
 175184.788   258.742   -63.95   27.33
 175565.623   249.634   -23.92   21.39
 175946.559   248.564    -2.81   22.34
 176327.595   249.086     1.37   20.69
 176708.732   246.024    -8.04   18.36
 177089.970   242.150   -10.16   15.96
 177471.309   239.247    -7.61   17.37
 177852.749   242.153     7.62   18.43
 178234.290   250.494    21.86   20.10
 178615.933   261.488    28.81   24.00
 178997.676   275.733    37.32   22.50
 179379.521   293.928    47.66   13.93
 179761.467   302.615    22.74    9.16
 180143.515   302.903     0.75    9.99
 180525.665   290.311   -32.95   21.49
 180907.916   274.080   -42.47   22.73
 181290.268   257.145   -44.30   18.03
 181672.723   240.906   -42.46   22.14
 182055.280   225.437   -40.44   27.32
 182419.912   209.466   -43.80   29.39
 182783.504   194.204   -41.98   27.66
 183147.184   185.667   -23.48   24.73
 183510.955   182.013   -10.04   25.52
 183874.815   185.825    10.48   26.58
 184238.764   190.311    12.33   24.11
 184602.804   190.369     0.16   22.19
 184966.933   183.956   -17.61   24.22
 185331.152   171.380   -34.53   26.66
 185695.460   155.571   -43.40   29.71
 186059.859   135.024   -56.39   34.12
 186424.348   114.313   -56.83   37.07
 186788.927   100.243   -38.60   31.48
 187153.596    99.923    -0.88   29.23
 187518.355   114.454    39.84   38.33
 187883.205   136.935    61.62   31.77
 188248.145   147.254    28.28   20.95
 188613.175   140.960   -17.24   27.26
 188978.296   113.922   -74.06   36.51
 189343.507    83.454   -83.43   38.02
 189708.809    53.725   -81.39   33.01
 190074.202    26.409   -74.77   27.11
 190439.686    22.501   -10.69   33.29
 190805.260    42.761    55.42   55.38
 191170.926    78.435    97.57   59.31
 191536.682   109.750    85.63   40.86
 191902.529   122.501    34.86   19.15
 192268.468   119.179    -9.08   17.39
 192634.497   119.691     1.40   15.36
 193000.618   129.259    26.14   19.15
 193366.831   144.624    41.96   20.68
 193733.134   159.217    39.84   18.57
 194099.529   168.011    24.00   11.71
 194466.016   171.257     8.86   10.73
 194832.594   172.790     4.18   10.81
 195199.264   172.364    -1.16   10.24
 195566.026   173.091     1.98   10.42
 195932.879   170.081    -8.21   12.30
 196299.825   162.989   -19.33   16.56
 196666.862   155.945   -19.19   17.03
 197033.991   148.793   -19.48   12.95
 197401.212   144.915   -10.56    9.63
 197768.526   143.998    -2.50    7.65
 198135.932   142.658    -3.65    8.31
 198503.430   138.458   -11.43    8.47
 198871.020   132.144   -17.18    8.07
 199238.703   127.576   -12.43    7.11
 199606.478   125.170    -6.54    7.69
 199974.346   123.439    -4.70    7.88
 200342.306   119.475   -10.78    7.41
 200710.359   114.030   -14.80    8.93
 201078.505   107.020   -19.04   11.20
 201446.744    98.411   -23.38   21.11
 201815.076    84.865   -36.78   28.65
 202183.501    74.939   -26.94   24.94
 202552.018    72.315    -7.12   23.18
 202920.629    75.288     8.07   22.78
 203289.334    84.559    25.15   14.32
 203658.131    89.129    12.39    9.83
 204027.022    86.667    -6.68   11.14
 204396.006    82.708   -10.73   12.07
 204765.083    76.161   -17.74   14.27
 205134.255    65.150   -29.83   20.91
 205503.519    49.012   -43.71   21.40
 205872.878    34.515   -39.26   17.61
 206242.330    27.970   -17.72   11.32
 206611.876    26.569    -3.79    8.78
 206981.516    30.800    11.45   11.64
 207351.250    37.632    18.48   18.24
 207721.079    50.411    34.56   26.93
 208091.001    59.692    25.09   28.76
 208461.017    67.195    20.28   26.21
 208831.128    68.498     3.52   21.02
 209201.333    66.841    -4.48   15.60
 209571.632    65.750    -2.95   11.55
 209942.026    64.544    -3.26    9.68
 210312.515    66.700     5.82   10.63
 210683.098    72.250    14.98   12.30
 211053.776    80.501    22.26   12.23
 211424.548    86.566    16.36    9.72
 211795.416    90.290    10.04    8.72
 212166.378    90.394     0.28    8.74
 212537.436    84.069   -17.05   12.37
 212908.588    75.262   -23.73   11.93
 213279.836    66.191   -24.44   10.58
 213651.178    62.353   -10.34    9.51
 214022.617    59.700    -7.14   10.47
 214394.150    57.598    -5.66   10.92
 214765.779    54.534    -8.24   10.71
 215137.503    53.812    -1.94   10.75
 215509.323    54.913     2.96   12.32
 215881.239    58.534     9.74   13.92
 216253.251    64.717    16.62   13.57
 216625.358    72.353    20.52   12.29
 216997.561    80.317    21.40   12.27
 217369.860    89.000    23.33   10.83
 217742.255    96.077    19.01    8.24
 218114.746   100.217    11.12    4.82
 218487.333    98.954    -3.39    6.52
 218860.017    93.437   -14.81   10.87
 219232.797    85.233   -22.01   13.34
 219605.673    75.508   -26.08   13.46
 219978.646    64.850   -28.58   14.17
 220351.716    61.121    -9.99   12.20
 220724.882    60.520    -1.61    9.93
 221098.144    58.096    -6.49    9.75
 221471.504    56.142    -5.23   11.06
 221844.960    52.622    -9.43   10.63
 222218.513    49.163    -9.26    7.22
 222592.163    51.149     5.32    9.55
 222965.911    56.006    13.00   12.96
 223339.755    59.823    10.21   13.84
 223713.697    66.195    17.04   14.24
 224087.736    69.790     9.61   12.71
 224461.872    73.356     9.53   10.42
 224836.106    79.759    17.11    8.79
