# NaN NaN NaN ;Mean Elev.(m), Avg Gradient(m/km), RMS Gradient(m/km) - SRTM1     
#  136.065 -11.387  33.914 ;Mean Elev.(m), Avg Gradient(m/km), RMS Gradient(m/km) - ASTER GDEM
#  149.984 -10.242  35.083 ;Mean Elev.(m), Avg Gradient(m/km), RMS Gradient(m/km) - GMTED2010 
  8 115.505923  60.743678   157.360   157.360  2 52488.13886943 10.203
  9 115.497786  60.743034   159.016   159.016  2 52523.13884296  8.975
 10 115.507622  60.743525   153.685   153.481  3 52558.13889301 42.905
 11 115.500218  60.744210   153.302   153.302  2 52593.13889200 15.085
 12 115.523617  60.742903   154.949   154.949  2 52628.13881390 10.742
 13 115.503784  60.742966   155.179   154.167  3 52663.13885443  7.954
 14 115.523055  60.742619   155.586   156.650  3 52698.13882968  8.803
 16 115.492073  60.743664   152.583   152.525  3 52768.13885847 32.195
 17 115.519283  60.743668   156.152   156.070  3 52803.13887546 48.074
 18 115.515402  60.742309   154.709   154.709  2 52838.13893977 12.932
 19 115.512552  60.744385   156.322   156.322  2 52873.13897950 41.319
 20 115.506172  60.743578   153.696   153.696  2 52908.13896392 36.014
 21 115.526784  60.742625   152.481   152.469  3 52943.13888900 44.755
 23 115.499608  60.743232   152.954   152.954  2 53013.13894929  8.610
 24 115.514149  60.742405   154.971   154.971  2 53048.13891827  9.300
 25 115.496112  60.743431   152.265   152.209  3 53083.13895391  7.697
 26 115.509689  60.742594   152.536   152.536  2 53118.13892388  8.947
 27 115.503889  60.743244   158.815   158.772  3 53153.13897405 34.767
 28 115.516164  60.743814   160.789   160.789  2 53188.13896170 14.412
 29 115.504854  60.743559   155.957   155.957  2 53223.13898071 31.040
 30 115.493678  60.744377   159.151   159.151  2 53258.13895651 11.415
 31 115.506544  60.742447   158.771   158.771  2 53293.13897733 10.439
 32 115.507858  60.744049   154.115   154.115  2 53328.13895080 28.006
 33 115.503722  60.744036   154.396   154.446  3 53363.13890463  8.063
 35 115.502204  60.743598   155.002   153.757  3 53433.13891803  6.811
 36 115.514719  60.743540   157.152   158.253  3 53468.13895602  6.678
 38 115.505011  60.743957   158.988   158.988  2 53538.13899981 49.650
 39 115.498466  60.743224   156.951   156.959  3 53573.13900154 36.777
 40 115.494873  60.744309   160.232   159.571  3 53608.13895076  8.763
 41 115.515174  60.743000   153.010   153.010  2 53643.13895190 13.732
 42 115.500305  60.743395   152.673   152.673  2 53678.13897081 45.786
 43 115.502117  60.744319   152.615   152.594  3 53713.13889924 12.417
 44 115.524526  60.743177   158.137   158.137  2 53748.13881222  8.546
 45 115.508653  60.743080   152.243   152.243  2 53783.13884350  7.704
 46 115.495912  60.744088   152.008   152.057  3 53818.13880722  6.439
 47 115.509721  60.743571   152.100   152.100  2 53853.13888291 22.993
 48 115.516759  60.743720   160.607   160.607  2 53888.13888980 45.521
 49 115.498642  60.743039   160.299   159.973  3 53923.13895976 10.302
 50 115.495955  60.744338   153.985   153.985  2 53958.13895268 11.900
 51 115.526493  60.743506   154.784   154.784  2 53993.13887898 52.694
 52 115.517737  60.743836   153.010   153.075  3 54028.13894059 44.122
 53 115.508387  60.742135   153.708   153.708  2 54063.13893501 20.467
 54 115.498396  60.744685   153.848   153.848  2 54098.13890351 12.245
 55 115.516598  60.742413   156.202   156.202  2 54133.13885764  7.086
 56 115.499812  60.744186   156.077   156.077  2 54168.13887740  6.640
 59 115.506243  60.742670   159.441   159.441  2 54273.13891517 37.670
 60 115.508742  60.743084   155.549   155.468  3 54308.13891711 13.118
 61 115.499967  60.743130   159.654   159.654  2 54343.13889605  8.260
 62 115.511816  60.742526   158.516   158.516  2 54378.13885254 10.965
 63 115.504735  60.743702   152.402   152.432  3 54413.13884350 41.138
 65 115.508651  60.742328   152.865   152.865  2 54483.13883690 11.642
 66 115.515478  60.742978   153.931   152.272  3 54518.13883224 10.090
 67 115.499867  60.743168   152.429   152.348  3 54553.13884912  8.173
 68 115.509710  60.742190   156.654   156.654  2 54588.13882807 12.691
 69 115.505382  60.743176   159.949   159.949  2 54623.13884607 22.432
 70 115.505598  60.743892   157.504   157.504  2 54658.13885506 11.578
 71 115.503642  60.744081   157.130   157.130  2 54693.13883687 42.921
 72 115.513719  60.742670   158.409   158.409  2 54728.13880848 11.113
 73 115.506724  60.744474   153.340   153.340  2 54763.13881453 51.615
 74 115.516086  60.743104   153.695   153.676  3 54798.13880171 19.066
 76 115.517239  60.743688   153.174   153.075  3 54868.13879772  9.453
 77 115.498264  60.743739   156.253   156.253  2 54903.13881486  7.050
 78 115.512428  60.743282   163.683   162.951  3 54938.13878822  3.769
 79 115.509147  60.743222   166.878   166.878  2 54973.13882022 15.070
 80 115.503218  60.743315   162.728   162.224  3 55008.13883626 40.812
 81 115.508808  60.744221   156.024   156.024  2 55043.13882509 42.822
 82 115.501163  60.744075   155.467   155.467  2 55078.13880361 21.170
 83 115.511937  60.743262   155.016   154.952  3 55113.13875778 49.075
 84 115.505238  60.744014   152.863   152.814  3 55148.13875875 20.384
 85 115.516697  60.744246   154.522   154.522  2 55183.13873869 10.550
 87 115.515120  60.742888   154.014   154.014  2 55253.13873524  9.990
 88 115.498595  60.744021   154.326   154.326  2 55288.13874659  8.471
 89 115.505487  60.743986   158.322   158.322  2 55323.13872301 18.991
 90 115.504372  60.743220   166.247   164.990  3 55358.13872225 17.485
 91 115.510725  60.742340   162.891   162.891  2 55393.13872518 13.610
 92 115.508635  60.743398   153.799   153.760  3 55428.13873801 42.142
 93 115.501071  60.744367   161.015   161.244  3 55463.13870207  8.062
