# NaN NaN NaN ;Mean Elev.(m), Avg Gradient(m/km), RMS Gradient(m/km) - SRTM1     
#   32.075  -1.295   9.207 ;Mean Elev.(m), Avg Gradient(m/km), RMS Gradient(m/km) - ASTER GDEM
#   28.947  -0.018  16.680 ;Mean Elev.(m), Avg Gradient(m/km), RMS Gradient(m/km) - GMTED2010 
 13 125.306480  64.787666    51.429    51.434  3 52667.12006062 16.882
 15 125.306552  64.788748    51.835    52.212  3 52737.12007317 10.332
 16 125.302064  64.791553    49.905    49.571  3 52772.12004123 42.967
 19 125.312047  64.787702    50.225    50.225  2 52877.12019392 38.630
 23 125.301161  64.788700    50.449    50.307  4 53017.12014212 12.932
 25 125.299475  64.795723    51.970    51.970  2 53087.12015688 10.496
 27 125.308204  64.788982    55.339    55.312  4 53157.12018368 35.571
 29 125.307637  64.786842    52.205    52.124  3 53227.12017799 51.165
 30 125.300767  64.796050    50.291    50.291  2 53262.12014990 33.670
 31 125.306207  64.787861    50.281    50.036  3 53297.12018710 42.876
 32 125.309322  64.788318    51.598    51.515  4 53332.12015893 12.443
 33 125.303048  64.791819    51.241    50.989  4 53367.12010391 10.368
 35 125.302536  64.789235    51.516    51.637  5 53437.12012151  8.171
 36 125.312361  64.787879    52.460    52.460  2 53472.12017399  7.151
 37 125.306562  64.788461    53.152    53.153  3 53507.12020422 48.108
 38 125.304846  64.788382    53.179    52.952  5 53542.12021111 24.641
 39 125.303711  64.792620    52.268    52.283  3 53577.12019786 44.424
 40 125.300973  64.795968    53.931    53.931  2 53612.12014951 18.626
 42 125.301155  64.789456    49.368    49.319  4 53682.12017122 19.234
 43 125.302700  64.788307    50.620    50.582  4 53717.12009882 14.916
 45 125.309345  64.787937    51.889    52.183  3 53787.12004815 10.769
 46 125.300096  64.795048    51.960    51.960  2 53822.12000173 10.369
 47 125.310420  64.787816    51.079    50.882  3 53857.12009377 27.584
 49 125.301135  64.788943    52.227    51.894  4 53927.12016736 30.113
 50 125.301143  64.794474    49.210    49.165  3 53962.12015086 51.291
 53 125.307503  64.787407    50.331    49.986  3 54067.12014140 16.254
 54 125.302145  64.793077    51.479    51.479  2 54102.12010110 12.595
 56 125.304463  64.792567    51.699    51.569  3 54172.12007813  9.649
 58 125.311474  64.789728    57.904    57.918  3 54242.12010648 40.105
 59 125.310879  64.789086    52.647    52.647  2 54277.12012086 52.582
 60 125.311446  64.789778    54.116    54.351  3 54312.12012153 15.320
 61 125.301662  64.791363    51.014    51.177  3 54347.12009421 24.831
 63 125.303474  64.789146    50.392    50.049  5 54417.12004381 17.361
 65 125.309964  64.788362    50.402    50.402  3 54487.12004087 12.162
 67 125.301858  64.788690    51.494    51.297  5 54557.12005125  8.063
 68 125.312354  64.789440    50.430    50.459  3 54592.12003707 10.875
 69 125.307862  64.789364    54.507    54.836  3 54627.12005290 18.126
 70 125.308576  64.788365    50.944    50.943  3 54662.12006074 53.047
 71 125.302975  64.788999    53.308    52.929  5 54697.12003629 20.661
 73 125.307992  64.787675    49.677    49.723  3 54767.12001574 46.944
 75 125.307030  64.786637    51.479    51.805  3 54837.12000829 13.322
 77 125.302183  64.793948    52.081    52.227  3 54907.12001494 10.159
 79 125.308874  64.788275    53.984    53.946  4 54977.12003023 47.075
 80 125.305785  64.787687    52.368    52.282  3 55012.12003877 36.258
 81 125.309958  64.787222    50.428    50.413  3 55047.12003068 29.949
 82 125.301833  64.792432    50.574    50.593  3 55082.12000188 47.631
 84 125.304774  64.787648    50.354    50.194  3 55152.11996071 22.853
 86 125.305331  64.788081    51.386    50.695  3 55222.11995919 15.320
 88 125.303608  64.793676    53.082    52.863  3 55292.11994626 12.951
 89 125.306627  64.786687    49.625    49.760  3 55327.11992974 42.313
 90 125.303550  64.787625    53.979    53.842  4 55362.11992599 15.262
 92 125.309682  64.786797    50.171    50.125  3 55432.11994102 28.776
 93 125.301260  64.793128    50.027    50.064  3 55467.11989964 36.885
