# NaN NaN NaN ;Mean Elev.(m), Avg Gradient(m/km), RMS Gradient(m/km) - SRTM1     
#   44.116  -0.924   3.423 ;Mean Elev.(m), Avg Gradient(m/km), RMS Gradient(m/km) - ASTER GDEM
#   32.271  -2.218   5.452 ;Mean Elev.(m), Avg Gradient(m/km), RMS Gradient(m/km) - GMTED2010 
  7 127.132461  64.051152    61.339    61.382 26 52445.51387006 44.964
  8 127.151999  64.040285    60.407    60.440 32 52480.51385950 39.284
  9 127.183839  64.025285    58.711    58.738 35 52515.51380552 47.201
 10 127.124172  64.055708    58.558    58.662 26 52550.51385927 43.489
 11 127.175082  64.028730    57.792    57.585 36 52585.51382770 32.654
 12 127.174269  64.027961    58.467    57.841 37 52620.51380912 22.959
 15 127.163015  64.030931    59.980    58.733 37 52725.51383771 13.794
 16 127.162237  64.031559    58.540    58.429 37 52760.51385548 20.951
 17 127.142276  64.047340    63.040    62.868 28 52795.51381611 29.231
 18 127.144349  64.046173    61.576    61.578 28 52830.51388246 50.154
 19 127.167780  64.029956    62.375    62.160 37 52865.51392281 19.983
 20 127.166548  64.031040    59.769    59.772 37 52900.51395183 33.385
 21 127.176787  64.027886    58.029    58.047 36 52935.51389307 37.513
 22 127.140969  64.047927    59.055    59.256 28 52970.51391823 25.871
 23 127.145209  64.045495    61.119    61.204 28 53005.51393337 14.787
 24 127.123114  64.055794    60.839    60.343 26 53040.51388620 12.759
 25 127.162929  64.031778   401.359   401.280 37 53075.51391318 10.435
 26 127.121605  64.056091    60.721    60.371 25 53110.51388884 10.419
 27 127.142760  64.046248    58.200    58.134 28 53145.51392865 45.004
 28 127.167714  64.030191    63.876    64.008 37 53180.51393547 20.691
 29 127.159245  64.033614    62.189    62.247 35 53215.51395862 23.995
 30 127.174938  64.028283    61.385    61.005 37 53250.51393163 24.339
 31 127.123844  64.055870    61.820    61.460 26 53285.51393281 22.922
 32 127.169220  64.029902    60.339    59.468 36 53320.51390755 17.838
 33 127.185360  64.024369    62.041    62.207 35 53355.51387484  9.990
 34 127.130653  64.052595    61.336    60.732 26 53390.51389095  9.717
 35 127.175461  64.028154    62.359    62.306 37 53425.51388253  8.577
 36 127.143572  64.046833    62.362    62.780 28 53460.51389429  7.457
 37 127.134501  64.050892    58.444    58.509 27 53495.51397814 36.422
 38 127.173978  64.028115    62.599    62.524 37 53530.51394911 24.718
 39 127.161796  64.031610    62.532    61.970 37 53565.51397823 23.288
 41 127.128471  64.053822    60.833    60.857 26 53635.51392291 49.776
 42 127.141559  64.047099    57.595    57.631 28 53670.51394252 37.703
 43 127.181129  64.026949    60.428    59.758 35 53705.51387199 18.251
 44 127.202422  64.015147    61.705    62.172 35 53740.51378141 14.398
 45 127.164515  64.031708    62.384    62.210 37 53775.51380679 12.985
 46 127.187701  64.023543    62.220    62.434 34 53810.51378606 11.056
 47 127.134044  64.051244    59.287    59.195 27 53845.51383799 25.741
 48 127.159871  64.033738    64.261    64.296 35 53880.51386041 50.527
 49 127.141273  64.046894    63.014    62.993 28 53915.51392131 16.770
 50 127.144069  64.045785    59.127    59.126 28 53950.51392947 40.626
 51 127.177026  64.027781    62.777    62.785 36 53985.51386164 50.970
 52 127.140612  64.047582    61.269    61.163 27 54020.51390509 28.835
 53 127.170898  64.029834    59.257    58.584 37 54055.51389219 25.123
 54 127.175547  64.028892    61.548    61.689 36 54090.51387895 15.421
 55 127.134971  64.049754    61.625    61.543 27 54125.51381251 11.689
 56 127.163896  64.031030    62.290    61.975 37 54160.51384704 10.139
 57 127.138226  64.048483    61.759    61.356 28 54195.51381383  9.122
 58 127.157064  64.035953    58.534    58.189 34 54230.51386093 29.826
 59 127.161971  64.032062    64.680    64.693 36 54265.51387764 45.224
 60 127.165292  64.031063    62.629    62.817 37 54300.51388175 22.431
 61 127.172231  64.028647    62.644    62.633 37 54335.51386992 18.105
 63 127.167937  64.029530    57.612    57.594 37 54405.51381454 39.987
 64 127.128913  64.053029    58.008    57.797 26 54440.51377752 24.303
 65 127.163620  64.030781    60.019    59.010 37 54475.51380213 17.882
 66 127.136641  64.048813    58.396    57.246 27 54510.51379133 17.620
 67 127.168073  64.029961    62.731    62.793 37 54545.51381622  9.962
 68 127.162714  64.031222    62.346    62.427 37 54580.51378333  8.149
 69 127.165980  64.030699    65.078    65.074 37 54615.51380577 34.552
 70 127.152651  64.039364    62.178    62.101 31 54650.51381996 20.578
 71 127.170221  64.030384    61.341    60.891 37 54685.51381150 34.944
 72 127.134492  64.050632    63.151    63.174 27 54720.51376701 50.798
 73 127.162945  64.031173    59.612    59.621 36 54755.51378605 49.425
 74 127.132081  64.051167    58.885    58.581 27 54790.51376052 25.921
 75 127.151565  64.040464    60.152    59.077 32 54825.51378449 16.744
 76 127.136920  64.049565    59.228    58.359 27 54860.51375354 14.041
 77 127.167091  64.030101    58.964    58.321 36 54895.51378311 12.364
 78 127.136930  64.049232    60.474    60.083 28 54930.51375171  9.370
 79 127.162817  64.031189    61.731    61.730 37 54965.51378405 35.044
 80 127.155588  64.037217    63.429    63.243 33 55000.51380536 19.861
 81 127.162934  64.031202    61.156    61.068 36 55035.51378957 42.538
 82 127.173967  64.028281    62.757    62.932 37 55070.51377839 17.383
 83 127.133594  64.050878    61.617    61.491 27 55105.51372584 26.043
 84 127.164742  64.031376    57.516    56.956 36 55140.51372773 41.423
 85 127.133079  64.051674    58.752    58.108 27 55175.51369370 22.799
 86 127.158113  64.035314    58.056    57.806 35 55210.51372372 20.440
 87 127.139583  64.048351    57.180    57.152 27 55245.51369859 18.618
 88 127.168206  64.030240    57.989    57.779 36 55280.51371629 15.034
 89 127.159593  64.033349    58.952    59.137 35 55315.51368335 20.816
 90 127.170537  64.028498    63.718    63.625 37 55350.51368744 18.218
 91 127.136146  64.049613    60.754    60.753 28 55385.51368607 44.693
 92 127.163339  64.031585    62.485    62.245 37 55420.51370669 18.641
 93 127.174311  64.029299    60.630    60.620 36 55455.51368237 49.442
 94 127.193340  64.018769    58.687    58.531 37 55490.51359787 43.577
