# NaN NaN NaN ;Mean Elev.(m), Avg Gradient(m/km), RMS Gradient(m/km) - SRTM1     
#   52.601  -0.918   3.640 ;Mean Elev.(m), Avg Gradient(m/km), RMS Gradient(m/km) - ASTER GDEM
#   35.886  -1.152   8.957 ;Mean Elev.(m), Avg Gradient(m/km), RMS Gradient(m/km) - GMTED2010 
  7 129.041519  63.522130    71.561    71.571 11 52477.50976255 47.772
  8 129.059293  63.528204    67.055    66.994 10 52512.50970617 32.401
  9 129.035161  63.522124    69.820    69.313 10 52547.50974372 34.091
 10 129.045697  63.523615    67.859    68.090 12 52582.50975140 42.636
 11 129.050521  63.526137    70.207    68.756 12 52617.50972451 22.649
 12 129.047205  63.525474    68.858    68.699 12 52652.50969924 19.848
 13 129.052394  63.529651    69.422    69.136 11 52687.50969740 15.963
 14 129.043400  63.524796    69.590    69.347 12 52722.50974400 14.047
 15 129.043145  63.522716    70.512    69.487 11 52757.50976573 13.403
 16 129.036106  63.522607    72.758    72.512 11 52792.50971763 34.136
 17 129.040973  63.522321    71.745    71.756 11 52827.50978561 48.999
 18 129.044220  63.523355    70.528    70.382 12 52862.50983090 40.712
 19 129.046599  63.525146    71.308    70.503 11 52897.50986092 34.270
 20 129.051925  63.527854    68.740    68.675 12 52932.50980759 45.141
 21 129.037913  63.523724    68.018    68.070 11 52967.50981167 29.194
 22 129.040528  63.523898    69.813    69.037 11 53002.50983696 18.056
 23 129.050434  63.527752    70.229    70.275 11 53037.50978656 16.032
 24 129.043855  63.525562    70.392    70.309 10 53072.50981167 13.539
 25 129.053089  63.528790    69.666    69.840 11 53107.50978733 13.368
 26 129.040553  63.522316    69.172    68.657 11 53142.50982010 36.327
 27 129.045397  63.525044    75.012    75.033 12 53177.50984415 42.492
 28 129.044902  63.523638    70.351    70.358 11 53212.50986402 45.121
 29 129.050858  63.527678    71.301    70.399 11 53247.50983339 25.106
 30 129.032119  63.522726    71.047    71.168 10 53282.50982240 48.914
 31 129.044769  63.523831    68.967    68.906 12 53317.50982529 38.279
 32 129.055113  63.526996    71.109    70.492 11 53352.50979130 13.565
 33 129.033227  63.523984    71.885    71.209 12 53387.50978397 11.909
 34 129.050643  63.528050    72.010    71.420 12 53422.50978549 10.426
 35 129.038621  63.522813    72.257    71.193 11 53457.50979022  8.220
 36 129.035937  63.523194    69.529    68.986 11 53492.50987571 33.959
 37 129.048565  63.526618    73.127    73.149 11 53527.50985574 51.257
 38 129.043794  63.524396    72.222    71.713 12 53562.50988462 31.719
 39 129.053839  63.529215    70.514    70.489 11 53597.50982500 43.779
 40 129.030865  63.520556    72.004    71.430 11 53632.50981933 18.711
 41 129.039855  63.523857    68.593    68.579 11 53667.50984196 41.752
 42 129.055035  63.524362    68.618    68.295 11 53702.50978740 28.311
 43 129.062225  63.532020    68.831    68.478 11 53737.50969839 19.799
 47 129.044235  63.523569    74.074    74.094 12 53877.50976500 43.260
 48 129.038028  63.522415    73.741    73.550 11 53912.50981666 22.115
 49 129.041576  63.522309    70.289    70.046 11 53947.50983168 49.605
 50 129.050353  63.527780    72.537    72.381 12 53982.50977486 23.707
 51 129.037697  63.522899    71.319    70.651 11 54017.50980153 26.113
 52 129.050379  63.526803    68.489    68.486 11 54052.50979720 22.727
 53 129.050108  63.527342    70.380    69.204 12 54087.50978918 17.511
 54 129.060873  63.531400    71.724    72.196 11 54122.50971343 13.813
 55 129.045668  63.523763    71.915    71.085 12 54157.50975063 11.422
 56 129.056779  63.529438    72.037    72.665 11 54192.50971254 10.952
 57 129.043793  63.523538    68.440    68.307 11 54227.50976254 29.678
 58 129.045283  63.523308    74.980    74.830 12 54262.50978157 31.978
 59 129.047457  63.525890    72.571    72.258 10 54297.50978669 22.503
 60 129.050346  63.527915    71.286    70.668 12 54332.50977726 23.751
 61 129.056198  63.528222    72.144    71.936 10 54367.50971825 23.684
 62 129.048105  63.525422    68.703    68.667 11 54402.50971972 45.985
 63 129.052038  63.527389    68.595    68.324 12 54437.50967709 25.644
 64 129.043222  63.524024    69.558    68.911 11 54472.50970485 18.731
 65 129.054735  63.528991    70.672    69.817 12 54507.50968862 15.784
 66 129.045404  63.527804    72.311    71.651 11 54542.50972005 10.467
 67 129.056232  63.528192    72.420    72.079 10 54577.50969083  9.196
 68 129.047512  63.525171    75.780    75.790 11 54612.50971058 52.268
 69 129.045943  63.524413    71.837    71.842 12 54647.50971740 52.335
 70 129.049226  63.525480    71.172    71.191 12 54682.50971821 38.908
 71 129.055499  63.529658    73.303    73.113 11 54717.50966679 32.504
 72 129.043097  63.522947    71.321    71.551 11 54752.50969007 29.004
 73 129.051265  63.528678    69.815    69.124 11 54787.50965684 27.832
 74 129.042033  63.523623    70.185    69.431 11 54822.50968462 18.371
 75 129.052614  63.527966    69.432    69.135 11 54857.50965273 15.146
 76 129.047655  63.524880    69.456    68.823 12 54892.50968734 14.447
 77 129.055542  63.528108    70.566    70.112 11 54927.50965078 12.135
 78 129.043571  63.523689    71.325    71.173 12 54962.50968670 45.552
 79 129.044446  63.524788    74.911    74.939 12 54997.50970765 51.986
 80 129.046401  63.525464    71.784    71.797 12 55032.50969723 50.778
 81 129.050921  63.527391    71.613    71.499 12 55067.50968620 40.337
 82 129.057546  63.526736    72.435    72.032 11 55102.50962523 25.956
 83 129.044346  63.524248    68.767    68.758 11 55137.50963210 42.711
 84 129.052108  63.529411    69.170    69.079 11 55172.50959438 22.256
 85 129.042297  63.524348    68.819    68.839 12 55207.50962648 18.540
 86 129.053878  63.529596    68.524    68.481 11 55242.50959903 17.272
 87 129.048555  63.526261    68.927    68.857 11 55277.50962051 15.166
 88 129.054719  63.528117    70.228    70.338 11 55312.50958436 19.600
 89 129.048074  63.526637    74.349    74.396 12 55347.50959074 52.709
 90 129.048939  63.527305    71.384    71.377 12 55382.50958182 52.144
 91 129.042965  63.523452    71.449    71.455 12 55417.50960941 47.422
 92 129.051944  63.528430    71.043    71.069 11 55452.50959170 51.932
 93 129.057213  63.531188    68.763    68.671 11 55487.50951406 46.265
