# NaN NaN NaN ;Mean Elev.(m), Avg Gradient(m/km), RMS Gradient(m/km) - SRTM1     
#   11.186  -2.670   6.929 ;Mean Elev.(m), Avg Gradient(m/km), RMS Gradient(m/km) - ASTER GDEM
#   21.018  -3.176   7.444 ;Mean Elev.(m), Avg Gradient(m/km), RMS Gradient(m/km) - GMTED2010 
  7 123.428227  67.139872    31.006    29.673  3 52466.13156781 24.647
  8 123.420388  67.140253    30.058    29.734  3 52501.13156164 21.928
  9 123.439075  67.133549    33.432    33.918  3 52536.13154900 22.256
 10 123.428493  67.137999    25.776    25.785  3 52571.13158278 32.074
 12 123.434046  67.136641    31.544    31.295  3 52641.13154168 13.658
 13 123.422133  67.140021    31.319    31.323  3 52676.13153129 11.029
 14 123.431374  67.135170    31.515    31.173  3 52711.13155725  9.686
 15 123.416726  67.143331    31.040    30.955  3 52746.13158385  8.355
 16 123.436260  67.133806    31.826    32.622  4 52781.13152280 23.909
 17 123.434292  67.133776    32.023    31.998  3 52816.13160378 52.622
 18 123.432736  67.134940    31.712    30.091  3 52851.13165504 25.528
 19 123.424366  67.139781    29.999    29.923  3 52886.13168906 21.525
 20 123.420435  67.141917    29.922    30.577  3 52921.13164443 24.904
 21 123.439402  67.133556    30.562    30.334  3 52956.13160997 17.855
 22 123.434199  67.136572    30.937    30.750  3 52991.13162628 13.947
 23 123.426786  67.139329    29.993    30.079  4 53026.13159215 11.391
 24 123.435186  67.135601    31.690    31.641  4 53061.13160255 10.061
 25 123.415234  67.143973    30.783    31.082  3 53096.13163062  9.277
 26 123.436049  67.133009    32.026    32.174  3 53131.13160456  5.007
 28 123.430739  67.140578    34.394    34.394  2 53201.13167850 15.938
 29 123.426097  67.138060    29.792    29.777  3 53236.13164860 27.593
 30 123.441481  67.132515    28.669    28.704  3 53271.13160896 50.019
 31 123.428116  67.138395    25.928    25.978  4 53306.13167190 42.030
 32 123.424292  67.142674    27.485    27.313  3 53341.13163902 17.749
 33 123.418235  67.141730    30.071    29.878  3 53376.13156946 12.618
 34 123.430894  67.137047    30.104    29.952  4 53411.13161471 12.352
 35 123.415515  67.143823    29.616    29.241  3 53446.13159601 10.806
 36 123.428198  67.138369    29.751    29.494  4 53481.13168144  8.228
 37 123.426863  67.139659    36.994    36.985  3 53516.13168515 40.999
 38 123.419925  67.140336    31.270    31.284  3 53551.13170534 50.686
 39 123.424313  67.139493    32.718    32.578  3 53586.13166258 18.207
 40 123.434615  67.134523    32.506    31.042  3 53621.13162435 19.846
 41 123.431724  67.136851    27.499    27.553  4 53656.13165254 40.716
 42 123.424397  67.142166    25.713    25.690  3 53691.13164109 22.972
 43 123.417135  67.143192    29.450    29.743  4 53726.13156495 14.635
 44 123.439806  67.131897    31.207    31.246  4 53761.13151567 11.386
 45 123.424303  67.141397    30.218    30.312  3 53796.13152935 10.233
 47 123.430340  67.136565    34.163    34.260  3 53866.13158720 10.575
 49 123.422169  67.142705    29.551    29.527  3 53936.13165475 52.211
 50 123.419686  67.142733    28.663    28.660  3 53971.13162177 47.484
 52 123.435430  67.135367    27.789    26.911  4 54041.13163128 24.576
 53 123.423438  67.139923    27.295    27.256  3 54076.13162525 21.372
 54 123.414373  67.144895    30.245    30.209  4 54111.13156634 13.649
 55 123.432774  67.136935    31.268    31.237  3 54146.13156601  9.941
 56 123.417291  67.143949    30.782    30.944  3 54181.13155314  9.470
 57 123.432286  67.137824    31.945    31.344  3 54216.13157405  8.433
 58 123.427539  67.137242    37.052    37.018  3 54251.13160076 29.036
 59 123.426509  67.139392    33.509    33.325  4 54286.13160657 18.487
 60 123.427769  67.138877    31.607    30.856  4 54321.13160365 20.302
 61 123.417514  67.141644    28.913    28.910  3 54356.13156428 46.756
 62 123.428000  67.137663    27.615    27.621  3 54391.13154456 42.643
 63 123.424113  67.140626    31.495    31.280  4 54426.13151440 11.503
 64 123.432138  67.134875    31.318    31.504  3 54461.13152173 10.348
 65 123.424082  67.140672    31.006    30.881  3 54496.13152109  9.232
 66 123.431707  67.136151    31.547    31.547  3 54531.13153457  8.636
 67 123.417379  67.142421    31.676    31.435  3 54566.13152664  7.622
 68 123.427883  67.137187    26.056    26.034  3 54601.13152975 38.460
 69 123.425041  67.138513    33.544    33.621  3 54636.13154161 21.301
 70 123.424820  67.140500    29.474    29.499  3 54671.13154511 28.020
 71 123.422502  67.141290    31.423    31.290  4 54706.13150610 19.279
 72 123.431487  67.137404    30.710    30.396  3 54741.13150950 23.744
 73 123.423650  67.139898    26.980    26.982  3 54776.13148771 24.928
 74 123.434380  67.135031    27.033    26.577  3 54811.13150333 17.013
 75 123.422696  67.141129    27.845    28.113  4 54846.13148704 15.313
 76 123.429355  67.137465    27.512    27.247  3 54881.13150637 13.620
 77 123.417224  67.143267    28.467    28.921  4 54916.13149023 13.053
 78 123.429169  67.138512    28.923    29.092  3 54951.13149925 25.962
 79 123.426688  67.138070    34.034    34.032  3 54986.13152411 27.425
 80 123.426812  67.139305    33.036    32.798  3 55021.13151687 16.031
 81 123.423937  67.138819    29.774    29.820  3 55056.13151404 22.523
 82 123.418518  67.142407    29.086    28.945  3 55091.13147155 46.518
 83 123.428312  67.136646    28.709    28.727  3 55126.13145334 40.445
 85 123.432190  67.134897    30.496    30.569  3 55196.13144405 17.143
 86 123.417899  67.141273    30.607    30.521  3 55231.13143632 14.682
 87 123.428716  67.137451    30.945    30.919  3 55266.13143879 12.837
 88 123.420530  67.143123    30.400    30.389  3 55301.13141720 11.211
 89 123.423979  67.138766    28.112    28.094  3 55336.13141411 45.955
 90 123.426534  67.139653    31.243    31.245  3 55371.13140426 50.772
 91 123.431548  67.136383    29.949    30.147  3 55406.13142358 27.249
 92 123.424925  67.140246    29.364    29.424  4 55441.13142297 27.835
 93 123.418432  67.142728    29.232    29.291  4 55476.13136588 25.233
