-226182.610    22.571     0.00    4.59
-225807.912    28.014    14.53   14.28
-225433.279    37.850    26.26   22.78
-225058.713    48.873    29.44   24.34
-224684.211    56.137    19.40   21.02
-224309.776    58.988     7.61   17.75
-223935.406    57.988    -2.67   17.86
-223561.101    57.667    -0.86   19.85
-223186.862    61.750    10.91   23.22
-222812.688    73.936    32.57   27.26
-222438.580    77.316     9.04   30.28
-222064.537    76.605    -1.90   29.27
-221690.560    73.556    -8.16   25.28
-221316.648    71.188    -6.33   21.27
-220942.801    69.013    -5.82   12.73
-220569.019    72.100     8.26   10.00
-220195.303    73.886     4.78    9.78
-219821.652    74.963     2.88   10.17
-219448.066    75.506     1.45    9.56
-219074.545    76.412     2.43   10.13
-218701.089    76.810     1.06   11.25
-218327.698    76.725    -0.23    9.53
-217954.372    77.641     2.45    9.35
-217581.111    82.889    14.06   11.52
-217207.915    90.595    20.65    8.12
-216834.784    97.111    17.47    5.80
-216461.718   101.779    12.52    5.79
-216088.717   104.262     6.66    7.21
-215715.781   105.117     2.29    9.67
-215342.909   101.662    -9.27   11.20
-214970.102    99.532    -5.71   10.25
-214597.360   101.000     3.94    9.20
-214224.682   107.724    18.04   13.07
-213852.069   115.825    21.75   13.41
-213479.521   118.200     6.38   12.89
-213107.037   115.675    -6.78   11.93
-212734.618   109.494   -16.60    8.02
-212362.263   110.939     3.88    7.72
-211989.972   115.533    12.34    9.32
-211617.747   119.074     9.51    8.33
-211245.585   123.382    11.58    6.09
-210873.488   127.812    11.91    8.88
-210501.455   130.618     7.54    9.81
-210129.487   133.580     7.96    7.81
-209757.583   135.355     4.77    7.16
-209385.743   134.272    -2.91    9.19
-209013.967   132.855    -3.81   11.33
-208642.255   131.759    -2.95   11.34
-208270.608   129.553    -5.94   12.65
-207899.024   125.975    -9.63   14.36
-207527.505   119.237   -18.14   12.19
-207156.050   116.387    -7.67    8.82
-206784.658   116.566     0.48    8.07
-206413.331   115.886    -1.83    7.34
-206042.068   110.408   -14.76    9.86
-205670.868   100.704   -26.15   11.87
-205299.732    91.316   -25.30   11.26
-204928.661    84.475   -18.44    7.95
-204557.653    82.173    -6.20    7.54
-204186.708    85.354     8.58    8.56
-203815.828    89.447    11.04    6.61
-203445.011    91.543     5.65    3.59
-203074.258    93.120     4.25    4.87
-202703.568    98.222    13.77    7.90
-202332.942   103.716    14.83    7.13
-201962.380   108.025    11.63    5.90
-201591.881   109.803     4.80    5.47
-201221.446   107.642    -5.83    7.27
-200851.074   102.173   -14.77    8.98
-200480.766    94.877   -19.71    9.78
-200110.521    87.068   -21.09    8.02
-199740.339    81.738   -14.40    4.89
-199370.221    76.447   -14.30    5.91
-199000.166    69.354   -19.17    9.74
-198630.174    60.408   -24.18   12.84
-198260.246    50.662   -26.35   11.58
-197890.380    43.895   -18.30    8.50
-197520.578    38.713   -14.02    4.47
-197150.839    36.026    -7.27    4.69
-196781.163    33.100    -7.92    4.87
-196411.550    31.987    -3.01    3.81
-196042.001    33.838     5.01    5.23
-195672.514    36.545     7.33    5.46
-195303.090    41.338    12.97    6.53
-194933.729    47.392    16.40    8.86
-194564.431    53.488    16.51   10.19
-194195.196    57.101     9.79   11.50
-193826.024    57.250     0.40   11.66
-193456.915    55.312    -5.25   10.38
-193087.868    54.114    -3.25    8.22
-192718.885    55.600     4.03    9.60
-192349.963    61.150    15.05    9.17
-191981.105    67.481    17.17    8.21
-191612.309    74.333    18.58    8.50
-191243.576    79.883    15.05    9.82
-190874.906    88.481    23.33   10.27
-190506.298    95.262    18.40   10.97
-190137.752   100.099    13.12   10.54
-189769.269   101.450     3.67   13.09
-189400.849   102.603     3.13   12.62
-189032.491    99.588    -8.19   11.91
-188664.195    96.646    -7.99   12.09
-188295.962    91.405   -14.23   13.06
-187927.791    83.063   -22.66   11.50
-187559.682    79.595    -9.42    8.80
-187191.635    85.156    15.11   15.52
-186823.651    95.588    28.35   19.56
-186455.729   108.078    33.95   14.50
-186087.870   113.732    15.37    7.23
-185720.072   112.390    -3.65    7.53
-185352.336   104.392   -21.75   12.66
-184984.663    91.486   -35.11   16.84
-184617.051    81.309   -27.69   14.95
-184249.502    76.338   -13.53   12.16
-183882.015    79.488     8.57   13.40
-183514.589    86.053    17.87    9.77
-183147.226    88.571     6.86    7.96
-182779.924    89.447     2.39    7.94
-182412.684    91.050     4.36    9.93
-182044.755    93.211     5.87   10.87
-181664.758    98.000    12.61   10.20
-181284.828   103.419    14.27   10.87
-180904.965   109.125    15.02   12.77
-180525.168   113.662    11.95   13.21
-180145.438   117.188     9.28   13.26
-179765.774   118.896     4.50   11.57
-179386.177   117.613    -3.38   10.20
-179006.647   115.128    -6.55   10.22
-178627.183   110.537   -12.10   10.73
-178247.786   106.173   -11.51    9.61
-177868.455   100.705   -14.42    9.42
-177489.191    93.114   -20.02   11.75
-177109.993    84.403   -22.98   13.28
-176730.862    75.050   -24.67   12.75
-176351.796    67.514   -19.88    6.61
-175972.797    65.088    -6.40    4.44
-175593.865    62.338    -7.26    5.31
-175214.998    58.469   -10.21    6.91
-174836.198    54.132   -11.45    6.24
-174457.464    50.925    -8.47    4.27
-174078.796    50.000    -2.44    4.14
-173700.194    53.937    10.40    8.64
-173321.658    60.500    17.34   10.32
-172943.188    68.875    22.13   10.55
-172564.785    74.316    14.38    8.35
-172186.447    78.662    11.49    9.39
-171808.175    81.325     7.04   10.16
-171429.969    80.568    -2.00   10.18
-171051.828    82.963     6.33    8.73
-170673.754    85.263     6.09    9.79
-170295.745    89.649    11.61    8.23
-169917.802    93.947    11.37    6.72
-169539.925    94.600     1.73    8.64
-169162.113    95.128     1.40   10.63
-168784.368    99.013    10.28   12.12
-168406.687   101.615     6.89   11.73
-168029.072   101.125    -1.30   12.08
-167651.523    92.825   -21.99   17.14
-167274.040    79.385   -35.61   18.50
-166896.621    67.405   -31.75   12.59
-166519.268    61.769   -14.94    7.45
-166141.981    61.975     0.55    6.56
-165764.759    65.640     9.72    5.94
-165387.602    67.418     4.71    4.47
-165010.511    68.627     3.21    3.05
-164633.485    69.850     3.25    4.11
-164256.524    71.946     5.56    5.42
-163879.628    74.500     6.78    5.03
-163502.797    78.066     9.46    4.54
-163126.032    80.557     6.61    5.92
-162749.331    82.595     5.41    7.10
-162372.696    83.519     2.45    6.02
-161996.126    83.205    -0.83    5.50
-161619.620    83.859     1.74    6.24
-161243.180    86.263     6.39    6.64
-160866.804    90.351    10.86    8.20
-160490.494    94.974    12.29    6.89
-160114.248    96.089     2.96    6.64
-159738.067    98.938     7.57   10.10
-159361.951    97.091    -4.91   11.98
-158985.900    92.165   -13.10   13.13
-158609.913    92.013    -0.40   12.74
-158233.991    93.438     3.79   12.19
-157858.134   102.568    24.29   14.09
-157482.341   114.519    31.81   12.98
-157106.613   124.027    25.31    8.50
-156730.949   128.462    11.81    4.66
-156355.350   131.824     8.95    4.49
-155979.816   132.600     2.07    5.38
-155604.345   131.760    -2.24    7.06
-155228.940   132.241     1.28    7.31
-154853.598   132.896     1.75    7.16
-154478.321   135.795     7.73    6.47
-154103.109   136.397     1.61    7.18
-153727.960   134.316    -5.55   10.10
-153352.876   132.130    -5.83   10.70
-152977.856   131.861    -0.72    9.87
-152602.900   133.321     3.89    9.40
-152228.009   136.615     8.79    9.57
-151853.181   140.762    11.07    9.61
-151478.418   147.000    16.65   12.31
-151103.719   155.078    21.56   12.59
-150729.083   159.829    12.68   12.41
-150354.512   164.012    11.17    9.69
-149980.004   167.566     9.49    7.47
-149605.561   169.304     4.64    6.99
-149231.181   172.623     8.87    6.53
-148856.866   176.623    10.69    4.55
-148482.614   178.932     6.17    4.29
-148108.426   178.150    -2.09    5.57
-147734.301   175.257    -7.73    6.78
-147360.240   173.113    -5.73    5.73
-146986.243   171.959    -3.08    4.36
-146612.310   174.625     7.13    6.03
-146238.440   179.373    12.70    7.22
-145864.634   182.922     9.49    7.58
-145490.892   186.324     9.10    6.85
-145117.213   188.750     6.49    4.34
-144743.597   189.667     2.45    3.46
-144370.045   189.363    -0.81    3.70
-143996.556   188.027    -3.58    4.02
-143623.131   186.367    -4.44    4.41
-143249.769   182.886    -9.32    3.98
-142876.471   182.063    -2.20    4.42
-142503.235   183.870     4.84    6.22
-142130.063   187.051     8.52    6.62
-141756.954   192.154    13.68    5.38
-141383.909   194.759     6.99    3.54
-141010.926   193.727    -2.77    4.52
-140638.007   190.938    -7.48    6.74
-140265.151   182.400   -22.90   12.11
-139892.358   171.295   -29.79   15.16
-139519.627   159.218   -32.41   14.49
-139146.960   151.377   -21.04    9.02
-138774.356   152.934     4.18   11.05
-138401.815   161.727    23.61   15.63
-138029.337   174.090    33.19   15.54
-137656.921   184.462    27.86   11.31
-137284.569   193.125    23.27    9.50
-136912.279   200.141    18.85    8.04
-136540.052   205.064    13.23    6.16
-136167.888   207.195     5.73    4.08
-135795.786   207.063    -0.35    3.54
-135423.747   204.789    -6.11    3.63
-135051.771   200.455   -11.66    5.83
-134679.858   196.782    -9.88    6.71
-134308.007   192.273   -12.13    6.49
-133936.218   190.792    -3.98    5.34
-133564.492   195.316    12.17    9.18
-133192.829   200.870    14.94    9.95
-132821.228   205.325    11.99    6.99
-132449.689   205.893     1.53    6.12
-132078.213   200.885   -13.48    9.63
-131706.799   193.423   -20.09   11.91
-131335.448   184.403   -24.29   11.34
-130964.159   177.868   -17.60    7.88
-130592.932   174.772    -8.34    4.14
-130221.767   177.093     6.25    6.57
-129850.665   183.712    17.84    9.18
-129479.625   189.865    16.58    7.60
-129108.646   194.551    12.63    5.46
-128737.730   198.551    10.79    4.36
-128366.876   202.870    11.65    6.40
-127996.085   206.027     8.51    6.43
-127625.355   207.582     4.20    6.39
-127254.687   205.387    -5.92    8.73
-126884.081   195.538   -26.58   16.16
-126513.537   182.787   -34.41   19.49
-126143.055   169.974   -34.59   16.43
-125772.634   161.526   -22.81    7.28
-125402.276   161.506    -0.05    5.28
-125031.979   164.800     8.90    6.04
-124661.744   168.570    10.18    3.83
-124291.571   169.027     1.23    4.14
-123921.460   167.525    -4.06    5.69
-123551.410   165.173    -6.36    6.25
-123181.422   165.076    -0.26    6.32
-122811.495   167.105     5.49    6.48
-122441.631   171.286    11.30    5.52
-122071.827   174.571     8.89    3.74
-121702.085   178.923    11.77    5.43
-121332.405   184.467    15.00    8.46
-120962.786   191.512    19.06    8.84
-120593.228   197.421    15.99    6.29
-120223.732   201.772    11.78    4.50
-119854.297   203.316     4.18    4.12
-119484.924   203.299    -0.05    5.65
-119115.612   206.000     7.32    8.41
-118746.361   208.410     6.53    9.10
-118377.171   211.813     9.22    8.52
-118008.043   216.684    13.20    6.06
-117638.976   217.857     3.18    5.28
-117269.970   215.367    -6.75    7.74
-116901.025   211.390   -10.78   10.69
-116532.141   205.571   -15.77   12.40
-116163.318   198.179   -20.04   14.23
-115794.556   191.430   -18.30   15.22
-115425.855   187.221   -11.42   12.91
-115057.215   183.221   -10.85    7.42
-114688.636   183.737     1.40    7.05
-114320.118   185.763     5.50    8.27
-113951.661   188.987     8.75    8.64
-113583.265   192.744    10.20   10.01
-113214.929   196.654    10.62   13.98
-112846.654   204.000    19.95   15.92
-112478.440   211.321    19.88   15.19
-112110.287   218.870    20.51   13.38
-111742.194   224.797    16.10    9.89
-111374.162   228.961    11.31    6.18
-111006.191   229.886     2.52    7.08
-110638.280   229.224    -1.80    7.56
-110270.430   226.295    -7.96    7.15
-109902.640   221.078   -14.19   10.18
-109534.911   213.750   -19.93   13.89
-109167.243   202.092   -31.71   13.76
-108799.634   197.962   -11.24   10.70
-108432.087   200.880     7.94   14.01
-108064.599   210.562    26.35   16.24
-107697.172   221.068    28.59   11.58
-107329.805   228.494    20.22    5.65
-106951.926   231.853     8.89    4.50
-106572.129   233.727     4.93    4.20
-106192.398   233.558    -0.44    4.92
-105812.731   229.590   -10.45    9.00
-105433.130   223.897   -15.00   10.69
-105053.593   220.039   -10.17    9.43
-104674.121   222.228     5.77   12.00
-104294.714   228.533    16.62   11.41
-103915.371   232.975    11.71    6.17
-103536.094   233.297     0.85    5.30
-103156.881   232.789    -1.34    6.73
-102777.733   234.767     5.22    8.49
-102398.649   239.844    13.39    8.23
-102019.630   244.697    12.81    5.16
-101640.676   246.468     4.67    2.62
-101261.786   245.013    -3.84    4.55
-100882.961   239.618   -14.24    8.96
-100504.200   232.338   -19.22    9.70
-100125.504   226.792   -14.64    8.14
 -99746.872   222.273   -11.94    7.94
 -99368.304   219.117    -8.34   10.04
 -98989.801   219.566     1.19   12.00
 -98611.362   223.419    10.18   14.85
 -98232.988   230.750    19.38   13.94
 -97854.677   237.808    18.66    5.90
 -97476.431   235.250    -6.76    7.71
 -97098.249   231.689    -9.42    8.50
 -96720.131   228.013    -9.72    7.68
 -96342.078   224.859    -8.34    5.17
 -95964.088   224.380    -1.27    4.92
 -95586.162   219.430   -13.10   10.65
 -95208.301   211.615   -20.68   12.40
 -94830.503   203.897   -20.43   10.58
 -94452.770   198.467   -14.38    8.59
 -94075.100   199.325     2.27    9.97
 -93697.494   203.257    10.41   11.29
 -93319.952   208.887    14.92   10.53
 -92942.474   212.959    10.79    6.45
 -92565.060   212.237    -1.91    5.57
 -92187.709   211.781    -1.21    7.57
 -91810.423   208.566    -8.52    9.79
 -91433.200   202.158   -16.99   12.96
 -91056.040   194.808   -19.49   13.08
 -90678.944   187.763   -18.68    9.00
 -90301.912   185.395    -6.28    6.65
 -89924.943   185.573     0.47    7.88
 -89548.038   185.368    -0.54    8.76
 -89171.196   183.403    -5.22    8.99
 -88794.418   183.247    -0.41    9.70
 -88417.703   184.120     2.32   10.33
 -88041.052   181.893    -5.91   12.37
 -87664.464   181.564    -0.87   13.18
 -87287.939   179.041    -6.70   13.29
 -86911.478   179.538     1.32   14.33
 -86535.080   181.375     4.88   14.94
 -86158.745   185.125     9.97   16.21
 -85782.473   185.703     1.54   14.68
 -85406.265   185.897     0.52   13.28
 -85030.120   183.195    -7.19   12.62
 -84654.037   177.408   -15.39   12.54
 -84278.018   174.244    -8.42   12.72
 -83902.062   171.169    -8.18   13.70
 -83526.169   166.934   -11.27   15.27
 -83150.339   161.973   -13.20   14.94
 -82774.572   154.026   -21.15   10.92
 -82398.868   148.000   -16.04    5.47
 -82023.226   145.833    -5.77    2.84
 -81647.648   145.197    -1.69    2.83
 -81272.132   144.987    -0.56    2.93
 -80896.679   147.446     6.55    5.73
 -80521.289   154.763    19.49   12.02
 -80145.962   162.890    21.66   12.40
 -79770.697   172.637    25.98   10.57
 -79395.495   178.333    15.18    7.77
 -79020.355   179.175     2.24    8.05
 -78645.278   178.764    -1.10    8.00
 -78270.264   174.835   -10.48    5.94
 -77895.313   172.378    -6.55    3.66
 -77520.423   171.052    -3.54    2.36
 -77145.597   169.921    -3.02    2.51
 -76770.832   168.224    -4.53    3.27
 -76396.130   165.857    -6.32    3.79
 -76021.491   164.273    -4.23    3.33
 -75646.914   163.507    -2.05    3.24
 -75272.399   165.373     4.98    6.00
 -74897.946   169.342    10.60    7.80
 -74523.556   172.307     7.92    6.22
 -74149.228   173.883     4.21    4.95
 -73774.962   173.160    -1.93    4.82
 -73400.758   172.118    -2.78    3.82
 -73026.616   173.724     4.29    4.83
 -72652.537   173.067    -1.76    5.35
 -72278.519   170.733    -6.24    6.56
 -71904.564   167.247    -9.32    7.47
 -71530.671   162.260   -13.34    4.37
 -71156.839   159.387    -7.69    3.96
 -70783.070   157.833    -4.16    3.98
 -70409.362   157.375    -1.23    3.92
 -70035.716   157.081    -0.79    4.35
 -69662.132   155.921    -3.11    5.38
 -69288.610   153.685    -5.99    6.77
 -68915.150   151.727    -5.24    7.02
 -68541.751   149.378    -6.29    5.46
 -68168.414   148.092    -3.45    5.26
 -67795.139   147.703    -1.04    5.26
 -67421.926   146.519    -3.17    5.22
 -67048.774   144.947    -4.21    3.97
 -66675.684   144.975     0.08    2.87
 -66302.655   145.342     0.99    2.39
 -65929.688   146.792     3.89    2.44
 -65556.782   148.429     4.39    4.12
 -65183.938   150.961     6.79    6.61
 -64811.155   155.397    11.90    8.32
 -64438.434   159.169    10.12    7.39
 -64065.774   158.962    -0.56    7.83
 -63693.175   155.250    -9.96   10.48
 -63320.638   148.091   -19.22   10.67
 -62948.162   142.520   -14.96    7.25
 -62575.747   139.231    -8.83    4.94
 -62203.394   137.547    -4.52    4.22
 -61831.102   135.922    -4.36    3.62
 -61458.870   134.513    -3.79    2.67
 -61086.700   133.500    -2.72    2.82
 -60714.592   132.934    -1.52    2.96
 -60342.544   132.351    -1.57    2.43
 -59970.557   132.487     0.36    2.61
 -59598.631   136.130     9.80    7.03
 -59226.766   141.554    14.59    9.94
 -58854.963   149.038    20.13   11.08
 -58483.220   158.730    26.07    8.47
 -58111.538   164.637    15.90    6.84
 -57739.916   169.311    12.58    5.83
 -57368.356   173.675    11.75    6.38
 -56996.857   172.689    -2.65   10.00
 -56625.418   165.750   -18.68   15.92
 -56254.040   153.843   -32.06   17.95
 -55882.723   139.895   -37.57   15.57
 -55511.466   129.507   -27.98    9.73
 -55140.270   124.211   -14.27    5.28
 -54769.135   121.849    -6.36    3.10
 -54398.060   122.253     1.09    3.45
 -54027.046   122.597     0.93    3.71
 -53656.092   122.291    -0.83    3.52
 -53285.199   121.361    -2.51    2.94
 -52914.366   120.408    -2.57    2.68
 -52543.594   120.877     1.26    3.76
 -52172.882   125.368    12.12   10.37
 -51802.231   135.443    27.18   18.20
 -51431.639   149.974    39.21   21.27
 -51061.109   163.562    36.67   15.45
 -50690.638   169.118    15.00    5.86
 -50320.228   167.123    -5.39    6.44
 -49949.878   159.456   -20.70   10.05
 -49579.588   151.097   -22.57   10.81
 -49209.358   142.418   -23.44    8.85
 -48839.189   136.361   -16.36    5.44
 -48469.080   133.870    -6.73    4.03
 -48099.030   133.096    -2.09    3.89
 -47729.041   133.592     1.34    3.89
 -47359.112   135.657     5.58    4.11
 -46989.242   140.132    12.10    8.71
 -46619.433   143.521     9.16    9.68
 -46249.684   145.329     4.89    9.01
 -45879.994   144.764    -1.53    7.33
 -45510.365   142.462    -6.23    6.15
 -45140.795   142.847     1.04    6.85
 -44771.285   148.962    16.55   11.17
 -44401.835   157.056    21.91   11.30
 -44032.445   164.727    20.77    7.92
 -43663.114   167.849     8.45    4.33
 -43293.843   164.816    -8.22    7.49
 -42924.632   160.169   -12.59    8.59
 -42555.480   157.680    -6.74    7.22
 -42186.388   158.357     1.83    8.22
 -41817.356   161.868     9.52    8.09
 -41448.383   163.534     4.51    8.13
 -41079.469   157.857   -15.39   12.44
 -40710.615   150.667   -19.49   13.13
 -40341.821   149.218    -3.93   14.41
 -39973.086   152.486     8.86   16.08
 -39604.410   161.225    23.70   19.10
 -39235.794   171.931    29.04   18.66
 -38867.237   179.697    21.07   19.18
 -38498.740   185.603    16.03   15.05
 -38130.302   184.461    -3.10   13.87
 -37761.923   178.486   -16.22   16.87
 -37393.603   167.632   -29.47   17.66
 -37025.342   158.370   -25.15   12.64
 -36657.141   156.013    -6.40    9.89
 -36288.999   159.889    10.53   13.26
 -35920.915   165.688    15.76   13.13
 -35552.891   169.878    11.39   11.01
 -35184.926   171.113     3.35    9.56
 -34817.020   170.054    -2.88    7.62
 -34449.173   168.474    -4.29    6.17
 -34081.385   167.432    -2.83    5.21
 -33713.656   167.250    -0.50    5.27
 -33345.986   167.653     1.10    5.60
 -32978.375   167.162    -1.34    5.69
 -32610.822   167.493     0.90    5.88
 -32235.559   167.627     0.36    5.38
 -31855.899   168.257     1.66    5.33
 -31476.303   168.421     0.43    4.32
 -31096.769   169.736     3.47    4.68
 -30717.299   173.538    10.02    7.40
 -30337.892   177.822    11.29    9.01
 -29958.548   182.603    12.60   10.39
 -29579.267   187.347    12.51   10.64
 -29200.050   190.853     9.25   11.73
 -28820.895   194.429     9.43   11.44
 -28441.803   196.267     4.85    9.84
 -28062.774   194.453    -4.78   10.04
 -27683.809   190.181   -11.28   12.37
 -27304.906   182.787   -19.51   14.02
 -26926.066   174.029   -23.12   18.67
 -26547.288   161.355   -33.46   22.05
 -26168.574   140.892   -54.04   26.55
 -25789.923   119.000   -57.82   28.85
 -25411.334    97.237   -57.49   25.51
 -25032.808    82.789   -38.17   16.68
 -24654.344    74.486   -21.94    8.91
 -24275.944    72.187    -6.08    8.56
 -23897.605    70.103    -5.51    8.13
 -23519.330    67.440    -7.04    9.00
 -23141.117    64.934    -6.63   11.50
 -22762.966    61.603    -8.81   12.51
 -22384.879    59.237    -6.26   10.60
 -22006.853    57.143    -5.54    6.15
 -21628.890    57.693     1.46    5.39
 -21250.989    63.533    15.45    9.17
 -20873.151    68.273    12.54   11.59
 -20495.375    74.395    16.21   13.34
 -20117.662    81.368    18.46   13.50
 -19740.010    90.613    24.48   13.50
 -19362.421   100.054    25.00   10.63
 -18984.894   107.256    19.08    7.69
 -18607.430   110.797     9.38    6.93
 -18230.027   112.744     5.16    8.22
 -17852.687   114.260     4.02    9.53
 -17475.409   116.671     6.39   10.14
 -17098.192   119.903     8.57   10.59
 -16721.038   122.197     6.08    9.46
 -16343.946   125.225     8.03    9.55
 -15966.916   128.081     7.57    8.93
 -15589.948   130.838     7.31    8.98
 -15213.041   132.434     4.24    8.04
 -14836.197   133.539     2.93    8.45
 -14459.414   130.434    -8.24   10.57
 -14082.693   124.855   -14.81   14.86
 -13706.034   118.824   -16.01   17.03
 -13329.437   109.936   -23.60   17.72
 -12952.901   103.548   -16.97   16.53
 -12576.427    98.897   -12.35   14.54
 -12200.015    95.264    -9.65   12.55
 -11823.664    95.961     1.85   16.68
 -11447.375    96.208     0.66   19.96
 -11071.148    99.329     8.29   21.71
 -10694.982   102.141     7.48   20.59
 -10318.878   103.747     4.27   17.20
  -9942.835   107.770    10.70   12.11
  -9566.853   109.653     5.01    9.30
  -9190.933   110.520     2.31    8.92
  -8815.075   109.368    -3.06   11.12
  -8439.277   102.280   -18.86   18.42
  -8063.541    90.973   -30.09   21.67
  -7687.867    84.434   -17.41   18.36
  -7312.253    89.595    13.74   22.19
  -6936.701    99.987    27.67   22.35
  -6561.210   105.548    14.81   14.91
  -6185.780   101.590   -10.54   12.54
  -5810.411    99.056    -6.75   12.43
  -5435.104   108.263    24.53   21.53
  -5059.857   125.847    46.86   26.52
  -4684.672   144.053    48.52   21.72
  -4309.547   153.914    26.29   11.61
  -3934.484   149.040   -13.00   14.15
  -3559.481   136.945   -32.25   13.87
  -3184.540   127.173   -26.06    9.73
  -2809.659   119.324   -20.94    8.51
  -2434.839   111.053   -22.07   12.70
  -2060.081    99.547   -30.70   16.02
  -1685.382    86.908   -33.73   16.71
  -1310.745    71.467   -41.22   14.70
   -936.168    54.041   -46.52   23.08
   -561.653    33.373   -55.18   26.70
   -187.197    15.811   -46.90   22.18
    187.197     7.269   -22.81   16.68
    561.531    22.160    39.78   39.01
    935.804    58.195    96.28   55.57
   1310.017    93.164    93.45   45.86
   1684.169   119.787    71.15   16.36
   2058.261   139.814    53.54   34.74
   2432.292   168.360    76.32   48.03
   2806.263   195.300    72.04   40.04
   3180.174   215.680    54.50   19.75
   3554.024   220.457    12.78   17.86
   3927.813   217.827    -7.04   15.54
   4301.542   213.904   -10.50   16.12
   4675.211   210.182    -9.96   14.57
   5048.820   209.425    -2.03   13.52
   5422.369   220.675    30.12   19.84
   5795.857   234.473    36.94   18.09
   6169.285   244.922    27.98   14.73
   6542.653   252.811    21.13   10.18
   6915.961   255.697     7.73   15.31
   7289.208   260.347    12.46   17.96
   7662.396   263.893     9.50   19.73
   8035.524   268.053    11.15   20.60
   8408.591   261.776   -16.82   34.48
   8781.599   226.459   -94.68   85.37
   9154.547   191.514   -93.70   97.86
   9527.434   143.973  -127.49   93.35
   9900.262   109.534   -92.37   81.69
  10273.030    96.562   -34.80   70.35
  10645.738   122.270    68.98  100.39
  11018.387   186.013   171.05  124.71
  11390.975   249.892   171.44  100.53
  11763.504   305.566   149.45   58.78
  12135.974   328.403    61.31   40.45
  12508.383   342.143    36.89   29.21
  12880.733   352.583    28.04   18.07
  13253.023   357.962    14.45   12.98
  13625.254   361.833    10.40   10.02
  13997.425   360.947    -2.38   11.49
  14369.536   351.708   -24.83   18.15
  14741.588   336.373   -41.22   23.95
  15113.581   316.069   -54.58   25.99
  15485.514   297.893   -48.87   24.42
  15857.388   285.324   -33.80   20.73
  16229.202   281.230   -11.01   22.70
  16600.957   278.315    -7.84   26.72
  16972.652   274.781    -9.51   28.90
  17344.289   266.892   -21.23   26.74
  17715.866   257.753   -24.59   23.47
  18087.383   248.438   -25.07   21.43
  18458.842   241.645   -18.29   19.78
  18830.241   230.459   -30.12   20.12
  19201.582   217.671   -34.44   21.69
  19572.863   206.595   -29.83   19.01
  19944.085   200.145   -17.37   13.96
  20315.247   196.162   -10.73   12.57
  20686.351   196.147    -0.04   11.91
  21057.396   203.135    18.83   16.48
  21428.382   210.093    18.76   17.25
  21799.309   218.373    22.32   13.31
  22170.177   223.040    12.58    6.48
  22540.986   220.135    -7.83    6.15
  22911.736   215.240   -13.20    7.75
  23282.427   208.539   -18.08    9.17
  23653.060   203.961   -12.35    8.03
  24023.634   199.081   -13.17    6.70
  24394.149   196.671    -6.50    6.13
  24764.605   195.080    -4.29    6.03
  25135.002   193.676    -3.79    5.95
  25505.341   190.514    -8.54    6.22
  25875.621   186.865    -9.85    6.73
  26245.843   182.118   -12.82    6.39
  26616.006   178.560    -9.61    5.50
  26986.110   176.855    -4.61    5.72
  27356.156   176.461    -1.07    7.62
  27726.144   174.338    -5.74   11.84
  28096.073   168.905   -14.68   16.57
  28465.943   163.792   -13.82   17.80
  28835.755   158.986   -12.99   15.06
  29205.509   158.276    -1.92   14.21
  29575.204   167.919    26.08   21.92
  29944.841   185.597    47.83   28.45
  30314.420   207.095    58.17   29.72
  30683.940   234.052    72.95   30.17
  31053.403   254.351    54.94   24.67
  31422.807   267.623    35.93   16.69
  31792.152   272.446    13.06   15.66
  32161.440   269.548    -7.85   18.87
  32530.669   262.055   -20.29   18.43
  32899.841   248.247   -37.40   18.93
  33268.954   232.562   -42.49   22.18
  33638.009   212.534   -54.27   26.22
  34007.006   198.932   -36.86   19.75
  34375.945   189.151   -26.51   15.60
  34744.827   189.767     1.67   12.16
  35113.650   194.960    14.08   12.54
  35482.415   201.757    18.43   14.58
  35851.123   213.299    31.30   14.71
  36219.772   219.405    16.56   12.25
  36588.364   217.000    -6.53   16.84
  36956.898   202.493   -39.36   33.32
  37325.374   166.286   -98.26   51.25
  37693.793   131.649   -94.01   45.34
  38062.154   104.724   -73.09   23.43
  38430.457    98.324   -17.37   10.08
  38798.702   109.429    30.15   21.96
  39166.890   121.757    33.48   28.03
  39535.020   135.895    38.40   27.57
  39903.092   142.635    18.31   27.82
  40271.107   148.671    16.40   30.95
  40639.065   154.240    15.13   35.77
  41006.965   159.882    15.33   40.36
  41374.807   166.216    17.22   43.41
  41742.592   170.203    10.84   47.86
  42110.320   176.000    15.76   53.86
  42483.178   180.405    11.81   59.41
  42862.709   183.917     9.25   61.83
  43242.178   187.176     8.59   61.88
  43621.586   182.857   -11.38   60.26
  44000.932   180.853    -5.28   55.52
  44380.216   181.826     2.56   54.84
  44759.439   184.324     6.59   53.47
  45138.601   197.767    35.45   59.67
  45517.701   208.303    27.79   61.21
  45896.740   230.419    58.35   66.01
  46275.718   248.892    48.74   75.24
  46654.634   259.827    28.86   81.68
  47033.489   278.797    50.07   88.74
  47412.283   274.286   -11.91   95.92
  47791.015   261.250   -34.42   96.35
  48169.687   236.385   -65.66   83.32
  48548.297   221.389   -39.61   65.43
  48926.846   230.558    24.22   59.06
  49305.334   235.192    12.24   54.76
  49683.761   244.221    23.86   54.73
  50062.126   245.581     3.60   57.30
  50440.431   262.203    43.94   71.32
  50818.675   299.333    98.16   94.48
  51196.858   329.568    79.94   97.90
  51574.980   350.107    54.32   80.45
  51953.041   348.225    -4.98   65.04
  52331.041   331.013   -45.53   52.10
  52708.980   327.536    -9.20   46.18
  53086.859   337.987    27.65   43.21
  53464.677   359.254    56.29   33.51
  53842.434   375.260    42.37   29.70
  54220.130   389.918    38.81   20.95
  54597.766   392.270     6.23   26.61
  54975.341   384.600   -20.31   36.60
  55352.855   390.419    15.41   37.21
  55730.309   408.658    48.32   42.36
  56107.702   436.274    73.17   44.21
  56485.034   470.784    91.45   41.35
  56862.307   502.632    84.41   26.70
  57239.518   522.118    51.66   21.85
  57616.670   534.101    31.77   15.59
  57993.760   538.867    12.64   17.36
  58370.791   537.411    -3.86   20.94
  58747.761   534.105    -8.77   22.68
  59124.671   521.554   -33.30   30.92
  59501.520   502.120   -51.57   39.66
  59878.309   475.230   -71.36   42.21
  60255.038   446.608   -75.97   40.83
  60631.707   411.276   -93.80   47.09
  61008.315   386.297   -66.32   45.19
  61384.864   385.289    -2.68   47.23
  61761.352   407.959    60.21   62.81
  62137.780   455.013   125.00   61.84
  62514.148   496.403   109.96   47.89
  62890.456   526.733    80.60   37.11
  63266.705   544.125    46.22   25.81
  63642.893   542.453    -4.44   29.24
  64019.021   530.904   -30.70   38.86
  64395.089   508.600   -59.31   42.29
  64771.097   485.027   -62.69   38.21
  65147.046   462.840   -59.01   41.17
  65522.935   433.189   -78.88   48.92
  65898.763   425.270   -21.07   43.89
  66274.533   435.411    26.98   44.93
  66650.242   455.164    52.57   47.15
  67025.892   464.370    24.50   48.45
  67401.481   456.437   -21.12   59.06
  67777.012   445.707   -28.57   52.41
  68152.482   441.971    -9.95   40.56
  68527.894   453.213    29.94   37.10
  68903.245   478.971    68.62   37.13
  69278.537   505.649    71.08   33.59
  69653.770   515.380    25.93   31.64
  70028.942   482.589   -87.40   75.65
  70404.056   412.699  -186.31  109.41
  70779.110   350.311  -166.33   98.49
  71154.105   291.288  -157.39   47.35
  71529.040   274.320   -45.25   16.93
  71903.916   284.253    26.50   20.45
  72278.733   303.685    51.84   38.79
  72653.490   348.587   119.81   72.78
  73028.189   398.890   134.24   80.57
  73402.827   449.750   135.75   80.09
  73777.407   491.342   111.03   65.27
  74151.928   524.908    89.62   57.66
  74526.389   556.746    85.02   47.20
  74900.792   586.568    79.64   46.13
  75275.135   623.319    98.17   37.14
  75649.419   650.863    73.59   29.33
  76023.644   661.611    28.72   27.41
  76397.811   630.329   -83.60   60.11
  76771.918   580.764  -132.48   81.14
  77145.966   513.853  -178.87   91.39
  77519.956   443.162  -189.01   80.19
  77893.886   401.824  -110.54   60.70
  78267.758   393.438   -22.43   50.84
  78641.571   426.411    88.20   74.49
  79015.325   490.288   170.89   82.63
  79389.020   554.781   172.57   70.47
  79762.656   613.827   158.02   63.75
  80136.234   656.603   114.50   53.74
  80509.753   698.427   111.96   43.34
  80883.214   734.653    96.99   45.85
  81256.616   778.027   116.15   60.26
  81629.959   819.014   109.78   71.03
  82003.244   866.351   126.80   60.75
  82376.470   898.721    86.72   47.08
  82749.638   918.827    53.88   30.45
  83122.747   928.603    26.20   29.55
  83495.798   936.120    20.15   34.10
  83868.790   944.232    21.75   41.12
  84241.724   955.613    30.52   38.05
  84614.599   954.914    -1.87   35.34
  84987.416   940.500   -38.66   36.62
  85360.175   913.930   -71.28   37.57
  85732.876   886.890   -72.54   33.84
  86105.518   860.352   -71.21   25.18
  86478.102   843.014   -46.53   21.01
  86850.628   830.236   -34.30   17.51
  87223.096   828.082    -5.78   19.43
  87595.505   836.507    22.62   27.10
  87967.857   839.568     8.22   25.05
  88340.150   835.946    -9.73   32.00
  88712.386   835.548    -1.07   34.98
  89084.563   842.068    17.52   34.53
  89456.682   865.014    61.66   40.17
  89828.743   897.622    87.63   41.20
  90200.747   931.068    89.90   44.11
  90572.692   964.808    90.70   49.31
  90944.579   998.681    91.08   50.54
  91316.409  1027.851    78.45   45.04
  91688.181  1051.648    64.00   29.82
  92059.895  1059.162    20.21   19.21
  92431.551  1057.930    -3.32   17.72
  92803.149  1046.760   -30.06   26.43
  93174.690  1028.971   -47.88   39.16
  93546.173  1009.280   -53.00   49.98
  93917.598   987.638   -58.26   53.97
  94288.966   972.040   -42.00   52.17
  94660.276   948.286   -63.97   51.05
  95031.528   913.200   -94.50   57.86
  95402.723   858.704  -146.80   71.35
  95773.860   793.773  -174.94   83.26
  96144.940   721.676  -194.27   83.28
  96515.962   689.230   -87.44   67.44
  96886.927   699.795    28.48   80.45
  97257.835   746.133   124.92   96.32
  97628.685   813.125   180.63   69.50
  97999.477   859.813   125.90   28.74
  98370.213   873.667    37.36   23.76
  98740.891   861.333   -33.27   51.58
  99111.511   830.014   -84.50   73.37
  99482.075   787.566  -114.54   80.35
  99852.581   732.432  -148.79   60.91
 100223.030   690.579  -112.97   46.17
 100593.422   651.743  -104.84   47.68
 100963.756   615.039   -99.10   49.25
 101334.034   584.270   -83.09   53.45
 101704.254   558.824   -68.73   63.82
 102074.417   546.054   -34.50   62.25
 102444.524   553.338    19.68   56.43
 102814.573   595.356   113.54   79.26
 103184.565   652.712   155.01   88.45
 103554.500   692.315   107.04   61.76
 103924.378   691.192    -3.04   57.56
 104294.200   654.301   -99.74   75.77
 104663.964   592.918  -165.99   78.25
 105033.672   527.849  -175.98   68.14
 105403.323   471.137  -153.41   69.80
 105772.917   412.096  -159.73   70.84
 106142.454   354.233  -156.57   72.78
 106511.934   315.446  -104.97   55.88
 106881.358   325.205    26.42   73.13
 107250.725   368.270   116.58  101.71
 107620.036   418.712   136.57  107.96
 107989.289   477.892   160.25   79.83
 108358.486   517.375   106.93   66.62
 108727.627   565.600   130.63   82.12
 109096.711   625.306   161.75   94.12
 109465.738   707.027   221.43   98.78
 109834.709   778.236   192.98   81.28
 110203.623   830.466   141.56   60.53
 110572.481   839.319    24.00   65.67
 110941.283   811.342   -75.85   95.18
 111310.028   753.806  -156.02  114.56
 111678.717   661.315  -250.84  131.63
 112047.349   570.819  -245.47  129.45
 112415.925   497.753  -198.22   91.25
 112784.445   469.806   -75.83   55.61
 113152.908   479.466    26.21   56.41
 113521.315   512.000    88.30   68.22
 113889.666   560.342   131.23   83.60
 114257.961   598.931   104.76   94.88
 114626.200   642.562   118.47  100.30
 114994.382   682.986   109.78  100.95
 115362.508   732.849   135.44   90.69
 115730.579   772.014   106.39   94.69
 116098.593   818.644   126.69   93.93
 116466.551   853.658    95.15   98.27
 116834.453   892.014   104.25   94.24
 117205.135   916.534    66.14   86.40
 117584.537   935.562    50.15   66.08
 117963.878   943.420    20.71   46.19
 118343.160   919.120   -64.06   57.21
 118722.382   898.559   -54.21   61.86
 119101.544   891.811   -17.80   58.49
 119480.646   906.167    37.86   63.56
 119859.688   946.767   107.10   63.77
 120238.670   981.153    90.72   56.97
 120617.593  1001.639    54.06   52.79
 120996.456  1016.055    38.05   53.47
 121375.259  1026.861    28.52   44.34
 121754.003  1025.676    -3.13   53.86
 122132.687  1000.529   -66.40   92.68
 122511.311   946.053  -143.86  117.73
 122889.876   892.279  -142.03  117.98
 123268.381   820.649  -189.23  103.71
 123646.827   782.000  -102.11   96.33
 124025.213   766.892   -39.92   94.80
 124403.539   794.625    73.30   96.81
 124781.807   821.139    70.09   86.74
 125160.014   875.054   142.54   92.20
 125538.163   939.917   171.51   87.65
 125916.252   991.811   137.24   65.22
 126294.282  1017.235    67.25   41.49
 126672.252  1009.320   -20.94   40.41
 127050.163   983.088   -69.40   52.36
 127428.015   935.892  -124.89   85.88
 127805.808   864.167  -189.83  108.70
 128183.542   777.581  -229.20  111.01
 128561.216   709.264  -180.87   86.11
 128938.831   692.431   -44.57   66.84
 129316.388   723.767    82.99   77.95
 129693.885   768.194   117.68   74.79
 130071.323   813.986   121.31   57.87
 130448.702   853.899   105.75   46.76
 130826.022   870.689    44.49   45.27
 131203.283   876.265    14.78   48.70
 131580.485   868.986   -19.29   53.07
 131957.629   860.471   -22.58   59.42
 132334.713   875.324    39.38   69.75
 132711.739   893.264    47.58   66.93
 133088.705   906.329    34.65   63.79
 133465.613   899.634   -17.76   71.05
 133842.462   868.986   -81.32   84.10
 134219.253   847.151   -57.94   84.79
 134595.985   824.917   -59.01   80.68
 134972.658   783.649  -109.55   84.57
 135349.272   747.420   -96.18   85.20
 135725.828   693.297  -143.71   72.71
 136102.325   657.103   -96.12   52.12
 136478.764   640.284   -44.67   45.32
 136855.144   639.746    -1.43   60.52
 137231.466   675.096    93.92   88.30
 137607.729   729.507   144.59  103.91
 137983.934   772.764   114.97   91.39
 138360.080   774.306     4.10   86.43
 138736.168   737.611   -97.56   98.07
 139112.198   707.778   -79.33   78.11
 139488.169   706.225    -4.13   68.92
 139864.082   726.764    54.63   73.55
 140239.936   756.352    78.71   73.93
 140615.733   751.013   -14.20   88.71
 140991.471   735.868   -40.30   77.24
 141367.151   744.824    23.84   67.16
 141742.772   768.116    62.00   74.00
 142118.336   813.041   119.61   84.00
 142493.841   875.169   165.43   81.84
 142869.289   912.600    99.68   64.02
 143244.678   917.356    12.67   54.49
 143620.009   884.493   -87.55   81.25
 143995.283   820.425  -170.70   89.63
 144370.498   753.370  -178.69   79.71
 144745.655   691.770  -164.18   64.94
 145120.755   657.863   -90.38   50.35
 145495.796   640.419   -46.51   55.80
 145870.780   635.806   -12.30   67.38
 146245.706   615.366   -54.51   74.45
 146620.574   587.833   -73.44   66.34
 146995.384   570.814   -45.40   46.10
 147370.136   568.222    -6.92   33.59
 147744.831   596.592    75.70   44.47
 148119.468   633.056    97.32   44.03
 148494.048   655.000    58.58   39.17
 148868.569   683.153    75.16   43.06
 149243.033   721.500   102.39   58.84
 149617.440   775.890   145.25   68.14
 149991.789   831.808   149.35   66.22
 150366.080   883.110   137.04   52.67
 150740.314   916.110    88.17   31.99
 151114.490   927.135    29.46   18.98
 151488.609   921.972   -13.80   27.05
 151862.671   909.123   -34.34   37.35
 152236.675   898.817   -27.55   45.28
 152610.621   887.667   -29.81   42.74
 152984.511   863.588   -64.39   49.42
 153358.343   827.865   -95.55   71.83
 153732.117   772.706  -147.55   91.03
 154105.835   706.676  -176.66   98.92
 154479.495   646.294  -161.57   68.37
 154853.098   614.838   -84.19   43.09
 155226.644   618.042     8.58   52.69
 155600.133   624.681    17.77   52.59
 155973.564   615.847   -23.65   52.11
 156346.938   588.068   -74.39   64.85
 156720.256   539.648  -129.69   68.52
 157093.516   506.863   -87.82   44.34
 157466.719   502.479   -11.74   38.68
 157839.865   518.333    42.48   46.52
 158212.955   541.042    60.86   42.79
 158585.987   552.736    31.35   41.63
 158958.962   561.973    24.76   43.50
 159331.881   581.155    51.43   58.87
 159704.743   624.370   115.88   80.08
 160077.547   672.913   130.19   79.63
 160450.295   716.284   116.34   62.91
 160822.986   747.926    84.89   39.40
 161195.621   751.987    10.89   39.27
 161568.199   751.485    -1.35   45.41
 161940.720   748.813    -7.17   52.60
 162313.184   757.030    22.06   54.06
 162685.592   778.162    56.74   50.42
 163057.943   783.485    14.29   45.39
 163430.237   753.811   -79.70   79.92
 163802.475   702.343  -138.25  103.85
 164174.656   635.521  -179.52  106.92
 164546.781   568.310  -180.59   84.81
 164918.849   517.486  -136.58   67.62
 165290.861   477.817  -106.62   49.01
 165662.816   452.472   -68.13   37.54
 166034.715   432.901   -52.62   24.88
 166406.558   423.211   -26.06   15.14
 166778.344   418.577   -12.46   14.35
 167150.074   422.264     9.92   26.45
 167521.748   429.486    19.43   35.90
 167893.365   440.500    29.63   42.72
 168264.926   444.931    11.92   45.23
 168636.431   447.817     7.77   48.81
 169007.879   456.726    23.98   55.44
 169379.272   472.286    41.89   61.32
 169750.608   478.411    16.49   57.14
 170121.888   480.690     6.14   48.15
 170493.112   492.292    31.25   39.71
 170864.280   514.900    60.90   54.89
 171235.392   574.857   161.54   79.30
 171606.448   633.887   159.06   67.47
 171977.448   659.571    69.22   47.15
 172348.392   650.882   -23.42   53.48
 172719.280   621.471   -79.29   61.86
 173090.112   592.500   -78.11   50.36
 173460.888   594.400     5.12   50.10
 173831.608   613.132    50.52   60.02
 174202.273   652.472   106.12   59.42
 174572.881   694.072   112.23   60.80
 174943.434   714.028    53.84   48.43
 175313.931   703.229   -29.14   52.81
 175684.373   682.000   -57.30   54.95
 176054.758   662.211   -53.42   38.34
 176425.088   661.726    -1.31   39.65
 176795.362   648.214   -36.49   54.06
 177165.581   613.370   -94.10   76.54
 177535.744   557.771  -150.18   79.69
 177905.852   510.411  -127.94   45.08
 178275.904   490.718   -53.21   15.68
 178645.900   497.137    17.35   20.14
 179015.841   517.254    54.37   31.26
 179385.726   546.671    79.52   45.89
 179755.556   590.194   117.67   62.29
 180125.331   634.681   120.29   70.30
 180495.050   675.192   109.56   57.82
 180864.714   691.027    42.83   48.54
 181234.322   684.027   -18.94   49.41
 181603.875   664.873   -51.82   50.56
 181973.373   622.875  -113.64   70.35
 182342.816   577.408  -123.05   92.81
 182712.203   504.014  -198.66  112.60
 183081.535   436.268  -183.40  100.46
 183450.812   373.833  -169.04   79.06
 183820.033   332.500  -111.93   54.16
 184189.200   303.194   -79.37   34.49
 184558.311   286.653   -44.81   25.16
 184927.368   274.597   -32.66   19.58
 185296.369   268.667   -16.07   12.35
 185665.315   267.054    -4.37    8.55
 186034.206   268.192     3.08    9.63
 186403.043   266.500    -4.59   11.88
 186771.824   266.472    -0.08   16.29
 187140.550   280.986    39.36   41.53
 187509.221   312.690    85.98   72.00
 187877.838   369.889   155.15  103.72
 188246.400   415.873   124.75  100.84
 188614.906   458.205   114.86   82.90
 188983.358   478.930    56.24   65.79
 189351.755   505.153    71.17   57.87
 189720.098   525.211    54.45   60.49
 190088.385   559.625    93.43   62.58
 190456.618   579.662    54.40   64.09
 190824.797   599.027    52.59   63.26
 191192.920   615.471    44.66   64.55
 191560.989   637.726    60.45   63.61
 191929.689   642.514    12.98   59.41
 192308.966   624.135   -48.45   65.56
 192688.185   592.727   -82.81   68.35
 193067.345   575.600   -45.16   74.47
 193446.447   577.588     5.24   81.48
 193825.491   609.479    84.12   87.77
 194204.476   665.690   148.29  100.50
 194583.404   738.808   192.93  109.46
 194962.273   806.694   179.15   82.99
 195341.084   811.743    13.32   88.74
 195719.836   773.716  -100.38  104.97
 196098.531   737.309   -96.12   89.57
 196477.167   748.767    30.26   85.82
 196855.745   799.735   134.61   84.50
 197234.266   829.736    79.24   68.11
 197612.728   819.817   -26.20   67.25
 197991.132   785.169   -91.55   80.27
 198369.479   724.662  -159.90   69.35
 198747.767   675.597  -129.68   54.43
 199125.998   641.473   -90.20   46.48
 199504.170   625.686   -41.74   47.48
 199882.285   631.803    16.18   64.56
 200260.342   638.838    18.61   68.76
 200638.341   623.551   -40.44   61.60
 201016.282   610.371   -34.87   52.10
 201394.166   596.694   -36.19   34.17
 201771.992   600.915    11.17   37.66
 202149.760   627.931    71.50   53.48
 202527.470   665.577    99.65   63.10
 202905.123   702.338    97.32   68.79
 203282.719   743.986   110.28   62.58
 203660.256   778.229    90.68   60.98
 204037.736   823.527   119.98   64.40
 204415.159   865.924   112.31   61.11
 204792.524   898.867    87.28   51.61
 205169.832   916.761    47.42   37.28
 205547.082   911.151   -14.87   39.34
 205924.275   886.714   -64.77   46.61
 206301.410   853.625   -87.72   47.55
 206678.488   824.507   -77.21   46.60
 207055.508   801.366   -61.37   43.48
 207432.472   778.296   -61.19   37.27
 207809.378   770.014   -21.97   30.74
 208186.227   775.431    14.37   28.80
 208563.018   798.544    61.33   37.58
 208939.752   842.261   116.02   64.14
 209316.430   893.441   135.85   68.91
 209693.050   927.729    91.02   50.82
 210069.613   928.300     1.52   47.22
 210446.118   891.108   -98.76   63.83
 210822.567   836.113  -146.06   56.27
 211198.959   786.873  -130.80   55.74
 211575.293   751.394   -94.26   43.30
 211951.571   733.347   -47.95   32.35
 212327.792   741.042    20.45   45.01
 212703.955   774.271    88.32   56.31
 213080.062   827.514   141.53   76.25
 213456.112   888.015   160.86   82.07
 213832.105   925.907   100.76   75.32
 214208.041   919.821   -16.19   82.95
 214583.921   846.877  -194.03  120.95
 214959.744   749.357  -259.43  119.22
 215335.509   666.753  -219.79   81.87
 215711.219   624.114  -113.47   40.57
 216086.871   619.667   -11.84   33.36
 216462.467   638.861    51.09   38.29
 216838.006   666.225    72.85   35.77
 217213.489   705.211   103.81   51.69
 217588.915   746.843   110.87   62.13
 217964.284   791.319   118.46   57.06
 218339.597   823.765    86.43   34.29
 218714.853   831.855    21.56   24.07
 219090.053   828.676    -8.47   31.93
 219465.196   806.522   -59.05   46.78
 219840.283   778.912   -73.60   44.14
 220215.314   771.740   -19.12   39.50
 220590.288   789.486    47.32   67.61
 220965.206   829.169   105.82   86.09
 221340.067   862.431    88.71   80.37
 221714.872   862.338    -0.25   80.68
 222089.621   827.028   -94.21   82.38
 222464.314   790.282   -98.05   58.83
 222838.950   782.887   -19.73   45.22
 223213.530   808.557    68.52   61.56
 223588.054   864.507   149.36   71.45
 223962.522   914.537   133.58   53.45
 224336.934   933.413    50.41   32.44
 224711.289   925.485   -21.17   43.39
 225085.589   892.520   -88.05   49.96
 225459.832   864.191   -75.68   34.31
 225834.020   857.473   -17.95   35.70
 226208.151   861.300    10.23   42.90
 226582.227   849.408   -31.78   56.10
 226956.246   820.620   -76.96   72.57
 227330.210   779.167  -110.83   82.75
 227704.118   727.197  -138.96   76.47
 228077.970   680.746  -124.22   71.59
 228451.766   631.239  -132.42   69.40
 228825.506   579.944  -137.22   61.65
 229199.191   534.111  -122.63   53.32
 229572.819   513.214   -55.92   42.38
 229946.392   530.606    46.54   66.09
 230319.910   562.304    84.85   71.06
 230693.371   581.466    51.30   65.92
 231066.777   576.853   -12.35   76.20
 231440.127   542.054   -93.19   83.29
 231813.422   499.313  -114.47   86.70
 232186.661   461.932  -100.13   77.97
 232559.845   430.147   -85.16   59.79
 232932.973   416.082   -37.69   44.05
 233306.045   410.657   -14.54   37.60
 233679.062   420.083    25.26   49.29
 234052.024   440.451    54.60   55.04
 234424.930   470.764    81.27   62.83
 234797.781   520.507   133.38   77.59
 235170.576   579.549   158.34   91.56
 235543.316   662.111   221.45  111.71
 235916.001   737.181   201.39  112.86
 236288.630   805.931   184.46   83.35
 236661.204   834.147    75.72   60.71
 237033.723   813.479   -55.47   67.09
 237406.187   765.217  -129.55   75.90
 237778.595   707.732  -154.33   80.82
 238150.948   658.426  -132.39   61.23
 238523.246   652.529   -15.84   47.71
 238895.489   668.956    44.12   57.44
 239267.677   711.811   115.12   60.27
 239639.810   756.836   120.97   52.63
 240011.888   798.770   112.68   50.23
 240383.911   837.269   103.46   43.11
 240755.878   863.178    69.64   35.36
 241127.791   878.086    40.08   22.92
 241499.649   881.236     8.47   18.37
 241871.452   881.000    -0.63   15.38
 242243.200   885.634    12.46   18.19
 242614.893   898.197    33.79   25.94
 242986.531   916.592    49.48   32.71
 243358.115   936.800    54.37   36.45
 243729.644   958.986    59.70   44.10
 244101.117   988.930    80.59   57.42
 244472.537  1018.814    80.44   61.67
 244843.901  1046.887    75.58   57.97
 245215.211  1060.210    35.87   44.60
 245586.466  1073.093    34.69   33.76
