 -77039.284    57.883     0.00    7.60
 -76658.118    53.082   -12.59   10.14
 -76276.851    49.945    -8.23    8.90
 -75895.483    48.033    -5.01    6.14
 -75514.014    49.880     4.84    5.32
 -75132.443    52.115     5.86    3.09
 -74750.772    51.363    -1.97    3.25
 -74368.999    49.594    -4.63    4.53
 -73987.125    48.341    -3.28    5.72
 -73605.149    46.505    -4.81    5.97
 -73223.072    44.383    -5.55    6.78
 -72840.893    40.250   -10.82    7.23
 -72458.613    35.897   -11.39    7.04
 -72076.231    32.224    -9.60    5.89
 -71693.746    29.202    -7.90    5.72
 -71325.721    26.947    -6.13    5.46
 -70962.195    24.388    -7.04    5.29
 -70598.580    21.798    -7.12    5.49
 -70234.875    19.672    -5.84    5.66
 -69871.081    18.157    -4.16    5.82
 -69507.198    18.079    -0.22    7.22
 -69143.224    19.334     3.45    8.90
 -68779.161    18.477    -2.35   10.03
 -68415.009    15.710    -7.60   11.16
 -68050.766    11.292   -12.13   10.39
 -67686.433     7.670    -9.94    7.47
 -67322.010     6.479    -3.27    5.17
 -66957.498     8.063     4.35    6.83
 -66592.895    10.516     6.73    7.80
 -66228.202    10.312    -0.56    7.37
 -65863.418     9.122    -3.26    7.16
 -65498.545     7.695    -3.91    5.52
 -65133.580     6.897    -2.19    4.66
 -64768.526     6.021    -2.40    4.47
 -64403.381     5.517    -1.38    4.00
 -64038.145     5.338    -0.49    3.64
 -63672.818     5.695     0.98    3.20
 -63307.401     5.811     0.32    3.30
 -62941.893     5.347    -1.27    3.34
 -62576.294     5.206    -0.38    3.05
 -62210.604     6.435     3.36    3.88
 -61844.823     9.005     7.03    8.72
 -61478.951    14.028    13.73   14.57
 -61112.988    22.756    23.85   19.49
 -60746.934    31.872    24.90   21.27
 -60380.788    42.105    27.95   18.46
 -60014.551    49.260    19.54   13.99
 -59648.223    53.845    12.52    7.75
 -59281.803    52.649    -3.27    6.42
 -58915.291    48.748   -10.64    7.55
 -58548.688    42.861   -16.06    8.26
 -58181.993    37.075   -15.78    7.13
 -57815.207    33.128   -10.76    5.10
 -57448.328    29.526    -9.82    3.47
 -57081.358    26.980    -6.94    3.86
 -56714.295    24.754    -6.06    5.58
 -56347.141    21.435    -9.04    7.36
 -55979.894    17.665   -10.26    6.49
 -55612.556    14.392    -8.91    5.07
 -55245.125    12.058    -6.35    3.33
 -54877.601    10.781    -3.47    3.72
 -54509.985     9.028    -4.77    4.63
 -54142.277     8.115    -2.48    4.30
 -53774.476     8.275     0.43    4.25
 -53406.583     9.187     2.48    4.72
 -53038.597    10.376     3.23    3.83
 -52670.518    10.549     0.47    3.65
 -52302.347    10.804     0.69    5.04
 -51934.082    10.692    -0.31    5.16
 -51565.725    10.730     0.10    4.58
 -51197.274    10.955     0.61    3.14
 -50828.731    10.267    -1.87    3.49
 -50460.094     9.409    -2.33    3.79
 -50091.364     8.725    -1.86    3.49
 -49722.540     8.513    -0.57    3.75
 -49353.624     8.930     1.13    3.41
 -48984.614     8.814    -0.32    3.29
 -48615.510    10.495     4.55    7.44
 -48246.313    14.569    11.03   10.25
 -47877.022    18.626    10.98    9.81
 -47507.637    20.555     5.22    7.76
 -47138.158    20.097    -1.24    6.96
 -46768.586    18.274    -4.93    6.73
 -46398.920    16.315    -5.30    5.58
 -46029.159    14.905    -3.81    4.85
 -45659.305    13.837    -2.89    5.03
 -45289.356    12.347    -4.03    5.93
 -44919.313    10.173    -5.88    6.23
 -44549.176     7.450    -7.35    4.84
 -44178.944     5.505    -5.25    3.43
 -43808.618     5.062    -1.20    3.36
 -43438.197     4.550    -1.38    2.88
 -43067.682     4.524    -0.07    2.82
 -42697.072     4.680     0.42    2.98
 -42326.368     5.087     1.10    2.78
 -41955.568     4.662    -1.15    2.64
 -41584.674     4.305    -0.96    2.01
 -41213.684     4.480     0.47    2.33
 -40842.600     5.066     1.58    2.57
 -40471.421     5.208     0.38    2.44
 -40100.146     5.242     0.09    1.94
 -39728.776     5.113    -0.35    2.11
 -39357.311     5.023    -0.24    2.19
 -38985.750     5.388     0.98    2.30
 -38614.094     5.723     0.90    2.25
 -38242.342     5.931     0.56    2.11
 -37870.495     6.061     0.35    2.05
 -37498.552     6.269     0.56    2.23
 -37126.513     7.121     2.29    3.06
 -36754.378     8.241     3.01    3.25
 -36382.148     8.880     1.72    2.91
 -36009.821     8.987     0.29    2.85
 -35637.398     9.216     0.62    2.55
 -35264.879     9.273     0.15    3.18
 -34892.264    10.128     2.30    3.81
 -34519.553    11.837     4.59    4.08
 -34146.745    13.070     3.31    4.24
 -33773.841    14.208     3.05    4.43
 -33400.840    15.610     3.76    5.32
 -33027.743    16.889     3.43    5.98
 -32654.549    18.107     3.26    5.87
 -32281.258    17.238    -2.33    5.71
 -31907.871    15.013    -5.96    5.91
 -31534.387    11.584    -9.18    6.10
 -31160.805     8.417    -8.48    4.59
 -30787.127     6.267    -5.76    2.52
 -30413.351     5.442    -2.21    1.80
 -30039.478     4.372    -2.86    1.95
 -29665.508     3.349    -2.74    1.87
 -29291.441     2.525    -2.20    1.45
 -28917.276     1.922    -1.61    0.40
 -28543.014     1.897    -0.07    0.00
 -28168.654     1.897     0.00    0.00
 -27794.196     1.880    -0.05    0.13
 -27419.641     1.659    -0.59    0.43
 -27044.988     1.422    -0.63    0.50
 -26670.237     1.161    -0.70    0.44
 -26295.388     0.963    -0.53    0.25
 -25920.441     0.897    -0.18    0.00
 -25545.396     0.897     0.00    0.00
 -25170.253     0.897     0.00    0.00
 -24795.011     0.897     0.00    0.00
 -24419.672     0.897     0.00    0.00
 -24044.233     0.897     0.00    0.00
 -23668.696     0.897     0.00    0.00
 -23293.061     0.897     0.00    0.00
 -22917.327     0.897     0.00    0.00
 -22541.494     0.897     0.00    0.00
 -22165.563     0.897     0.00    0.00
 -21789.532     0.855    -0.11    0.20
 -21413.403     1.017     0.43    0.74
 -21037.174     0.962    -0.15    0.99
 -20660.847     0.930    -0.08    1.23
 -20284.420     0.913    -0.05    1.34
 -19907.894     0.618    -0.78    1.10
 -19531.269     0.253    -0.97    0.65
 -19154.544     0.219    -0.09    0.62
 -18777.719     0.219    -0.00    0.57
 -18400.796     0.198    -0.06    0.46
 -18023.772     0.233     0.09    0.47
 -17646.649     0.224    -0.02    0.49
 -17269.425     0.203    -0.06    0.51
 -16892.102     0.123    -0.21    0.51
 -16514.679     0.070    -0.14    0.54
 -16137.156     0.022    -0.13    0.51
 -15759.533    -0.062    -0.22    0.20
 -15381.809    -0.103    -0.11    0.00
 -15003.985    -0.103     0.00    0.00
 -14626.061     0.110     0.56    1.26
 -14248.037     4.695    12.13   15.28
 -13869.911    27.397    60.04   50.94
 -13491.686    60.069    86.38   73.49
 -13113.359   109.641   131.03   89.78
 -12734.932   159.373   131.42   93.85
 -12356.404   216.879   151.92   82.09
 -11977.774   269.628   139.32   74.84
 -11599.044   296.493    70.93   58.29
 -11220.213   304.517    21.18   43.45
 -10841.281   295.151   -24.72   40.91
 -10462.247   278.897   -42.88   32.93
 -10083.112   272.002   -18.19   30.51
  -9703.875   274.010     5.30   32.50
  -9324.538   267.352   -17.55   37.45
  -8945.098   259.161   -21.59   41.87
  -8565.557   240.327   -49.62   41.33
  -8185.914   228.157   -32.06   39.85
  -7806.169   214.227   -36.68   38.07
  -7426.322   198.090   -42.48   35.50
  -7046.373   184.538   -35.67   25.84
  -6666.323   191.076    17.20   32.46
  -6286.170   207.467    43.12   40.83
  -5905.914   215.708    21.67   51.10
  -5525.557   201.937   -36.21   72.63
  -5145.097   164.726   -97.81   95.42
  -4764.535   122.542  -110.85   93.43
  -4383.870    81.992  -106.52   83.16
  -4003.102    52.799   -76.67   70.41
  -3622.231    29.205   -61.95   56.65
  -3241.258    10.236   -49.79   29.00
  -2860.182     1.393   -23.21    6.24
  -2479.003    -0.103    -3.92    0.00
  -2097.721    -0.103     0.00    0.00
  -1716.336    -0.095     0.02    0.09
  -1334.847     0.206     0.79    1.62
   -953.255     0.205    -0.00    1.64
   -571.560     0.003    -0.53    0.73
   -189.761    -0.103    -0.28    0.00
    192.141    -0.103     0.00    0.00
    574.147    -0.103     0.00    0.00
    956.257    -0.103     0.00    0.00
   1338.471    -0.103     0.00    0.00
   1720.788    -0.103     0.00    0.00
   2103.210    -0.103     0.00    0.00
   2485.735    -0.103     0.00    0.00
   2868.365    -0.103     0.00    0.00
   3244.713    -0.103     0.00    0.00
   3608.003    -0.103     0.00    0.00
   3971.383    -0.103     0.00    0.00
   4334.854    -0.103     0.00    0.00
   4698.416    -0.103     0.00    0.00
   5062.069    -0.103     0.00    0.00
   5425.814    -0.103     0.00    0.00
   5789.650    -0.103     0.00    0.00
   6153.577    -0.103     0.00    0.00
   6517.596    -0.103     0.00    0.00
   6881.706    -0.103     0.00    0.00
   7245.908    -0.103     0.00    0.00
   7610.202    -0.103     0.00    0.00
   7974.587    -0.103     0.00    0.00
   8339.064    -0.103     0.00    0.00
   8703.633    -0.103     0.00    0.00
   9068.294    -0.103     0.00    0.00
   9433.047    -0.103     0.00    0.00
   9797.892    -0.103     0.00    0.00
  10162.829    -0.103     0.00    0.00
  10527.859    -0.103     0.00    0.00
  10892.980     0.523     1.71    2.30
  11258.195     1.856     3.65    3.96
  11623.501     3.489     4.47    4.92
  11988.900     5.196     4.67    5.41
  12354.392     7.185     5.44    5.54
  12719.976     9.067     5.15    4.93
  13085.653    10.397     3.64    3.78
  13451.423    11.655     3.44    1.55
  13817.286    11.816     0.44    1.11
  14183.241    11.673    -0.39    1.01
  14549.290    11.737     0.18    1.07
  14915.432    11.726    -0.03    1.18
  15281.667    11.032    -1.89    2.71
  15647.995    10.193    -2.29    4.14
  16014.416     9.789    -1.10    5.49
  16380.931     9.282    -1.38    6.91
  16747.539     7.985    -3.54    7.43
  17114.241     6.965    -2.78    7.80
  17481.036     5.848    -3.05    7.30
  17847.925     4.542    -3.56    6.40
  18214.908     4.069    -1.29    5.73
  18581.984     4.574     1.38    5.93
  18949.155     4.563    -0.03    6.03
  19316.419     4.636     0.20    6.08
  19683.777     4.684     0.13    6.23
  20051.230     4.368    -0.86    6.18
  20418.776     4.455     0.24    6.04
  20786.417     4.449    -0.02    5.73
  21154.152     5.031     1.58    5.99
  21521.982     7.219     5.95    6.95
  21889.906     9.233     5.47    7.17
  22257.924    11.647     6.56    6.53
  22626.038    13.034     3.77    6.45
  22994.245    13.268     0.64    7.10
  23362.548    13.130    -0.38    8.29
  23730.945    12.373    -2.05    9.21
  24099.437     9.623    -7.46    9.13
  24468.025     7.309    -6.28    8.36
  24836.707     4.729    -7.00    6.83
  25205.484     3.088    -4.45    5.65
  25574.357     1.620    -3.98    4.26
  25943.325     0.566    -2.86    2.42
  26312.388     0.828     0.71    3.15
  26681.547     1.297     1.27    3.84
  27050.801     0.921    -1.02    3.16
  27420.150     0.239    -1.85    1.72
  27789.596    -0.103    -0.93    0.00
  28159.137    -0.103     0.00    0.00
  28528.773    -0.070     0.09    0.37
  28898.506     0.286     0.96    2.09
  29268.335     2.161     5.07    4.72
  29638.259     5.389     8.73    6.49
  30008.280     8.066     7.24    6.67
  30378.397    10.092     5.47    5.82
  30748.610    10.719     1.70    4.89
  31118.919    12.076     3.66    4.53
  31489.325    13.653     4.26    3.74
  31859.827    12.655    -2.69    5.08
  32230.426    10.528    -5.74    7.19
  32601.122     6.580   -10.65    7.24
  32971.914     3.468    -8.39    6.06
  33342.803     0.552    -7.86    2.71
  33713.788     0.217    -0.90    1.45
  34084.871     2.825     7.03    4.90
  34456.051     6.477     9.84    5.73
  34827.327     9.555     8.29    4.61
  35198.701    12.049     6.72    0.78
  35570.172    12.417     0.99    0.76
  35941.741    12.577     0.43    0.77
  36313.406    12.716     0.37    0.73
  36685.170    12.241    -1.28    2.11
  37057.030    11.623    -1.66    2.80
  37428.989    10.905    -1.93    3.47
  37801.045    10.188    -1.93    4.05
  38173.199    10.105    -0.22    4.28
  38545.450     9.705    -1.08    4.67
  38917.800     9.433    -0.73    5.35
  39290.248     8.569    -2.32    5.82
  39662.793     8.292    -0.74    6.01
  40035.437     8.298     0.02    5.94
  40408.179     7.832    -1.25    5.71
  40781.020     8.389     1.49    5.67
  41153.958     8.440     0.14    5.68
  41526.996     7.617    -2.21    5.82
  41900.131     7.123    -1.32    5.75
  42273.366     5.972    -3.08    5.86
  42646.699     4.777    -3.20    5.84
  43020.131     2.989    -4.79    4.97
  43393.661     1.397    -4.26    3.56
  43767.291     0.123    -3.41    1.34
  44141.020    -0.103    -0.60    0.00
  44514.848    -0.103     0.00    0.00
  44888.775     1.679     4.77    6.49
  45262.801    10.490    23.56   15.70
  45636.926    18.159    20.50   15.88
  46011.151    24.468    16.86   11.59
  46385.476    25.022     1.48    8.15
  46759.900    21.336    -9.84    6.95
  47134.423    19.173    -5.77    5.46
  47509.047    19.464     0.78    5.87
  47883.770    20.771     3.49    6.03
  48258.593    18.055    -7.24    7.78
  48633.516    15.185    -7.66    8.24
  49008.539    13.308    -5.00    9.63
  49383.662    11.461    -4.92   10.23
  49758.886    10.202    -3.36   10.94
  50134.210     8.121    -5.54   10.38
  50509.634     6.164    -5.21    9.73
  50885.158     3.351    -7.49    7.27
  51260.783     1.897    -3.87    5.27
  51636.509     0.674    -3.26    2.12
  52012.335     0.381    -0.78    1.61
  52388.263     0.124    -0.68    1.14
  52764.291     0.114    -0.03    1.25
  53140.420     0.809     1.85    3.08
  53516.650     2.197     3.69    4.48
  53892.981     3.921     4.58    5.25
  54269.413     5.673     4.65    5.46
  54645.947     7.513     4.89    5.22
  55022.582     8.605     2.90    4.80
  55399.318     8.311    -0.78    4.72
  55776.156     6.676    -4.34    5.27
  56153.095     4.762    -5.08    5.26
  56530.136     4.214    -1.45    5.06
  56907.279     5.676     3.88    5.93
  57284.524     7.922     5.95    5.89
  57661.871    10.801     7.63    4.00
  58039.319    12.097     3.43    1.81
  58416.870    10.773    -3.51    2.56
  58794.523     8.645    -5.63    3.40
  59172.278     6.930    -4.54    3.14
  59550.135     6.024    -2.40    2.27
  59928.095     5.857    -0.44    2.37
  60306.158     6.929     2.84    2.82
  60684.323     7.668     1.96    2.75
  61062.590     7.636    -0.09    2.80
  61440.961     7.637     0.00    2.49
  61819.434     7.697     0.16    1.97
  62198.010     7.513    -0.49    2.62
  62576.690     5.500    -5.32    3.92
  62955.472     3.191    -6.10    4.03
  63334.357     1.420    -4.67    3.32
  63713.346     0.081    -3.53    1.12
  64092.438     1.381     3.43    3.11
  64471.634     3.023     4.33    3.93
  64850.933     5.080     5.42    3.99
  65230.335     6.498     3.74    3.40
  65609.842     6.813     0.83    3.37
  65989.452     5.936    -2.31    3.58
  66369.166     6.137     0.53    3.84
  66748.984     7.798     4.37    4.42
  67128.905     9.413     4.25    3.41
  67508.931    10.588     3.09    2.70
  67889.062    11.357     2.02    2.59
  68269.296    11.937     1.52    2.45
  68649.635    12.760     2.16    1.83
  69030.078    12.503    -0.67    2.32
  69410.626    12.485    -0.05    2.24
  69791.279    12.825     0.89    1.83
  70172.036    13.324     1.31    1.84
  70552.898    14.055     1.92    1.52
  70933.865    13.441    -1.61    2.50
  71314.936    13.036    -1.06    2.84
  71696.113    12.881    -0.41    3.35
  72077.395    12.460    -1.10    4.11
  72458.783    11.746    -1.87    5.23
  72840.275    10.449    -3.40    6.43
  73221.873     9.977    -1.24    6.72
  73603.577    10.802     2.16    6.82
  73985.386    13.122     6.08    6.26
  74367.300    15.897     7.27    1.97
  74749.321    15.962     0.17    2.10
  75131.447    13.616    -6.14    5.02
  75513.679    11.645    -5.16    6.06
  75896.018    10.097    -4.05    6.39
  76278.462     9.061    -2.71    6.20
  76661.013     8.447    -1.61    6.16
  77043.669     7.765    -1.78    6.24
  77426.433     7.098    -1.74    6.38
  77809.302     6.180    -2.40    6.29
  78174.717     5.897    -0.78    6.58
  78537.872     6.105     0.57    7.06
  78901.119     6.381     0.76    7.34
  79264.458     6.842     1.27    7.38
  79627.890     7.443     1.65    7.33
  79991.415     9.373     5.31    7.19
  80355.033    11.455     5.73    6.55
  80718.743    13.318     5.12    4.91
  81082.547    14.397     2.96    2.51
  81446.443    13.849    -1.50    2.13
  81810.433    13.970     0.33    1.93
  82174.515    13.905    -0.18    2.08
  82538.691    14.209     0.84    2.33
  82902.961    14.343     0.37    2.53
  83267.323    13.489    -2.34    2.75
  83631.780    13.797     0.85    2.68
  83996.329    13.434    -1.00    2.38
  84360.972    13.006    -1.17    2.45
  84725.709    13.230     0.61    2.61
  85090.540    12.092    -3.12    2.84
  85455.464    11.369    -1.98    3.21
  85820.483    11.537     0.46    3.24
  86185.595    11.136    -1.10    2.97
  86550.802    11.373     0.65    2.46
  86916.102    10.827    -1.50    2.40
  87281.497    10.062    -2.09    2.32
  87646.986     9.186    -2.40    2.48
  88012.569     8.220    -2.64    2.54
  88378.247     7.347    -2.39    2.38
  88744.019     6.692    -1.79    2.28
  89109.886     6.319    -1.02    2.00
  89475.847     6.335     0.04    1.95
  89841.903     6.269    -0.18    1.70
  90208.054     6.030    -0.65    1.65
  90574.299     5.805    -0.61    1.34
  90940.640     5.905     0.27    1.86
  91307.076     5.525    -1.04    2.56
  91673.606     4.197    -3.62    3.50
  92040.232     3.826    -1.01    3.87
  92406.953     4.037     0.58    3.68
  92773.770     4.605     1.55    3.43
  93140.681     5.842     3.37    2.65
  93507.689     6.280     1.19    1.69
  93874.791     5.677    -1.64    1.77
  94241.990     5.512    -0.45    2.00
  94609.284     5.366    -0.40    1.89
  94976.674     4.905    -1.25    1.81
  95344.159     4.733    -0.47    1.80
  95711.741     4.212    -1.42    1.49
  96079.418     3.657    -1.51    1.30
  96447.192     3.491    -0.45    1.23
  96815.062     3.230    -0.71    1.09
  97183.027     3.073    -0.43    1.15
  97551.090     3.207     0.36    1.37
  97919.248     3.534     0.89    1.53
  98287.503     3.739     0.56    1.51
  98655.855     3.897     0.43    1.38
  99024.303     4.047     0.41    1.21
  99392.848     4.045    -0.00    1.24
  99761.489     3.974    -0.19    1.22
 100130.228     4.338     0.99    1.53
 100499.063     4.248    -0.24    2.21
 100867.995     3.772    -1.29    2.69
 101237.024     3.280    -1.33    2.93
 101606.151     3.013    -0.72    2.78
 101975.374     2.841    -0.47    2.57
 102344.695     2.735    -0.29    2.45
 102714.114     2.674    -0.17    2.47
 103083.629     2.416    -0.70    2.32
 103453.243     2.353    -0.17    2.53
 103822.954     1.850    -1.36    2.44
 104192.762     1.179    -1.82    2.15
 104562.669     0.889    -0.78    1.94
 104932.673     0.467    -1.14    1.42
 105302.775     0.655     0.51    1.60
 105672.975     1.248     1.60    2.06
 106043.273     2.053     2.17    2.20
 106413.669     3.211     3.13    2.07
 106784.164     4.289     2.91    1.62
 107154.757     4.584     0.80    1.13
 107525.448     4.532    -0.14    1.16
 107896.237     4.253    -0.75    1.27
 108267.126     3.992    -0.70    1.57
 108638.112     3.409    -1.57    2.00
 109009.198     2.680    -1.96    2.26
 109380.382     2.345    -0.90    2.33
 109751.666     1.765    -1.56    2.20
 110123.048     1.571    -0.52    2.40
 110494.529     2.103     1.43    2.75
 110866.109     3.944     4.95    3.31
 111237.789     6.030     5.61    2.96
 111609.567     7.065     2.78    1.61
 111981.445     6.981    -0.22    1.61
 112353.423     6.952    -0.08    1.42
 112725.500     6.755    -0.53    1.17
 113097.676     7.454     1.88    1.83
 113469.953     6.393    -2.85    3.25
 113842.329     4.277    -5.68    4.12
 114214.804     2.743    -4.12    3.86
 114587.380     2.599    -0.39    4.13
 114960.056     3.281     1.83    4.00
 115332.832     3.936     1.76    3.82
 115705.707     3.401    -1.44    3.60
 116078.684     1.789    -4.32    2.20
 116451.760     1.040    -2.01    1.17
 116824.937     1.005    -0.09    1.24
 117198.214     1.058     0.14    1.27
 117571.592     0.972    -0.23    1.28
 117945.071     0.781    -0.51    1.22
 118318.650     0.681    -0.27    1.10
 118692.330     0.344    -0.90    0.67
 119066.111     0.312    -0.09    0.62
 119439.993     0.350     0.10    0.60
 119813.976     0.334    -0.04    0.51
 120188.060     0.423     0.24    0.62
 120562.245     0.847     1.13    1.34
 120936.532     1.470     1.67    1.62
 121310.920     1.711     0.64    1.64
 121685.410     1.794     0.22    1.59
 122060.001     1.451    -0.92    1.46
 122434.693     1.067    -1.02    1.17
 122809.488     0.608    -1.23    0.62
 123184.384     0.604    -0.01    0.63
 123559.382     0.723     0.32    0.79
 123934.482     0.812     0.24    0.91
 124309.684     1.139     0.87    1.25
 124684.988     1.613     1.26    1.44
 125060.395     1.889     0.73    1.52
 125435.904     1.999     0.29    1.53
 125811.515     2.067     0.18    1.50
 126187.228     2.187     0.32    1.41
 126563.045     2.103    -0.22    1.44
 126938.963     2.240     0.36    1.43
 127314.985     2.401     0.43    1.31
 127691.109     2.326    -0.20    1.33
 128067.337     2.358     0.08    1.25
 128443.667     2.476     0.31    1.19
 128820.100     2.435    -0.11    1.18
 129196.637     2.289    -0.39    1.07
 129573.276     2.133    -0.42    1.09
 129950.019     2.112    -0.05    1.20
 130326.866     2.041    -0.19    1.31
 130703.816     2.201     0.43    1.28
 131080.869     2.248     0.12    1.32
 131458.026     2.147    -0.27    1.39
 131835.287     2.358     0.56    1.37
 132212.652     2.287    -0.19    1.39
 132590.121     2.401     0.30    1.27
 132967.693     2.283    -0.31    1.18
 133345.370     2.227    -0.15    1.22
 133723.151     2.058    -0.45    1.29
 134101.036     1.835    -0.59    1.27
 134479.026     2.062     0.60    1.52
 134857.120     2.109     0.12    1.58
 135235.319     2.385     0.73    1.51
 135613.622     2.628     0.64    1.82
 135992.030     3.066     1.16    2.27
 136370.542     3.460     1.04    2.50
 136749.160     4.210     1.98    2.72
 137127.882     4.497     0.76    2.68
 137506.710     3.972    -1.39    2.47
 137885.643     4.089     0.31    2.29
 138264.681     3.610    -1.26    1.58
 138643.824     3.639     0.08    1.63
 139023.073     3.712     0.19    1.65
 139402.427     3.274    -1.16    1.71
 139781.887     2.736    -1.42    1.60
 140161.452     2.401    -0.88    1.58
 140541.123     2.329    -0.19    1.72
 140920.900     2.741     1.08    1.87
 141300.783     3.842     2.90    2.40
 141680.773     4.474     1.66    2.35
 142060.868     4.814     0.90    2.26
 142441.069     4.389    -1.12    2.14
 142821.377     3.272    -2.94    1.95
 143201.791     2.920    -0.92    2.01
 143582.311     3.103     0.48    2.37
 143962.938     2.969    -0.35    2.42
 144343.672     2.691    -0.73    1.91
 144724.513     2.408    -0.74    1.64
 145105.460     2.160    -0.65    1.31
 145486.514     2.458     0.78    1.53
 145867.676     2.590     0.35    1.74
 146248.944     2.950     0.94    1.83
 146630.320     3.033     0.22    1.84
 147011.802     2.859    -0.46    1.77
 147393.393     3.230     0.97    2.25
 147775.090     3.302     0.19    2.48
 148156.896     3.124    -0.46    2.33
 148538.809     3.275     0.39    2.34
 148920.829     2.858    -1.09    1.92
 149302.958     2.189    -1.75    1.47
 149685.194     2.889     1.83    2.38
 150067.539     4.077     3.11    2.86
 150449.991     5.074     2.61    2.96
 150832.552     5.591     1.35    2.70
 151215.221     6.212     1.62    2.42
 151597.999     6.331     0.31    2.76
 151980.885     5.844    -1.27    3.22
 152363.879     5.012    -2.17    3.63
 152738.293     3.370    -4.38    3.13
 153101.229     2.248    -3.09    1.78
 153464.260     2.077    -0.47    1.44
 153827.384     2.205     0.35    1.46
 154190.603     3.397     3.28    2.87
 154553.916     6.225     7.78    5.07
 154917.322     9.743     9.68    5.47
 155280.823    12.692     8.11    3.66
 155644.419    13.998     3.59    2.12
 156008.108    12.504    -4.11    4.68
 156371.892    10.094    -6.63    6.24
 156735.771     7.594    -6.87    6.75
 157099.744     5.339    -6.20    6.15
 157463.812     4.822    -1.42    5.53
 157827.975     6.143     3.63    6.12
 158192.232     8.405     6.21    6.41
 158556.585    11.147     7.53    5.30
 158921.032    12.347     3.29    4.24
 159285.574    10.760    -4.36    5.62
 159650.212     7.217    -9.72    6.73
 160014.945     3.412   -10.43    5.52
 160379.773     0.266    -8.62    1.37
 160744.696    -0.096    -0.99    0.09
 161109.715     0.337     1.19    1.67
 161474.829     1.409     2.94    3.47
 161840.039     2.664     3.44    4.51
 162205.344     3.047     1.05    4.85
 162570.746     2.633    -1.13    4.50
 162936.243     1.668    -2.64    3.76
 163301.836     0.260    -3.85    1.25
 163667.525    -0.064    -0.89    0.26
 164033.310     0.431     1.35    1.80
 164399.191     2.195     4.82    4.53
 164765.168     4.912     7.42    6.32
 165131.242     7.420     6.85    6.05
 165497.412     8.613     3.26    5.06
 165863.678     9.181     1.55    3.78
 166230.041     7.520    -4.54    2.90
 166596.500     6.583    -2.56    2.06
 166963.057     7.035     1.23    1.40
 167329.709     7.404     1.01    1.51
 167696.459     7.568     0.45    1.40
 168063.306     7.504    -0.17    1.32
 168430.249     7.628     0.34    1.39
 168797.290     7.609    -0.05    1.47
 169164.428     6.958    -1.77    1.63
 169531.663     6.350    -1.66    1.67
 169898.995     6.276    -0.20    1.65
 170266.425     6.328     0.14    1.94
 170633.952     6.613     0.78    2.57
 171001.576     6.904     0.79    2.74
 171369.299     6.851    -0.15    2.54
 171737.118     6.593    -0.70    1.84
 172105.036     6.476    -0.32    1.60
 172473.052     6.843     1.00    1.85
 172841.165     7.353     1.39    2.07
 173209.376     7.190    -0.44    2.25
 173577.686     6.720    -1.28    1.89
 173946.094     6.385    -0.91    1.47
 174314.600     6.551     0.45    1.47
 174683.204     6.797     0.67    1.40
 175051.906     6.897     0.27    1.58
 175420.708     6.370    -1.43    1.89
 175789.607     5.789    -1.58    2.21
 176158.606     5.322    -1.27    1.99
 176527.703     5.619     0.80    1.97
 176896.898     6.181     1.52    1.78
 177266.193     6.164    -0.05    1.77
 177635.587     6.137    -0.07    1.78
 178005.080     6.004    -0.36    1.93
 178374.672     5.651    -0.96    1.80
 178744.363     5.509    -0.38    1.84
 179114.153     5.240    -0.73    2.01
 179484.043     5.074    -0.45    2.13
 179854.032     5.029    -0.12    2.10
 180224.121     5.497     1.26    1.98
 180594.309     5.669     0.47    1.62
 180964.597     5.911     0.65    1.52
 181334.985     6.245     0.90    1.64
 181705.472     6.730     1.31    1.81
 182076.060     6.478    -0.68    2.22
 182446.748     6.018    -1.24    2.49
 182817.535     5.528    -1.32    2.36
 183188.423     4.994    -1.44    2.31
 183559.412     4.304    -1.86    2.19
 183930.500     3.556    -2.02    1.80
 184301.689     4.227     1.81    2.96
 184672.979     5.570     3.62    3.92
 185044.369     8.176     7.02    4.33
 185415.860    10.615     6.57    3.25
