-115498.217   -15.883     0.00    0.76
-115134.535   -15.007     2.41    1.70
-114770.944   -13.531     4.06    2.49
-114407.443   -10.308     8.87    5.08
-114038.799    -6.609    10.03    5.66
-113656.028    -4.396     5.78    5.23
-113273.362    -5.475    -2.82    6.61
-112890.799    -8.526    -7.98    7.63
-112508.340   -12.737   -11.01    5.77
-112125.984   -15.670    -7.67    1.89
-111743.732   -16.052    -1.00    0.00
-111361.583   -16.052     0.00    0.00
-110979.538   -16.052     0.00    0.00
-110597.595   -16.044     0.02    0.09
-110215.756   -13.976     5.42    5.61
-109834.020    -9.584    11.50    8.84
-109452.387    -5.850     9.78    9.35
-109070.857    -5.434     1.09    9.63
-108689.429    -6.793    -3.56    9.82
-108308.104   -10.904   -10.78    8.66
-107926.882   -14.265    -8.82    5.65
-107545.763   -14.552    -0.75    4.01
-107164.746   -12.840     4.49    5.21
-106783.831   -11.552     3.38    5.77
-106403.018   -12.294    -1.95    5.38
-106022.308   -13.257    -2.53    4.78
-105641.700   -12.810     1.17    5.84
-105261.194   -11.302     3.96    7.07
-104880.790   -10.952     0.92    7.16
-104500.488   -11.986    -2.72    6.72
-104120.288   -15.078    -8.13    3.48
-103740.189   -16.003    -2.43    0.34
-103360.192   -16.052    -0.13    0.00
-102980.297   -16.052     0.00    0.00
-102600.503   -16.052     0.00    0.00
-102220.810   -16.052     0.00    0.00
-101841.219   -16.052     0.00    0.00
-101461.729   -16.052     0.00    0.00
-101082.340   -16.052     0.00    0.00
-100703.053   -16.052     0.00    0.00
-100323.866   -16.052     0.00    0.00
 -99944.780   -16.052     0.00    0.00
 -99565.795   -16.052     0.00    0.00
 -99186.911   -16.052     0.00    0.00
 -98808.128   -16.052     0.00    0.00
 -98429.445   -16.052     0.00    0.00
 -98050.863   -16.052     0.00    0.00
 -97672.381   -16.052     0.00    0.00
 -97293.999   -16.052     0.00    0.00
 -96915.718   -16.052     0.00    0.00
 -96537.537   -16.052     0.00    0.00
 -96159.456   -16.052     0.00    0.00
 -95781.475   -16.052     0.00    0.00
 -95403.594   -16.052     0.00    0.00
 -95025.813   -15.895     0.42    0.70
 -94648.132   -15.143     1.99    1.71
 -94270.551   -14.009     3.00    2.38
 -93893.069   -12.650     3.60    2.60
 -93515.687   -11.113     4.07    2.60
 -93138.404    -9.485     4.31    2.20
 -92761.221    -7.827     4.40    2.61
 -92384.137    -5.228     6.89    4.32
 -92007.152     1.229    17.13   13.33
 -91630.267    17.705    43.72   31.85
 -91253.480    45.899    74.83   47.47
 -90876.793    84.685   102.97   52.06
 -90500.204   115.007    80.52   38.12
 -90123.715   125.352    27.48   29.38
 -89747.324   117.470   -20.94   34.58
 -89371.032    96.400   -56.00   33.12
 -88994.839    74.475   -58.28   22.06
 -88618.744    66.315   -21.70   17.66
 -88242.748    63.198    -8.29   14.87
 -87866.850    58.698   -11.97   11.40
 -87491.050    57.048    -4.39   12.72
 -87115.349    55.536    -4.03   13.28
 -86739.745    53.898    -4.36   11.82
 -86364.240    55.578     4.47   11.87
 -85988.833    63.407    20.85   18.44
 -85613.524    73.659    27.32   22.64
 -85238.313    81.621    21.22   22.98
 -84863.200    89.312    20.50   23.60
 -84488.184    95.119    15.49   26.80
 -84113.266   102.469    19.60   28.37
 -83738.445   104.047     4.21   26.84
 -83363.722   103.991    -0.15   24.04
 -82989.097    97.112   -18.36   17.69
 -82614.569    96.170    -2.51   10.82
 -82240.138   100.518    11.61   12.79
 -81865.804   107.807    19.47   14.68
 -81491.567   116.675    23.70   16.61
 -81117.428   124.031    19.66   18.49
 -80743.385   132.983    23.94   21.51
 -80369.439   144.232    30.08   23.67
 -79995.590   156.965    34.06   25.93
 -79621.838   170.855    37.17   23.31
 -79248.182   180.047    24.60   16.83
 -78874.623   177.843    -5.90   19.09
 -78501.161   161.452   -43.89   29.20
 -78127.795   143.948   -46.88   28.61
 -77754.525   129.111   -39.75   20.60
 -77381.352   122.411   -17.95   16.19
 -77008.275   126.506    10.98   17.38
 -76635.294   139.615    35.15   22.48
 -76262.409   156.423    45.08   30.35
 -75889.620   181.635    67.63   30.80
 -75516.927   202.682    56.47   28.44
 -75144.329   222.183    52.34   25.50
 -74771.828   234.725    33.67   20.87
 -74399.422   240.772    16.24   17.51
 -74027.112   238.457    -6.22   20.45
 -73654.898   226.669   -31.67   23.81
 -73282.779   207.813   -50.68   25.21
 -72910.755   192.268   -41.79   26.51
 -72538.827   176.133   -43.38   28.30
 -72166.994   156.609   -52.51   28.69
 -71795.256   143.805   -34.44   24.29
 -71423.613   138.715   -13.70   18.31
 -71052.065   141.750     8.17   19.48
 -70680.612   151.194    25.43   21.07
 -70309.255   154.422     8.69   19.70
 -69937.991   146.607   -21.05   23.28
 -69566.823   133.618   -35.00   23.23
 -69195.749   122.301   -30.50   15.68
 -68824.770   117.333   -13.39    9.73
 -68453.886   117.290    -0.12    9.72
 -68083.096   121.273    10.74   11.34
 -67712.400   125.253    10.74   11.97
 -67341.799   132.321    19.07   12.51
 -66971.292   138.582    16.90   12.56
 -66600.879   145.229    17.95   12.87
 -66230.560   151.015    15.62   15.69
 -65860.335   156.074    13.67   15.80
 -65490.204   159.261     8.61   14.28
 -65120.167   158.849    -1.11   12.27
 -64750.224   158.212    -1.72    8.90
 -64380.375   159.217     2.72   11.18
 -64010.619   163.125    10.57   15.31
 -63640.957   169.482    17.20   18.09
 -63271.388   174.637    13.95   20.04
 -62901.913   174.660     0.06   23.59
 -62532.532   173.548    -3.01   23.69
 -62163.243   174.570     2.77   19.97
 -61794.048   180.633    16.42   15.52
 -61424.946   190.080    25.60   15.90
 -61055.937   197.457    19.99   12.39
 -60687.021   203.491    16.36   10.34
 -60318.198   208.202    12.78   16.81
 -59949.468   211.594     9.20   25.67
 -59580.831   222.423    29.38   32.55
 -59212.287   236.108    37.13   33.57
 -58843.835   248.569    33.82   30.10
 -58475.476   252.999    12.03   25.21
 -58107.209   252.058    -2.55   22.37
 -57739.035   238.660   -36.39   26.86
 -57370.953   224.688   -37.96   27.05
 -57002.964   210.368   -38.91   22.80
 -56635.067   205.315   -13.74   21.27
 -56267.262   206.838     4.14   21.24
 -55899.549   207.404     1.54   19.94
 -55531.928   201.677   -15.58   21.86
 -55164.399   196.010   -15.42   21.23
 -54796.962   190.532   -14.91   25.61
 -54429.617   188.157    -6.47   37.09
 -54062.364   180.589   -20.61   42.35
 -53695.203   160.515   -54.67   45.61
 -53328.133   143.897   -45.27   39.22
 -52961.155   131.948   -32.56   24.55
 -52594.268   136.816    13.27   26.45
 -52227.472   150.863    38.30   24.92
 -51860.768   156.746    16.05   17.20
 -51494.156   149.940   -18.57   21.06
 -51127.634   131.612   -50.01   25.58
 -50761.204   110.772   -56.87   22.39
 -50394.865    91.609   -52.31   21.02
 -50028.617    77.595   -38.27   17.45
 -49662.459    78.849     3.43   24.52
 -49296.393    89.646    29.50   35.45
 -48930.418    96.202    17.91   34.52
 -48564.533    93.007    -8.73   34.23
 -48198.739    78.974   -38.36   32.32
 -47833.035    61.709   -47.21   14.08
 -47467.423    55.330   -17.45    8.00
 -47101.900    51.243   -11.18   10.09
 -46736.468    46.873   -11.96   10.94
 -46371.127    42.058   -13.18    9.89
 -46005.875    39.548    -6.87    7.98
 -45640.714    37.872    -4.59    4.93
 -45275.643    37.284    -1.61    3.73
 -44910.662    37.999     1.96    4.92
 -44545.771    39.772     4.86    5.50
 -44180.971    41.830     5.64    4.99
 -43816.260    44.099     6.22    3.55
 -43451.638    46.419     6.36    3.64
 -43087.107    48.629     6.06    4.25
 -42722.665    51.787     8.67    4.58
 -42358.313    54.524     7.51    4.49
 -41994.050    57.870     9.18    6.55
 -41629.877    62.590    12.96    7.77
 -41265.794    67.887    14.55    8.64
 -40901.799    75.041    19.65    8.66
 -40537.894    81.091    16.62    8.00
 -40174.078    87.939    18.82    7.62
 -39810.352    96.397    23.25   13.36
 -39446.714   109.536    36.13   25.09
 -39065.653   126.215    43.77   34.28
 -38683.143   143.132    44.22   41.34
 -38300.734   161.285    47.47   43.77
 -37918.427   182.304    54.98   45.38
 -37536.220   217.803    92.88   61.36
 -37154.115   260.765   112.44   78.65
 -36772.111   302.068   108.12   86.83
 -36390.209   310.797    22.86   83.33
 -36008.407   296.905   -36.39   84.94
 -35626.705   274.102   -59.74   70.20
 -35245.105   271.914    -5.73   55.69
 -34863.605   288.720    44.05   55.45
 -34482.206   313.099    63.92   50.85
 -34100.908   340.037    70.65   63.81
 -33719.709   387.034   123.29   85.99
 -33338.612   426.324   103.10   75.90
 -32957.614   447.397    55.31   65.98
 -32576.717   445.017    -6.25   68.56
 -32195.920   400.871  -115.93   62.90
 -31815.223   359.246  -109.34   67.36
 -31434.626   319.649  -104.04   55.98
 -31054.129   296.855   -59.91   29.04
 -30673.731   301.321    11.74   33.54
 -30293.434   322.898    56.74   42.63
 -29913.236   345.618    59.76   47.30
 -29533.138   367.095    56.50   49.56
 -29153.139   389.017    57.69   53.40
 -28773.240   419.880    81.24   60.23
 -28393.440   458.813   102.51   65.76
 -28013.739   503.752   118.36   66.91
 -27634.137   556.115   137.94   62.23
 -27254.635   609.485   140.63   52.25
 -26875.232   659.805   132.63   54.95
 -26495.927   706.444   122.96   52.71
 -26116.722   756.032   130.77   58.12
 -25737.615   799.888   115.68   66.64
 -25358.607   841.461   109.69   59.79
 -24979.698   850.067    22.71   72.48
 -24600.887   830.912   -50.57  107.77
 -24222.175   811.074   -52.38  109.44
 -23843.562   788.253   -60.28   97.70
 -23465.046   763.440   -65.55   71.56
 -23086.629   727.819   -94.13   65.99
 -22708.311   671.586  -148.64   65.95
 -22330.090   625.056  -123.03   58.89
 -21951.967   590.095   -92.46   58.28
 -21573.943   581.125   -23.73   62.54
 -21196.016   583.912     7.37   59.81
 -20818.187   594.604    28.30   46.93
 -20440.456   583.709   -28.84   54.22
 -20062.822   539.589  -116.83   80.19
 -19685.287   484.905  -144.85   84.96
 -19307.848   430.501  -144.14   67.59
 -18930.507   394.365   -95.77   50.42
 -18553.264   360.357   -90.15   54.87
 -18176.118   315.889  -117.91   82.55
 -17799.069   275.640  -106.75   80.72
 -17422.117   248.406   -72.25   58.37
 -17045.262   259.888    30.47   70.42
 -16668.505   308.334   128.59   85.33
 -16291.844   353.313   119.41   62.89
 -15915.280   366.466    34.93   44.83
 -15538.813   328.760  -100.16   72.65
 -15162.443   286.715  -111.71   78.24
 -14786.169   236.423  -133.66   75.23
 -14409.992   183.528  -140.61   77.41
 -14033.911   130.914  -139.90   65.85
 -13657.927   101.830   -77.36   45.63
 -13282.039    98.721    -8.27   50.57
 -12906.247   137.135   102.22   66.45
 -12530.552   191.010   143.40   74.08
 -12154.952   250.293   157.84   83.88
 -11779.449   298.414   128.15   85.35
 -11404.042   334.107    95.08   68.46
 -11028.730   346.092    31.93   49.05
 -10653.515   338.768   -19.52   51.64
 -10278.395   329.524   -24.64   55.87
  -9903.371   322.339   -19.16   57.13
  -9528.442   321.396    -2.52   61.72
  -9153.609   310.358   -29.45   68.40
  -8778.872   294.811   -41.49   74.15
  -8404.230   282.324   -33.33   71.19
  -8029.683   263.653   -49.85   69.48
  -7655.231   234.560   -77.69   68.41
  -7280.875   198.694   -95.81   64.06
  -6906.614   160.731  -101.44   51.52
  -6532.448   128.717   -85.56   25.33
  -6158.376   114.039   -39.24   17.96
  -5784.400   108.396   -15.09   13.53
  -5410.518   107.043    -3.62   10.02
  -5036.732   103.310    -9.99    9.29
  -4663.039    94.743   -22.93   13.65
  -4289.442    84.066   -28.58   17.52
  -3915.939    77.555   -17.43   16.69
  -3542.530    72.492   -13.56   14.15
  -3169.216    67.495   -13.39   13.20
  -2795.996    60.103   -19.81   17.67
  -2422.871    46.798   -35.66   22.40
  -2049.839    32.074   -39.47   23.59
  -1676.902    18.287   -36.97   19.55
  -1304.059     7.776   -28.19   12.97
   -931.309     1.302   -17.37    4.72
   -558.654    -0.374    -4.50    1.68
   -186.092    -0.009     0.98    0.28
    186.375    -0.052    -0.11    0.00
    558.750    -0.052     0.00    0.00
    931.030     0.086     0.37    0.70
   1303.217     6.261    16.59   19.07
   1675.311    15.575    25.03   28.88
   2047.311    28.466    34.65   35.25
   2419.218    44.224    42.37   36.99
   2791.031    58.871    39.39   40.60
   3162.752    77.707    50.67   50.81
   3534.379   105.253    74.12   63.26
   3905.913   143.748   103.61   66.30
   4277.354   176.041    86.94   56.83
   4648.702   203.404    73.69   44.46
   5019.958   227.096    63.81   26.91
   5391.121   238.016    29.42   14.45
   5762.190   242.426    11.88    8.70
   6133.168   239.509    -7.86   10.83
   6504.053   233.154   -17.13   16.08
   6874.845   224.965   -22.08   18.87
   7245.545   218.174   -18.32   17.90
   7616.152   215.145    -8.17   14.68
   7986.667   211.444    -9.99   14.16
   8357.090   201.290   -27.41   23.21
   8727.421   186.715   -39.36   25.72
   9097.660   176.155   -28.52   18.94
   9467.807   174.002    -5.82   14.74
   9837.861   181.234    19.54   15.07
  10207.824   182.479     3.37   13.37
  10577.695   176.131   -17.16   14.32
  10947.475   168.273   -21.25   11.69
  11317.162   161.291   -18.89    6.70
  11686.758   160.250    -2.82    6.12
  12056.263   161.868     4.38    7.16
  12425.676   161.983     0.31    6.78
  12794.997   163.192     3.27    5.83
  13164.228   163.166    -0.07    6.95
  13533.367   159.043   -11.17   13.77
  13902.414   153.488   -15.05   17.13
  14271.371   145.018   -22.96   16.52
  14640.237   145.694     1.83   18.03
  15009.011   157.297    31.46   25.41
  15377.695   179.802    61.04   27.38
  15746.288   198.541    50.84   23.21
  16114.790   210.523    32.52   19.56
  16483.201   218.827    22.54   18.86
  16851.522   225.766    18.84   20.62
  17219.752   236.215    28.38   21.56
  17587.891   251.453    41.39   29.24
  17955.940   273.143    58.93   38.54
  18323.899   295.948    61.98   42.86
  18691.767   316.636    56.24   44.38
  19059.545   344.687    76.27   53.05
  19427.233   372.229    74.90   53.38
  19794.830   406.922    94.38   37.94
  20162.338   419.486    34.19   23.96
  20529.756   413.127   -17.31   28.00
  20897.083   388.383   -67.36   39.37
  21264.321   359.230   -79.38   40.15
  21631.469   327.348   -86.84   28.74
  21998.527   301.965   -69.15   26.50
  22365.496   287.851   -38.46   17.25
  22732.375   284.226    -9.88   13.78
  23099.164   283.276    -2.59   13.13
  23465.864   283.866     1.61   14.29
  23832.475   273.087   -29.40   21.90
  24198.996   256.618   -44.93   25.74
  24565.428   234.683   -59.86   25.90
  24931.771   218.702   -43.62   20.78
  25298.024   208.412   -28.09   13.71
  25664.189   210.139     4.72   12.62
  26030.264   219.820    26.44   17.12
  26396.250   235.058    41.64   19.36
  26762.148   257.661    61.77   26.90
  27127.957   269.671    32.83   23.20
  27493.677   268.422    -3.42   25.34
  27859.308   255.388   -35.65   30.87
  28224.851   236.820   -50.80   19.45
  28590.305   233.653    -8.67   16.37
  28955.670   237.255     9.86   16.57
  29320.948   250.439    36.09   16.61
  29686.136   257.224    18.58   18.72
  30051.237   262.762    15.17   20.94
  30416.249   274.187    31.30   23.71
  30781.173   282.026    21.48   25.67
  31146.009   293.385    31.13   19.80
  31510.757   301.183    21.38   10.66
  31875.417   300.282    -2.47   10.61
  32239.989   292.390   -21.65   15.92
  32604.473   280.218   -33.39   19.96
  32968.869   268.904   -31.05   18.14
  33333.177   260.200   -23.89   19.94
  33697.398   254.509   -15.63   22.73
  34061.532   244.571   -27.29   23.11
  34425.577   231.496   -35.91   25.99
  34789.535   215.600   -43.67   26.20
  35153.406   201.355   -39.15   21.94
  35527.921   196.661   -12.53   20.93
  35910.268   200.312     9.55   26.92
  36292.515   204.414    10.73   30.67
  36674.664   208.370    10.35   31.55
  37056.713   208.440     0.18   27.89
  37438.664   205.037    -8.91   24.39
  37820.516   203.966    -2.80   22.23
  38202.270   204.412     1.17   22.56
  38583.924   207.548     8.22   19.66
  38965.481   209.071     3.99   15.57
  39346.938   199.732   -24.48   20.45
  39728.298   185.164   -38.20   25.94
  40109.559   164.030   -55.43   32.47
  40490.722   133.000   -81.41   49.17
  40871.787    97.958   -91.96   58.25
  41252.753    72.453   -66.95   47.72
  41633.622    57.381   -39.57   36.04
  42014.393    51.600   -15.18   31.33
  42395.065    50.143    -3.83   29.90
  42775.641    53.653     9.22   38.57
  43156.118    68.618    39.33   54.03
  43536.498    88.180    51.43   66.57
  43916.780   104.009    41.62   65.05
  44296.965   102.794    -3.20   60.15
  44677.052    96.690   -16.06   50.41
  45057.042    80.785   -41.85   37.00
  45436.935    73.487   -19.21   25.94
  45816.731    76.849     8.85   24.24
  46196.429    85.479    22.73   27.32
  46576.030    95.948    27.58   29.22
  46955.535   108.687    33.57   28.85
  47334.942   116.851    21.52   28.93
  47714.253   125.498    22.80   31.27
  48093.467   125.348    -0.39   34.23
  48472.585   125.416     0.18   31.55
  48851.605   123.853    -4.12   24.76
  49230.530   126.627     7.32   17.70
  49609.357   134.776    21.51   16.87
  49988.089   142.417    20.18   14.62
  50366.724   149.329    18.25   16.96
  50745.263   153.641    11.39   18.87
  51123.705   160.155    17.21   19.54
  51502.052   166.513    16.80   21.23
  51880.303   176.139    25.45   20.29
  52258.457   186.600    27.66   22.05
  52636.516   200.930    37.90   18.26
  53014.479   211.087    26.87   14.80
  53392.346   219.390    21.97   12.94
  53770.118   222.457     8.12   15.17
  54147.794   221.877    -1.53   16.20
  54525.375   217.444   -11.74   16.66
  54902.860   208.176   -24.55   23.86
  55280.249   194.939   -35.08   27.12
  55657.544   182.479   -33.02   22.26
  56034.743   177.664   -12.76   16.10
  56411.847   187.966    27.32   21.24
  56788.856   202.479    38.49   23.24
  57165.770   221.238    49.77   22.11
  57542.589   237.408    42.91   20.67
  57919.313   253.248    42.04   16.47
  58295.943   258.299    13.41   11.18
  58672.477   254.902    -9.02   13.64
  59048.917   242.284   -33.52   17.96
  59425.263   229.157   -34.88   16.96
  59801.513   214.080   -40.07   17.50
  60177.670   202.203   -31.57   17.67
  60553.732   187.320   -39.57   18.13
  60929.700   174.036   -35.33   17.39
  61305.573   162.919   -29.57   14.92
  61681.353   156.409   -17.32    8.86
  62057.038   155.838    -1.52    7.61
  62432.629   160.019    11.13    9.54
  62808.126   165.341    14.17    9.80
  63183.530   169.921    12.20   10.30
  63558.839   173.957    10.75   11.85
  63934.055   178.489    12.08   12.88
  64309.177   182.010     9.39   12.50
  64684.206   185.834    10.20   13.06
  65059.141   193.852    21.38   17.44
  65433.982   201.511    20.43   21.20
  65808.731   206.654    13.72   22.84
  66183.385   206.211    -1.18   25.97
  66557.947   195.375   -28.93   27.79
  66932.415   186.046   -24.91   26.22
  67306.791   179.739   -16.85   24.11
  67681.073   181.211     3.93   22.15
  68055.262   190.642    25.20   21.97
  68429.358   203.444    34.22   24.82
  68803.362   218.470    40.18   23.94
  69177.273   224.539    16.23   24.60
  69551.091   220.453   -10.93   30.42
  69924.816   203.499   -45.36   38.67
  70298.449   147.667  -149.42   79.84
  70671.989    92.687  -147.18   86.82
  71045.437    37.386  -148.08   66.16
  71418.792     4.568   -87.90   28.08
  71792.056    -5.052   -25.77    0.00
  72165.227    -5.052     0.00    0.00
  72538.305    -5.052     0.00    0.00
  72911.292    -5.052     0.00    0.00
  73284.187    -5.052     0.00    0.00
  73656.989    -5.052     0.00    0.00
  74029.700    -5.052     0.00    0.00
  74402.319    -5.052     0.00    0.00
  74774.846    -5.052     0.00    0.00
  75147.282    -5.052     0.00    0.00
  75519.626    -5.052     0.00    0.00
  75891.878    -5.052     0.00    0.00
  76264.039    -0.602    11.96   12.17
  76636.108    10.264    29.20   22.27
  77008.086    26.545    43.77   29.43
  77379.973    51.585    67.33   35.06
  77751.769    74.164    60.73   27.93
  78123.473    93.091    50.92   14.51
  78495.086   100.510    19.96    6.22
  78866.609   102.278     4.76    3.42
  79238.040   101.656    -1.68    3.03
  79609.381   100.526    -3.04    2.29
  79980.630   100.037    -1.32    2.64
  80351.789    99.408    -1.69    3.48
  80722.857    98.412    -2.69    3.71
  81093.835    98.019    -1.06    4.05
  81464.722    97.265    -2.03    4.62
  81835.518   100.329     8.26    8.97
  82206.224   105.939    15.13   14.37
  82576.840   118.011    32.57   21.45
  82947.365   131.360    36.03   23.60
  83317.801   145.073    37.02   21.59
  83688.145   154.408    25.21   15.39
  84058.400   160.145    15.49    9.24
  84428.565   162.734     6.99    7.29
  84798.640   163.185     1.22    6.40
  85168.625   163.337     0.41    6.81
  85538.520   158.762   -12.37   13.74
  85908.326   153.657   -13.80   16.90
  86278.041   143.470   -27.55   22.04
  86647.667   131.229   -33.12   24.32
  87017.204   111.242   -54.08   27.11
  87386.651    87.638   -63.88   31.86
  87756.008    58.791   -78.10   33.08
  88125.276    39.886   -51.19   28.94
  88494.455    35.832   -10.98   23.82
  88863.544    44.621    23.81   26.34
  89232.545    63.338    50.72   25.59
  89601.456    78.444    40.95   19.89
  89970.278    96.823    49.83   24.47
  90339.011   114.777    48.69   22.52
  90707.655   131.336    44.92   20.43
  91076.211   142.106    29.22   16.03
  91444.677   150.254    22.11    6.49
  91813.055   152.752     6.78    3.91
  92181.344   153.236     1.32    2.92
  92549.544   152.648    -1.60    3.11
  92917.656   149.276    -9.16    8.58
  93285.680   143.783   -14.92   14.24
  93653.615   137.019   -18.38   18.21
  94021.461   127.312   -26.39   22.28
  94389.220   120.336   -18.97   22.80
  94756.890   115.618   -12.83   23.19
  95124.472   109.783   -15.87   25.74
  95491.965   102.391   -20.11   26.94
  95859.371    94.894   -20.40   27.61
  96226.689    76.975   -48.78   29.18
  96593.919    60.805   -44.03   31.35
  96961.061    50.014   -29.39   34.04
  97328.115    32.152   -48.66   28.38
  97695.081    17.732   -39.29   16.76
  98061.960     9.354   -22.84    7.48
  98428.751     5.621   -10.18    3.70
  98795.455     4.358    -3.44    4.08
  99162.071     4.541     0.50    3.99
  99528.600     4.038    -1.37    4.23
  99895.041     2.221    -4.96    5.02
 100261.395     0.609    -4.40    4.84
 100627.662    -2.254    -7.82    2.85
 100993.841    -3.204    -2.59    1.69
 101359.934    -3.364    -0.44    1.57
 101725.939    -4.043    -1.85    0.10
 102091.858    -4.052    -0.03    0.00
 102457.690    -4.052     0.00    0.00
 102823.434    -4.052     0.00    0.00
 103189.092    -4.052     0.00    0.00
 103554.663    -4.052     0.00    0.00
 103920.148    -4.052     0.00    0.00
 104285.546    -4.052     0.00    0.00
 104650.857    -4.052     0.00    0.00
 105016.082    -4.052     0.00    0.00
 105381.220    -4.052     0.00    0.00
 105746.272    -4.052     0.00    0.00
 106111.238    -4.052     0.00    0.00
 106476.117    -4.052     0.00    0.00
 106840.910    -4.052     0.00    0.00
 107205.618    -4.052     0.00    0.00
 107570.239    -4.052     0.00    0.00
 107934.774    -4.052     0.00    0.00
 108299.223    -4.052     0.00    0.00
 108663.586    -4.052     0.00    0.00
 109027.863    -3.967     0.23    0.44
 109392.055    -3.259     1.94    2.22
 109756.161    -2.189     2.94    3.54
 110124.590     0.365     6.93    6.50
 110506.767     3.305     7.69    8.77
 110888.848     7.121     9.99   10.40
 111270.832    10.332     8.41   11.16
 111652.719    13.708     8.84   12.14
 112034.510    18.267    11.94   12.01
 112416.205    19.682     3.71   11.55
 112797.803    19.448    -0.61   11.57
 113179.305    18.513    -2.45   11.79
 113560.710    15.320    -8.37   12.32
 113942.020    12.857    -6.46   13.43
 114323.234     8.759   -10.75   13.80
 114704.351     5.121    -9.55   13.11
 115085.373     0.639   -11.76    9.29
 115466.299    -0.427    -2.80    5.82
 115847.129     1.383     4.75    6.80
 116227.863     4.314     7.70    7.60
 116608.502     5.631     3.46    7.63
 116989.045     6.470     2.21    6.77
 117369.493     7.986     3.98    6.86
 117749.846    10.203     5.83    7.36
 118130.103    11.703     3.94    7.17
 118510.264    12.576     2.30    6.26
 118890.331    12.375    -0.53    5.32
 119270.303    11.903    -1.24    3.18
 119650.179    12.318     1.09    2.27
 120029.960    10.768    -4.08    3.25
 120409.647     9.957    -2.14    3.48
 120789.239    10.229     0.72    3.86
 121168.736    10.154    -0.20    3.64
 121548.138     9.816    -0.89    4.01
 121927.446     8.741    -2.83    3.80
 122306.659     7.675    -2.81    3.21
 122685.777     8.309     1.67    3.21
 123064.802     8.844     1.41    2.98
 123443.731     8.412    -1.14    3.00
 123822.567     8.223    -0.50    3.41
 124201.308     9.074     2.25    4.15
 124579.955    11.321     5.93    3.71
 124958.509    12.829     3.98    3.37
 125336.968    11.385    -3.82    5.70
 125715.333     7.335   -10.70    7.07
 126093.604     3.421   -10.35    5.56
 126471.782     0.487    -7.76    2.52
 126849.866     0.543     0.15    2.54
 127227.856     1.514     2.57    3.78
 127605.752     3.543     5.37    5.98
 127983.555     6.535     7.92    7.53
 128361.265     7.566     2.73    8.11
 128738.881     6.100    -3.88    7.93
 129116.404     3.337    -7.32    6.25
 129493.834     1.318    -5.35    4.02
 129871.170     0.127    -3.15    0.39
 130248.414     0.412     0.76    0.50
 130625.564     0.708     0.78    0.43
 131002.621     0.903     0.52    0.21
 131379.586     0.948     0.12    0.00
 131756.457     0.948     0.00    0.00
 132133.236     0.948     0.00    0.00
 132509.922     0.948     0.00    0.00
 132886.516     0.948     0.00    0.00
 133263.017     0.948     0.00    0.00
 133639.425     0.948     0.00    0.00
 134015.741     0.948     0.00    0.00
 134391.965     0.948     0.00    0.00
 134768.096     0.948     0.00    0.00
 135144.135     0.948     0.00    0.00
 135520.082     0.948     0.00    0.00
 135895.937     0.948     0.00    0.00
 136271.700     0.985     0.10    0.30
 136647.371     0.976    -0.02    0.29
 137022.950     0.948    -0.07    0.00
 137398.437     0.948     0.00    0.00
 137773.832     0.948     0.00    0.00
 138149.136     0.948     0.00    0.00
 138524.348     0.948     0.00    0.00
 138899.468     0.912    -0.10    0.19
 139274.497     0.893    -0.05    0.23
 139649.435     0.884    -0.02    0.25
 140024.281     0.901     0.05    0.21
 140399.036     0.921     0.05    0.16
 140773.699     0.948     0.07    0.00
 141148.272     0.948     0.00    0.00
 141522.753     0.948     0.00    0.00
 141897.144     0.948     0.00    0.00
 142271.443     0.948     0.00    0.00
 142645.651     0.948     0.00    0.00
 143019.769     0.948     0.00    0.00
 143393.796     0.948     0.00    0.00
 143767.732     0.948     0.00    0.00
 144141.578     0.948     0.00    0.00
 144515.332     2.475     4.09    6.58
 144888.997     8.254    15.46   19.58
 145262.571    19.894    31.16   33.45
 145636.054    31.645    31.46   41.55
 146009.448    45.817    37.95   45.94
 146382.751    59.913    37.76   47.99
 146755.963    73.434    36.23   45.18
 147129.086    90.327    45.27   40.84
 147502.119   104.686    38.49   31.57
 147875.061   116.480    31.62   19.32
 148247.914   122.336    15.70   12.67
 148620.677   127.571    14.04    6.92
 148993.350   130.038     6.62    5.11
 149365.933   131.669     4.38    3.94
 149738.427   131.399    -0.73    4.08
 150110.831   130.148    -3.36    4.23
 150483.146   129.235    -2.45    4.65
 150855.371   127.600    -4.39    5.44
 151227.506   125.324    -6.11    5.32
 151599.552   121.985    -8.98    6.88
 151971.509   115.448   -17.57   12.11
 152343.377   104.200   -30.24   21.23
 152715.156    92.322   -31.95   22.37
 153086.845    81.226   -29.85   22.36
 153458.445    72.480   -23.53   23.97
 153829.957    59.313   -35.44   25.99
 154201.379    47.227   -32.53   26.02
 154572.713    34.131   -35.27   19.32
 154943.958    26.480   -20.61    9.58
 155315.114    24.313    -5.84    5.97
 155686.182    24.055    -0.69    5.87
 156057.161    24.137     0.22    5.83
 156428.051    24.126    -0.03    5.24
 156798.853    24.554     1.15    4.05
 157169.567    23.618    -2.52    2.97
 157540.192    23.412    -0.56    2.51
 157910.729    22.593    -2.21    2.86
 158281.178    21.829    -2.06    3.06
 158651.538    21.233    -1.61    3.19
 159021.811    21.495     0.71    3.11
 159391.995    22.748     3.38    3.11
 159762.091    23.203     1.23    3.36
 160132.100    23.803     1.62    3.53
 160502.021    23.847     0.12    3.55
 160871.854    24.098     0.68    3.33
 161241.599    24.083    -0.04    3.03
 161611.256    23.987    -0.26    3.41
 161980.826    22.543    -3.91    3.41
 162350.309    20.303    -6.06    3.27
 162719.704    19.828    -1.29    3.38
 163089.011    20.022     0.53    3.83
 163458.232    20.439     1.13    4.75
 163827.364    21.312     2.36    5.94
 164196.410    20.506    -2.18    7.55
 164565.369    18.757    -4.74    6.84
 164934.240    16.994    -4.78    5.40
 165303.024    14.242    -7.46    4.92
 165671.722     9.687   -12.35    8.32
 166040.332     5.647   -10.96    7.52
 166408.856     7.876     6.05   11.72
 166777.293    11.387     9.53   14.45
 167145.643    15.596    11.43   14.09
 167513.906    16.242     1.75   10.63
 167882.083    14.082    -5.87    7.11
 168250.173    13.939    -0.39    6.79
 168618.177    14.005     0.18    6.96
 168986.094    11.957    -5.56    5.81
 169353.925    10.803    -3.14    4.27
 169721.670    11.024     0.60    4.48
 170089.328    11.230     0.56    4.11
 170456.900    12.841     4.38    3.24
 170824.386    15.639     7.61    5.63
 171191.786    17.300     4.52    7.35
 171559.100    18.369     2.91    7.49
 171926.328    17.673    -1.89    6.54
 172293.470    15.877    -4.89    5.32
 172660.527    14.057    -4.96    4.49
 173027.497    11.865    -5.97    3.28
 173394.382    10.481    -3.77    4.14
 173761.181    12.912     6.63    9.28
 174127.895    18.198    14.41   15.67
 174494.523    31.041    35.03   23.60
 174861.065    43.165    33.07   23.16
 175227.522    52.254    24.80   20.30
 175593.894    54.652     6.54   16.37
 175960.181    55.084     1.18   12.05
 176326.382    49.242   -15.95   10.90
 176692.498    44.920   -11.80    7.94
 177058.529    42.535    -6.51    6.51
 177424.475    43.238     1.92    7.72
 177790.335    46.693     9.44    8.55
 178156.111    49.811     8.52   10.42
 178521.802    51.939     5.82   12.29
 178887.409    51.957     0.05   14.53
 179252.930    48.269   -10.09   16.57
 179618.367    42.996   -14.43   16.49
 179983.719    39.921    -8.42   14.38
 180348.986    38.335    -4.34   12.33
 180714.169    38.967     1.73    9.84
 181079.268    41.566     7.12    9.12
 181444.282    46.672    13.99    9.92
 181809.212    53.066    17.52   11.02
 182174.057    58.696    15.43   10.85
 182538.818    63.356    12.77    9.26
 182903.495    66.398     8.34    7.44
 183268.088    68.107     4.69    6.85
 183632.597    70.012     5.23    7.30
 183997.022    71.958     5.34    7.32
 184361.362    73.402     3.96    6.90
 184725.619    75.774     6.51    6.51
 185106.145    77.746     5.18    4.94
 185488.056    78.930     3.10    4.39
 185869.872    80.532     4.20    4.12
 186251.595    81.315     2.05    3.90
 186633.223    82.113     2.09    3.17
 187014.758    83.521     3.69    3.16
 187396.198    84.689     3.06    3.86
 187777.545    85.457     2.02    4.22
 188158.797    86.533     2.82    4.29
 188539.956    87.439     2.38    3.58
 188921.021    86.948    -1.29    4.04
 189301.993    86.022    -2.43    4.59
 189682.871    84.410    -4.23    4.17
 190063.655    83.233    -3.09    5.68
 190444.346    83.986     1.98    7.22
 190824.944    84.633     1.70    8.30
 191205.448    85.393     2.00    8.13
 191585.860    86.986     4.19    6.10
 191966.178    88.294     3.44    5.12
 192346.402    89.090     2.09    5.35
 192726.534    89.820     1.92    5.01
 193106.573    88.929    -2.34    6.57
 193486.519    85.581    -8.81    8.87
 193866.372    83.020    -6.74    7.65
 194246.133    80.341    -7.05    7.49
 194625.800    77.897    -6.44    8.57
 195005.375    76.087    -4.77    9.76
 195384.858    72.713    -8.89    9.86
 195764.248    69.318    -8.95    7.64
 196143.545    66.939    -6.27    4.93
 196522.751    62.669   -11.26    7.00
 196901.864    57.118   -14.64    9.35
 197280.884    51.286   -15.39    9.04
 197659.813    47.644    -9.61    7.56
