-304739.003   565.834     0.00    9.85
-304368.707   573.720    21.29   20.19
-303998.357   578.738    13.55   25.40
-303627.953   582.275     9.55   28.52
-303257.493   576.281   -16.18   35.49
-302886.980   566.635   -26.02   36.04
-302516.412   558.850   -21.00   33.09
-302145.789   566.734    21.27   39.51
-301775.112   582.421    42.31   41.26
-301404.380   593.242    29.18   33.02
-301033.593   589.941    -8.90   31.03
-300662.752   565.591   -65.64   36.58
-300291.856   536.573   -78.22   40.21
-299920.905   504.463   -86.54   41.23
-299549.900   475.511   -78.02   41.63
-299178.839   448.423   -72.98   38.34
-298807.724   427.941   -55.18   23.38
-298436.554   429.268     3.58   30.00
-298065.330   445.329    43.25   38.09
-297694.050   462.008    44.91   42.22
-297322.716   471.620    25.88   44.48
-296951.326   476.678    13.61   41.88
-296579.882   481.861    13.95   38.03
-296208.382   493.067    30.16   35.19
-295836.828   510.579    47.12   36.71
-295465.219   531.692    56.80   37.11
-295093.554   551.191    52.45   31.29
-294721.835   562.706    30.97   27.43
-294350.060   565.706     8.07   22.81
-293978.230   560.819   -13.14   20.97
-293606.345   549.512   -30.40   24.15
-293234.405   539.480   -26.96   24.40
-292862.410   529.185   -27.67   23.74
-292490.359   522.734   -17.33   24.89
-292118.254   516.095   -17.84   22.50
-291746.092   512.367   -10.01   16.61
-291373.876   520.220    21.09   20.46
-291001.604   534.914    39.46   25.96
-290629.277   557.067    59.48   33.71
-290256.895   579.781    60.98   32.54
-289884.457   603.253    63.01   36.10
-289511.964   627.198    64.26   35.61
-289139.415   646.432    51.62   31.26
-288766.811   663.120    44.77   20.69
-288394.151   671.255    21.82   18.02
-288021.436   674.106     7.65   16.95
-287648.665   671.359    -7.37   17.89
-287275.838   667.030   -11.61   20.87
-286902.956   662.692   -11.63   21.31
-286530.018   660.563    -5.71   19.72
-286157.025   660.635     0.19   16.70
-285783.976   662.998     6.33   14.03
-285410.871   665.861     7.67   11.56
-285037.711   670.512    12.46    9.31
-284664.494   673.034     6.76    8.02
-284291.222   670.157    -7.71   11.17
-283917.894   660.338   -26.29   15.98
-283544.511   644.581   -42.19   24.43
-283171.071   622.970   -57.86   28.20
-282797.576   595.139   -74.50   32.82
-282424.024   568.966   -70.05   26.37
-282050.417   549.828   -51.21   18.90
-281676.753   536.877   -34.65    8.78
-281303.034   532.556   -11.56    7.02
-280929.259   530.100    -6.57    7.90
-280555.427   528.816    -3.43    8.49
-280181.540   526.424    -6.40    6.05
-279807.596   525.887    -1.44    4.46
-279433.596   526.178     0.78    4.33
-279059.540   528.249     5.53    8.65
-278685.428   532.424    11.16   14.36
-278311.260   535.664     8.66   18.39
-277937.035   536.262     1.60   17.30
-277562.754   536.053    -0.56   14.74
-277188.417   533.991    -5.51   10.40
-276814.024   533.852    -0.37    7.63
-276439.574   532.734    -2.99    5.74
-276065.068   533.809     2.87    5.85
-275690.506   534.861     2.81    7.57
-275315.887   536.320     3.89    8.89
-274941.211   536.428     0.29    9.31
-274566.479   536.637     0.56    8.88
-274191.691   537.123     1.30    7.67
-273816.846   539.819     7.19    8.98
-273441.945   543.931    10.97   11.03
-273066.987   550.635    17.88   13.96
-272691.972   556.020    14.35   14.93
-272316.901   559.405     9.02   13.65
-271941.773   560.793     3.70   13.05
-271566.589   560.125    -1.78   11.87
-271191.347   560.371     0.66    9.95
-270816.049   562.667     6.11   10.41
-270440.694   566.466    10.12   12.13
-270065.283   569.610     8.37   12.82
-269689.815   570.263     1.74   11.72
-269314.289   571.400     3.03    9.29
-268938.707   574.410     8.01    9.17
-268563.068   579.123    12.54    9.45
-268187.372   585.373    16.63    7.85
-267811.620   590.495    13.63    6.82
-267435.810   595.016    12.03    6.71
-267059.943   598.149     8.33    6.65
-266684.019   600.706     6.80    4.70
-266308.038   599.836    -2.31    5.29
-265932.000   596.077    -9.99    8.23
-265555.905   588.646   -19.75   11.26
-265179.753   581.691   -18.49   11.68
-264803.543   576.091   -14.88   11.86
-264427.277   571.206   -12.98   12.25
-264050.953   568.470    -7.27   15.12
-263674.572   567.623    -2.25   18.09
-263298.134   569.452     4.86   18.55
-262921.638   569.442    -0.03   16.56
-262545.085   559.804   -25.59   21.31
-262168.475   545.363   -38.34   25.27
-261791.807   536.098   -24.59   23.07
-261415.082   534.308    -4.75   26.33
-261038.300   541.160    18.18   30.28
-260661.460   551.426    27.24   29.46
-260284.562   550.035    -3.69   31.18
-259907.608   545.185   -12.86   30.22
-259530.595   537.213   -21.14   28.99
-259153.525   520.049   -45.51   31.92
-258776.397   504.706   -40.67   34.83
-258399.212   482.432   -59.04   30.71
-258021.969   466.363   -42.59   22.94
-257644.669   459.487   -18.22   19.32
-257267.310   458.749    -1.96   25.36
-256889.894   462.058     8.77   31.27
-256512.421   464.499     6.47   32.62
-256134.889   458.842   -14.98   27.69
-255757.300   456.320    -6.68   21.11
-255379.653   459.192     7.60   20.31
-255001.948   473.595    38.12   30.16
-254624.185   492.637    50.39   35.84
-254246.364   516.282    62.57   33.18
-253868.485   537.734    56.76   25.55
-253490.548   557.734    52.91   20.66
-253112.553   574.749    45.00   18.45
-252734.501   588.563    36.53   16.66
-252356.390   594.575    15.90   17.50
-251978.221   596.039     3.87   27.20
-251599.994   580.534   -40.99   42.01
-251221.708   557.734   -60.26   48.35
-250843.365   529.567   -74.43   46.40
-250464.963   511.387   -48.03   32.98
-250086.504   508.081    -8.73   25.33
-249707.986   519.889    31.19   31.70
-249329.409   540.301    53.91   32.99
-248950.775   555.896    41.18   22.78
-248572.082   564.450    22.58   19.48
-248193.330   568.459    10.58   22.11
-247814.521   580.597    32.03   26.68
-247435.653   606.820    69.20   40.17
-247056.726   647.317   106.85   61.15
-246677.741   710.109   165.65   72.79
-246298.697   748.354   100.88   56.03
-245919.595   739.268   -23.96   66.96
-245540.435   691.387  -126.25   89.59
-245161.216   630.907  -159.45   73.32
-244792.525   590.780  -108.81   31.60
-244424.556   598.613    21.28   43.50
-244056.532   628.088    80.07   58.19
-243688.453   667.253   106.38   70.50
-243320.319   707.970   110.58   64.99
-242952.130   715.013    19.13   51.36
-242583.886   699.735   -41.48   56.47
-242215.587   653.869  -124.51   69.82
-241847.234   601.205  -142.94   54.06
-241478.825   562.720  -104.44   41.54
-241110.362   532.911   -80.88   34.18
-240741.843   511.021   -59.39   32.35
-240373.269   488.749   -60.41   24.48
-240004.640   470.973   -48.21   21.46
-239635.956   458.249   -34.50   19.17
-239267.217   443.591   -39.74   19.81
-238898.423   430.734   -34.85   19.91
-238529.573   418.406   -33.42   17.00
-238160.669   408.847   -25.91   10.11
-237791.709   404.149   -12.73    9.95
-237422.693   406.049     5.15   17.00
-237053.623   407.791     4.72   24.40
-236684.497   412.995    14.10   32.72
-236315.316   413.817     2.23   37.48
-235946.079   408.227   -15.14   36.07
-235576.787   398.128   -27.34   31.97
-235207.440   384.063   -38.07   19.86
-234838.037   377.581   -17.54   12.08
-234468.578   375.861    -4.66   16.23
-234099.065   380.095    11.46   24.98
-233729.495   377.804    -6.20   24.02
-233359.870   372.145   -15.31   19.38
-232990.190   364.706   -20.12   11.68
-232620.454   359.473   -14.15    5.25
-232250.662   357.067    -6.51    3.35
-231880.814   356.254    -2.20    2.57
-231510.911   360.903    12.57   15.29
-231140.953   367.967    19.09   24.86
-230770.938   371.199     8.73   27.79
-230400.868   370.336    -2.33   27.72
-230030.742   361.248   -24.55   19.93
-229660.560   352.693   -23.11   11.80
-229290.322   346.761   -16.02    6.58
-228920.028   343.843    -7.88    3.37
-228549.679   342.463    -3.73    1.78
-228179.273   342.103    -0.97    1.67
-227808.812   343.233     3.05    4.10
-227438.295   346.514     8.85   10.03
-227067.721   355.309    23.73   19.71
-226697.092   364.501    24.80   24.73
-226326.407   379.473    40.38   29.94
-225955.665   397.039    47.37   38.45
-225584.867   418.583    58.09   40.65
-225214.014   427.762    24.75   34.52
-224843.104   429.898     5.76   29.52
-224472.138   421.509   -22.61   26.87
-224101.116   405.240   -43.84   30.37
-223730.037   386.449   -50.63   30.85
-223358.902   373.720   -34.29   26.42
-222987.711   369.836   -10.46   27.62
-222616.464   372.869     8.17   30.56
-222245.160   372.308    -1.51   29.10
-221873.800   365.909   -17.23   24.97
-221502.384   355.367   -28.38   16.51
-221130.911   348.980   -17.19   11.69
-220759.382   343.499   -14.75    6.84
-220387.796   341.788    -4.61    4.29
-220016.154   342.242     1.22    6.45
-219644.455   347.145    13.19   12.06
-219272.700   354.466    19.69   16.44
-218900.888   359.597    13.80   17.56
-218529.019   360.480     2.38   18.00
-218157.094   359.187    -3.48   16.51
-217785.112   357.428    -4.73   15.55
-217413.074   358.480     2.83   13.05
-217040.979   366.693    22.07   16.25
-216668.827   382.898    43.54   24.46
-216296.618   401.035    48.72   25.24
-215924.353   410.887    26.46   20.90
-215552.030   407.512    -9.06   24.43
-215179.651   392.227   -41.04   28.73
-214807.215   369.172   -61.89   26.78
-214434.722   349.665   -52.36   23.92
-214062.173   330.413   -51.67   19.51
-213689.566   318.861   -31.00   12.15
-213316.902   315.382    -9.33   11.39
-212944.181   317.565     5.86   18.20
-212571.404   319.514     5.23   24.65
-212198.569   318.039    -3.96   27.27
-211825.677   308.734   -24.95   23.23
-211452.728   298.043   -28.66   12.75
-211079.722   294.240   -10.19    7.88
-210706.659   293.445    -2.13    9.29
-210333.538   292.939    -1.35   10.81
-209960.360   290.847    -5.61   10.26
-209587.126   289.137    -4.58    8.19
-209213.833   289.128    -0.02    7.44
-208840.484   293.873    12.71   11.35
-208467.077   304.331    28.00   16.21
-208093.613   314.484    27.18   17.76
-207720.091   319.456    13.31   17.42
-207346.512   321.220     4.72   17.20
-206972.876   325.956    12.67   16.81
-206599.182   330.692    12.67   16.69
-206225.431   337.131    17.22   15.59
-205851.622   341.498    11.68   15.81
-205477.755   347.869    17.04   17.12
-205103.831   353.406    14.81   17.47
-204729.850   362.733    24.94   16.73
-204355.810   367.632    13.09   16.18
-203981.714   362.960   -12.49   22.73
-203607.559   346.999   -42.65   31.04
-203233.347   325.977   -56.17   30.63
-202859.077   307.865   -48.38   22.16
-202484.749   301.233   -17.71   15.94
-202110.363   297.581    -9.75   16.97
-201735.920   299.323     4.65   19.16
-201361.419   299.928     1.62   21.06
-200986.860   296.583    -8.93   19.81
-200612.243   291.501   -13.56   18.63
-200237.568   285.053   -17.21   16.69
-199862.835   276.909   -21.73   11.36
-199488.044   272.373   -12.10    4.56
-199113.195   274.364     5.31    8.91
-198738.289   281.621    19.35   17.98
-198363.324   286.571    13.20   20.72
-197988.301   290.676    10.94   21.28
-197613.219   291.973     3.46   18.91
-197238.080   293.220     3.32   18.09
-196862.883   290.173    -8.12   18.27
-196487.627   285.691   -11.94   17.84
-196112.313   277.816   -20.98   12.42
-195736.941   273.875   -10.50    5.88
-195361.510   276.638     7.36    9.40
-194986.022   285.295    23.05   16.37
-194610.475   293.473    21.77   19.71
-194234.869   304.152    28.43   22.44
-193859.205   310.053    15.71   23.76
-193483.483   312.103     5.46   23.62
-193107.702   310.227    -4.99   21.72
-192731.863   309.450    -2.07   17.32
-192355.965   311.662     5.88   14.33
-191980.009   319.027    19.59   15.25
-191603.994   328.161    24.29   13.80
-191227.921   337.787    25.59   15.39
-190851.789   346.720    23.75   15.28
-190475.598   350.857    11.00   17.10
-190099.349   351.635     2.07   19.69
-189723.040   349.295    -6.22   20.15
-189346.674   347.413    -5.00   18.81
-188970.248   345.828    -4.21   16.68
-188593.764   346.391     1.50   14.29
-188217.220   346.678     0.76   11.78
-187840.618   348.679     5.31    9.15
-187463.957   352.191     9.32    7.86
-187087.238   359.267    18.78   10.97
-186710.459   368.852    25.44   12.94
-186333.621   381.733    34.18   17.40
-185956.725   394.691    34.37   14.66
-185579.769   397.884     8.47   12.14
-185202.754   391.072   -18.07   18.71
-184825.680   377.145   -36.93   22.26
-184448.547   358.827   -48.56   18.89
-184071.355   346.980   -31.40   14.49
-183694.104   336.117   -28.79   13.52
-183316.794   328.424   -20.39   13.69
-182939.424   319.199   -24.44   13.91
-182561.995   310.430   -23.23   11.79
-182184.507   303.480   -18.41    9.98
-181806.960   297.546   -15.71    6.08
-181429.353   297.031    -1.36    5.90
-181051.687   301.776    12.56   10.65
-180673.961   309.980    21.72   14.35
-180296.176   322.400    32.87   15.53
-179918.332   333.423    29.17   15.13
-179540.428   344.436    29.14   13.94
-179162.465   352.512    21.36   13.08
-178784.442   361.323    23.30   15.37
-178406.359   367.606    16.62   20.07
-178028.217   373.267    14.97   24.75
-177650.016   374.029     2.01   27.00
-177271.754   377.320     8.70   26.15
-176893.433   382.664    14.12   26.13
-176515.053   393.747    29.29   28.45
-176136.612   406.303    33.17   25.65
-175758.112   411.514    13.77   20.90
-175379.552   410.612    -2.38   17.23
-175000.933   401.638   -23.70   16.37
-174622.253   389.528   -31.97   14.69
-174243.513   381.561   -21.03   13.76
-173864.714   376.547   -13.23   17.27
-173485.855   373.852    -7.11   19.42
-173106.935   368.233   -14.83   18.86
-172727.956   361.928   -16.63   15.86
-172348.917   356.213   -15.08   14.20
-171969.817   351.679   -11.96   11.42
-171590.658   353.081     3.70   12.18
-171211.438   362.569    25.02   17.64
-170832.159   376.678    37.19   20.55
-170452.819   391.652    39.47   22.86
-170081.496   404.748    35.26   22.98
-169713.699   414.815    27.37   25.88
-169345.846   425.959    30.29   28.47
-168977.937   434.166    22.30   28.63
-168609.971   445.002    29.44   25.60
-168241.950   452.950    21.59   21.96
-167873.872   463.100    27.57   17.98
-167505.737   470.907    21.20   14.56
-167137.547   476.452    15.06    9.70
-166769.299   476.080    -1.01    9.51
-166400.996   471.903   -11.34   13.34
-166032.636   467.440   -12.11   14.37
-165664.220   468.192     2.04   12.75
-165295.747   475.173    18.94   12.04
-164927.217   478.512     9.06   11.07
-164558.631   479.504     2.69   12.12
-164189.989   479.542     0.10   13.43
-163821.290   482.760     8.73   11.45
-163452.534   481.679    -2.93   12.70
-163083.722   478.653    -8.20   16.57
-162714.853   472.556   -16.53   19.30
-162345.927   472.040    -1.40   18.65
-161976.945   473.295     3.40   16.63
-161607.906   479.240    16.11   15.59
-161238.810   484.514    14.29   15.48
-160869.657   488.827    11.68   13.75
-160500.448   489.359     1.44   12.99
-160131.181   481.166   -22.18   19.30
-159761.858   467.734   -36.36   19.96
-159392.478   457.360   -28.08   16.72
-159023.040   453.917    -9.32   16.59
-158653.546   459.977    16.40   17.50
-158283.995   463.889    10.59   13.34
-157914.387   457.350   -17.69   19.59
-157544.722   442.762   -39.46   20.97
-157175.000   432.253   -28.42   14.88
-156805.220   428.635    -9.78   12.19
-156435.384   433.107    12.09   14.34
-156065.490   438.847    15.52   14.35
-155695.540   443.625    12.92   13.35
-155325.532   446.249     7.09   11.63
-154955.466   452.907    17.99   11.51
-154585.344   460.485    20.47   13.04
-154215.164   472.400    32.18   17.48
-153844.927   483.367    29.62   15.49
-153474.633   490.173    18.38   10.81
-153104.281   490.588     1.12    9.89
-152733.872   482.017   -23.13   14.20
-152363.405   471.879   -27.36   15.89
-151992.881   463.679   -22.13   16.30
-151622.299   459.314   -11.78   16.84
-151251.660   459.720     1.09   17.96
-150880.964   459.692    -0.08   18.21
-150510.209   456.760    -7.91   17.27
-150139.398   447.998   -23.63   18.92
-149768.528   438.035   -26.86   21.33
-149397.601   426.761   -30.39   21.29
-149026.617   422.473   -11.56   22.30
-148655.574   418.192   -11.54   22.52
-148284.474   415.049    -8.47   22.00
-147913.316   408.150   -18.58   19.11
-147542.101   402.213   -15.99   17.22
-147170.827   392.896   -25.09   17.19
-146799.496   386.815   -16.37   18.49
-146428.107   379.680   -19.21   19.63
-146056.660   372.801   -18.52   21.80
-145685.155   366.058   -18.15   22.62
-145313.592   359.774   -16.91   21.06
-144941.971   352.085   -20.69   19.37
-144570.292   345.098   -18.79   18.13
-144198.555   337.396   -20.72   16.43
-143826.760   334.131    -8.78   16.89
-143454.907   332.652    -3.98   19.18
-143082.996   332.845     0.52   20.64
-142711.026   328.453   -11.81   19.01
-142338.999   324.086   -11.74   17.41
-141966.913   320.253   -10.30   15.77
-141594.769   320.900     1.74   18.33
-141222.567   320.347    -1.49   22.43
-140850.306   320.354     0.02   24.79
-140477.988   319.053    -3.49   19.40
-140105.611   325.123    16.30   22.41
-139733.175   346.423    57.18   38.15
-139360.681   373.317    72.19   39.75
-138988.129   399.560    70.43   34.41
-138615.518   413.387    37.10   27.86
-138242.849   419.549    16.53   24.82
-137870.121   421.289     4.67   23.41
-137497.335   422.536     3.34   22.52
-137124.490   424.303     4.74   24.46
-136751.587   421.240    -8.21   25.27
-136378.625   416.706   -12.15   24.51
-136005.604   410.960   -15.40   21.55
-135632.524   411.213     0.68   19.94
-135259.386   410.880    -0.89   18.64
-134886.190   414.477     9.64   18.38
-134512.934   417.531     8.18   18.02
-134139.620   422.453    13.18   18.82
-133766.246   427.855    14.47   19.64
-133392.814   435.004    19.14   19.30
-133019.324   438.967    10.61   17.12
-132645.774   439.990     2.74   13.47
-132272.165   439.255    -1.97   12.15
-131898.497   435.085   -11.16   13.27
-131524.771   431.256   -10.24   13.23
-131150.985   433.640     6.38   13.20
-130777.140   437.477    10.26   13.44
-130403.236   443.147    15.16   10.81
-130029.273   445.563     6.46   10.18
-129655.251   447.347     4.77   11.06
-129281.170   448.763     3.79   10.65
-128907.030   449.288     1.40    9.19
-128532.830   446.145    -8.40   10.52
-128158.571   440.963   -13.84   10.24
-127784.253   434.098   -18.34    9.14
-127409.876   429.423   -12.49    9.82
-127035.439   424.909   -12.05    9.43
-126660.943   423.112    -4.80    8.00
-126286.387   422.107    -2.68    8.28
-125911.772   418.857    -8.67   11.18
-125537.098   410.457   -22.42   13.41
-125162.364   403.058   -19.74   11.64
-124787.571   400.562    -6.66    8.60
-124412.718   404.391    10.21   11.19
-124037.805   412.681    22.11   11.49
-123662.833   419.206    17.40    8.45
-123287.802   420.904     4.53    9.49
-122912.710   419.331    -4.19   12.93
-122537.559   416.075    -8.68   15.13
-122162.349   416.145     0.18   14.85
-121787.078   414.312    -4.88   13.36
-121411.748   407.247   -18.82   16.89
-121036.358   397.067   -27.12   19.52
-120660.908   388.112   -23.85   19.79
-120285.398   380.947   -19.08   21.55
-119909.829   373.107   -20.87   24.74
-119534.199   362.679   -27.76   26.65
-119158.510   346.193   -43.88   27.58
-118782.760   333.295   -34.32   20.72
-118406.951   335.936     7.03   24.21
-118031.082   354.368    49.03   35.25
-117655.152   377.467    61.44   31.00
-117279.163   394.491    45.28   16.03
-116903.113   391.333    -8.40   19.08
-116527.003   380.044   -30.01   22.62
-116150.833   366.031   -37.25   26.13
-115774.603   349.501   -43.93   23.76
-115398.312   338.342   -29.65   17.79
-115021.962   333.315   -13.36   14.07
-114645.551   341.053    20.56   22.15
-114269.079   362.387    56.66   27.20
-113892.547   380.098    47.03   21.02
-113515.955   387.352    19.26   14.70
-113139.303   385.342    -5.34   18.75
-112762.590   372.499   -34.09   25.18
-112385.817   355.192   -45.93   22.64
-112008.983   341.720   -35.75   21.26
-111632.088   326.539   -40.27   20.23
-111255.133   322.032   -11.96   18.06
-110878.118   327.802    15.30   23.11
-110501.041   343.523    41.69   26.45
-110123.905   363.909    54.05   20.51
-109746.707   376.640    33.75   19.39
-109369.449   391.044    38.18   19.06
-108992.130   403.058    31.84   16.93
-108614.750   406.246     8.45   13.57
-108237.310   401.350   -12.97   15.54
-107859.808   391.004   -27.40   16.18
-107482.246   382.463   -22.62   10.81
-107104.623   378.613   -10.19   11.66
-106726.939   381.206     6.86   14.43
-106349.194   384.907     9.80   15.20
-105971.388   389.484    12.11   17.41
-105593.521   394.172    12.41   18.57
-105215.593   397.008     7.50   20.52
-104837.604   395.842    -3.08   20.49
-104459.553   392.167    -9.72   21.21
-104081.442   386.027   -16.24   24.04
-103703.270   376.088   -26.28   25.36
-103325.036   367.857   -21.76   22.65
-102946.741   359.615   -21.79   20.79
-102568.385   358.914    -1.85   21.29
-102189.968   358.828    -0.23   21.76
-101811.489   359.970     3.02   19.53
-101432.949   357.049    -7.72   20.62
-101054.347   346.775   -27.13   25.57
-100675.684   330.194   -43.78   27.70
-100296.960   314.490   -41.46   18.44
 -99918.174   309.133   -14.14   10.92
 -99539.327   313.107    10.49   13.27
 -99160.418   322.896    25.83   16.66
 -98781.448   333.133    27.01   18.07
 -98402.416   340.676    19.90   18.28
 -98023.323   343.933     8.59   20.80
 -97644.168   345.934     5.28   21.87
 -97264.951   345.990     0.15   16.45
 -96885.672   346.350     0.95   12.91
 -96506.332   349.432     8.12   14.50
 -96126.930   355.600    16.25   19.09
 -95747.466   362.160    17.29   18.93
 -95373.264   363.585     3.81   18.73
 -95005.646   359.480   -11.17   20.90
 -94637.971   345.523   -37.96   22.79
 -94270.237   334.179   -30.84   18.48
 -93902.447   327.387   -18.47   11.37
 -93534.598   327.587     0.54    9.27
 -93166.692   331.373    10.29   10.80
 -92798.728   337.233    15.92   12.20
 -92430.707   346.031    23.90   17.80
 -92062.627   355.409    25.48   22.48
 -91694.490   364.179    23.82   23.41
 -91326.295   374.773    28.77   23.13
 -90958.042   377.747     8.07   24.82
 -90589.731   376.693    -2.86   23.91
 -90221.362   373.328    -9.13   20.54
 -89852.936   372.786    -1.47   16.87
 -89484.451   371.000    -4.85   12.48
 -89115.908   375.493    12.19   13.64
 -88747.307   380.404    13.32   15.76
 -88378.648   383.853     9.36   14.63
 -88009.931   385.293     3.91   11.63
 -87641.156   386.733     3.91    9.55
 -87272.323   392.640    16.01   12.88
 -86903.432   401.694    24.54   16.69
 -86534.482   410.493    23.85   15.60
 -86165.474   415.628    13.91   11.54
 -85796.408   416.093     1.26   12.23
 -85427.284   411.838   -11.53   15.55
 -85058.101   403.315   -23.09   17.78
 -84688.860   397.387   -16.05   18.22
 -84319.561   395.166    -6.01   19.50
 -83950.203   396.544     3.73   21.14
 -83580.786   396.909     0.99   18.91
 -83211.312   393.694    -8.70   17.32
 -82841.778   383.760   -26.88   17.39
 -82472.187   375.907   -21.25   17.82
 -82102.536   367.260   -23.39   19.00
 -81732.828   363.365   -10.54   20.67
 -81363.060   359.378   -10.78   19.43
 -80993.234   357.320    -5.56   17.16
 -80623.349   355.560    -4.76   14.23
 -80253.406   357.067     4.07   14.45
 -79883.403   359.027     5.30   15.30
 -79513.343   362.509     9.41   15.71
 -79143.223   365.154     7.15   15.61
 -78773.044   365.093    -0.16   13.31
 -78402.807   365.587     1.33   11.40
 -78032.511   366.747     3.13   10.06
 -77662.156   369.062     6.25   11.09
 -77291.742   370.504     3.89   10.53
 -76921.269   373.213     7.31   11.48
 -76550.737   375.490     6.14   12.99
 -76180.146   379.049     9.60   13.74
 -75809.496   384.720    15.30   17.24
 -75438.787   394.641    26.76   20.02
 -75068.019   403.378    23.56   18.90
 -74697.192   409.878    17.53   14.73
 -74326.305   412.517     7.12   14.55
 -73955.360   412.227    -0.78   13.86
 -73584.355   412.624     1.07   12.57
 -73213.291   415.049     6.53   11.97
 -72842.168   417.044     5.38   12.34
 -72470.985   419.487     6.58   11.80
 -72099.743   420.556     2.88   10.68
 -71728.442   419.253    -3.51    8.62
 -71357.081   413.071   -16.65   12.12
 -70985.661   400.575   -33.64   19.82
 -70614.182   385.939   -39.40   21.17
 -70242.643   370.066   -42.72   19.80
 -69871.045   356.012   -37.82   14.95
 -69499.387   348.270   -20.83   12.41
 -69127.669   343.109   -13.88   10.70
 -68755.892   341.444    -4.48    9.91
 -68384.055   340.998    -1.20   10.94
 -68012.159   339.628    -3.68    9.30
 -67640.203   340.114     1.31    9.22
 -67268.187   339.536    -1.56   10.51
 -66896.112   338.277    -3.38   11.20
 -66523.977   335.547    -7.34   10.29
 -66151.782   334.157    -3.73    9.90
 -65779.527   331.667    -6.69   10.12
 -65407.212   327.610   -10.89   11.77
 -65034.838   323.347   -11.45   10.57
 -64662.404   320.653    -7.23    9.75
 -64289.909   322.902     6.04   14.76
 -63917.355   330.987    21.70   17.86
 -63544.741   336.941    15.98   14.99
 -63172.066   335.977    -2.59   15.55
 -62799.332   325.746   -27.45   25.14
 -62426.538   312.220   -36.28   25.45
 -62053.683   306.194   -16.16   21.29
 -61680.768   310.133    10.56   22.12
 -61307.793   321.667    30.92   21.97
 -60934.758   337.325    41.97   14.64
 -60561.663   346.457    24.47   10.23
 -60188.507   348.788     6.25   11.26
 -59815.292   343.707   -13.61   17.80
 -59442.015   335.473   -22.06   19.34
 -59068.679   331.460   -10.75   15.16
 -58695.282   331.187    -0.73   11.00
 -58321.825   332.950     4.72   12.43
 -57948.307   330.312    -7.06   16.35
 -57574.729   323.072   -19.38   22.86
 -57201.090   312.512   -28.26   23.99
 -56827.391   310.248    -6.06   23.07
 -56453.631   317.566    19.58   21.84
 -56079.811   327.845    27.50   18.09
 -55705.930   338.863    29.47   17.16
 -55331.988   344.095    13.99   19.25
 -54957.986   345.613     4.06   20.38
 -54583.923   340.843   -12.75   22.71
 -54209.799   336.307   -12.13   20.85
 -53835.615   327.000   -24.87   20.19
 -53461.369   307.240   -52.80   38.12
 -53087.063   272.652   -92.40   57.32
 -52712.696   244.444   -75.35   53.50
 -52338.268   227.330   -45.70   40.86
 -51963.779   237.173    26.28   48.08
 -51589.230   273.102    95.92   46.86
 -51214.619   306.467    89.06   35.61
 -50839.947   331.876    67.81   23.66
 -50465.214   344.828    34.56   14.51
 -50090.421   349.861    13.43   11.12
 -49715.566   352.460     6.93   13.16
 -49340.650   348.996    -9.24   18.33
 -48965.672   341.039   -21.22   22.72
 -48590.634   335.457   -14.88   26.05
 -48215.534   327.749   -20.55   26.52
 -47840.373   316.933   -28.83   27.74
 -47465.151   310.452   -17.27   25.57
 -47089.868   305.173   -14.07   25.43
 -46714.523   298.828   -16.90   26.69
 -46339.117   296.032    -7.45   28.20
 -45963.649   288.812   -19.23   29.70
 -45588.120   285.259    -9.46   30.05
 -45212.530   281.107   -11.06   30.89
 -44836.878   279.706    -3.73   31.19
 -44461.164   276.933    -7.38   31.96
 -44085.389   270.227   -17.85   32.43
 -43709.552   255.169   -40.06   31.35
 -43333.654   242.573   -33.51   27.48
 -42957.694   235.040   -20.04   21.04
 -42581.672   236.556     4.03   20.98
 -42205.589   239.867     8.80   19.61
 -41829.444   241.106     3.29   18.37
 -41453.237   240.930    -0.47   21.03
 -41076.968   242.816     5.01   25.11
 -40700.638   255.560    33.86   28.05
 -40324.246   265.396    26.13   23.99
 -39947.791   266.874     3.93   23.57
 -39571.275   262.517   -11.57   24.33
 -39194.697   258.720   -10.08   22.03
 -38818.057   256.387    -6.19   19.29
 -38441.355   254.787    -4.25   16.62
 -38064.591   256.110     3.51   12.17
 -37687.764   259.000     7.67    9.81
 -37310.876   266.220    19.16   11.31
 -36933.925   274.071    20.83   13.50
 -36556.913   283.093    23.93   14.74
 -36179.838   291.106    21.25   14.95
 -35802.701   294.944    10.18   13.36
 -35425.501   296.172     3.26   10.78
 -35048.239   297.904     4.59    8.24
 -34670.915   302.247    11.51   11.27
 -34293.529   307.105    12.87   11.66
 -33916.080   309.760     7.04    9.27
 -33538.569   308.062    -4.50    9.32
 -33160.995   303.747   -11.43    9.54
 -32783.359   299.080   -12.36   12.71
 -32405.660   292.325   -17.88   16.59
 -32027.899   283.774   -22.64   17.24
 -31650.075   274.787   -23.79   13.92
 -31272.189   270.044   -12.55   12.42
 -30894.240   268.036    -5.31   12.99
 -30516.228   263.873   -11.01   15.29
 -30138.153   256.299   -20.03   17.37
 -29760.016   249.477   -18.04   18.51
 -29381.816   250.464     2.61   23.31
 -29003.553   254.896    11.72   28.07
 -28625.228   257.515     6.92   29.02
 -28246.839   253.120   -11.61   28.53
 -27868.388   236.893   -42.88   31.36
 -27489.873   217.733   -50.62   28.68
 -27111.296   205.493   -32.33   18.70
 -26732.656   200.040   -14.40   12.50
 -26353.952   205.349    14.02   14.12
 -25975.186   210.246    12.93   13.83
 -25596.357   212.025     4.70   13.78
 -25217.464   213.640     4.26   10.90
 -24838.508   217.560    10.34   10.38
 -24459.489   221.976    11.65   10.79
 -24080.407   228.360    16.84    9.44
 -23701.262   231.253     7.63    6.17
 -23322.053   228.641    -6.89    7.72
 -22942.781   223.483   -13.60   11.14
 -22563.445   214.053   -24.86   11.35
 -22184.047   205.896   -21.50   10.74
 -21804.585   200.602   -13.95    8.95
 -21425.059   198.820    -4.69    6.59
 -21045.470   201.838     7.95    6.47
 -20668.131   202.693     2.26    6.08
 -20300.697   199.480    -8.74    8.18
 -19933.203   195.282   -11.42    7.27
 -19565.650   196.105     2.24    7.54
 -19198.038   201.456    14.56   11.54
 -18830.367   212.370    29.68   15.82
 -18462.637   221.012    23.50   14.87
 -18094.848   227.835    18.55   14.27
 -17726.999   232.625    13.02   11.87
 -17359.091   236.720    11.13    9.10
 -16991.124   240.567    10.46    9.61
 -16623.098   247.470    18.76   12.37
 -16255.012   256.763    25.25   14.83
 -15886.867   263.049    17.07   12.51
 -15518.663   263.377     0.89   12.72
 -15150.399   252.399   -29.81   18.29
 -14782.076   239.748   -34.35   14.33
 -14413.693   237.045    -7.34    9.79
 -14045.251   240.512     9.41   11.48
 -13676.749   248.834    22.58   13.43
 -13308.187   258.514    26.27   11.36
 -12939.567   265.333    18.50    8.47
 -12570.886   266.112     2.11    9.51
 -12202.146   259.667   -17.48   13.21
 -11833.346   253.887   -15.67   13.04
 -11464.486   253.613    -0.74   12.68
 -11095.567   255.193     4.28   11.40
 -10726.588   254.079    -3.02   12.04
 -10357.549   246.747   -19.87   15.96
  -9988.451   239.045   -20.87   16.84
  -9619.292   234.139   -13.29   15.61
  -9250.074   232.884    -3.40   15.91
  -8880.795   230.679    -5.97   17.22
  -8511.457   228.577    -5.69   14.88
  -8142.059   223.983   -12.44   14.17
  -7772.601   216.507   -20.24   10.92
  -7403.082   209.536   -18.86   12.60
  -7033.504   199.194   -27.98   16.75
  -6663.866   187.453   -31.76   19.56
  -6294.167   168.271   -51.89   27.36
  -5924.408   145.801   -60.77   31.05
  -5554.589   124.420   -57.81   24.81
  -5184.710   111.994   -33.59   14.06
  -4814.771   113.630     4.42   15.14
  -4444.771   119.880    16.89   14.67
  -4074.712   126.136    16.90   13.39
  -3704.591   130.920    12.93   16.86
  -3334.411   134.387     9.36   22.34
  -2964.170   140.400    16.24   27.20
  -2593.868   151.220    29.22   23.54
  -2223.507   158.490    19.63   16.46
  -1853.084   147.387   -29.98   38.19
  -1482.601   108.342  -105.39   67.76
  -1112.058    60.620  -128.79   69.66
   -741.454    19.125  -111.96   42.49
   -370.790     0.181   -51.11    2.73
     -0.064    -0.213    -1.07    0.58
    370.721     0.227     1.19    1.53
    741.568     0.336     0.30    1.85
   1112.475     0.496     0.43    2.00
   1483.443     0.598     0.28    1.76
   1854.472     1.889     3.48    3.10
   2225.561     3.598     4.61    3.53
   2596.712     7.907    11.61    6.46
   2967.923    14.428    17.57   11.09
   3339.195    25.820    30.68   18.91
   3710.528    38.802    34.96   20.16
   4081.922    53.023    38.29   21.36
   4453.378    66.487    36.25   17.91
   4824.894    80.667    38.17   16.40
   5196.471    96.484    42.57   17.03
   5568.109   112.549    43.23   22.90
   5939.808   128.233    42.20   21.77
   6311.569   142.257    37.72   22.09
   6683.391   152.470    27.47   19.90
   7055.273   158.620    16.54   20.90
   7427.218   163.928    14.27   18.98
   7799.223   170.681    18.15   16.52
   8171.290   180.531    26.47   12.84
   8543.418   190.246    26.11   13.40
   8915.607   196.747    17.47    9.94
   9287.858   196.773     0.07    8.83
   9660.170   197.520     2.01    8.46
  10032.544   200.374     7.66    9.86
  10404.979   209.200    23.70   15.83
  10777.475   220.366    29.98   16.34
  11150.034   230.891    28.25   10.37
  11522.653   232.246     3.64   10.54
  11895.335   226.694   -14.90   17.40
  12268.078   224.304    -6.41   20.24
  12640.882   223.084    -3.27   19.78
  13013.749   225.340     6.05   15.45
  13386.677   224.899    -1.18   11.79
  13759.667   216.343   -22.94   16.35
  14132.718   201.174   -40.66   22.34
  14505.832   182.853   -49.10   27.86
  14879.007   163.680   -51.38   23.52
  15252.244   158.360   -14.26   17.44
  15625.544   167.772    25.21   23.27
  15998.905   185.483    47.44   24.30
  16372.328   204.628    51.27   21.11
  16745.813   217.720    35.05   15.16
  17119.360   219.970     6.02   11.29
  17492.969   213.838   -16.41   16.60
  17866.640   202.707   -29.79   22.03
  18240.374   188.133   -39.00   24.20
  18614.170   178.320   -26.25   21.54
  18988.027   167.748   -28.28   22.01
  19361.947   147.782   -53.40   29.54
  19735.930   129.315   -49.38   26.77
  20109.974   124.299   -13.41   20.77
  20484.081   123.956    -0.92   21.09
  20858.251   130.365    17.13   21.30
  21232.482   137.733    19.69   20.21
  21606.776   136.976    -2.02   19.99
  21981.133   138.017     2.78   17.77
  22355.552   139.570     4.15   16.30
  22730.033   145.120    14.82   16.85
  23104.578   155.399    27.45   16.79
  23479.184   168.430    34.79   18.34
  23853.854   182.603    37.83   18.70
  24228.585   193.720    29.67   15.44
  24603.380   198.335    12.31   10.90
  24978.237   197.515    -2.19   12.61
  25353.157   193.798    -9.91   16.57
  25728.140   192.619    -3.14   17.59
  26103.186   195.040     6.46   16.29
  26478.294   203.150    21.62   15.61
  26853.466   209.680    17.40   13.45
  27228.700   220.092    27.75   14.35
  27603.997   230.706    28.28   13.56
  27979.357   239.032    22.18   13.20
  28354.780   242.747     9.90   11.09
  28730.266   240.694    -5.47   12.45
  29105.815   231.071   -25.62   16.44
  29481.428   216.132   -39.77   22.18
  29857.103   201.733   -38.33   22.08
  30232.842   190.252   -30.56   19.86
  30608.643   177.880   -32.92   21.80
  30984.508   164.233   -36.31   27.11
  31360.437   153.447   -28.69   28.30
  31736.428   144.986   -22.50   27.59
  32112.483   134.630   -27.54   28.91
  32488.601   126.284   -22.19   27.93
  32864.783   116.603   -25.74   25.53
  33241.027   109.391   -19.17   24.88
  33617.336   103.530   -15.58   26.24
  33993.708    97.467   -16.11   26.12
  34370.143    93.066   -11.69   22.38
  34746.642    94.896     4.86   16.82
  35123.204   102.577    20.40   19.59
  35499.831   116.076    35.84   20.86
  35876.520   129.299    35.10   19.23
  36253.274   131.882     6.86   20.51
  36630.091   122.820   -24.05   30.56
  37006.972   110.427   -32.88   33.71
  37383.916    99.112   -30.02   30.15
  37760.925    90.536   -22.75   22.18
  38137.997    89.512    -2.71   16.16
  38515.133    92.264     7.30   11.64
  38892.333    97.112    12.85   11.52
  39269.597   104.213    18.82   14.55
  39646.925   111.365    18.95   16.95
  40024.317   119.138    20.60   15.92
  40401.773   125.133    15.88   15.43
  40779.293   132.345    19.10   17.33
  41156.877   143.815    30.38   17.10
  41534.525   152.773    23.72   13.71
  41912.238   159.775    18.54   12.26
  42290.014   161.239     3.88   12.87
  42667.855   163.933     7.13   11.72
  43045.760   167.784    10.19    9.98
  43423.730   169.799     5.33    7.58
  43801.763   169.194    -1.60    8.43
  44179.862   163.867   -14.09   11.92
  44558.024   157.123   -17.83   10.45
  44936.251   151.824   -14.01    5.92
  45314.542   153.412     4.20    8.23
  45692.898   159.278    15.50   11.45
  46071.319   163.973    12.41   10.63
  46449.804   165.357     3.66   10.83
  46828.353   164.556    -2.12   13.58
  47206.967   159.070   -14.49   14.50
  47585.646   153.517   -14.66   10.69
  47964.390   151.284    -5.90    7.81
  48343.198   149.668    -4.27    5.93
  48722.071   149.125    -1.43    4.39
  49101.009   149.620     1.31    3.86
  49480.012   152.002     6.29    5.29
  49859.079   155.655     9.64    6.35
  50238.212   157.891     5.90    5.62
  50617.409   159.332     3.80    3.52
  50996.671   160.067     1.94    3.64
  51375.999   162.239     5.73    6.42
  51755.391   166.193    10.42    7.28
  52134.849   168.993     7.38    5.86
  52514.371   168.453    -1.42    7.36
  52893.959   160.681   -20.48   13.20
  53273.612   149.049   -30.64   15.05
  53653.330   138.258   -28.42   14.43
  54033.113   126.036   -32.18   14.15
  54401.327   120.447   -15.18   12.62
  54768.632   121.464     2.77   16.31
  55135.997   126.441    13.55   20.10
  55503.423   135.036    23.39   18.79
  55870.909   140.252    14.19   11.21
  56238.456   135.128   -13.94   14.94
  56606.064   121.935   -35.89   22.23
  56973.733   101.233   -56.31   25.44
  57341.462    86.315   -40.57   19.93
  57709.252    78.957   -20.01   11.98
  58077.103    83.941    13.55   13.91
  58445.014    97.910    37.97   15.39
  58812.986   109.476    31.43   15.13
  59181.020   118.333    24.07   12.13
  59549.114   122.295    10.76    9.10
  59917.269   123.512     3.30    8.90
  60285.485   123.145    -1.00   12.81
  60653.762   120.760    -6.47   19.30
  61022.100   113.733   -19.08   25.49
  61390.499   109.355   -11.88   28.56
  61758.959   104.499   -13.18   25.57
  62127.481   100.896    -9.78   21.64
  62496.063   102.532     4.44   21.21
  62864.707   103.762     3.33   19.11
  63233.412   102.695    -2.89   16.71
  63602.178   102.017    -1.84   11.33
  63971.005   100.861    -3.14    8.63
  64339.894   102.017     3.13   10.08
  64708.844   107.369    14.51    8.94
  65077.855   111.490    11.17    7.75
  65446.928   112.420     2.52    7.81
  65816.062   112.373    -0.13    9.79
  66185.258   113.282     2.46   12.09
  66554.515   116.496     8.70   12.45
  66923.833   120.861    11.82   10.98
  67293.213   126.438    15.10    8.55
  67662.655   131.220    12.94    8.98
  68032.159   137.365    16.63   11.38
  68401.724   141.036     9.94   10.13
  68771.350   142.240     3.26    9.22
  69141.039   140.495    -4.72    9.66
  69510.789   140.293    -0.55    9.47
  69880.601   143.502     8.68   10.24
  70250.474   150.464    18.82   11.91
  70620.410   157.553    19.17   10.74
  70990.407   161.564    10.84   11.21
  71360.467   163.543     5.35   11.59
  71730.588   166.835     8.90   12.03
  72100.771   171.957    13.84   10.85
  72471.016   177.560    15.13   11.56
  72841.323   184.489    18.71   11.98
  73211.692   189.028    12.25    9.01
  73582.124   187.528    -4.05   11.49
  73952.617   179.759   -20.97   15.19
  74323.173   171.733   -21.66   14.34
  74693.790   168.246    -9.41   11.76
  75064.470   167.557    -1.86   10.32
  75435.212   166.391    -3.15    9.20
  75806.017   163.821    -6.93    8.19
  76176.884   160.872    -7.95    5.92
  76547.813   164.429     9.59   11.65
  76918.804   169.141    12.70   16.03
  77289.858   173.809    12.58   17.27
  77660.974   174.361     1.49   16.49
  78032.153   172.620    -4.69   14.66
  78403.394   168.852   -10.15   10.62
  78774.698   166.328    -6.80    7.73
  79146.064   165.897    -1.16    6.94
  79517.493   162.809    -8.32    8.95
  79888.985   157.115   -15.33   10.43
  80260.539   143.557   -36.49   19.18
  80632.156   130.246   -35.82   21.38
  81003.835   122.645   -20.45   17.08
  81375.578   123.120     1.28   16.43
  81747.383   135.502    33.30   17.47
  82119.251   144.951    25.41   10.17
  82491.181   150.907    16.02    6.07
  82863.175   153.983     8.27    5.78
  83235.232   158.570    12.33    8.09
  83607.351   163.909    14.35    7.55
  83979.534   167.942    10.84    6.01
  84351.779   171.460     9.45    2.87
  84724.088   172.525     2.86    3.45
  85096.459   173.090     1.52    4.57
  85468.894   171.732    -3.64    6.71
  85841.392   167.152   -12.30   11.99
  86213.953   159.337   -20.98   13.30
  86586.577   151.760   -20.33   10.29
  86959.264   148.532    -8.66    7.55
  87332.015   144.120   -11.84   15.48
  87704.829   127.343   -45.00   27.82
  88077.706   109.233   -48.57   25.68
  88450.647   100.646   -23.03   16.39
  88823.651   100.720     0.20   14.17
  89196.719   105.257    12.16   12.72
  89569.850   110.075    12.91   12.27
  89943.044   114.758    12.55   13.03
  90316.302   122.530    20.82    9.76
  90689.624   129.252    18.01    8.59
  91063.009   137.009    20.78   10.13
  91436.458   144.320    19.58   10.01
  91809.970   152.976    23.18    9.55
  92183.546   160.062    18.97    8.63
  92557.186   166.669    17.69    7.73
  92930.890   171.695    13.45    6.48
  93304.657   178.112    17.17    8.26
  93678.488   183.837    15.31    9.83
  94052.383   189.967    16.40   10.16
  94426.342   192.850     7.71    7.72
  94800.365   189.874    -7.96    9.48
  95174.452   183.530   -16.96   10.33
  95548.603   175.732   -20.84    9.05
  95922.818   168.138   -20.30    8.24
  96297.097   163.087   -13.50    7.91
  96671.440   164.421     3.56   10.46
  97045.847   170.345    15.82   12.59
  97420.318   177.667    19.56   10.69
  97794.854   183.445    15.43    5.13
  98169.453   183.847     1.07    5.17
  98544.117   180.859    -7.97    7.66
  98918.845   176.187   -12.47    8.36
  99293.638   171.288   -13.07    8.73
  99668.495   165.571   -15.25    7.31
 100043.416   159.870   -15.21    8.40
 100418.402   153.450   -17.12    8.06
 100793.452   142.954   -27.99   14.06
 101168.567   129.840   -34.96   17.65
 101543.746   115.107   -39.27   17.79
 101918.990   105.970   -24.35   10.05
 102294.298   109.732    10.03   14.27
 102669.671   118.161    22.46   14.87
 103045.108   123.432    14.04   10.29
 103420.611   123.150    -0.75    7.70
 103796.178   114.957   -21.82   12.18
 104171.809   104.592   -27.60   14.50
 104547.506    96.169   -22.42   12.42
 104923.267    90.785   -14.33    5.53
 105299.094    92.758     5.25    6.67
 105674.985    98.912    16.37    8.62
 106050.941   107.340    22.42   10.81
 106426.962   117.277    26.43   12.94
 106803.048   126.654    24.94   11.70
 107179.199   135.782    24.27    8.85
 107555.415   142.773    18.58    8.03
 107931.696   147.436    12.39    5.93
 108308.042   150.179     7.29    3.84
 108684.454   151.006     2.20    3.23
 109060.930   150.207    -2.12    2.46
 109437.472   150.300     0.25    2.86
 109814.079   150.811     1.36    3.57
 110190.752   151.832     2.71    3.95
 110567.490   153.812     5.26    4.44
 110944.293   155.783     5.23    5.08
 111321.161   159.378     9.54    6.37
 111698.095   163.320    10.46    6.66
 112075.095   167.391    10.80    6.27
 112452.160   169.509     5.62    6.39
 112829.290   168.695    -2.16    7.66
 113206.486   164.515   -11.08    8.72
 113583.748   160.320   -11.12    7.89
 113961.075   157.163    -8.37    6.23
 114338.468   150.920   -16.54   10.68
 114715.927   143.960   -18.44   14.91
 115093.452   128.445   -41.10   22.76
 115471.042   111.288   -45.44   21.60
 115848.698    99.955   -30.01   17.80
 116226.420    91.382   -22.70    5.66
 116604.208    90.568    -2.16    6.04
 116982.061    89.023    -4.09    6.33
 117359.981    86.232    -7.38    6.21
 117737.967    83.136    -8.19    4.74
 118116.018    82.694    -1.17    4.69
 118494.136    85.545     7.54    8.71
 118872.320    91.831    16.62   11.37
 119250.570   100.092    21.84   11.19
 119628.886   107.356    19.20   10.14
 120007.268   116.695    24.68   11.90
 120385.717   124.615    20.93   14.37
 120764.232   134.238    25.43   13.47
 121142.813   143.957    25.67    7.75
 121521.460   148.082    10.90    6.62
 121900.174   151.328     8.57    5.89
 122278.955   155.170    10.14    3.84
 122657.801   156.036     2.29    3.13
 123036.714   156.214     0.47    2.89
 123415.694   156.606     1.04    3.55
 123794.740   156.596    -0.03    4.59
 124173.853   155.420    -3.10    5.06
 124553.033   153.540    -4.96    6.48
 124932.279   150.570    -7.83    7.49
 125311.591   147.258    -8.73    6.27
 125690.971   143.856    -8.97    6.09
 126070.417   139.391   -11.77    6.95
 126449.930   133.275   -16.12    8.41
 126829.510   129.801    -9.15    6.82
 127209.157   132.057     5.94    8.72
 127588.871   138.785    17.72   10.26
 127968.651   147.120    21.95    9.21
 128348.499   153.357    16.42    7.16
 128728.413   156.411     8.04    6.24
 129099.996   157.282     2.34    5.51
 129467.107   157.464     0.49    5.04
 129834.281   159.473     5.47    5.36
 130201.516   161.543     5.64    4.77
 130568.814   162.502     2.61    3.97
 130936.174   159.485    -8.21    5.85
 131303.596   154.874   -12.55    6.79
 131671.080   149.770   -13.89    7.18
 132038.627   141.667   -22.05   10.85
 132406.235   131.157   -28.59   16.10
 132773.906   119.746   -31.04   14.99
 133141.640   113.821   -16.11    9.94
 133509.436   113.259    -1.53    8.67
 133877.294   119.607    17.26   10.03
 134245.214   127.312    20.94    7.00
 134613.197   133.596    17.08    7.65
 134981.243   139.923    17.19    7.34
 135349.351   145.973    16.44    7.00
 135717.521   150.915    13.42    5.53
 136085.754   153.781     7.78    4.36
 136454.050   156.136     6.39    3.08
 136822.409   158.282     5.83    2.98
 137190.830   159.553     3.45    2.57
 137559.314   159.320    -0.63    2.67
 137927.860   157.758    -4.24    4.25
 138296.469   154.995    -7.50    5.53
 138665.142   151.105   -10.55    6.69
 139033.877   146.095   -13.59    8.03
 139402.674   139.707   -17.32   10.01
 139771.535   131.445   -22.40   11.94
 140140.459   121.634   -26.60   13.86
 140509.446   108.957   -34.36   14.81
 140878.495    98.438   -28.51   13.20
 141247.608    89.733   -23.59    7.66
 141616.784    87.238    -6.76    3.95
 141986.023    88.090     2.31    4.53
 142355.325    90.004     5.18    4.70
 142724.690    93.732    10.10    5.38
 143094.118    95.605     5.07    5.84
 143463.610    98.976     9.13    7.30
 143833.165   103.796    13.04    5.82
 144202.783   108.820    13.59    7.05
 144572.465   114.856    16.33    7.30
 144942.210   121.619    18.29    8.14
 145312.018   127.432    15.72    9.09
 145681.890   133.746    17.07    8.17
 146051.825   137.120     9.12    7.09
 146421.823   139.036     5.18    5.45
 146791.886   140.452     3.82    5.23
 147162.011   142.156     4.60    4.86
 147532.201   142.470     0.85    4.59
 147902.454   142.899     1.16    4.22
 148272.770   141.907    -2.68    3.71
 148643.151   139.340    -6.93    3.37
 149013.595   137.004    -6.31    3.42
 149384.103   135.011    -5.38    3.68
 149754.674   132.132    -7.77    3.64
 150125.310   130.071    -5.56    4.08
 150496.009   129.337    -1.98    5.06
 150866.772   128.809    -1.43    5.04
 151237.599   127.559    -3.37    4.45
 151608.491   125.786    -4.78    4.43
 151979.446   122.445    -9.01    5.14
 152350.465   117.889   -12.28    5.18
 152721.548   114.086   -10.25    5.34
 153092.695   109.378   -12.69    5.99
 153463.907   104.856   -12.18    6.30
 153835.182    99.967   -13.17    6.10
 154206.522    95.295   -12.58    6.50
 154577.926    90.174   -13.79    7.31
 154949.394    86.127   -10.90    7.04
 155320.927    82.568    -9.58    5.49
 155692.524    80.647    -5.17    2.68
 156064.185    80.421    -0.61    2.24
 156435.910    80.870     1.21    2.09
 156807.700    80.957     0.23    2.03
 157179.555    81.399     1.19    2.64
 157551.474    81.745     0.93    3.05
 157923.457    81.992     0.66    3.32
 158295.506    83.265     3.42    4.24
 158667.618    86.145     7.74    6.38
 159039.796    92.619    17.40    9.29
 159412.038   101.793    24.65   12.12
 159784.344   112.252    28.09   13.04
 160156.716   121.374    24.50   10.54
 160529.152   128.642    19.52    5.52
 160901.653   130.900     6.06    4.74
 161274.219   132.739     4.94    6.11
