# NaN NaN NaN ;Mean Elev.(m), Avg Gradient(m/km), RMS Gradient(m/km) - SRTM1     
#   60.514  -2.675  11.226 ;Mean Elev.(m), Avg Gradient(m/km), RMS Gradient(m/km) - ASTER GDEM
#   38.332  -3.241  11.810 ;Mean Elev.(m), Avg Gradient(m/km), RMS Gradient(m/km) - GMTED2010 
  8    68.784 52496.51172067 21.52 128.367415  63.487082 26.307
  8    68.940 52496.51172132 20.92 128.364725  63.490212 26.307
  8    69.842 52496.51172196 19.06 128.362035  63.493342 26.307
  8    70.690 52496.51172260 34.14 128.359335  63.496472 26.307
 10    66.546 52566.51172762 39.00 128.362820  63.481254 18.548
 10    66.350 52566.51172827 36.93 128.360130  63.484384 18.548
 10    66.522 52566.51172891 38.00 128.357440  63.487514 18.548
 10    66.626 52566.51172956 43.62 128.354740  63.490634 18.548
 10    66.517 52566.51173020 42.64 128.352050  63.493764 18.548
 10    66.471 52566.51173085 37.16 128.349350  63.496894 18.548
 11    65.474 52601.51173955 25.98 128.364340  63.482518  7.827
 11    65.559 52601.51174019 27.14 128.361650  63.485638  7.827
 11    65.756 52601.51174084 29.89 128.358960  63.488768  7.827
 11    65.724 52601.51174148 31.13 128.356270  63.491898  7.827
 11    65.614 52601.51174213 30.02 128.353570  63.495028  7.827
 13    66.168 52671.51170902 19.36 128.365367  63.481260  4.130
 13    66.236 52671.51170966 19.95 128.362677  63.484390  4.130
 13    65.379 52671.51171031 20.43 128.359977  63.487520  4.130
 13    65.422 52671.51171095 21.08 128.357287  63.490650  4.130
 13    65.465 52671.51171159 20.09 128.354597  63.493780  4.130
 14    67.846 52706.51170654 16.40 128.361026  63.477769  4.750
 14    65.658 52706.51170718 19.41 128.358336  63.480899  4.750
 14    65.782 52706.51170783 18.48 128.355646  63.484029  4.750
 14    65.110 52706.51170847 20.39 128.352946  63.487159  4.750
 14    65.222 52706.51170912 21.62 128.350256  63.490289  4.750
 14    65.236 52706.51170976 19.51 128.347556  63.493419  4.750
 14    64.845 52706.51171041 21.85 128.344866  63.496549  4.750
 15    67.294 52741.51173956 15.43 128.365628  63.480438  3.797
 15    66.435 52741.51174020 16.43 128.362928  63.483558  3.797
 15    66.072 52741.51174085 17.48 128.360238  63.486688  3.797
 15    65.629 52741.51174149 17.90 128.357548  63.489818  3.797
 15    65.713 52741.51174213 18.28 128.354858  63.492948  3.797
 15    65.762 52741.51174278 18.20 128.352158  63.496078  3.797
 16    66.229 52776.51168566 34.08 128.370011  63.494894 29.581
 16    66.279 52776.51168631 36.03 128.367311  63.498014 29.581
 16    66.092 52776.51168760 46.66 128.361931  63.504274 29.581
 16    66.466 52776.51168824 37.86 128.359231  63.507404 29.581
 19    71.618 52881.51185239 20.04 128.363054  63.478429 25.618
 19    69.277 52881.51185303 19.05 128.360364  63.481559 25.618
 19    69.188 52881.51185368 19.52 128.357674  63.484689 25.618
 19    68.701 52881.51185432 19.66 128.354984  63.487819 25.618
 19    69.006 52881.51185497 18.74 128.352284  63.490939 25.618
 19    69.635 52881.51185561 18.27 128.349594  63.494069 25.618
 19    70.417 52881.51185626 19.91 128.346894  63.497199 25.618
 20    67.627 52916.51181191 44.87 128.365824  63.492000 37.817
 20    67.582 52916.51181255 43.02 128.363124  63.495120 37.817
 23    66.208 53021.51177949 16.62 128.367511  63.488679  3.216
 23    65.582 53021.51178013 16.65 128.364821  63.491809  3.216
 23    65.604 53021.51178078 16.29 128.362121  63.494939  3.216
 26    67.374 53126.51177601 15.76 128.361839  63.476996  6.390
 26    66.989 53126.51177666 17.99 128.359149  63.480126  6.390
 26    66.856 53126.51177730 19.12 128.356459  63.483256  6.390
 26    66.361 53126.51177795 18.35 128.353759  63.486386  6.390
 26    66.965 53126.51177859 17.06 128.351069  63.489516  6.390
 26    67.686 53126.51177924 16.38 128.348369  63.492646  6.390
 26    68.214 53126.51177988 16.32 128.345679  63.495776  6.390
 27    72.527 53161.51183870 24.28 128.359601  63.477348 14.221
 27    72.373 53161.51183935 20.48 128.356911  63.480478 14.221
 27    72.133 53161.51183999 16.93 128.354211  63.483608 14.221
 27    71.199 53161.51184064 18.70 128.351521  63.486738 14.221
 27    70.992 53161.51184128 20.00 128.348831  63.489868 14.221
 27    71.446 53161.51184193 21.03 128.346131  63.492988 14.221
 27    71.422 53161.51184257 23.48 128.343441  63.496118 14.221
 28    69.598 53196.51183773 48.51 128.364806  63.482362 34.084
 28    69.578 53196.51183838 41.63 128.362116  63.485492 34.084
 28    69.627 53196.51183902 46.05 128.359416  63.488612 34.084
 28    69.433 53196.51183967 48.66 128.356726  63.491742 34.084
 28    69.541 53196.51184031 50.91 128.354036  63.494872 34.084
 29    68.763 53231.51182121 26.88 128.365576  63.490733 23.504
 29    69.105 53231.51182185 26.59 128.362886  63.493863 23.504
 30    67.954 53266.51179141 26.02 128.367415  63.494418 12.780
 30    70.010 53266.51179206 23.25 128.364715  63.497548 12.780
 30    70.563 53266.51179335 23.04 128.359335  63.503808 12.780
 30    69.299 53266.51179399 20.88 128.356635  63.506938 12.780
 32    70.922 53336.51181108 10.83 128.365577  63.481830  2.344
 32    67.845 53336.51181173 11.29 128.362887  63.484960  2.344
 32    67.437 53336.51181237 11.18 128.360187  63.488090  2.344
 32    67.375 53336.51181302 11.34 128.357497  63.491220  2.344
 32    67.451 53336.51181366 10.88 128.354807  63.494350  2.344
 33    67.626 53371.51174970  9.66 128.369715  63.493704  2.133
 33    67.320 53371.51175034  9.67 128.367025  63.496834  2.133
 33    67.079 53371.51175163  9.56 128.361635  63.503084  2.133
 33    67.135 53371.51175228  9.95 128.358945  63.506214  2.133
 34    72.101 53406.51178292  8.75 128.363846  63.477209  2.101
 34    71.644 53406.51178356  8.90 128.361156  63.480339  2.101
 34    69.311 53406.51178421  9.06 128.358466  63.483469  2.101
 34    68.521 53406.51178485  9.13 128.355776  63.486599  2.101
 34    68.676 53406.51178550  8.87 128.353076  63.489729  2.101
 34    67.803 53406.51178614  9.23 128.350386  63.492859  2.101
 34    67.601 53406.51178679  8.75 128.347686  63.495979  2.101
 35    68.238 53441.51177181  7.93 128.367270  63.493184  2.018
 35    67.780 53441.51177245  8.23 128.364580  63.496314  2.018
 35    67.329 53441.51177374  8.25 128.359190  63.502564  2.018
 35    67.922 53441.51177439  8.18 128.356500  63.505694  2.018
 37    71.263 53511.51185146 51.20 128.362993  63.480936 41.383
 37    71.204 53511.51185211 52.46 128.360303  63.484066 41.383
 37    71.338 53511.51185275 48.79 128.357613  63.487196 41.383
 37    71.199 53511.51185339 51.10 128.354913  63.490326 41.383
 37    71.238 53511.51185404 51.16 128.352223  63.493456 41.383
 37    71.128 53511.51185468 49.05 128.349523  63.496586 41.383
 38    69.098 53546.51186848 28.09 128.364176  63.480379 19.506
 38    68.693 53546.51186913 29.09 128.361486  63.483509 19.506
 38    68.715 53546.51186977 27.66 128.358796  63.486639 19.506
 38    69.081 53546.51187042 27.77 128.356106  63.489759 19.506
 38    69.721 53546.51187106 27.31 128.353406  63.492889 19.506
 38    69.992 53546.51187171 27.63 128.350716  63.496019 19.506
 39    70.075 53581.51184146 18.32 128.366560  63.484846 15.369
 39    70.118 53581.51184211 18.16 128.363870  63.487976 15.369
 39    70.428 53581.51184275 19.11 128.361170  63.491106 15.369
 39    70.501 53581.51184340 24.02 128.358480  63.494236 15.369
 40    69.447 53616.51179741 18.49 128.367661  63.489196 12.069
 40    69.597 53616.51179806 17.37 128.364971  63.492326 12.069
 40    70.093 53616.51179870 25.73 128.362281  63.495456 12.069
 41    67.960 53651.51181030 31.55 128.363558  63.476805 12.725
 41    71.455 53651.51181094 27.44 128.360868  63.479935 12.725
 41    70.801 53651.51181159 24.18 128.358168  63.483065 12.725
 41    70.397 53651.51181223 21.49 128.355478  63.486195 12.725
 41    69.466 53651.51181288 21.64 128.352788  63.489325 12.725
 41    69.208 53651.51181352 20.69 128.350088  63.492445 12.725
 41    69.122 53651.51181417 21.03 128.347398  63.495575 12.725
 42    65.397 53686.51181656 23.37 128.362531  63.479686 11.139
 42    65.900 53686.51181720 27.00 128.359841  63.482816 11.139
 42    66.188 53686.51181785 28.80 128.357151  63.485946 11.139
 42    66.413 53686.51181849 34.61 128.354451  63.489076 11.139
 42    66.576 53686.51181914 37.28 128.351761  63.492206 11.139
 42    66.391 53686.51181978 35.44 128.349071  63.495336 11.139
 43    66.750 53721.51174505 15.72 128.367663  63.495279  3.044
 43    66.163 53721.51174699 14.83 128.359583  63.504659  3.044
 43    66.224 53721.51174763 15.10 128.356893  63.507789  3.044
 44    71.591 53756.51167248 13.37 128.362605  63.480614  2.758
 44    70.770 53756.51167312 13.80 128.359915  63.483744  2.758
 44    67.034 53756.51167377 14.52 128.357215  63.486874  2.758
 44    66.631 53756.51167441 14.63 128.354525  63.490004  2.758
 44    66.536 53756.51167505 15.06 128.351825  63.493124  2.758
 44    66.611 53756.51167570 14.74 128.349135  63.496254  2.758
 45    67.575 53791.51170014 12.83 128.365615  63.488384  2.502
 45    66.827 53791.51170079 12.76 128.362925  63.491514  2.502
 45    66.516 53791.51170143 12.21 128.360235  63.494644  2.502
 46    67.739 53826.51166348 10.80 128.345617  63.492305  2.125
 46    68.236 53826.51166412 10.54 128.342927  63.495435  2.125
 46    68.309 53826.51166477 10.43 128.340227  63.498555  2.125
 48    72.205 53896.51177086 19.78 128.362229  63.480346 22.251
 48    71.899 53896.51177150 20.10 128.359539  63.483476 22.251
 48    71.838 53896.51177215 22.78 128.356849  63.486606 22.251
 48    72.114 53896.51177279 26.03 128.354149  63.489726 22.251
 48    72.269 53896.51177344 28.95 128.351459  63.492856 22.251
 48    72.390 53896.51177408 30.41 128.348759  63.495986 22.251
 49    68.890 53931.51182227 19.77 128.352926  63.484252 13.320
 49    68.895 53931.51182292 19.47 128.350226  63.487382 13.320
 49    68.497 53931.51182356 21.35 128.347536  63.490512 13.320
 49    69.369 53931.51182420 22.98 128.344846  63.493642 13.320
 49    69.552 53931.51182485 26.57 128.342146  63.496772 13.320
 50    69.453 53966.51179713 33.66 128.362907  63.481273 23.796
 50    70.192 53966.51179777 39.59 128.360217  63.484403 23.796
 50    70.033 53966.51179842 41.22 128.357517  63.487533 23.796
 50    68.581 53966.51179906 44.25 128.354827  63.490663 23.796
 50    68.484 53966.51179971 43.08 128.352137  63.493793 23.796
 50    68.564 53966.51180035 47.30 128.349437  63.496923 23.796
 52    66.185 54036.51179884 22.64 128.363806  63.479803 18.531
 52    66.306 54036.51179949 27.15 128.361106  63.482933 18.531
 52    66.435 54036.51180013 31.69 128.358416  63.486063 18.531
 52    66.697 54036.51180078 46.19 128.355726  63.489193 18.531
 52    66.320 54036.51180142 51.76 128.353026  63.492323 18.531
 52    66.512 54036.51180207 48.54 128.350336  63.495453 18.531
 53    70.987 54071.51179325 14.38 128.366982  63.481338  3.369
 53    69.826 54071.51179390 15.74 128.364292  63.484468  3.369
 53    69.440 54071.51179454 15.77 128.361602  63.487598  3.369
 53    67.068 54071.51179518 16.91 128.358902  63.490728  3.369
 53    66.975 54071.51179583 17.14 128.356212  63.493858  3.369
 54    67.459 54106.51174705 13.03 128.367050  63.494047  2.951
 54    66.625 54106.51174769 13.58 128.364350  63.497177  2.951
 54    66.258 54106.51174898 13.17 128.358970  63.503437  2.951
 54    66.127 54106.51174963 13.20 128.356270  63.506567  2.951
 55    72.262 54141.51172606 10.24 128.362629  63.475477  2.763
 55    72.019 54141.51172671 10.58 128.359939  63.478607  2.763
 55    71.262 54141.51172735 10.86 128.357249  63.481737  2.763
 55    69.104 54141.51172800 11.55 128.354549  63.484867  2.763
 55    67.608 54141.51172864 12.82 128.351859  63.487997  2.763
 55    67.212 54141.51172928 13.37 128.349159  63.491127  2.763
 55    67.009 54141.51172993 11.98 128.346469  63.494257  2.763
 55    66.168 54141.51173057 13.33 128.343769  63.497387  2.763
 56    68.826 54176.51172731 11.29 128.366159  63.487801  2.508
 56    67.628 54176.51172795 11.16 128.363469  63.490931  2.508
 56    67.865 54176.51172860 10.68 128.360779  63.494061  2.508
 57    67.925 54211.51173294 12.99 128.363196  63.475124  5.977
 57    68.225 54211.51173359 13.05 128.360506  63.478254  5.977
 57    67.596 54211.51173423 14.56 128.357816  63.481384  5.977
 57    67.228 54211.51173488 15.28 128.355126  63.484514  5.977
 57    66.868 54211.51173552 18.27 128.352426  63.487644  5.977
 57    67.126 54211.51173617 17.18 128.349736  63.490774  5.977
 57    66.688 54211.51173681 18.39 128.347044  63.493900  6.620
 57    68.490 54211.51173745 19.46 128.344344  63.497030  6.620
 58    72.960 54246.51176367 50.26 128.362753  63.480255 26.328
 58    72.995 54246.51176431 51.13 128.360063  63.483385 26.328
 58    72.878 54246.51176496 49.17 128.357373  63.486515 26.328
 58    72.932 54246.51176560 50.91 128.354673  63.489645 26.328
 58    73.302 54246.51176625 39.91 128.351983  63.492775 26.328
 58    72.686 54246.51176689 46.83 128.349290  63.495904 42.113
 60    69.429 54316.51177277 47.00 128.367461  63.483102 31.622
 60    69.236 54316.51177342 33.98 128.364771  63.486232 31.622
 60    68.849 54316.51177406 28.41 128.362081  63.489362 31.622
 60    68.326 54316.51177470 27.44 128.359381  63.492492 31.622
 60    70.396 54316.51177535 25.20 128.356691  63.495622 31.622
 61    68.133 54351.51174072 41.25 128.367700  63.488270 28.221
 61    68.129 54351.51174137 45.62 128.365010  63.491400 28.221
 61    68.243 54351.51174201 41.96 128.362320  63.494530 28.221
 62    67.935 54386.51171125 42.89 128.364465  63.478833 21.687
 62    67.359 54386.51171189 40.23 128.361775  63.481963 21.687
 62    67.152 54386.51171254 41.91 128.359085  63.485093 21.687
 62    67.295 54386.51171318 41.28 128.356385  63.488223 21.687
 62    67.120 54386.51171383 43.58 128.353695  63.491353 21.687
 62    66.985 54386.51171447 33.28 128.350995  63.494483 21.687
 63    65.928 54421.51168978 21.45 128.367741  63.485007  9.457
 63    66.130 54421.51169042 25.05 128.365051  63.488137  9.457
 63    66.395 54421.51169107 32.37 128.362361  63.491267  9.457
 63    66.476 54421.51169171 44.76 128.359671  63.494397  9.457
 65    66.103 54491.51169159 16.27 128.366969  63.485609  4.037
 65    66.632 54491.51169224 16.18 128.364279  63.488729  4.037
 65    66.430 54491.51169288 17.25 128.361579  63.491859  4.037
 65    66.428 54491.51169353 17.03 128.358889  63.494989  4.037
 66    71.601 54526.51169715 11.90 128.362925  63.479423  4.746
 66    69.128 54526.51169780 13.13 128.360235  63.482553  4.746
 66    68.231 54526.51169844 12.63 128.357535  63.485673  4.746
 66    67.449 54526.51169908 12.97 128.354845  63.488803  4.746
 66    66.072 54526.51169973 21.43 128.352155  63.491933  4.746
 66    65.888 54526.51170037 22.63 128.349455  63.495063  4.746
 67    69.505 54561.51170066  9.84 128.365976  63.488840  2.375
 67    68.041 54561.51170131 10.16 128.363286  63.491970  2.375
 67    67.535 54561.51170195 10.78 128.360586  63.495090  2.375
 68    68.003 54596.51169339 31.16 128.364375  63.481016 19.432
 68    67.259 54596.51169404 39.27 128.361685  63.484136 19.432
 68    67.869 54596.51169468 34.33 128.358985  63.487266 19.432
 68    66.574 54596.51169533 37.41 128.356295  63.490396 19.432
 68    66.376 54596.51169597 35.37 128.353605  63.493526 19.432
 68    66.221 54596.51169662 34.31 128.350905  63.496656 19.432
 69    70.785 54631.51170712 39.22 128.362665  63.482000 33.593
 69    70.543 54631.51170776 33.65 128.359975  63.485130 33.593
 69    70.140 54631.51170841 30.75 128.357275  63.488250 33.593
 69    69.793 54631.51170905 30.70 128.354585  63.491380 33.593
 69    70.315 54631.51170970 28.78 128.351895  63.494510 33.593
 70    68.462 54666.51171296 32.79 128.363530  63.480698 25.836
 70    68.339 54666.51171361 38.33 128.360840  63.483828 25.836
 70    68.256 54666.51171425 38.33 128.358150  63.486958 25.836
 70    68.316 54666.51171489 33.15 128.355450  63.490078 25.836
 70    68.207 54666.51171554 30.88 128.352760  63.493208 25.836
 70    68.582 54666.51171618 32.89 128.350070  63.496338 25.836
 71    69.718 54701.51168328 19.52 128.365612  63.492777 11.925
 71    69.981 54701.51168392 25.78 128.362922  63.495907 11.925
 72    70.348 54736.51167226 38.61 128.360211  63.476432 23.646
 72    70.029 54736.51167290 33.09 128.357521  63.479562 23.646
 72    70.580 54736.51167355 23.75 128.354831  63.482692 23.646
 72    70.497 54736.51167419 24.40 128.352131  63.485812 23.646
 72    70.036 54736.51167484 23.25 128.349441  63.488942 23.646
 72    69.741 54736.51167548 23.02 128.346741  63.492072 23.646
 72    70.766 54736.51167613 19.98 128.344051  63.495202 23.646
 72    70.762 54736.51167677 22.47 128.341351  63.498332 23.646
 73    66.531 54771.51166259 32.01 128.365705  63.486421 19.804
 73    66.829 54771.51166324 34.25 128.363015  63.489551 19.804
 73    67.032 54771.51166388 44.53 128.360325  63.492681 19.804
 73    66.766 54771.51166453 42.90 128.357625  63.495801 19.804
 75    65.339 54841.51165753 17.40 128.367604  63.480174  4.289
 75    66.028 54841.51165818 17.24 128.364914  63.483304  4.289
 75    66.141 54841.51165882 17.65 128.362224  63.486434  4.289
 75    66.345 54841.51165947 18.52 128.359534  63.489564  4.289
 75    66.533 54841.51166011 18.11 128.356834  63.492684  4.289
 75    66.521 54841.51166076 19.42 128.354144  63.495814  4.289
 76    67.022 54876.51166730 14.60 128.363636  63.476850  3.255
 76    67.434 54876.51166794 14.30 128.360946  63.479980  3.255
 76    67.501 54876.51166859 14.48 128.358246  63.483100  3.255
 76    66.255 54876.51166923 14.74 128.355556  63.486230  3.255
 76    66.099 54876.51166988 16.11 128.352866  63.489360  3.255
 76    66.818 54876.51167052 15.02 128.350166  63.492490  3.255
 76    66.296 54876.51167117 15.59 128.347476  63.495620  3.255
 77    66.875 54911.51166418 15.01 128.366082  63.488617  3.831
 77    66.035 54911.51166483 14.25 128.363392  63.491747  3.831
 77    65.942 54911.51166547 15.41 128.360692  63.494867  3.831
 78    66.545 54946.51166037 35.69 128.360668  63.477532 23.549
 78    66.328 54946.51166101 39.04 128.357978  63.480662 23.549
 78    66.140 54946.51166166 40.51 128.355278  63.483782 23.549
 78    68.215 54946.51166230 35.67 128.352588  63.486912 23.549
 78    65.770 54946.51166295 43.06 128.349898  63.490042 23.549
 78    65.812 54946.51166359 42.70 128.347198  63.493172 23.549
 78    65.851 54946.51166424 38.07 128.344508  63.496302 23.549
 79    71.377 54981.51168673 50.75 128.364400  63.480297 23.082
 79    71.536 54981.51168737 47.17 128.361710  63.483427 23.082
 79    71.580 54981.51168802 42.87 128.359010  63.486547 23.082
 79    71.259 54981.51168866 42.75 128.356320  63.489677 23.082
 79    71.188 54981.51168930 37.64 128.353630  63.492807 23.082
 79    71.364 54981.51168995 38.61 128.350930  63.495937 23.082
 80    70.098 55016.51168725 51.36 128.365725  63.480296 37.538
 80    69.997 55016.51168790 45.46 128.363035  63.483426 37.538
 80    69.909 55016.51168854 51.59 128.360345  63.486556 37.538
 80    69.939 55016.51168919 46.30 128.357655  63.489686 37.538
 80    69.807 55016.51168983 47.72 128.354955  63.492806 37.538
 80    69.792 55016.51169048 48.74 128.352265  63.495936 37.538
 81    68.784 55051.51168241 30.33 128.366548  63.481916 20.140
 81    68.673 55051.51168305 32.90 128.363858  63.485046 20.140
 81    68.546 55051.51168370 33.50 128.361168  63.488166 20.140
 81    68.393 55051.51168434 36.12 128.358468  63.491296 20.140
 81    68.574 55051.51168499 29.67 128.355778  63.494426 20.140
 82    68.053 55086.51164882 33.92 128.366768  63.491531 14.969
 82    68.151 55086.51164947 26.21 128.364078  63.494661 14.969
 83    72.273 55121.51161538 26.61 128.364334  63.475484 19.800
 83    71.976 55121.51161603 25.31 128.361641  63.478614  6.802
 83    71.127 55121.51161667 25.99 128.358951  63.481744  6.802
 83    68.245 55121.51161732 28.78 128.356261  63.484864  6.802
 83    68.507 55121.51161796 25.98 128.353561  63.487994  6.802
 83    68.235 55121.51161861 24.53 128.350871  63.491124  6.802
 83    68.741 55121.51161925 22.13 128.348171  63.494254  6.802
 83    69.199 55121.51161990 22.61 128.345481  63.497384  6.802
 84    70.005 55156.51160722 23.42 128.368232  63.482492  5.753
 84    65.561 55156.51160786 25.30 128.365542  63.485622  5.753
 84    65.865 55156.51160851 27.92 128.362847  63.488753  9.441
 84    66.100 55156.51160915 31.02 128.360157  63.491873  9.441
 84    66.091 55156.51160980 41.70 128.357467  63.495003  9.441
 85    66.407 55191.51160830 35.85 128.346899  63.490839  9.314
 85    66.568 55191.51160895 47.79 128.344209  63.493969  9.314
 85    66.247 55191.51160959 34.24 128.341509  63.497099  9.314
 86    66.947 55226.51160811 17.98 128.367294  63.483414  2.576
 86    66.308 55226.51160875 18.55 128.364605  63.486546  4.034
 86    67.170 55226.51160940 17.91 128.361915  63.489666  4.034
 86    66.092 55226.51161004 18.66 128.359225  63.492796  4.034
 86    66.091 55226.51161069 19.31 128.356525  63.495926  4.034
 87    69.655 55261.51160136 15.91 128.364784  63.480184  3.669
 87    67.994 55261.51160201 15.66 128.362094  63.483304  3.669
 87    67.895 55261.51160265 15.46 128.359394  63.486434  3.669
 87    67.645 55261.51160330 15.49 128.356704  63.489564  3.669
 87    66.360 55261.51160394 16.11 128.354014  63.492694  3.669
 87    66.159 55261.51160459 16.37 128.351314  63.495824  3.669
 88    66.217 55296.51159450 14.85 128.365746  63.490053  3.481
 88    65.974 55296.51159514 14.86 128.363056  63.493173  3.481
 88    66.351 55296.51159579 15.09 128.360366  63.496303  3.481
 89    67.242 55331.51158230 50.48 128.363034  63.482140 32.673
 89    67.336 55331.51158295 48.79 128.360344  63.485270 32.673
 89    67.247 55331.51158359 50.48 128.357644  63.488400 32.673
 89    67.128 55331.51158424 45.95 128.354954  63.491530 32.673
 89    67.253 55331.51158488 35.35 128.352264  63.494660 32.673
 90    71.144 55366.51157516 29.89 128.367452  63.483726 29.029
 90    70.605 55366.51157581 26.59 128.364759  63.486858 17.438
 90    70.143 55366.51157645 25.03 128.362069  63.489978 17.438
 90    70.316 55366.51157710 25.42 128.359379  63.493108 17.438
 91    68.925 55401.51158734 26.47 128.361356  63.476096 24.023
 91    68.988 55401.51158799 25.83 128.358657  63.479226 14.381
 91    68.562 55401.51158863 26.77 128.355967  63.482356 14.381
 91    68.521 55401.51158928 26.74 128.353277  63.485486 14.381
 91    68.259 55401.51158992 28.07 128.350577  63.488606 14.381
 91    68.178 55401.51159057 25.52 128.347887  63.491736 14.381
 91    68.583 55401.51159121 23.37 128.345197  63.494866 14.381
 91    69.883 55401.51159186 25.92 128.342497  63.497996 14.381
 92    68.147 55436.51159254 36.72 128.367759  63.483488 15.813
 92    68.326 55436.51159319 37.43 128.365069  63.486618 15.813
 92    67.905 55436.51159383 38.90 128.362379  63.489748 15.813
 92    67.857 55436.51159448 37.03 128.359679  63.492878 15.813
 92    67.544 55436.51159512 34.47 128.356989  63.496008 15.813
 93    67.714 55471.51154575 48.41 128.366100  63.494735 26.423
 93    67.639 55471.51154768 32.15 128.358020  63.504115 26.423
 93    68.802 55471.51154833 24.65 128.355320  63.507245 26.423
