-191605.580  1312.343     0.00  117.99
-191239.046  1328.497    44.08  114.62
-190872.585  1350.240    59.34   98.08
-190506.198  1353.420     8.68   93.10
-190139.885  1311.269  -115.08   97.45
-189773.645  1261.199  -136.73   96.22
-189407.478  1234.237   -73.64   98.27
-189041.385  1226.970   -19.85  109.05
-188675.366  1201.677   -69.11  120.94
-188309.419  1162.918  -105.93  130.86
-187943.546  1086.593  -208.64  146.63
-187577.746   964.853  -332.85  159.51
-187212.019   860.047  -286.61  149.42
-186834.357   766.865  -246.77   94.76
-186453.390   725.058  -109.75   38.42
-186072.504   718.056   -18.39   38.06
-185691.698   725.295    19.01   56.72
-185310.973   740.312    39.45   74.30
-184930.328   774.439    89.67   93.24
-184549.764   848.290   194.08  139.53
-184169.279   913.451   171.28  123.68
-183788.875   946.906    87.96  105.25
-183408.551   978.351    82.69  109.78
-183028.307  1017.205   102.20  147.86
-182648.143  1066.196   128.88  151.68
-182268.059  1079.638    35.37  140.81
-181888.055  1029.037  -133.18  154.72
-181508.131   943.853  -224.24  134.88
-181128.286   885.486  -153.68   93.84
-180748.522   868.906   -43.66   69.61
-180368.837   883.269    37.83   75.26
-179989.232   931.862   128.02  103.03
-179609.707   984.592   138.95  110.98
-179230.261  1022.928   101.05  109.18
-178850.894  1078.322   146.04  109.42
-178471.608  1127.025   128.42  123.66
-178092.400  1180.916   142.13  110.18
-177713.272  1194.091    34.75   93.62
-177334.224  1136.982  -150.68  116.33
-176955.254  1053.871  -219.34  122.41
-176576.364   951.379  -270.54  120.53
-176197.554   876.736  -197.07  102.15
-175818.822   826.261  -133.29   89.04
-175440.169   803.146   -61.05   88.08
-175061.596   799.089   -10.72  104.53
-174683.101   806.827    20.45  122.12
-174304.686   818.250    30.19  128.14
-173926.349   850.234    84.55  125.20
-173548.091   879.659    77.80  127.22
-173169.912   921.166   109.77  126.12
-172791.812   937.210    42.44  123.04
-172413.790   929.883   -19.38  107.07
-172035.848   899.623   -80.08   91.18
-171657.983   866.144   -88.61   76.30
-171280.198   811.046  -145.86   65.26
-170902.491   759.862  -135.53   79.25
-170524.862   698.164  -163.40   89.32
-170147.312   664.256   -89.82   79.68
-169769.840   663.427    -2.20   85.90
-169392.446   696.036    86.42  110.55
-169015.131   766.818   187.62  125.82
-168637.894   830.633   169.19  136.27
-168260.735   898.405   179.71  126.82
-167883.654   919.557    56.10  106.25
-167506.652   907.383   -32.30  105.39
-167129.727   874.405   -87.50  114.59
-166752.880   801.840  -192.58  142.43
-166376.112   747.481  -144.29  154.28
-165999.421   660.405  -231.19  149.36
-165622.808   592.796  -179.54  115.77
-165246.273   532.373  -160.49   86.01
-164869.815   478.155  -144.04   65.46
-164493.436   424.377  -142.90   55.22
-164117.134   385.927  -102.19   49.18
-163740.909   349.838   -95.94   37.76
-163364.762   325.046   -65.92   24.37
-162988.693   307.317   -47.15   17.62
-162612.701   296.605   -28.49   12.87
-162236.787   289.407   -19.15    5.76
-161860.950   290.788     3.67    7.38
-161485.190   299.890    24.23   18.14
-161109.507   315.112    40.52   26.77
-160733.902   339.821    65.79   40.88
-160358.374   375.508    95.04   68.97
-159982.923   434.718   157.72  105.66
-159607.549   492.796   154.74  120.21
-159232.252   577.162   224.82  118.76
-158857.033   644.373   179.15  126.87
-158481.890   726.957   220.17  133.36
-158106.824   791.862   173.07  136.80
-157731.835   850.475   156.32  110.44
-157356.922   856.112    15.04   98.23
-156982.087   815.707  -107.81   96.51
-156607.328   742.123  -196.37  101.62
-156232.646   676.309  -175.67   83.08
-155858.040   646.764   -78.88   58.28
-155483.511   632.814   -37.25   51.03
-155109.059   625.633   -19.18   75.46
-154734.683   603.735   -58.50   96.89
-154360.383   575.949   -74.24   87.15
-153986.160   568.188   -20.74   74.31
-153612.014   598.058    79.84   90.67
-153237.943   647.677   132.66   95.23
-152863.949   699.688   139.08   95.24
-152490.031   766.802   179.51   91.95
-152116.189   821.536   146.42   87.24
-151742.423   854.508    88.23   74.86
-151368.733   883.220    76.84   76.48
-150995.120   910.267    72.40   84.06
-150621.582   928.220    48.07   88.99
-150248.120   960.475    86.37   89.46
-149874.734  1006.275   122.68   86.55
-149501.424  1067.173   163.15   97.09
-149128.190  1158.475   244.65  118.56
-148755.032  1205.225   125.29   93.52
-148381.949  1195.731   -25.45   98.17
-148008.942  1152.223  -116.66  122.27
-147636.010  1059.860  -247.69  121.07
-147263.154   985.786  -198.69  104.29
-146890.374   931.879  -144.62  107.73
-146517.669   891.677  -107.88  104.27
-146145.039   857.025   -93.00  103.56
-145772.485   838.438   -49.90   99.61
-145400.006   805.923   -87.30   84.32
-145027.602   780.949   -67.07   71.74
-144655.274   752.899   -75.34   63.60
-144283.021   736.796   -43.26   60.35
-143910.843   724.755   -32.36   62.49
-143538.740   712.992   -31.62   66.36
-143166.712   696.781   -43.58   64.07
-142794.760   677.416   -52.07   56.96
-142422.882   658.898   -49.80   57.28
-142051.079   640.344   -49.91   56.56
-141679.351   619.221   -56.83   56.39
-141307.698   598.838   -54.85   55.00
-140936.119   585.389   -36.20   52.27
-140564.616   579.369   -16.21   58.94
-140193.187   579.173    -0.53   61.21
-139821.833   579.937     2.06   64.63
-139450.553   574.414   -14.88   64.98
-139079.348   569.111   -14.29   66.23
-138708.218   549.125   -53.86   60.15
-138337.162   523.713   -68.49   57.50
-137966.180   493.739   -80.80   45.02
-137595.273   472.481   -57.32   33.70
-137224.440   453.882   -50.16   19.18
-136853.681   442.707   -30.14   18.17
-136482.997   434.938   -20.96   24.18
-136112.387   423.072   -32.02   23.80
-135741.851   423.078     0.02   22.69
-135371.389   443.525    55.20   41.92
-135001.002   496.595   143.29   78.75
-134630.688   556.196   160.96   86.45
-134260.449   623.633   182.16   78.92
-133890.283   665.807   113.94   63.75
-133520.191   696.803    83.76   50.65
-133150.173   708.463    31.52   51.04
-132780.229   706.684    -4.81   69.14
-132410.359   684.003   -61.33   82.32
-132040.562   628.207  -150.90   96.87
-131670.839   559.574  -185.65  115.73
-131301.190   489.525  -189.52   97.10
-130931.614   458.786   -83.18   76.08
-130562.112   453.851   -13.36   82.13
-130192.684   475.090    57.50   85.63
-129823.329   475.398     0.83   93.96
-129454.047   423.720  -139.95  104.15
-129084.839   367.730  -151.66   84.16
-128715.704   329.124  -104.60   57.04
-128346.642   308.314   -56.39   40.75
-127977.654   295.223   -35.48   38.95
-127608.739   280.625   -39.57   29.81
-127239.897   264.923   -42.58   15.38
-126871.128   255.764   -24.84    8.85
-126502.432   256.181     1.13   13.91
-126133.809   260.069    10.55   17.94
-125765.259   265.733    15.37   21.48
-125396.783   273.916    22.21   21.75
-125028.379   279.932    16.33   23.21
-124660.048   286.764    18.55   26.26
-124291.789   298.456    31.75   29.62
-123923.604   326.231    75.45   55.82
-123555.491   358.358    87.28   74.44
-123187.451   415.858   156.25  109.28
-122819.484   469.906   146.90  126.88
-122451.589   519.703   135.37  135.91
-122083.767   540.403    56.28  135.53
-121716.017   538.933    -4.00  128.50
-121348.340   520.492   -50.16  121.71
-120980.735   496.807   -64.44  108.72
-120613.203   468.873   -76.01   87.59
-120245.743   446.073   -62.05   62.75
-119878.355   430.750   -41.71   50.28
-119511.040   410.362   -55.51   54.35
-119143.797   383.420   -73.37   53.12
-118776.626   367.207   -44.16   44.45
-118409.527   362.458   -12.94   33.91
-118042.500   372.893    28.43   30.80
-117675.545   391.230    49.97   34.13
-117308.663   408.629    47.43   39.75
-116941.852   427.025    50.16   44.74
-116575.113   439.769    34.75   43.96
-116208.446   455.884    43.95   39.49
-115841.851   475.278    52.91   41.36
-115475.328   490.374    41.19   37.02
-115108.877   502.135    32.10   30.67
-114742.497   506.092    10.80   26.72
-114376.189   502.069   -10.98   23.37
-114009.952   492.519   -26.08   23.74
-113643.788   483.491   -24.66   24.15
-113277.694   468.825   -40.06   25.09
-112911.672   452.142   -45.58   24.82
-112545.722   440.070   -32.99   19.86
-112172.405   435.811   -11.41   18.05
-111791.599   439.225     8.96   22.11
-111410.871   455.669    43.19   41.04
-111030.222   484.720    76.33   63.14
-110649.651   526.105   108.75   77.92
-110269.158   562.860    96.61   80.67
-109888.743   591.714    75.85   80.89
-109508.406   605.081    35.15   78.01
-109128.148   614.101    23.72   81.18
-108747.967   601.781   -32.41   74.50
-108367.865   580.347   -56.39   71.18
-107987.840   582.203     4.88   72.82
-107607.894   587.136    12.99   79.37
-107228.025   594.362    19.02   79.80
-106848.234   568.314   -68.59   84.97
-106468.521   529.129  -103.20   84.18
-106088.885   472.325  -149.64   65.86
-105709.327   434.692   -99.16   47.23
-105329.847   404.398   -79.83   40.81
-104950.444   383.614   -54.79   34.94
-104571.119   366.662   -44.69   27.57
-104191.871   354.744   -31.43   18.11
-103812.701   347.481   -19.16   13.20
-103433.608   343.347   -10.91   10.35
-103054.592   339.838    -9.26    9.36
-102675.654   336.728    -8.21    7.63
-102296.793   335.596    -2.99    6.32
-101918.009   335.121    -1.25    7.06
-101539.302   340.640    14.57   14.51
-101160.673   348.398    20.49   22.11
-100782.120   374.025    67.70   46.41
-100403.644   405.014    81.88   57.49
-100025.246   456.407   135.83   73.63
 -99646.924   536.716   212.29   97.29
 -99268.679   620.414   221.30  108.33
 -98890.511   690.351   184.95   81.65
 -98512.420   733.629   114.47   55.93
 -98134.405   738.106    11.84   67.52
 -97756.467   743.409    14.03   72.10
 -97378.606   745.241     4.85   66.30
 -97000.821   724.981   -53.63   63.82
 -96623.113   685.621  -104.22   75.91
 -96245.482   630.355  -146.36   87.80
 -95867.926   563.149  -178.02   77.06
 -95490.448   512.871  -133.20   67.96
 -95113.045   462.446  -133.62   49.05
 -94735.719   426.136   -96.24   44.49
 -94358.469   392.830   -88.29   28.73
 -93981.296   374.717   -48.03   23.04
 -93604.198   364.462   -27.20   19.04
 -93227.177   361.407    -8.10   17.99
 -92850.231   355.332   -16.12   19.57
 -92473.362   343.014   -32.69   23.71
 -92096.569   326.083   -44.94   20.13
 -91719.852   330.587    11.96   40.02
 -91343.210   377.589   124.80   89.96
 -90966.645   433.825   149.35  103.03
 -90590.155   504.925   188.86   88.61
 -90213.741   558.858   143.29   74.44
 -89837.403   601.885   114.34   77.61
 -89461.140   634.758    87.37   63.84
 -89084.953   680.058   120.43   58.67
 -88708.842   723.272   114.90   47.14
 -88332.806   739.957    44.37   41.31
 -87956.846   735.137   -12.82   49.41
 -87580.961   705.772   -78.13   75.53
 -87205.152   661.258  -118.46   95.33
 -86829.418   594.332  -178.13  101.61
 -86453.759   525.903  -182.17  100.86
 -86078.175   460.807  -173.33   94.06
 -85702.667   412.725  -128.05   67.11
 -85327.234   383.508   -77.83   24.59
 -84951.876   388.486    13.26   24.07
 -84576.593   412.775    64.73   37.08
 -84201.385   440.769    74.61   42.68
 -83826.252   478.394   100.30   42.07
 -83451.194   512.247    90.27   43.50
 -83076.211   547.014    92.72   48.98
 -82701.303   574.869    74.30   48.89
 -82326.470   601.025    69.78   38.23
 -81951.711   628.936    74.48   49.84
 -81577.027   668.543   105.71   72.39
 -81202.418   712.553   117.49   89.86
 -80827.884   784.060   190.93   97.62
 -80453.424   839.958   149.28   87.90
 -80079.039   887.072   125.85   70.25
 -79704.728   903.614    44.20   56.31
 -79330.492   867.727   -95.90   76.93
 -78956.330   817.728  -133.64   85.93
 -78582.242   765.264  -140.25   85.22
 -78208.229   715.981  -131.78   74.74
 -77834.290   667.795  -128.87   68.26
 -77460.425   623.992  -117.17   61.92
 -77086.635   587.800   -96.83   51.97
 -76712.919   552.614   -94.16   43.93
 -76339.277   523.740   -77.28   37.38
 -75965.708   501.452   -59.67   32.07
 -75592.214   484.931   -44.24   30.25
 -75218.794   489.834    13.13   38.05
 -74845.448   500.327    28.11   42.20
 -74472.176   511.468    29.85   34.25
 -74098.978   512.788     3.54   28.69
 -73725.853   497.289   -41.54   34.75
 -73352.802   476.919   -54.61   29.93
 -72979.825   466.409   -28.18   17.43
 -72606.922   466.309    -0.27   19.73
 -72234.092   475.369    24.30   30.23
 -71861.336   491.003    41.94   33.90
 -71488.653   504.625    36.55   28.93
 -71116.044   501.152    -9.32   33.09
 -70743.508   481.303   -53.28   44.70
 -70371.046   457.795   -63.12   46.19
 -69998.657   418.328  -105.99   56.22
 -69626.342   395.853   -60.37   61.76
 -69254.100   372.160   -63.65   52.12
 -68881.931   358.912   -35.60   37.88
 -68509.835   377.688    50.46   65.09
 -68137.812   412.845    94.51   91.02
 -67765.863   462.650   133.91  107.34
 -67393.986   488.722    70.11  108.59
 -67022.183   493.336    12.41   99.51
 -66650.453   467.508   -69.48   84.35
 -66278.795   425.968  -111.78   67.94
 -65907.211   391.157   -93.69   47.62
 -65535.699   367.582   -63.46   27.36
 -65164.260   359.816   -20.91   20.85
 -64792.894   364.461    12.51   23.24
 -64421.601   375.836    30.64   22.05
 -64050.380   386.395    28.44   17.52
 -63679.232   389.423     8.16   16.54
 -63308.157   384.327   -13.73   20.29
 -62937.154   373.452   -29.31   21.75
 -62566.224   364.930   -22.98   21.68
 -62195.366   359.093   -15.74   20.79
 -61824.581   355.841    -8.77   19.57
 -61453.868   358.772     7.91   17.54
 -61083.227   359.328     1.50   16.08
 -60712.659   365.625    16.99   17.12
 -60342.163   377.332    31.60   22.45
 -59971.739   400.463    62.45   29.62
 -59601.388   422.616    59.82   29.11
 -59231.108   439.593    45.85   29.67
 -58860.901   447.525    21.43   43.09
 -58490.766   447.564     0.11   54.81
 -58120.702   442.205   -14.48   65.48
 -57750.711   416.267   -70.11   79.60
 -57380.792   375.281  -110.80   99.21
 -57010.944   318.281  -154.12  107.17
 -56641.169   259.497  -158.98   98.75
 -56271.465   206.725  -142.75   66.52
 -55901.833   183.587   -62.60   38.02
 -55532.273   175.436   -22.06   25.11
 -55162.784   185.980    28.54   31.82
 -54793.367   197.049    29.96   33.94
 -54424.022   211.980    40.43   43.46
 -54054.748   222.600    28.76   56.01
 -53685.546   235.924    36.09   63.92
 -53316.415   249.775    37.53   69.06
 -52947.356   259.639    26.73   67.90
 -52578.368   276.003    44.35   67.29
 -52209.452   284.381    22.71   61.36
 -51840.606   273.792   -28.71   56.24
 -51471.832   253.704   -54.47   56.17
 -51103.130   222.992   -83.30   51.68
 -50734.498   193.363   -80.38   37.72
 -50365.938   174.621   -50.85   22.27
 -49997.449   163.252   -30.85   13.93
 -49629.030   155.684   -20.54   10.05
 -49260.683   147.158   -23.15   12.56
 -48892.407   150.407     8.82   21.73
 -48524.202   163.485    35.52   34.50
 -48156.067   175.869    33.64   35.68
 -47788.004   185.658    26.59   27.46
 -47420.011   188.688     8.24   19.90
 -47052.090   189.196     1.38   18.62
 -46684.238   205.798    45.13   31.73
 -46316.458   221.103    41.62   32.05
 -45948.748   234.049    35.21   25.35
 -45581.109   253.772    53.65   39.96
 -45213.541   275.300    58.57   61.77
 -44846.043   299.037    64.59   66.29
 -44478.615   327.075    76.31   57.08
 -44111.258   351.003    65.14   50.53
 -43743.972   377.788    72.93   62.48
 -43376.755   407.418    80.69   78.86
 -43009.609   429.669    60.61   82.29
 -42642.534   443.093    36.57   77.18
 -42275.528   460.485    47.39   79.06
 -41908.593   494.753    93.39   80.78
 -41541.728   523.227    77.62   65.32
 -41174.934   512.301   -29.79   76.74
 -40808.209   464.261  -131.00   80.70
 -40441.554   416.478  -130.33   61.79
 -40074.970   386.805   -80.95   63.52
 -39708.455   370.657   -44.06   67.73
 -39342.010   351.784   -51.50   66.80
 -38975.636   320.895   -84.31   62.63
 -38609.331   254.239  -181.97   97.94
 -38243.095   197.451  -155.06  101.02
 -37876.930   138.923  -159.84   64.49
 -37507.617   110.866   -75.97   20.88
 -37126.968   111.104     0.62   12.86
 -36746.395   121.707    27.86   24.19
 -36365.897   152.171    80.07   59.98
 -35985.477   198.244   121.11   77.40
 -35605.132   257.366   155.45   74.47
 -35224.863   307.442   131.69   58.67
 -34844.671   364.160   149.18   71.08
 -34464.554   425.831   162.25   76.92
 -34084.514   494.605   180.97   92.55
 -33704.549   545.669   134.39   79.60
 -33324.661   556.392    28.23   65.53
 -32944.848   535.953   -53.81   77.86
 -32565.111   468.157  -178.54   93.22
 -32185.449   396.907  -187.67   73.94
 -31805.864   338.230  -154.59   55.00
 -31426.354   295.204  -113.37   43.27
 -31046.920   266.378   -75.98   31.28
 -30667.561   244.439   -57.83   22.85
 -30288.278   232.468   -31.56   21.88
 -29909.070   218.684   -36.35   18.09
 -29529.938   208.216   -27.61   16.71
 -29150.881   195.723   -32.96   18.81
 -28771.900   183.430   -32.44   20.25
 -28392.993   170.171   -34.99   17.72
 -28014.162   160.255   -26.18   15.29
 -27635.407   152.614   -20.18   12.57
 -27256.726   147.945   -12.33   10.76
 -26878.121   141.730   -16.42   11.28
 -26499.591   137.313   -11.67   11.20
 -26121.135   132.662   -12.29   10.26
 -25742.755   127.828   -12.78   10.62
 -25364.450   123.798   -10.65   10.71
 -24986.219   121.508    -6.05    7.99
 -24608.064   122.392     2.34    7.30
 -24229.983   126.351    10.47    9.05
 -23851.977   133.497    18.91    9.23
 -23474.046   140.062    17.37    6.82
 -23096.189   144.566    11.92    5.26
 -22718.408   146.821     5.97    5.37
 -22340.700   149.048     5.90    6.09
 -21963.068   150.880     4.85    7.24
 -21585.509   154.196     8.78    7.98
 -21208.026   158.038    10.18    7.49
 -20830.616   161.892    10.21    6.54
 -20453.281   166.383    11.90    6.96
 -20076.021   173.336    18.43   11.20
 -19698.835   184.157    28.69   14.66
 -19321.723   197.400    35.12   15.96
 -18944.685   208.276    28.85   13.89
 -18567.721   214.218    15.76   13.66
 -18190.832   218.351    10.97   14.26
 -17814.016   217.855    -1.32   13.13
 -17437.275   216.281    -4.18   11.23
 -17060.607   215.128    -3.06    9.41
 -16684.014   213.589    -4.09    9.54
 -16307.494   215.628     5.42   12.12
 -15931.049   217.746     5.63   15.48
 -15554.677   217.593    -0.41   17.04
 -15178.379   218.186     1.58   16.36
 -14802.154   221.480     8.75   17.89
 -14426.003   229.508    21.34   25.14
 -14049.926   245.218    41.77   33.60
 -13673.923   268.807    62.74   46.45
 -13297.993   298.060    77.82   52.83
 -12922.137   328.781    81.74   43.32
 -12546.354   351.715    61.03   30.35
 -12170.644   369.412    47.10   31.62
 -11795.008   382.710    35.40   43.20
 -11419.446   402.273    52.09   54.36
 -11043.956   427.362    66.82   60.26
 -10668.540   458.366    82.59   64.53
 -10293.197   484.761    70.32   58.71
  -9917.927   500.991    43.25   53.12
  -9542.731   519.084    48.22   52.72
  -9167.607   532.037    34.53   66.57
  -8792.557   543.609    30.86   65.45
  -8417.579   561.508    47.73   72.21
  -8042.675   567.935    17.14   74.78
  -7667.843   553.853   -37.57   79.56
  -7293.085   531.956   -58.43   86.28
  -6918.399   485.612  -123.69  113.46
  -6543.786   429.374  -150.12  112.21
  -6169.246   357.650  -191.50   88.49
  -5794.778   312.902  -119.50   76.13
  -5420.383   273.226  -105.97   64.42
  -5046.061   246.093   -72.49   60.62
  -4671.811   217.416   -76.62   67.02
  -4297.634   196.117   -56.92   64.22
  -3923.529   179.293   -44.97   49.57
  -3549.497   166.328   -34.66   44.04
  -3175.537   148.451   -47.81   44.22
  -2801.650   130.366   -48.37   49.47
  -2427.835    95.169   -94.16   44.60
  -2054.092    64.890   -81.01   28.31
  -1680.421    40.106   -66.33   22.14
  -1306.823    22.807   -46.30   20.75
   -933.297     8.293   -38.86   15.16
   -559.843     0.309   -21.38    6.40
   -186.461    -1.986    -6.15    0.00
    186.849    -1.986     0.00    0.00
    560.087    -1.986     0.00    0.00
    933.253    -1.986     0.00    0.00
   1306.347     1.084     8.23    9.31
   1679.369     7.798    18.00   14.72
   2052.319    18.038    27.46   16.21
   2425.198    27.093    24.29   11.08
   2798.004    31.884    12.85    1.53
   3170.739    32.207     0.87    1.45
   3543.403    31.785    -1.13    1.44
   3915.994    31.818     0.09    4.23
   4288.514    31.453    -0.98    7.60
   4660.963    31.832     1.02    7.54
   5033.340    33.125     3.47    5.59
   5405.646    32.821    -0.82    3.24
   5777.880    31.134    -4.53    2.52
   6150.043    30.247    -2.38    1.64
   6522.134    30.111    -0.36    1.39
   6894.154    30.718     1.63    1.13
   7266.103    31.273     1.49    1.10
   7637.981    30.646    -1.69    4.70
   8009.787    26.111   -12.20   10.87
   8381.523    24.715    -3.76   11.87
   8753.187    25.050     0.90   11.82
   9124.780    23.795    -3.38   12.73
   9496.302    24.837     2.80   12.10
   9867.753    25.775     2.52   11.15
  10239.134    25.723    -0.14   10.87
  10610.443    28.253     6.81    8.37
  10981.681    28.393     0.38    8.27
  11352.849    30.423     5.47    6.07
  11723.946    32.568     5.78    1.07
  12094.972    32.025    -1.46    1.78
  12465.928    30.548    -3.98    2.78
  12836.812    28.514    -5.48    2.97
  13207.627    26.666    -4.98    2.75
  13578.370    24.048    -7.06    3.12
  13949.043    21.712    -6.30    4.48
  14319.646    19.479    -6.02    4.84
  14690.178    18.934    -1.47    4.98
  15060.640    20.379     3.90    5.86
  15431.031    22.887     6.77    5.38
  15801.352    24.240     3.65    2.80
  16171.603    23.370    -2.35    3.09
  16541.783    22.360    -2.73    2.83
  16911.894    24.094     4.69    4.93
  17281.934    27.355     8.81    5.49
  17651.904    29.343     5.37    5.80
  18021.803    29.721     1.02    6.09
  18391.633    29.423    -0.81    6.35
  18761.393    29.437     0.04    6.88
  19131.083    31.491     5.56    3.30
  19500.703    32.270     2.11    1.74
  19870.252    32.775     1.37    1.86
  20239.733    32.584    -0.52    2.90
  20609.143    30.673    -5.17    5.13
  20978.483    28.573    -5.68    4.99
  21347.754    27.630    -2.55    4.06
  21716.955    27.778     0.40    3.91
  22086.086    28.146     1.00    5.43
  22455.148    28.275     0.35    7.23
  22824.140    29.642     3.70    7.79
  23193.063    31.738     5.68    7.63
  23561.916    36.276    12.30    4.32
  23930.700    38.715     6.61    3.20
  24299.414    40.532     4.93    2.74
  24668.059    41.514     2.66    1.98
  25036.634    41.563     0.13    2.14
  25405.141    41.048    -1.40    2.25
  25773.577    40.404    -1.75    1.83
  26141.945    38.366    -5.53    3.89
  26510.244    35.728    -7.16    4.88
  26878.473    32.485    -8.81    5.00
  27246.633    29.597    -7.84    3.19
  27614.724    28.363    -3.35    2.42
  27982.746    27.278    -2.95    3.66
  28350.700    27.300     0.06    4.41
  28718.584    28.244     2.57    4.68
  29086.399    30.549     6.27    6.73
  29454.145    34.600    11.02    7.10
  29821.823    39.508    13.35    4.51
  30189.431    40.956     3.94    2.74
  30556.971    39.942    -2.76    4.05
  30924.443    36.646    -8.97    5.62
  31291.845    32.843   -10.35    5.16
  31659.179    31.037    -4.92    3.73
  32026.444    30.669    -1.00    3.54
  32393.641    31.025     0.97    3.13
  32760.769    31.339     0.86    2.35
  33127.829    30.290    -2.86    2.00
  33494.820    29.186    -3.01    2.60
  33861.743    27.202    -5.41    3.98
  34228.597    26.628    -1.57    4.10
  34595.383    28.681     5.60    5.45
  34962.101    32.839    11.34    7.68
  35328.750    37.770    13.45    7.17
  35695.331    40.434     7.27    4.90
  36061.844    40.483     0.13    7.37
  36428.289    37.405    -8.40    9.50
  36794.666    32.989   -12.05   10.39
  37160.975    29.083   -10.66    8.96
  37540.785    26.508    -6.78    5.53
  37921.205    25.179    -3.49    3.67
  38301.552    24.636    -1.43    4.52
  38681.824    23.922    -1.88    4.67
  39062.022    23.136    -2.07    4.51
  39442.146    24.398     3.32    4.85
  39822.196    24.619     0.58    5.01
  40202.172    24.209    -1.08    5.13
  40582.075    23.630    -1.52    4.62
  40961.903    22.321    -3.45    3.45
  41341.657    21.496    -2.17    2.80
  41721.337    21.457    -0.10    2.38
  42100.944    22.253     2.10    2.55
  42480.477    22.315     0.16    2.62
  42859.936    22.572     0.68    2.55
  43239.321    22.514    -0.15    2.91
  43618.633    21.462    -2.77    3.01
  43997.871    21.628     0.44    3.68
  44377.036    23.456     4.82    5.34
  44756.127    25.794     6.17    5.36
  45135.145    29.071     8.64    3.98
  45514.089    31.221     5.67    2.50
  45892.960    31.708     1.28    1.75
  46271.757    31.557    -0.40    2.58
  46650.481    29.700    -4.90    4.87
  47029.132    28.255    -3.82    6.32
  47407.710    28.793     1.42    6.67
  47786.215    28.895     0.27    7.03
  48164.646    28.186    -1.87    7.50
  48543.005    26.781    -3.71    8.48
  48921.290    26.619    -0.43    9.51
  49299.503    25.508    -2.94   10.13
  49677.642    24.923    -1.55   10.31
  50055.709    22.083    -7.51    9.18
  50433.702    21.243    -2.22    8.18
  50811.623    21.525     0.75    8.85
  51189.471    24.249     7.21   10.31
  51567.246    30.002    15.23   11.47
  51944.949    33.223     8.53   12.62
  52322.579    36.374     8.34   14.65
  52700.136    38.749     6.29   15.29
  53077.621    40.755     5.31   15.85
  53455.033    41.597     2.23   16.22
  53832.373    44.324     7.23   15.37
  54209.640    48.833    11.95   16.02
  54586.835    55.956    18.88   15.69
  54963.957    60.532    12.14   12.54
  55341.007    57.991    -6.74   12.63
  55717.985    51.384   -17.52   13.16
  56094.891    44.661   -17.84    8.90
  56471.724    41.124    -9.39    2.53
  56848.485    41.821     1.85    2.84
  57225.174    42.162     0.91    2.77
  57601.791    42.106    -0.15    2.68
  57978.336    41.569    -1.42    2.67
  58354.809    40.543    -2.73    2.22
  58731.210    40.448    -0.25    1.90
  59107.539    42.305     4.93    3.62
  59483.796    46.288    10.59    5.92
  59859.982    50.305    10.68    5.92
  60236.095    54.379    10.83    3.37
  60612.137    55.933     4.13    1.05
  60988.107    55.749    -0.49    1.71
  61364.006    53.351    -6.38    4.68
  61739.832    47.941   -14.40    7.94
  62115.588    42.421   -14.69    7.73
  62491.271    36.828   -14.89    5.79
  62866.883    31.826   -13.32    8.62
  63242.424    26.407   -14.43   10.09
  63617.893    23.457    -7.86    9.57
  63993.291    24.597     3.04   10.75
  64368.618    29.602    13.33   11.22
  64743.873    36.095    17.30    7.84
  65119.057    38.409     6.17    4.14
  65494.169    38.833     1.13    2.75
  65869.211    38.230    -1.61    2.07
  66244.181    36.626    -4.28    4.70
  66619.081    34.931    -4.52    7.07
  66993.909    34.704    -0.61    7.93
  67368.666    35.920     3.25    8.33
  67743.352    38.616     7.20    6.87
  68117.967    39.781     3.11    4.42
  68492.512    38.805    -2.61    4.10
  68866.985    37.580    -3.27    4.35
  69241.388    35.555    -5.41    4.49
  69615.720    34.909    -1.73    3.93
  69989.981    35.291     1.02    3.79
  70364.171    36.432     3.05    4.14
  70738.291    38.173     4.65    3.50
  71112.340    38.857     1.83    3.34
  71486.318    38.249    -1.63    3.59
  71860.226    36.328    -5.14    3.79
  72234.064    33.954    -6.35    2.51
  72607.831    32.764    -3.18    1.38
  72981.528    32.196    -1.52    0.90
  73355.154    31.823    -1.00    0.90
  73728.710    31.157    -1.78    1.02
  74102.195    30.347    -2.17    1.54
  74475.610    30.308    -0.11    2.10
  74848.955    31.869     4.18    3.94
  75222.230    34.784     7.81    4.83
  75595.435    37.630     7.63    3.38
  75968.570    40.098     6.61    1.56
  76341.634    41.525     3.83    2.22
  76714.629    42.979     3.90    2.41
  77087.553    44.183     3.23    1.40
  77460.408    44.026    -0.42    1.45
  77833.192    43.287    -1.98    1.54
  78205.907    42.568    -1.93    1.12
  78578.552    42.133    -1.17    0.78
  78951.127    41.886    -0.66    0.99
  79323.633    41.823    -0.17    1.07
  79696.068    42.086     0.71    1.50
  80068.434    42.727     1.72    1.66
  80440.731    43.764     2.79    1.27
  80812.957    43.932     0.45    1.23
  81185.115    43.758    -0.47    1.28
  81557.202    44.270     1.37    1.53
  81929.220    45.137     2.33    2.73
  82301.169    47.037     5.11    3.38
  82673.048    51.967    13.26    8.06
  83044.858    58.014    16.26   10.72
  83416.599    63.197    13.94    8.72
  83788.270    67.192    10.75    5.61
  84159.872    68.965     4.77    4.02
  84531.405    67.712    -3.37    4.09
  84902.869    69.240     4.11    4.37
  85274.263    71.367     5.73    5.93
  85645.589    72.792     3.84    6.37
  86016.845    71.284    -4.06    8.76
  86388.033    68.432    -7.69   10.03
  86759.151    66.026    -6.48    9.29
  87130.201    68.551     6.81   10.65
  87501.181    74.967    17.29    9.78
  87872.093    79.251    11.55    5.99
  88242.936    82.560     8.92    4.15
  88613.710    84.051     4.02    5.07
  88984.415    80.444    -9.73   10.66
  89355.052    76.051   -11.85   13.66
  89725.620    70.919   -13.85   12.83
  90096.119    68.841    -5.61   11.65
  90466.549    72.060     8.69   11.37
  90836.912    75.026     8.01   10.10
  91207.205    76.264     3.34    9.25
  91577.430    75.285    -2.64   11.16
  91947.587    78.270     8.06   11.76
  92317.675    81.560     8.89   11.09
  92687.695    84.967     9.21    8.12
  93057.647    86.966     5.40    3.47
  93427.530    86.093    -2.36    3.73
  93797.345    84.496    -4.32    2.99
  94167.092    83.592    -2.44    2.55
  94536.770    83.781     0.51    2.58
  94906.381    85.990     5.98    4.29
  95275.923    89.002     8.15    5.17
  95645.397    91.749     7.43    3.73
  96014.803    94.133     6.45    3.09
  96384.142    96.236     5.69    3.42
  96753.412    98.863     7.11    4.35
  97122.614   101.931     8.31    3.13
  97491.749   103.732     4.88    2.72
  97860.815   105.014     3.47    1.88
  98229.814   104.153    -2.33    2.41
  98598.745   103.432    -1.96    2.89
  98967.608    98.532   -13.28    9.96
  99336.404    92.495   -16.37   12.77
  99705.132    90.823    -4.53   13.92
 100073.792    92.226     3.81   14.55
 100442.385    98.967    18.29   13.76
 100810.910   104.758    15.71    6.88
 101179.368   105.461     1.91    4.21
 101547.758   104.172    -3.50    4.91
 101916.081   102.143    -5.51    3.72
 102284.336   102.223     0.22    3.37
 102652.524   103.158     2.54    3.53
 103020.645   104.677     4.12    3.13
 103388.698   104.386    -0.79    2.93
 103756.684   104.426     0.11    3.18
 104124.603   103.940    -1.32    2.91
 104492.455   102.895    -2.84    3.35
 104860.239   101.594    -3.54    4.23
 105227.957    99.497    -5.70    4.13
 105595.607    98.178    -3.59    3.28
 105963.191   100.096     5.22    4.66
 106330.707   101.664     4.27    4.25
 106698.157   103.072     3.83    3.19
 107065.539   104.464     3.79    2.32
 107432.855   104.579     0.31    2.33
 107800.104   104.636     0.16    2.41
 108167.286   105.407     2.10    2.49
 108534.401   105.743     0.92    2.57
 108901.449   106.231     1.33    2.09
 109268.431   106.315     0.23    2.09
 109635.346   106.479     0.45    2.13
 110002.194   105.990    -1.33    2.59
 110368.976   106.746     2.06    3.48
 110735.692   109.704     8.07    6.02
 111102.340   112.258     6.96    6.93
 111468.923   113.439     3.22    6.32
 111835.439   116.090     7.23    5.94
 112211.487   117.640     4.12    6.02
 112591.759   120.569     7.70    5.34
 112971.958   122.374     4.75    4.64
 113352.085   121.790    -1.54    6.81
 113732.139   121.919     0.34    7.59
 114112.122   120.978    -2.48    6.91
 114492.032   120.640    -0.89    6.08
 114871.871   119.525    -2.93    5.09
 115251.637   117.940    -4.18    4.72
 115631.332   117.790    -0.39    5.35
 116010.954   119.568     4.68    5.42
 116390.505   122.704     8.26    5.27
 116769.984   126.176     9.15    5.26
 117149.391   128.779     6.86    5.68
 117528.726   130.589     4.77    4.47
 117907.989   129.896    -1.83    4.76
 118287.181   128.951    -2.49    4.94
 118666.301   129.905     2.52    4.74
 119045.349   129.718    -0.50    4.58
 119424.326   130.738     2.69    4.71
 119803.232   132.628     4.99    4.79
 120182.066   133.681     2.78    4.85
 120560.828   133.221    -1.21    4.82
 120939.519   131.881    -3.54    4.67
 121318.139   130.409    -3.89    3.96
 121696.687   129.692    -1.89    3.74
 122075.164   128.616    -2.84    4.23
 122453.570   127.002    -4.27    4.65
 122831.904   127.881     2.32    5.79
 123210.168   130.853     7.86    7.10
 123588.360   129.200    -4.37   10.54
 123966.481   123.927   -13.94   16.65
 124344.531   116.657   -19.23   16.47
 124722.511   113.520    -8.30   13.40
 125100.419   115.839     6.14   10.91
 125478.256   119.664    10.12    6.02
 125856.022   122.073     6.38    3.19
 126233.718   122.292     0.58    2.88
 126611.342   122.214    -0.21    2.46
 126988.896   121.172    -2.76    2.32
 127366.380   119.956    -3.22    2.14
 127743.792   120.668     1.89    2.96
 128121.134   121.279     1.62    3.24
 128498.405   121.160    -0.31    3.43
 128875.606   121.592     1.15    3.17
 129252.736   121.319    -0.72    2.81
 129629.795   122.002     1.81    2.90
 130006.785   123.855     4.91    3.16
 130383.703   124.472     1.64    3.17
 130760.552   124.849     1.00    2.99
 131137.330   125.725     2.32    3.04
 131514.037   126.725     2.65    2.40
 131890.675   127.380     1.74    2.12
 132267.242   127.441     0.16    1.81
 132643.739   127.397    -0.12    1.42
 133020.166   127.839     1.18    1.75
 133396.523   128.160     0.85    2.03
 133772.810   129.185     2.72    2.04
 134149.027   129.626     1.17    1.43
 134525.173   130.026     1.06    1.46
 134901.250   130.178     0.41    1.44
 135277.257   130.327     0.40    1.63
 135653.194   130.822     1.32    1.67
 136029.061   131.120     0.79    1.90
 136404.859   132.451     3.54    2.95
 136780.586   134.637     5.82    3.35
 137156.244   136.360     4.59    2.72
 137531.833   137.725     3.63    1.62
 137907.351   138.457     1.95    2.00
 138282.800   139.296     2.24    2.86
 138658.180   140.381     2.89    3.21
 139033.490   141.062     1.81    2.83
 139408.730   142.273     3.23    2.48
 139783.901   144.301     5.41    3.03
 140159.003   147.125     7.53    4.11
 140534.035   150.136     8.03    4.41
 140908.998   152.343     5.89    4.05
 141283.892   153.677     3.56    2.95
 141658.716   154.099     1.13    2.28
 142033.472   154.319     0.59    2.71
 142408.158   155.668     3.60    2.63
 142782.775   157.108     3.84    2.98
 143157.322   158.472     3.64    2.77
 143531.801   158.597     0.34    2.80
 143906.211   158.619     0.06    2.97
 144280.552   158.873     0.68    3.12
 144654.823   159.932     2.83    3.75
 145029.026   161.383     3.88    3.92
 145403.160   162.219     2.23    4.03
 145777.226   162.424     0.55    4.12
 146151.222   162.288    -0.36    3.49
 146525.150   162.917     1.68    3.77
 146899.008   164.170     3.35    3.96
 147272.799   164.677     1.35    3.87
 147646.520   163.143    -4.10    4.42
 148020.173   160.611    -6.78    2.90
 148393.758   159.893    -1.92    2.09
 148767.274   159.833    -0.16    1.82
 149140.721   160.411     1.55    2.25
 149514.100   161.489     2.89    3.16
 149887.411   162.916     3.82    3.14
 150260.653   163.833     2.46    2.77
 150633.827   165.207     3.68    2.60
 151006.932   165.845     1.71    2.35
 151379.969   165.209    -1.71    2.46
 151752.938   164.579    -1.69    2.39
 152125.839   164.014    -1.51    2.37
 152498.672   163.460    -1.49    2.42
 152871.436   163.713     0.68    2.86
 153244.133   164.442     1.96    2.82
 153616.761   165.737     3.47    2.33
 153989.322   166.797     2.85    1.77
 154361.814   167.508     1.91    2.07
 154734.239   168.367     2.31    2.09
 155106.595   169.063     1.87    2.07
 155478.884   168.424    -1.72    3.01
 155851.105   167.797    -1.68    3.55
 156223.258   167.145    -1.75    4.45
 156595.344   167.197     0.14    4.45
 156967.362   168.520     3.56    3.91
 157339.312   170.905     6.41    5.23
 157711.194   172.633     4.64    5.72
 158083.009   172.843     0.57    6.73
 158454.756   173.672     2.23    7.63
 158826.436   173.460    -0.57    7.44
 159198.048   172.288    -3.15    5.44
 159569.593   173.319     2.77    3.85
 159941.070   173.881     1.51    3.95
 160312.481   175.800     5.16    4.13
 160683.823   177.192     3.75    3.20
 161055.099   178.137     2.54    2.59
 161426.307   177.133    -2.71    4.20
 161797.448   173.419   -10.01    7.42
 162168.521   172.448    -2.62    7.72
 162539.528   173.664     3.28    8.90
 162910.467   177.026     9.06    9.56
 163281.340   181.809    12.90    5.34
 163652.145   183.363     4.19    3.28
 164022.883   184.862     4.04    2.61
 164393.555   187.014     5.80    3.37
 164764.159   189.063     5.53    3.90
 165134.696   190.954     5.10    4.89
 165505.167   193.267     6.24    5.45
 165875.571   194.347     2.92    5.46
 166245.908   195.343     2.69    4.79
 166616.178   196.327     2.66    3.54
 166986.382   195.822    -1.37    4.16
 167356.518   195.597    -0.61    4.75
 167726.589   194.027    -4.24    5.94
 168096.592   189.255   -12.90    9.28
 168466.529   185.283   -10.73    8.96
 168836.400   182.833    -6.62    7.13
 169206.203   182.501    -0.90    5.50
 169575.941   186.323    10.34    6.04
 169945.612   189.862     9.57    5.55
 170315.217   193.383     9.52    4.89
 170684.755   196.814     9.28    5.00
 171054.227   200.158     9.05    5.50
 171423.633   203.533     9.13    4.39
 171792.972   206.776     8.78    4.02
 172162.245   209.514     7.41    4.18
 172531.452   212.859     9.06    4.63
 172900.593   216.929    11.02    5.95
 173269.668   220.917    10.81    6.00
 173638.676   223.442     6.84    5.43
 174007.619   226.351     7.88    6.72
 174376.496   229.134     7.54    8.05
 174745.306   235.660    17.69   10.52
 175114.051   243.063    20.07   11.78
 175482.730   251.392    22.59    9.65
 175851.343   255.847    12.08    5.51
 176219.890   255.779    -0.18    5.86
 176588.371   251.014   -12.93    9.12
 176956.787   243.335   -20.84   10.59
 177325.137   238.873   -12.11    8.93
 177693.421   236.837    -5.53    7.61
 178061.640   238.172     3.63    8.49
 178429.792   241.129     8.03    7.91
 178797.880   243.202     5.63    6.83
 179165.902   242.936    -0.72    6.30
 179533.858   239.489    -9.37    6.55
 179901.749   235.373   -11.19    5.91
 180269.574   230.884   -12.20    4.98
 180637.334   227.063   -10.39    5.03
 181005.029   225.384    -4.57    4.40
 181372.658   226.616     3.35    6.00
 181740.222   232.339    15.57   11.22
 182107.720   240.890    23.27   11.84
 182475.154   250.183    25.29   10.89
 182842.522   256.587    17.43    9.16
 183209.825   257.989     3.82    8.38
 183577.063   255.746    -6.11    9.07
 183944.236   251.770   -10.83   10.01
 184311.344   247.434   -11.81    7.13
 184678.387   246.174    -3.43    7.75
 185045.364   244.367    -4.92   10.01
 185412.277   242.226    -5.83   10.95
 185779.125   239.124    -8.46    9.73
 186145.908   237.257    -5.09   10.66
 186512.627   236.202    -2.88   12.99
 186885.224   232.668    -9.48   15.08
 187265.347   223.363   -24.47   14.11
 187645.400   213.939   -24.79    8.64
 188025.382   209.532   -11.60    5.31
 188405.295   206.051    -9.16    2.90
 188785.137   204.668    -3.64    3.03
 189164.909   202.199    -6.50    2.38
 189544.610   201.050    -3.02    1.73
 189924.242   200.124    -2.44    1.46
 190303.804   199.755    -0.97    1.39
 190683.295   199.829     0.20    1.65
 191062.717   200.088     0.68    1.99
 191442.068   200.732     1.70    3.11
 191821.350   199.475    -3.31    5.30
 192200.562   197.616    -4.90    5.64
 192579.704   196.650    -2.55    4.52
 192958.776   196.402    -0.65    3.30
 193337.778   195.508    -2.36    3.15
 193716.711   194.502    -2.65    3.19
 194095.574   194.804     0.80    3.80
 194474.367   196.454     4.36    4.79
 194853.091   198.594     5.65    3.81
 195231.745   199.434     2.22    3.21
 195610.330   198.833    -1.59    4.27
 195988.845   196.587    -5.93    5.28
 196367.291   195.270    -3.48    5.45
 196745.667   194.421    -2.24    5.30
 197123.974   193.557    -2.28    4.09
 197502.211   193.977     1.11    2.25
 197880.379   193.426    -1.46    1.51
 198258.478   193.989     1.49    1.84
 198636.508   195.821     4.85    2.50
 199014.469   197.144     3.50    2.34
 199392.360   198.579     3.80    1.97
 199770.182   199.860     3.39    1.86
 200147.935   201.211     3.58    2.53
 200525.620   203.776     6.79    4.33
 200903.235   207.320     9.38    6.72
 201280.781   212.501    13.72    8.84
 201658.258   217.853    14.18    8.87
 202035.667   224.384    17.30    8.45
 202413.006   229.831    14.43    7.67
 202790.277   235.111    13.99    7.70
 203167.479   239.538    11.73    6.47
 203544.612   241.829     6.07    5.49
 203921.676   241.236    -1.57    5.80
 204298.672   237.387   -10.21    7.51
 204675.600   231.901   -14.55   10.06
 205052.458   224.977   -18.37   11.98
 205429.248   219.261   -15.17   11.47
 205805.970   212.779   -17.20    8.05
 206182.623   209.450    -8.84    3.04
 206559.208   210.038     1.56    3.05
 206935.724   213.533     9.28    6.71
 207312.172   219.298    15.31    8.60
 207688.551   225.783    17.23    8.05
 208064.863   231.636    15.55    5.85
 208441.106   234.527     7.68    4.57
 208817.280   236.221     4.50    3.84
 209193.387   237.693     3.91    3.73
 209569.426   239.085     3.70    3.73
 209945.396   239.501     1.11    3.26
 210321.298   239.557     0.15    3.24
 210697.133   239.789     0.62    4.56
 211072.899   240.315     1.40    5.68
 211448.597   241.471     3.08    6.47
 211824.228   243.389     5.11    6.12
 212199.790   243.187    -0.54    5.52
 212575.285   239.355   -10.20    7.93
 212950.712   234.624   -12.60    8.35
 213326.071   231.002    -9.65    6.24
 213701.363   229.746    -3.35    3.06
 214076.586   230.953     3.22    3.03
 214451.742   232.538     4.23    2.82
 214826.831   233.890     3.60    1.83
 215201.852   234.776     2.36    3.34
 215576.805   235.843     2.84    6.52
 215951.691   241.026    13.82   11.06
 216326.509   246.864    15.57   11.64
 216701.260   252.051    13.84    7.50
 217075.943   253.001     2.54    5.54
 217450.559   251.788    -3.24    4.31
 217825.108   252.052     0.71    4.25
 218199.589   256.380    11.55    7.58
 218574.004   262.770    17.07    9.72
 218948.351   270.587    20.88   11.38
 219322.630   276.520    15.85    8.87
 219696.843   276.733     0.57    7.83
 220070.989   273.450    -8.77   10.10
 220445.067   266.604   -18.30    8.79
 220819.078   261.803   -12.83    4.51
 221193.023   261.332    -1.26    3.63
 221566.900   262.935     4.29    5.46
 221940.711   265.448     6.72    6.88
 222314.454   266.591     3.06    7.13
 222688.131   265.978    -1.64    6.50
 223061.741   265.936    -0.11    6.06
 223435.284   266.514     1.55    5.60
 223808.760   267.988     3.95    5.17
 224182.170   271.660     9.83    6.25
 224555.513   276.168    12.07    6.33
 224928.789   280.228    10.88    5.52
 225301.999   282.710     6.65    3.81
 225675.142   281.014    -4.54    5.83
 226048.219   275.811   -13.94    9.07
 226421.229   269.264   -17.55    9.71
 226794.172   263.676   -14.98    6.83
 227167.050   261.426    -6.03    5.49
 227539.860   259.289    -5.73    6.18
 227912.605   256.109    -8.53    7.07
 228285.283   252.419    -9.90    6.44
 228657.895   250.150    -6.09    3.84
 229030.440   250.668     1.39    3.81
 229402.920   254.002     8.95    5.89
 229775.333   260.596    17.70    9.16
 230147.680   268.387    20.92   12.10
 230519.961   278.739    27.80   14.48
 230892.176   288.816    27.07   12.14
 231264.324   295.187    17.11    6.82
 231636.407   295.261     0.20    6.50
 232008.424   291.545    -9.99    7.24
 232380.375   286.557   -13.41    6.79
 232752.260   280.864   -15.31    6.48
 233124.079   277.122   -10.06    5.48
 233495.832   275.077    -5.50    4.26
 233867.519   275.224     0.39    4.71
 234239.141   277.783     6.89    5.76
 234610.697   280.446     7.17    5.32
 234982.187   278.748    -4.57    7.57
 235353.612   273.568   -13.94   10.09
 235724.971   266.384   -19.34   10.11
 236096.264   260.776   -15.10    8.13
 236467.492   257.701    -8.28    7.53
 236838.655   254.713    -8.05    7.55
 237209.751   251.314    -9.16    7.11
 237580.783   247.668    -9.82    6.31
 237951.749   243.886   -10.19    4.02
 238322.649   242.904    -2.65    3.62
 238693.485   243.144     0.65    4.29
 239064.255   245.111     5.31    4.58
 239434.959   248.719     9.73    6.62
 239805.599   253.261    12.25    7.24
 240176.173   256.411     8.50    5.33
 240546.682   254.339    -5.59    7.12
 240917.126   249.593   -12.81    8.95
 241287.505   242.014   -20.46    9.17
 241657.819   237.527   -12.11    6.37
 242028.067   241.989    12.05   11.76
 242398.251   248.065    16.41   13.12
 242768.370   253.656    15.10    8.67
 243138.424   256.395     7.40    4.68
 243508.413   257.550     3.12    4.77
 243878.337   259.724     5.88    5.94
 244248.196   261.097     3.71    5.81
 244617.991   260.080    -2.75    7.04
 244987.720   254.964   -13.83    8.27
 245357.385   250.159   -13.00    9.26
 245726.986   245.122   -13.62   11.17
 246096.521   240.793   -11.71   11.60
 246465.992   235.929   -13.16   10.17
 246835.399   231.450   -12.12    5.82
 247204.741   229.199    -6.09    2.03
 247574.018   229.077    -0.33    2.62
 247943.231   227.621    -3.94    4.26
 248312.379   226.619    -2.71    4.91
 248681.463   226.339    -0.76    5.01
 249050.483   227.002     1.80    5.24
 249419.438   231.111    11.14    5.83
 249788.329   235.751    12.58    4.76
 250157.156   240.508    12.89    5.36
 250525.918   245.764    14.25    6.71
 250894.616   252.224    17.52    8.32
 251263.250   259.660    20.17    9.48
 251631.820   267.606    21.56    8.95
 252000.326   272.409    13.03    6.63
 252368.768   273.723     3.57    6.28
 252737.145   272.248    -4.00    8.21
 253105.459   267.251   -13.56    8.34
 253473.709   263.782    -9.42    6.29
 253841.894   262.764    -2.77    4.92
 254210.016   264.889     5.77    4.82
 254578.074   267.898     8.18    4.78
 254946.068   271.797    10.59    4.99
 255313.998   275.287     9.48    4.48
 255681.865   278.026     7.45    5.46
 256049.668   281.264     8.80    7.07
 256417.407   283.721     6.68    6.69
 256785.082   284.738     2.76    5.95
 257152.694   280.931   -10.35    8.53
 257520.242   274.369   -17.85    8.77
 257887.726   269.335   -13.70    6.54
 258255.147   265.624   -10.10    3.75
 258622.505   263.697    -5.25    3.60
 258989.799   262.153    -4.20    3.37
 259357.029   259.477    -7.28    4.29
 259724.196   254.951   -12.32    7.27
 260091.300   247.314   -20.80   10.03
 260458.340   240.310   -19.08    9.12
 260825.317   234.606   -15.54    5.06
 261192.231   232.538    -5.64    1.86
 261561.656   233.458     2.49    2.60
 261941.634   235.697     5.89    3.92
 262321.543   239.014     8.73    3.92
 262701.385   242.659     9.60    4.14
 263081.157   248.002    14.06    6.70
 263460.862   253.961    15.69    7.48
 263840.498   259.929    15.71    7.17
 264220.066   265.801    15.47    4.77
 264599.565   269.335     9.31    4.00
 264978.997   272.065     7.19    2.94
 265358.360   273.026     2.53    2.50
 265737.655   272.508    -1.37    3.18
 266116.882   271.162    -3.55    4.05
 266496.041   269.075    -5.50    5.93
 266875.132   268.014    -2.80    7.56
 267254.154   264.681    -8.79    9.87
 267633.109   258.476   -16.37   12.15
 268011.996   249.339   -24.11   12.21
 268390.815   241.204   -21.47    8.54
 268769.567   236.526   -12.35    4.09
 269148.250   236.159    -0.97    3.78
 269526.866   241.285    13.54    8.43
 269905.413   247.856    17.35    9.53
 270283.894   254.892    18.59    9.02
 270662.306   260.014    13.53    6.03
 271040.651   262.086     5.48    5.03
 271418.928   263.289     3.18    3.32
 271797.138   262.376    -2.41    2.65
 272175.280   260.439    -5.12    3.23
 272553.355   258.868    -4.16    2.88
 272931.362   256.903    -5.20    2.72
 273309.302   255.514    -3.67    2.28
 273687.174   254.314    -3.17    2.36
 274064.980   252.809    -3.98    2.64
 274442.717   251.088    -4.55    3.41
 274820.388   248.832    -5.97    3.68
 275197.991   246.150    -7.10    3.31
 275575.527   244.649    -3.97    2.38
 275952.996   243.977    -1.78    2.09
 276330.398   244.163     0.49    2.18
 276707.733   243.730    -1.15    2.69
 277085.001   242.663    -2.83    3.35
 277462.201   241.372    -3.42    4.15
 277839.335   239.488    -4.99    5.27
 278216.402   237.414    -5.50    5.91
 278593.401   234.889    -6.70    6.22
 278970.334   232.372    -6.68    6.15
 279347.201   229.587    -7.39    6.83
 279724.000   227.432    -5.72    7.24
 280100.732   224.289    -8.34    7.41
 280477.398   222.626    -4.41    7.60
 280853.997   219.770    -7.58    7.98
 281230.530   216.140    -9.64    6.63
 281606.996   213.643    -6.63    4.80
 281983.395   214.001     0.95    5.53
 282359.727   215.876     4.98    6.28
 282735.994   218.238     6.27    4.91
 283112.193   218.606     0.98    3.39
 283488.326   215.816    -7.42    4.82
 283864.393   210.483   -14.18    7.20
 284240.394   204.185   -16.75    8.22
 284616.328   196.343   -20.85    9.71
 284992.196   187.585   -23.29    9.39
 285367.997   180.111   -19.88    8.77
 285743.732   172.609   -19.96    6.98
 286119.401   167.326   -14.06    5.78
 286495.004   163.307   -10.70    3.86
 286870.541   161.397    -5.08    2.41
