# NaN NaN NaN ;Mean Elev.(m), Avg Gradient(m/km), RMS Gradient(m/km) - SRTM1     
#   80.713  -2.473   6.206 ;Mean Elev.(m), Avg Gradient(m/km), RMS Gradient(m/km) - ASTER GDEM
#   72.397  -4.128   9.129 ;Mean Elev.(m), Avg Gradient(m/km), RMS Gradient(m/km) - GMTED2010 
  8    88.630 52496.51138222 47.74 129.711067  61.838610 28.377
  8    88.607 52496.51138286 42.29 129.708637  61.841760 28.377
  8    88.771 52496.51138350 43.74 129.706199  61.844912 24.003
  8    88.629 52496.51138415 47.58 129.703759  61.848062 24.003
  8    88.574 52496.51138479 47.52 129.701329  61.851212 24.003
  8    88.683 52496.51138544 48.61 129.698889  61.854362 24.003
  8    88.669 52496.51138608 44.10 129.696459  61.857512 24.003
  8    88.554 52496.51138673 41.91 129.694019  61.860662 24.003
  8    88.520 52496.51138737 52.96 129.691579  61.863812 24.003
  9    89.694 52531.51136313 25.15 129.709056  61.809659 23.089
  9    89.254 52531.51136377 26.51 129.706622  61.812811 12.241
  9    89.268 52531.51136441 26.34 129.704192  61.815961 12.241
  9    89.238 52531.51136506 27.62 129.701752  61.819111 12.241
  9    88.994 52531.51136570 27.87 129.699322  61.822261 12.241
  9    88.901 52531.51136635 29.03 129.696892  61.825411 12.241
  9    88.855 52531.51136699 28.84 129.694452  61.828551 12.241
  9    88.911 52531.51136764 28.67 129.692022  61.831701 12.241
  9    88.931 52531.51136828 27.33 129.689582  61.834851 12.241
  9    88.999 52531.51136893 26.72 129.687142  61.838001 12.241
  9    92.642 52531.51136957 25.52 129.684712  61.841151 12.241
  9    93.087 52531.51137022 26.25 129.682272  61.844301 12.241
 10    88.123 52566.51138659 29.63 129.716473  61.820292 10.231
 10    87.498 52566.51138724 36.41 129.714043  61.823442 10.231
 10    88.016 52566.51138788 33.81 129.711610  61.826593 21.737
 10    87.852 52566.51138853 37.47 129.709170  61.829743 21.737
 10    87.646 52566.51138917 37.55 129.706740  61.832893 21.737
 10    87.670 52566.51138981 35.81 129.704310  61.836043 21.737
 10    87.894 52566.51139110 38.26 129.699430  61.842343 21.737
 10    87.791 52566.51139175 44.24 129.697000  61.845493 21.737
 10    87.751 52566.51139239 45.98 129.694560  61.848643 21.737
 10    87.299 52566.51139304 47.13 129.692130  61.851783 21.737
 10    88.044 52566.51139368 38.63 129.689690  61.854933 21.737
 10    87.515 52566.51139433 34.38 129.687250  61.858083 21.737
 11    87.365 52601.51139852 22.90 129.717229  61.821416  5.828
 11    87.828 52601.51139916 23.59 129.714799  61.824566  5.828
 11    87.891 52601.51139981 23.96 129.712369  61.827716  5.828
 11    87.148 52601.51140045 24.50 129.709939  61.830866  5.828
 11    86.990 52601.51140110 25.53 129.707509  61.834016  5.828
 11    86.838 52601.51140174 26.76 129.705069  61.837166  5.828
 11    86.990 52601.51140238 25.55 129.702639  61.840316  5.828
 11    89.781 52601.51140303 25.42 129.700199  61.843466  5.828
 11    90.492 52601.51140367 25.43 129.697769  61.846616  5.828
 11    90.428 52601.51140432 24.73 129.695330  61.849767  8.122
 11    91.106 52601.51140496 24.59 129.692900  61.852917  8.122
 11    90.732 52601.51140561 25.07 129.690460  61.856067  8.122
 11    88.513 52601.51140625 27.17 129.688030  61.859217  8.122
 12    87.321 52636.51136190 17.23 129.710681  61.813848  3.371
 12    87.122 52636.51136255 17.58 129.708251  61.816998  3.371
 12    87.077 52636.51136319 18.76 129.705821  61.820148  3.371
 12    87.207 52636.51136384 18.81 129.703391  61.823299  6.163
 12    86.983 52636.51136448 19.71 129.700951  61.826449  6.163
 12    87.129 52636.51136513 20.68 129.698521  61.829599  6.163
 12    87.296 52636.51136577 20.24 129.696081  61.832749  6.163
 12    90.413 52636.51136641 20.68 129.693651  61.835899  6.163
 12    90.656 52636.51136706 20.34 129.691211  61.839049  6.163
 12    90.979 52636.51136770 20.16 129.688781  61.842199  6.163
 12    91.324 52636.51136835 20.20 129.686341  61.845349  6.163
 12    91.540 52636.51136899 20.59 129.683911  61.848489  6.163
 13    87.884 52671.51136863 15.89 129.715960  61.823334  3.431
 13    87.796 52671.51136927 16.16 129.713530  61.826484  3.431
 13    87.718 52671.51136992 16.89 129.711100  61.829634  3.431
 13    87.625 52671.51137056 17.56 129.708660  61.832784  3.431
 13    88.187 52671.51137121 18.21 129.706230  61.835934  3.431
 13    88.773 52671.51137185 18.57 129.703793  61.839087  5.577
 13    89.217 52671.51137250 19.23 129.701363  61.842237  5.577
 13    89.481 52671.51137314 19.48 129.698923  61.845387  5.577
 13    90.322 52671.51137378 19.70 129.696493  61.848537  5.577
 13    90.187 52671.51137443 20.44 129.694053  61.851687  5.577
 13    90.319 52671.51137507 19.70 129.691623  61.854837  5.577
 13    90.249 52671.51137572 20.15 129.689183  61.857987  5.577
 14    88.040 52706.51136551 13.16 129.714477  61.816739  4.777
 14    87.826 52706.51136615 13.41 129.712047  61.819889  4.777
 14    87.435 52706.51136679 13.93 129.709607  61.823039  4.777
 14    87.343 52706.51136744 14.35 129.707177  61.826189  4.777
 14    87.425 52706.51136808 14.69 129.704747  61.829339  4.777
 14    87.205 52706.51136873 14.84 129.702307  61.832489  4.777
 14    86.687 52706.51136937 15.63 129.699877  61.835639  4.777
 14    86.844 52706.51137002 16.70 129.697437  61.838789  4.777
 14    86.460 52706.51137066 17.56 129.695007  61.841939  4.777
 14    89.992 52706.51137131 16.73 129.692567  61.845089  4.777
 14    90.460 52706.51137195 17.29 129.690137  61.848239  4.777
 14    90.588 52706.51137260 17.28 129.687697  61.851389  4.777
 14    90.687 52706.51137324 17.74 129.685257  61.854539  4.777
 15    88.086 52741.51139917 11.55 129.716038  61.822490  4.629
 15    87.971 52741.51139981 11.42 129.713608  61.825640  4.629
 15    87.676 52741.51140046 12.57 129.711178  61.828790  4.629
 15    87.629 52741.51140110 12.91 129.708748  61.831940  4.629
 15    87.301 52741.51140175 13.40 129.706308  61.835090  4.629
 15    87.850 52741.51140239 13.03 129.703878  61.838240  4.629
 15    88.491 52741.51140304 13.64 129.701448  61.841390  4.629
 15    88.973 52741.51140368 13.76 129.699008  61.844540  4.629
 15    89.072 52741.51140432 15.22 129.696578  61.847690  4.629
 15    89.312 52741.51140497 15.83 129.694138  61.850850  4.629
 15    89.906 52741.51140561 15.73 129.691708  61.853990  4.629
 15    89.878 52741.51140626 15.80 129.689268  61.857140  4.629
 15    90.821 52741.51140690 15.30 129.686828  61.860290  4.629
 16    86.589 52776.51134785 31.33 129.711261  61.849510 20.540
 16    86.292 52776.51134850 31.71 129.708821  61.852660 20.540
 16    86.131 52776.51134914 25.26 129.706391  61.855810 20.540
 16    86.337 52776.51134979 23.93 129.703951  61.858960 20.540
 16    86.192 52776.51135043 28.14 129.701521  61.862110 20.540
 16    86.134 52776.51135108 28.17 129.699081  61.865260 20.540
 16    88.481 52776.51135172 25.38 129.696641  61.868420 20.540
 17    90.939 52811.51141893 25.87 129.708866  61.814002 34.614
 17    90.603 52811.51141957 24.50 129.706436  61.817152 34.614
 17    90.550 52811.51142022 22.11 129.704000  61.820305 17.143
 17    90.417 52811.51142086 21.65 129.701570  61.823445 17.143
 17    90.033 52811.51142151 22.70 129.699140  61.826605 17.143
 17    90.077 52811.51142215 22.63 129.696700  61.829755 17.143
 17    90.166 52811.51142279 20.67 129.694270  61.832905 17.143
 17    92.634 52811.51142344 19.37 129.691830  61.836055 17.143
 17    93.134 52811.51142408 18.15 129.689400  61.839205 17.143
 17    93.321 52811.51142473 18.52 129.686960  61.842355 17.143
 17    93.403 52811.51142537 21.45 129.684530  61.845495 17.143
 18    88.230 52846.51147395 49.03 129.711641  61.814061 22.323
 18    88.162 52846.51147460 51.54 129.709211  61.817211 22.323
 18    88.112 52846.51147524 46.19 129.706781  61.820361 22.323
 18    88.033 52846.51147588 44.70 129.704347  61.823513 21.923
 18    88.077 52846.51147653 40.79 129.701907  61.826663 21.923
 18    88.101 52846.51147717 36.89 129.699477  61.829813 21.923
 18    87.973 52846.51147782 33.30 129.697037  61.832963 21.923
 18    87.955 52846.51147846 34.28 129.694607  61.836113 21.923
 18    87.996 52846.51147911 35.34 129.692167  61.839263 21.923
 18    87.921 52846.51147975 37.07 129.689737  61.842413 21.923
 18    88.122 52846.51148040 41.16 129.687297  61.845563 21.923
 18    88.124 52846.51148104 45.86 129.684867  61.848713 21.923
 19    92.065 52881.51151200 17.74 129.713667  61.820503 27.736
 19    89.529 52881.51151264 21.03 129.711227  61.823653 27.736
 19    89.664 52881.51151329 21.03 129.708797  61.826807 20.394
 19    89.634 52881.51151393 23.74 129.706367  61.829947 20.394
 19    90.014 52881.51151458 19.52 129.703927  61.833097 20.394
 19    89.637 52881.51151522 20.98 129.701497  61.836247 20.394
 19    91.691 52881.51151587 17.86 129.699067  61.839407 20.394
 19    92.351 52881.51151651 16.54 129.696627  61.842557 20.394
 19    92.563 52881.51151716 15.58 129.694197  61.845707 20.394
 19    92.422 52881.51151780 16.52 129.691757  61.848857 20.394
 19    92.519 52881.51151845 17.17 129.689327  61.851997 20.394
 19    91.571 52881.51151909 19.73 129.686887  61.855147 20.394
 20    87.528 52916.51147281 46.05 129.712076  61.840369 39.839
 20    87.617 52916.51147345 50.61 129.709646  61.843519 39.839
 20    87.590 52916.51147410 52.47 129.707206  61.846679 39.839
 20    87.530 52916.51147474 52.08 129.704776  61.849829 39.839
 20    87.596 52916.51147539 52.61 129.702336  61.852979 39.839
 20    87.577 52916.51147603 52.71 129.699896  61.856119 39.839
 20    87.475 52916.51147668 49.21 129.697466  61.859279 39.839
 20    87.443 52916.51147732 37.05 129.695026  61.862429 39.839
 20    87.618 52916.51147797 51.05 129.692586  61.865579 39.839
 21    87.579 52951.51142919 27.39 129.711965  61.816418  5.403
 21    87.464 52951.51142984 28.04 129.709525  61.819568  5.403
 21    87.234 52951.51143048 29.42 129.707095  61.822718 13.654
 21    87.374 52951.51143113 30.15 129.704665  61.825868 13.654
 21    87.250 52951.51143177 29.32 129.702225  61.829018 13.654
 21    87.134 52951.51143242 29.29 129.699795  61.832168 13.654
 21    87.222 52951.51143306 27.19 129.697355  61.835318 13.654
 21    87.199 52951.51143370 26.62 129.694925  61.838468 13.654
 21    87.084 52951.51143435 25.50 129.692485  61.841618 13.654
 21    87.289 52951.51143499 25.92 129.690045  61.844768 13.654
 21    91.410 52951.51143564 24.71 129.687615  61.847908 13.654
 21    90.599 52951.51143628 25.75 129.685175  61.851058 13.654
 23    87.550 53021.51144039 21.04 129.713637  61.837070  4.276
 23    87.309 53021.51144104 21.38 129.711207  61.840220  4.276
 23    87.314 53021.51144168 21.06 129.708767  61.843370  4.276
 23    87.246 53021.51144232 20.69 129.706337  61.846520  4.276
 23    87.182 53021.51144297 20.58 129.703898  61.849671  6.153
 23    88.362 53021.51144361 20.76 129.701468  61.852821  6.153
 23    88.368 53021.51144426 21.16 129.699028  61.855971  6.153
 23    87.794 53021.51144490 22.78 129.696598  61.859121  6.153
 23    87.666 53021.51144555 23.95 129.694158  61.862271  6.153
 23    87.017 53021.51144619 27.03 129.691718  61.865421  6.153
 26    93.318 53126.51143562 12.91 129.712853  61.819141  9.707
 26    93.370 53126.51143627 11.96 129.710413  61.822291  9.707
 26    92.621 53126.51143691 12.15 129.707983  61.825441  9.707
 26    92.181 53126.51143756 12.56 129.705553  61.828591  9.707
 26    91.710 53126.51143820 13.33 129.703113  61.831741  9.707
 26    92.184 53126.51143885 13.06 129.700681  61.834891 11.479
 26    92.880 53126.51143949 12.52 129.698251  61.838041 11.479
 26    93.117 53126.51144014 13.10 129.695811  61.841191 11.479
 26    93.398 53126.51144078 14.30 129.693371  61.844341 11.479
 26    93.576 53126.51144143 17.30 129.690941  61.847491 11.479
 26    94.350 53126.51144207 15.89 129.688501  61.850641 11.479
 26    94.138 53126.51144272 18.07 129.686061  61.853791 11.479
 27    91.942 53161.51149767 30.50 129.712635  61.816246 35.896
 27    91.817 53161.51149831 28.58 129.710195  61.819396 35.896
 27    91.605 53161.51149896 24.13 129.707765  61.822546 35.896
 27    91.368 53161.51149960 24.46 129.705335  61.825696 35.896
 27    91.100 53161.51150025 23.77 129.702906  61.828841 21.272
 27    91.208 53161.51150089 22.39 129.700466  61.831991 21.272
 27    91.213 53161.51150154 21.74 129.698036  61.835141 21.272
 27    91.014 53161.51150218 22.05 129.695596  61.838301 21.272
 27    91.707 53161.51150283 21.17 129.693166  61.841451 21.272
 27    92.719 53161.51150347 20.72 129.690726  61.844591 21.272
 27    92.862 53161.51150412 20.09 129.688296  61.847741 21.272
 27    93.677 53161.51150476 22.43 129.685856  61.850901 21.272
 28    90.224 53196.51149734 43.21 129.715715  61.824433 22.516
 28    90.158 53196.51149799 36.41 129.713285  61.827583 22.516
 28    90.096 53196.51149863 35.39 129.710845  61.830733 22.516
 28    90.045 53196.51149928 35.29 129.708415  61.833883 22.516
 28    90.284 53196.51149992 38.21 129.705975  61.837033 22.516
 28    90.227 53196.51150057 38.81 129.703545  61.840183 22.516
 28    90.160 53196.51150121 38.44 129.701115  61.843333 22.516
 28    90.131 53196.51150186 40.70 129.698675  61.846483 22.516
 28    90.094 53196.51150250 42.88 129.696235  61.849633 22.516
 28    90.059 53196.51150315 42.61 129.693805  61.852783 22.516
 28    90.098 53196.51150379 48.73 129.691365  61.855933 22.516
 28    90.130 53196.51150444 51.59 129.688925  61.859093 22.516
 29    89.753 53231.51148211 43.96 129.712071  61.839151 28.105
 29    89.785 53231.51148275 49.32 129.709631  61.842301 28.105
 29    89.807 53231.51148340 47.59 129.707197  61.845453 26.034
 29    89.829 53231.51148404 47.58 129.704767  61.848603 26.034
 29    89.826 53231.51148469 46.83 129.702327  61.851753 26.034
 29    89.786 53231.51148533 46.80 129.699897  61.854903 26.034
 29    89.775 53231.51148598 45.10 129.697457  61.858053 26.034
 29    89.737 53231.51148662 41.55 129.695017  61.861203 26.034
 29    89.700 53231.51148727 51.53 129.692577  61.864353 26.034
 30    89.402 53266.51145232 25.91 129.713372  61.842728 35.204
 30    89.170 53266.51145296 21.26 129.710932  61.845878 35.204
 30    89.119 53266.51145360 21.47 129.708497  61.849023 28.291
 30    88.888 53266.51145425 23.21 129.706067  61.852173 28.291
 30    89.303 53266.51145489 22.33 129.703627  61.855333 28.291
 30    89.657 53266.51145554 26.18 129.701197  61.858483 28.291
 30    89.584 53266.51145618 30.20 129.698757  61.861633 28.291
 30    89.516 53266.51145683 32.73 129.696327  61.864773 28.291
 30    89.683 53266.51145747 44.97 129.693887  61.867933 28.291
 31    88.939 53301.51149985 46.82 129.701709  61.819441 13.206
 31    89.035 53301.51150049 48.19 129.699279  61.822591 13.206
 31    88.735 53301.51150114 49.13 129.696839  61.825741 13.206
 31    88.496 53301.51150178 45.71 129.694406  61.828893 19.857
 31    88.596 53301.51150243 47.99 129.691976  61.832043 19.857
 31    88.709 53301.51150307 48.14 129.689536  61.835193 19.857
 31    88.902 53301.51150372 47.19 129.687106  61.838343 19.857
 31    88.784 53301.51150436 46.74 129.684666  61.841493 19.857
 31    88.907 53301.51150501 47.08 129.682236  61.844643 19.857
 32    89.453 53336.51147070 15.70 129.716241  61.823908  4.465
 32    89.385 53336.51147134 15.76 129.713811  61.827058  4.465
 32    89.485 53336.51147199 16.46 129.711381  61.830208  4.465
 32    90.256 53336.51147263 16.34 129.708950  61.833362  6.053
 32    89.959 53336.51147327 17.73 129.706510  61.836502  6.053
 32    90.603 53336.51147392 17.37 129.704080  61.839652  6.053
 32    91.300 53336.51147456 17.34 129.701640  61.842812  6.053
 32    91.542 53336.51147521 17.52 129.699210  61.845962  6.053
 32    91.729 53336.51147585 18.04 129.696770  61.849112  6.053
 32    92.288 53336.51147650 19.65 129.694340  61.852262  6.053
 32    92.465 53336.51147714 20.48 129.691900  61.855412  6.053
 32    92.796 53336.51147779 21.97 129.689470  61.858552  6.053
 33    88.879 53371.51141189 16.23 129.710859  61.848337  4.125
 33    89.621 53371.51141253 16.30 129.708429  61.851487  4.125
 33    89.145 53371.51141318 16.84 129.705989  61.854637  4.125
 33    89.109 53371.51141382 18.35 129.703559  61.857787  4.125
 33    89.546 53371.51141447 18.12 129.701119  61.860937  4.125
 33    87.974 53371.51141511 19.44 129.698679  61.864087  4.125
 33    89.006 53371.51141576 18.44 129.696249  61.867237  4.125
 33    88.069 53371.51141640 22.38 129.693809  61.870387  4.125
 34    91.946 53406.51144253 11.05 129.714676  61.819336  2.607
 34    91.697 53406.51144317 10.99 129.712246  61.822486  2.607
 34    89.220 53406.51144382 11.37 129.709806  61.825636  2.607
 34    89.553 53406.51144446 11.31 129.707376  61.828786  2.607
 34    90.780 53406.51144511 11.82 129.704939  61.831938  3.555
 34    91.249 53406.51144575 11.96 129.702509  61.835088  3.555
 34    91.406 53406.51144640 13.36 129.700079  61.838238  3.555
 34    91.860 53406.51144704 13.04 129.697639  61.841388  3.555
 34    91.967 53406.51144769 13.14 129.695199  61.844538  3.555
 34    92.156 53406.51144833 13.37 129.692769  61.847688  3.555
 34    92.335 53406.51144898 13.73 129.690329  61.850828  3.555
 34    92.061 53406.51144962 14.34 129.687899  61.853988  3.555
 34    92.018 53406.51145027 14.20 129.685459  61.857128  3.555
 35    90.022 53441.51143271 11.60 129.713301  61.841526  3.007
 35    90.144 53441.51143335 11.55 129.710871  61.844676  3.007
 35    90.007 53441.51143400 12.32 129.708431  61.847836  3.007
 35    90.313 53441.51143464 12.24 129.706001  61.850976  3.007
 35    89.641 53441.51143529 12.87 129.703561  61.854126  3.007
 35    89.409 53441.51143593 13.67 129.701131  61.857286  3.007
 35    89.034 53441.51143658 14.23 129.698691  61.860426  3.007
 35    89.750 53441.51143722 14.18 129.696261  61.863576  3.007
 35    89.491 53441.51143787 14.50 129.693821  61.866726  3.007
 36    92.040 53476.51149621  4.02 129.710221  61.815632  3.311
 36    91.960 53476.51149685  4.42 129.707791  61.818782  3.311
 36    91.893 53476.51149750  4.10 129.705361  61.821932  3.311
 36    91.861 53476.51149814  4.19 129.702924  61.825084  6.456
 36    92.265 53476.51149878  3.88 129.700494  61.828234  6.456
 36    92.114 53476.51149943  4.45 129.698064  61.831384  6.456
 36    92.352 53476.51150007  4.48 129.695624  61.834534  6.456
 36    92.605 53476.51150072  4.47 129.693194  61.837684  6.456
 36    93.107 53476.51150136  5.03 129.690754  61.840834  6.456
 36    93.085 53476.51150201  5.39 129.688324  61.843984  6.456
 36    93.043 53476.51150265  5.74 129.685884  61.847134  6.456
 36    92.759 53476.51150330  7.03 129.683454  61.850284  6.456
 37    92.697 53511.51151043 48.23 129.716273  61.819847 38.636
 37    92.532 53511.51151107 51.05 129.713843  61.822997 38.636
 37    92.590 53511.51151172 50.93 129.711413  61.826147 38.636
 37    92.451 53511.51151236 51.35 129.708983  61.829297 38.636
 37    92.402 53511.51151301 51.81 129.706543  61.832447 38.636
 37    92.459 53511.51151365 51.50 129.704113  61.835597 38.636
 37    92.494 53511.51151430 51.65 129.701673  61.838747 38.636
 37    92.403 53511.51151494 51.97 129.699243  61.841897 38.636
 37    92.349 53511.51151558 53.11 129.696803  61.845047 38.636
 37    92.265 53511.51151623 51.58 129.694370  61.848198 44.982
 37    92.240 53511.51151687 49.37 129.691930  61.851348 44.982
 37    92.242 53511.51151752 48.60 129.689500  61.854498 44.982
 37    92.247 53511.51151816 53.45 129.687060  61.857648 44.982
 38    91.025 53546.51152810 47.91 129.714652  61.822376 23.923
 38    91.086 53546.51152874 49.36 129.712222  61.825526 23.923
 38    91.079 53546.51152938 49.60 129.709787  61.828674 30.237
 38    90.916 53546.51153003 48.13 129.707357  61.831824 30.237
 38    90.942 53546.51153067 47.62 129.704917  61.834974 30.237
 38    91.002 53546.51153132 46.62 129.702487  61.838124 30.237
 38    90.994 53546.51153196 46.35 129.700057  61.841274 30.237
 38    90.947 53546.51153261 47.40 129.697617  61.844424 30.237
 38    90.934 53546.51153325 49.62 129.695187  61.847574 30.237
 38    90.885 53546.51153390 48.79 129.692747  61.850724 30.237
 38    90.911 53546.51153454 50.77 129.690317  61.853874 30.237
 38    90.831 53546.51153519 52.57 129.687877  61.857024 30.237
 39    90.440 53581.51150236 47.90 129.712399  61.833198 27.180
 39    90.420 53581.51150301 50.02 129.709966  61.836343 24.376
 39    90.476 53581.51150365 50.29 129.707526  61.839493 24.376
 39    90.549 53581.51150430 47.71 129.705096  61.842643 24.376
 39    90.475 53581.51150494 42.19 129.702666  61.845793 24.376
 39    90.380 53581.51150559 43.44 129.700226  61.848953 24.376
 39    90.316 53581.51150623 40.06 129.697786  61.852103 24.376
 39    90.421 53581.51150688 44.54 129.695356  61.855253 24.376
 39    90.478 53581.51150752 44.16 129.692916  61.858403 24.376
 39    90.455 53581.51150817 45.79 129.690486  61.861543 24.376
 40    88.573 53616.51145831 43.76 129.713355  61.837487 32.263
 40    88.475 53616.51145896 39.45 129.710925  61.840637 32.263
 40    88.413 53616.51145960 28.93 129.708495  61.843787 32.263
 40    88.117 53616.51146025 26.22 129.706055  61.846937 32.263
 40    87.960 53616.51146089 27.03 129.703625  61.850087 32.263
 40    88.165 53616.51146154 27.83 129.701185  61.853237 32.263
 40    88.257 53616.51146218 30.38 129.698755  61.856397 32.263
 40    88.304 53616.51146283 31.35 129.696315  61.859537 32.263
 40    88.419 53616.51146347 36.92 129.693885  61.862687 32.263
 40    88.438 53616.51146412 49.70 129.691445  61.865847 32.263
 41    87.322 53651.51146991 50.86 129.714318  61.818925 18.140
 41    87.239 53651.51147055 52.03 129.711888  61.822075 18.140
 41    87.202 53651.51147120 51.52 129.709458  61.825225 18.140
 41    87.165 53651.51147184 51.23 129.707023  61.828377 36.360
 41    87.024 53651.51147249 50.36 129.704593  61.831527 36.360
 41    87.026 53651.51147313 45.16 129.702153  61.834677 36.360
 41    87.066 53651.51147378 41.48 129.699723  61.837827 36.360
 41    87.187 53651.51147442 44.90 129.697283  61.840977 36.360
 41    86.998 53651.51147507 48.14 129.694853  61.844127 36.360
 41    87.165 53651.51147571 46.07 129.692413  61.847277 36.360
 41    87.109 53651.51147636 49.06 129.689973  61.850427 36.360
 41    87.046 53651.51147700 47.07 129.687543  61.853567 36.360
 42    88.317 53686.51147553 23.42 129.715510  61.818620  7.051
 42    88.396 53686.51147617 25.34 129.713080  61.821770  7.051
 42    88.270 53686.51147681 24.27 129.710650  61.824920  7.051
 42    88.106 53686.51147746 24.91 129.708220  61.828070  7.051
 42    88.156 53686.51147810 25.26 129.705790  61.831220  7.051
 42    87.927 53686.51147875 24.33 129.703354  61.834373 11.063
 42    87.864 53686.51147939 23.65 129.700914  61.837513 11.063
 42    87.887 53686.51148004 23.34 129.698484  61.840663 11.063
 42    88.038 53686.51148068 22.65 129.696054  61.843823 11.063
 42    87.866 53686.51148133 24.87 129.693614  61.846973 11.063
 42    87.634 53686.51148197 25.06 129.691184  61.850113 11.063
 42    90.985 53686.51148262 22.40 129.688744  61.853273 11.063
 42    90.424 53686.51148326 24.28 129.686304  61.856423 11.063
 43    87.940 53721.51140595 19.74 129.713894  61.843646  4.631
 43    88.470 53721.51140660 19.20 129.711464  61.846796  4.631
 43    88.157 53721.51140724 19.03 129.709034  61.849946  4.631
 43    87.478 53721.51140789 19.81 129.706594  61.853096  4.631
 43    88.259 53721.51140853 18.64 129.704164  61.856246  4.631
 43    87.749 53721.51140918 20.12 129.701724  61.859396  4.631
 43    89.684 53721.51140982 19.94 129.699284  61.862546  4.631
 43    89.041 53721.51141047 19.95 129.696854  61.865696  4.631
 43    89.178 53721.51141111 19.57 129.694414  61.868846  4.631
 44    89.644 53756.51133144 14.25 129.716407  61.819666  3.060
 44    88.619 53756.51133209 14.74 129.713967  61.822816  3.060
 44    88.527 53756.51133273 15.53 129.711537  61.825966  3.060
 44    88.545 53756.51133338 15.92 129.709099  61.829116  4.901
 44    88.616 53756.51133402 16.16 129.706669  61.832266  4.901
 44    89.022 53756.51133467 16.87 129.704229  61.835416  4.901
 44    89.583 53756.51133531 17.64 129.701799  61.838566  4.901
 44    90.222 53756.51133596 17.13 129.699359  61.841716  4.901
 44    90.982 53756.51133660 17.66 129.696929  61.844866  4.901
 44    91.329 53756.51133724 17.10 129.694489  61.848016  4.901
 44    91.669 53756.51133789 16.40 129.692049  61.851166  4.901
 44    91.411 53756.51133853 17.04 129.689619  61.854316  4.901
 44    91.811 53756.51133918 17.06 129.687179  61.857466  4.901
 45    89.744 53791.51136104 15.31 129.711896  61.836792  3.690
 45    90.022 53791.51136169 15.43 129.709466  61.839942  3.690
 45    90.079 53791.51136233 15.82 129.707026  61.843102  3.690
 45    89.985 53791.51136298 15.76 129.704596  61.846252  3.690
 45    90.559 53791.51136362 15.93 129.702156  61.849402  3.690
 45    90.721 53791.51136427 15.88 129.699726  61.852542  3.690
 45    89.262 53791.51136491 16.74 129.697286  61.855702  3.690
 45    89.140 53791.51136556 17.11 129.694856  61.858842  3.690
 45    90.798 53791.51136620 16.50 129.692416  61.861992  3.690
 45    90.687 53791.51136685 15.88 129.689976  61.865152  3.690
 46    89.894 53826.51131922 11.08 129.712878  61.815697  2.817
 46    89.469 53826.51131986 11.45 129.710438  61.818847  2.817
 46    88.989 53826.51132051 11.69 129.708008  61.821997  2.817
 46    89.295 53826.51132115 11.81 129.705578  61.825147  2.817
 46    88.450 53826.51132180 12.72 129.703138  61.828297  2.817
 46    90.632 53826.51132244 13.21 129.700708  61.831447  2.817
 46    91.282 53826.51132309 13.04 129.698273  61.834596  5.653
 46    91.869 53826.51132373 13.82 129.695833  61.837746  5.653
 46    92.179 53826.51132438 13.79 129.693403  61.840896  5.653
 46    92.307 53826.51132502 14.14 129.690963  61.844046  5.653
 46    92.447 53826.51132567 13.94 129.688523  61.847196  5.653
 46    92.381 53826.51132631 14.84 129.686083  61.850346  5.653
 47    86.643 53861.51140927 31.56 129.710496  61.817680 30.314
 47    86.432 53861.51140992 29.34 129.708066  61.820830 30.314
 47    86.208 53861.51141056 33.19 129.705636  61.823980 30.314
 47    86.151 53861.51141120 35.18 129.703196  61.827130 30.314
 47    86.203 53861.51141185 33.64 129.700766  61.830280 30.314
 47    86.136 53861.51141249 34.23 129.698326  61.833430 30.314
 47    86.175 53861.51141314 35.10 129.695896  61.836580 30.314
 47    86.242 53861.51141378 36.77 129.693466  61.839730 26.478
 47    86.150 53861.51141443 35.85 129.691026  61.842880 26.478
 47    86.258 53861.51141507 30.30 129.688586  61.846030 26.478
 47    86.181 53861.51141572 34.39 129.686156  61.849180 26.478
 48    95.171 53896.51142983 38.17 129.715636  61.819308 38.992
 48    95.092 53896.51143047 33.70 129.713206  61.822458 38.992
 48    94.984 53896.51143111 34.36 129.710771  61.825612 28.834
 48    94.941 53896.51143176 34.75 129.708341  61.828752 28.834
 48    94.919 53896.51143240 33.81 129.705911  61.831902 28.834
 48    94.730 53896.51143305 31.54 129.703471  61.835062 28.834
 48    94.479 53896.51143369 31.15 129.701041  61.838212 28.834
 48    94.291 53896.51143434 30.72 129.698601  61.841352 28.834
 48    94.201 53896.51143498 31.86 129.696171  61.844512 28.834
 48    94.360 53896.51143563 30.28 129.693731  61.847662 28.834
 48    94.766 53896.51143627 28.53 129.691301  61.850802 28.834
 48    94.827 53896.51143692 30.00 129.688861  61.853952 28.834
 48    94.809 53896.51143756 33.99 129.686421  61.857112 28.834
 49    90.339 53931.51147995 25.60 129.711201  61.816844 30.484
 49    90.423 53931.51148059 23.30 129.708771  61.819994 30.484
 49    90.133 53931.51148123 21.71 129.706341  61.823144 30.484
 49    89.982 53931.51148188 24.56 129.703911  61.826294 30.484
 49    90.008 53931.51148252 21.77 129.701481  61.829444 30.484
 49    91.774 53931.51148317 18.49 129.699041  61.832594 30.484
 49    92.619 53931.51148381 16.77 129.696611  61.835744 30.484
 49    93.099 53931.51148446 17.19 129.694179  61.838889 22.377
 49    93.286 53931.51148510 17.30 129.691739  61.842039 22.377
 49    93.374 53931.51148575 19.92 129.689309  61.845199 22.377
 49    93.677 53931.51148639 20.16 129.686869  61.848349 22.377
 49    93.936 53931.51148704 25.72 129.684439  61.851499 22.377
 50    91.134 53966.51145609 44.01 129.715802  61.820139 24.988
 50    90.996 53966.51145673 49.58 129.713372  61.823289 24.988
 50    91.015 53966.51145738 55.32 129.710942  61.826439 24.988
 50    90.974 53966.51145802 44.81 129.708512  61.829589 24.988
 50    90.736 53966.51145867 44.54 129.706082  61.832739 24.988
 50    90.772 53966.51145931 40.70 129.703642  61.835889 24.988
 50    90.607 53966.51145996 34.78 129.701212  61.839039 24.988
 50    90.368 53966.51146060 33.49 129.698782  61.842189 24.988
 50    90.515 53966.51146125 30.79 129.696342  61.845342 21.065
 50    90.394 53966.51146189 29.61 129.693902  61.848492 21.065
 50    90.384 53966.51146254 28.71 129.691472  61.851642 21.065
 50    90.444 53966.51146318 28.76 129.689032  61.854792 21.065
 50    93.049 53966.51146383 28.60 129.686602  61.857942 21.065
 51    90.520 54001.51141711 44.35 129.709410  61.813744 31.075
 51    90.419 54001.51141775 43.63 129.706980  61.816894 31.075
 51    90.388 54001.51141840 45.37 129.704540  61.820044 31.075
 51    90.185 54001.51141904 46.08 129.702110  61.823194 31.075
 51    90.130 54001.51141969 41.86 129.699670  61.826344 31.075
 51    90.107 54001.51142033 39.02 129.697240  61.829494 31.075
 51    90.013 54001.51142097 35.78 129.694800  61.832644 31.075
 51    90.016 54001.51142162 33.95 129.692365  61.835792 16.623
 51    89.939 54001.51142226 33.94 129.689935  61.838942 16.623
 51    89.973 54001.51142291 32.45 129.687495  61.842092 16.623
 51    90.052 54001.51142355 32.15 129.685055  61.845242 16.623
 51    90.082 54001.51142420 31.76 129.682615  61.848392 16.623
 52    87.587 54036.51145845 24.33 129.714773  61.821917  7.136
 52    87.543 54036.51145910 24.90 129.712343  61.825067  7.136
 52    87.170 54036.51145974 28.57 129.709903  61.828217  7.136
 52    87.272 54036.51146039 32.33 129.707473  61.831367  7.136
 52    87.187 54036.51146103 32.32 129.705043  61.834517  7.136
 52    86.865 54036.51146168 31.80 129.702603  61.837667  7.136
 52    86.929 54036.51146232 35.69 129.700173  61.840817  7.136
 52    86.733 54036.51146296 40.49 129.697735  61.843967 16.599
 52    86.837 54036.51146361 44.46 129.695295  61.847117 16.599
 52    86.821 54036.51146425 49.87 129.692865  61.850267 16.599
 52    86.793 54036.51146490 49.65 129.690425  61.853417 16.599
 52    86.775 54036.51146554 44.74 129.687985  61.856567 16.599
 53    88.775 54071.51145350 18.32 129.715236  61.826603  3.389
 53    91.018 54071.51145415 18.69 129.712806  61.829753  3.389
 53    89.524 54071.51145479 18.83 129.710366  61.832903  3.389
 53    89.850 54071.51145544 19.90 129.707936  61.836053  3.389
 53    89.937 54071.51145608 20.31 129.705506  61.839203  3.389
 53    90.455 54071.51145673 19.79 129.703066  61.842353  3.389
 53    90.514 54071.51145737 20.55 129.700627  61.845503  4.378
 53    90.968 54071.51145802 20.82 129.698197  61.848653  4.378
 53    91.145 54071.51145866 20.43 129.695757  61.851803  4.378
 53    91.685 54071.51145931 20.57 129.693327  61.854953  4.378
 53    91.374 54071.51145995 21.23 129.690887  61.858103  4.378
 53    91.626 54071.51146060 21.62 129.688447  61.861253  4.378
 54    88.630 54106.51140795 18.75 129.713033  61.842381  2.920
 54    89.535 54106.51140859 18.72 129.710603  61.845531  2.920
 54    89.512 54106.51140924 18.88 129.708167  61.848676  4.050
 54    89.225 54106.51140988 19.76 129.705737  61.851826  4.050
 54    89.500 54106.51141053 19.84 129.703297  61.854976  4.050
 54    90.045 54106.51141117 19.62 129.700867  61.858136  4.050
 54    88.087 54106.51141181 22.19 129.698427  61.861286  4.050
 54    88.205 54106.51141246 22.01 129.695997  61.864426  4.050
 54    88.779 54106.51141310 21.89 129.693557  61.867576  4.050
 55    89.457 54141.51138567 14.22 129.713369  61.817569  2.612
 55    88.872 54141.51138631 14.50 129.710939  61.820719  2.612
 55    88.439 54141.51138696 14.59 129.708509  61.823869  2.612
 55    89.243 54141.51138760 14.62 129.706069  61.827019  2.612
 55    88.763 54141.51138825 15.19 129.703639  61.830169  2.612
 55    90.648 54141.51138889 14.86 129.701199  61.833319  2.612
 55    90.674 54141.51138954 15.31 129.698769  61.836469  2.612
 55    91.363 54141.51139018 15.40 129.696328  61.839620  4.417
 55    91.880 54141.51139083 15.62 129.693898  61.842770  4.417
 55    91.739 54141.51139147 16.18 129.691458  61.845920  4.417
 55    91.789 54141.51139212 16.52 129.689028  61.849070  4.417
 55    91.827 54141.51139276 17.02 129.686588  61.852220  4.417
 56    89.323 54176.51138821 14.40 129.712055  61.836177  3.063
 56    89.221 54176.51138885 14.95 129.709625  61.839327  3.063
 56    90.114 54176.51138950 14.69 129.707195  61.842467  3.063
 56    90.334 54176.51139014 15.16 129.704755  61.845627  3.063
 56    90.359 54176.51139079 15.07 129.702325  61.848777  3.063
 56    90.117 54176.51139143 15.61 129.699885  61.851927  3.063
 56    89.996 54176.51139208 16.26 129.697455  61.855077  3.063
 56    90.170 54176.51139272 16.09 129.695015  61.858227  3.063
 56    91.243 54176.51139336 16.28 129.692585  61.861377  3.063
 56    91.060 54176.51139401 16.63 129.690145  61.864527  3.063
 57    93.080 54211.51139255 10.65 129.713786  61.817247  4.837
 57    94.318 54211.51139320 11.19 129.711356  61.820397  4.837
 57    92.899 54211.51139384  9.99 129.708926  61.823537  4.837
 57    92.624 54211.51139449 10.13 129.706496  61.826687  4.837
 57    92.197 54211.51139513 10.71 129.704056  61.829847  4.837
 57    91.727 54211.51139578 11.38 129.701626  61.832997  4.837
 57    92.186 54211.51139642 11.18 129.699186  61.836137  4.837
 57    93.169 54211.51139707 10.88 129.696756  61.839297  4.837
 57    93.496 54211.51139771 11.76 129.694326  61.842447  4.837
 57    94.493 54211.51139835 11.99 129.691886  61.845587  4.837
 57    94.922 54211.51139900 12.82 129.689446  61.848737  4.837
 57    94.756 54211.51139964 15.85 129.687016  61.851897  4.837
 58    93.094 54246.51142263 45.98 129.716045  61.819155 19.041
 58    92.985 54246.51142328 41.62 129.713615  61.822305 19.041
 58    92.924 54246.51142392 43.16 129.711185  61.825455 19.041
 58    92.664 54246.51142457 42.36 129.708755  61.828605 19.041
 58    92.578 54246.51142521 39.69 129.706315  61.831755 19.041
 58    92.576 54246.51142586 36.80 129.703885  61.834915 19.041
 58    92.463 54246.51142650 36.01 129.701445  61.838055 19.041
 58    92.475 54246.51142715 34.14 129.699015  61.841215 19.041
 58    92.469 54246.51142779 34.22 129.696575  61.844365 19.041
 58    92.562 54246.51142844 33.85 129.694145  61.847515 19.041
 58    92.631 54246.51142908 33.34 129.691705  61.850665 19.041
 58    92.650 54246.51142973 34.60 129.689275  61.853815 19.041
 58    93.352 54246.51143037 35.65 129.686835  61.856965 19.041
 60    91.174 54316.51143367 25.13 129.713341  61.831476 20.830
 60    90.816 54316.51143432 25.20 129.710901  61.834626 20.830
 60    90.137 54316.51143496 21.97 129.708471  61.837776 20.830
 60    89.651 54316.51143561 22.95 129.706031  61.840916 20.830
 60    89.538 54316.51143625 23.31 129.703601  61.844076 20.830
 60    89.384 54316.51143689 24.37 129.701171  61.847226 20.830
 60    89.180 54316.51143754 26.96 129.698731  61.850376 20.830
 60    89.464 54316.51143818 26.27 129.696291  61.853526 20.830
 60    89.563 54316.51143883 27.32 129.693861  61.856676 20.830
 60    89.551 54316.51143947 31.93 129.691421  61.859826 20.830
 60    89.605 54316.51144012 34.97 129.688981  61.862966 20.830
 61    88.356 54351.51140163 41.26 129.713609  61.836608 43.161
 61    88.453 54351.51140227 47.04 129.711179  61.839758 43.161
 61    88.299 54351.51140291 51.80 129.708749  61.842908 43.161
 61    88.357 54351.51140356 52.34 129.706309  61.846058 43.161
 61    88.351 54351.51140420 49.55 129.703879  61.849208 43.161
 61    88.283 54351.51140485 49.68 129.701439  61.852358 43.161
 61    88.214 54351.51140549 52.39 129.699009  61.855508 43.161
 61    88.220 54351.51140614 49.83 129.696569  61.858658 43.161
 61    88.284 54351.51140678 44.97 129.694139  61.861808 43.161
 61    88.338 54351.51140743 43.15 129.691699  61.864958 43.161
 62    89.296 54386.51137086 45.34 129.715259  61.820927 12.827
 62    89.045 54386.51137150 48.82 129.712829  61.824077 12.827
 62    87.979 54386.51137537 34.10 129.698219  61.842977 12.827
 62    88.200 54386.51137601 31.16 129.695789  61.846127 12.827
 62    88.051 54386.51137666 31.18 129.693349  61.849277 12.827
 62    88.548 54386.51137730 30.28 129.690909  61.852427 12.827
 62    88.365 54386.51137795 31.08 129.688479  61.855577 12.827
 62    93.064 54386.51137859 33.88 129.686039  61.858727 12.827
 63    88.121 54421.51135068 27.74 129.713495  61.833354  8.185
 63    87.911 54421.51135132 38.18 129.711065  61.836514  8.185
 63    88.053 54421.51135197 33.52 129.708625  61.839664  8.185
 63    89.638 54421.51135261 24.10 129.706195  61.842814  8.185
 63    90.409 54421.51135326 21.99 129.703755  61.845964  8.185
 63    91.076 54421.51135390 22.31 129.701325  61.849114  8.185
 63    91.023 54421.51135454 22.05 129.698895  61.852264  8.185
 63    91.205 54421.51135519 21.52 129.696455  61.855414  8.185
 63    91.132 54421.51135583 23.12 129.694015  61.858564  8.185
 63    91.015 54421.51135648 23.88 129.691585  61.861714  8.185
 64    88.837 54456.51134301 19.93 129.711690  61.815909  4.528
 64    88.787 54456.51134366 20.98 129.709260  61.819049  4.528
 64    88.647 54456.51134430 21.47 129.706830  61.822209  4.528
 64    88.322 54456.51134495 21.04 129.704400  61.825359  4.528
 64    88.269 54456.51134559 20.33 129.701960  61.828499  4.528
 64    88.175 54456.51134624 20.67 129.699530  61.831659  4.528
 64    90.843 54456.51134688 19.76 129.697090  61.834809  4.528
 64    91.923 54456.51134752 18.85 129.694660  61.837959  4.528
 64    92.214 54456.51134817 18.38 129.692220  61.841099  4.528
 64    92.300 54456.51134881 18.30 129.689790  61.844259  4.528
 64    92.281 54456.51134946 18.59 129.687350  61.847399  4.528
 64    92.350 54456.51135010 19.08 129.684910  61.850549  4.528
 65    89.125 54491.51135249 16.94 129.712876  61.833990  3.950
 65    89.762 54491.51135314 17.34 129.710446  61.837140  3.950
 65    89.544 54491.51135378 17.82 129.708006  61.840290  3.950
 65    90.110 54491.51135443 17.67 129.705576  61.843440  3.950
 65    90.260 54491.51135507 17.19 129.703136  61.846590  3.950
 65    90.388 54491.51135572 17.74 129.700706  61.849740  3.950
 65    90.684 54491.51135636 16.89 129.698266  61.852890  3.950
 65    90.354 54491.51135701 16.86 129.695836  61.856040  3.950
 65    90.549 54491.51135765 17.75 129.693396  61.859190  3.950
 65    91.033 54491.51135830 18.41 129.690956  61.862340  3.950
 66    90.579 54526.51135676 13.78 129.713865  61.821574  3.636
 66    88.625 54526.51135741 13.62 129.711435  61.824724  3.636
 66    88.529 54526.51135805 14.06 129.708995  61.827874  3.636
 66    89.986 54526.51135870 14.49 129.706565  61.831024  3.636
 66    89.270 54526.51135934 14.96 129.704135  61.834174  3.636
 66    90.091 54526.51135999 14.77 129.701695  61.837324  3.636
 66    90.222 54526.51136063 14.72 129.699265  61.840474  3.636
 66    91.408 54526.51136127 14.90 129.696825  61.843624  3.636
 66    91.440 54526.51136192 14.80 129.694395  61.846764  3.636
 66    91.115 54526.51136256 15.23 129.691955  61.849924  3.636
 66    91.042 54526.51136321 15.41 129.689515  61.853074  3.636
 66    91.655 54526.51136385 15.47 129.687075  61.856224  3.636
 67    89.295 54561.51136156 12.87 129.711954  61.837181  3.036
 67    89.028 54561.51136221 13.10 129.709524  61.840341  3.036
 67    89.716 54561.51136285 12.81 129.707084  61.843491  3.036
 67    90.411 54561.51136350 12.42 129.704654  61.846631  3.036
 67    90.329 54561.51136414 12.65 129.702214  61.849781  3.036
 67    90.183 54561.51136479 12.41 129.699784  61.852941  3.036
 67    91.123 54561.51136543 12.24 129.697344  61.856081  3.036
 67    90.946 54561.51136607 12.78 129.694914  61.859231  3.036
 67    91.195 54561.51136672 12.76 129.692474  61.862381  3.036
 68    87.414 54596.51135300 36.97 129.715169  61.823044 30.558
 68    87.252 54596.51135365 36.23 129.712729  61.826194 30.558
 68    87.315 54596.51135429 35.68 129.710299  61.829344 30.558
 68    87.163 54596.51135494 35.20 129.707869  61.832494 30.558
 68    87.251 54596.51135558 38.75 129.705429  61.835654 30.558
 68    87.026 54596.51135623 38.43 129.702999  61.838794 30.558
 68    87.060 54596.51135687 37.10 129.700559  61.841954 30.558
 68    87.042 54596.51135752 31.37 129.698129  61.845104 30.558
 68    87.181 54596.51135816 35.16 129.695689  61.848244 30.558
 68    86.992 54596.51135881 35.02 129.693259  61.851404 30.558
 68    87.070 54596.51135945 30.14 129.690819  61.854554 30.558
 68    87.074 54596.51136009 35.83 129.688379  61.857704 30.558
 69    92.956 54631.51136608 35.43 129.715945  61.820928 44.277
 69    92.920 54631.51136673 29.48 129.713515  61.824074 18.014
 69    92.694 54631.51136737 28.94 129.711075  61.827224 18.014
 69    92.586 54631.51136802 27.93 129.708645  61.830384 18.014
 69    92.552 54631.51136866 29.54 129.706215  61.833534 18.014
 69    92.239 54631.51136931 28.54 129.703775  61.836684 18.014
 69    92.031 54631.51136995 27.58 129.701345  61.839824 18.014
 69    91.988 54631.51137060 25.37 129.698905  61.842984 18.014
 69    91.776 54631.51137124 24.88 129.696475  61.846134 18.014
 69    91.863 54631.51137189 23.31 129.694035  61.849274 18.014
 69    93.739 54631.51137253 22.06 129.691605  61.852424 18.014
 69    93.443 54631.51137318 24.45 129.689165  61.855584 18.014
 69    93.203 54631.51137382 31.02 129.686725  61.858734 18.014
 70    89.611 54666.51137257 24.73 129.714246  61.822773 31.858
 70    89.409 54666.51137322 28.03 129.711811  61.825928 21.065
 70    89.428 54666.51137386 31.43 129.709381  61.829068 21.065
 70    89.307 54666.51137451 27.93 129.706941  61.832228 21.065
 70    89.262 54666.51137515 28.80 129.704511  61.835378 21.065
 70    89.175 54666.51137580 21.47 129.702081  61.838528 21.065
 70    90.952 54666.51137644 19.46 129.699641  61.841678 21.065
 70    91.492 54666.51137708 20.75 129.697211  61.844828 21.065
 70    91.286 54666.51137773 21.07 129.694771  61.847978 21.065
 70    91.663 54666.51137837 21.03 129.692331  61.851128 21.065
 70    92.081 54666.51137902 22.86 129.689901  61.854278 21.065
 70    93.182 54666.51137966 25.56 129.687461  61.857428 21.065
 71    90.629 54701.51134418 33.02 129.711868  61.841107 18.710
 71    90.469 54701.51134482 27.66 129.709428  61.844257 18.710
 71    90.394 54701.51134547 27.32 129.706998  61.847407 18.710
 71    89.999 54701.51134611 28.33 129.704558  61.850557 18.710
 71    90.120 54701.51134676 28.95 129.702128  61.853707 18.710
 71    90.185 54701.51134740 31.09 129.699688  61.856857 18.710
 71    90.312 54701.51134805 33.30 129.697258  61.860007 18.710
 71    90.455 54701.51134869 36.27 129.694818  61.863157 18.710
 71    90.426 54701.51134934 41.75 129.692378  61.866317 18.710
 72    90.841 54736.51133122 25.51 129.713594  61.815398 32.940
 72    90.451 54736.51133187 22.37 129.711164  61.818548 32.940
 72    90.319 54736.51133251 23.87 129.708729  61.821702 20.006
 72    89.892 54736.51133316 24.80 129.706299  61.824842 20.006
 72    89.891 54736.51133380 29.10 129.703869  61.828002 20.006
 72    90.184 54736.51133445 21.04 129.701429  61.831152 20.006
 72    91.085 54736.51133509 19.33 129.698999  61.834302 20.006
 72    89.374 54736.51133574 21.14 129.696559  61.837452 20.006
 72    89.390 54736.51133638 21.08 129.694129  61.840602 20.006
 72    90.925 54736.51133703 22.19 129.691689  61.843752 20.006
 72    91.256 54736.51133767 23.57 129.689259  61.846902 20.006
 72    89.126 54736.51133832 24.11 129.686819  61.850042 20.006
 72    93.689 54736.51133896 25.02 129.684379  61.853192 20.006
 73    87.856 54771.51132349 45.28 129.711714  61.834847 28.616
 73    87.787 54771.51132414 48.03 129.709274  61.837997 28.616
 73    87.726 54771.51132478 43.91 129.706844  61.841147 28.616
 73    87.700 54771.51132543 46.05 129.704414  61.844297 28.616
 73    87.699 54771.51132607 48.30 129.701974  61.847447 28.616
 73    87.715 54771.51132672 47.70 129.699544  61.850597 28.616
 73    87.745 54771.51132736 50.15 129.697104  61.853747 28.616
 73    87.764 54771.51132801 48.95 129.694674  61.856897 28.616
 73    87.737 54771.51132865 52.55 129.692234  61.860047 28.616
 73    87.634 54771.51132929 47.26 129.689794  61.863197 28.616
 74    87.951 54806.51132476 19.62 129.712902  61.814695  3.819
 74    88.871 54806.51132540 19.25 129.710462  61.817845  3.819
 74    88.090 54806.51132605 19.80 129.708032  61.820997  6.438
 74    88.066 54806.51132669 19.96 129.705602  61.824147  6.438
 74    87.867 54806.51132734 20.34 129.703172  61.827297  6.438
 74    87.737 54806.51132798 20.79 129.700732  61.830447  6.438
 74    87.826 54806.51132862 22.04 129.698302  61.833597  6.438
 74    90.787 54806.51132927 21.68 129.695862  61.836747  6.438
 74    87.575 54806.51132991 23.21 129.693432  61.839897  6.438
 74    88.423 54806.51133056 23.00 129.690992  61.843047  6.438
 74    91.575 54806.51133120 23.66 129.688562  61.846197  6.438
 74    91.364 54806.51133185 24.49 129.686122  61.849347  6.438
 75    88.480 54841.51131779 16.70 129.715750  61.825373  3.074
 75    88.365 54841.51131844 16.82 129.713321  61.828519  5.412
 75    88.208 54841.51131908 17.45 129.710891  61.831669  5.412
 75    87.929 54841.51131972 18.08 129.708451  61.834819  5.412
 75    89.564 54841.51132037 17.69 129.706021  61.837969  5.412
 75    89.212 54841.51132101 19.01 129.703591  61.841129  5.412
 75    87.881 54841.51132166 19.98 129.701151  61.844269  5.412
 75    87.986 54841.51132230 20.91 129.698721  61.847419  5.412
 75    90.034 54841.51132295 20.75 129.696281  61.850569  5.412
 75    89.942 54841.51132359 21.19 129.693851  61.853719  5.412
 75    90.331 54841.51132424 21.85 129.691411  61.856869  5.412
 75    89.671 54841.51132488 21.53 129.688971  61.860019  5.412
 76    88.147 54876.51132691 14.76 129.714260  61.818952  5.795
 76    87.996 54876.51132755 14.66 129.711830  61.822102  5.795
 76    87.998 54876.51132820 15.48 129.709400  61.825262  5.795
 76    88.291 54876.51132884 15.75 129.706970  61.828412  5.795
 76    87.600 54876.51132949 16.55 129.704530  61.831562  5.795
 76    87.604 54876.51133013 16.60 129.702100  61.834702  5.795
 76    87.931 54876.51133078 17.32 129.699660  61.837862  5.795
 76    87.840 54876.51133142 18.78 129.697230  61.841012  5.795
 76    91.086 54876.51133207 17.97 129.694790  61.844152  5.795
 76    90.767 54876.51133271 18.52 129.692360  61.847312  5.795
 76    90.799 54876.51133336 19.11 129.689920  61.850462  5.795
 76    90.837 54876.51133400 18.95 129.687490  61.853612  5.795
 77    87.906 54911.51132508 15.25 129.711929  61.837004  4.389
 77    87.068 54911.51132573 16.54 129.709499  61.840154  4.389
 77    87.035 54911.51132637 16.56 129.707059  61.843304  4.389
 77    87.285 54911.51132702 17.30 129.704629  61.846454  4.389
 77    88.339 54911.51132766 17.22 129.702189  61.849604  4.389
 77    86.699 54911.51132831 19.43 129.699759  61.852754  4.389
 77    89.557 54911.51132895 18.41 129.697319  61.855894  4.389
 77    89.237 54911.51132960 18.53 129.694889  61.859054  4.389
 77    89.149 54911.51133024 17.49 129.692449  61.862204  4.389
 77    89.323 54911.51133089 16.98 129.690009  61.865354  4.389
 78    86.809 54946.51131934 39.67 129.713930  61.816459 25.973
 78    87.519 54946.51131998 36.99 129.711500  61.819605 30.265
 78    87.702 54946.51132062 38.12 129.709060  61.822755 30.265
 78    86.566 54946.51132127 34.63 129.706630  61.825905 30.265
 78    86.378 54946.51132191 40.07 129.704200  61.829065 30.265
 78    86.343 54946.51132256 42.35 129.701760  61.832215 30.265
 78    87.098 54946.51132320 37.85 129.699330  61.835355 30.265
 78    86.343 54946.51132385 46.24 129.696890  61.838515 30.265
 78    86.397 54946.51132449 45.95 129.694460  61.841665 30.265
 78    86.726 54946.51132514 41.49 129.692020  61.844805 30.265
 78    86.526 54946.51132578 49.13 129.689590  61.847965 30.265
 78    86.603 54946.51132643 46.59 129.687150  61.851115 30.265
 78    86.514 54946.51132707 47.41 129.684710  61.854265 30.265
 79    92.385 54981.51134634 28.51 129.715084  61.822320 17.148
 79    92.151 54981.51134698 24.86 129.712654  61.825470 17.148
 79    92.005 54981.51134763 25.05 129.710224  61.828620 17.148
 79    91.934 54981.51134827 25.11 129.707794  61.831770 17.148
 79    91.743 54981.51134892 24.50 129.705354  61.834920 17.148
 79    91.589 54981.51134956 24.24 129.702924  61.838070 17.148
 79    91.579 54981.51135020 22.15 129.700484  61.841220 17.148
 79    91.572 54981.51135085 22.73 129.698054  61.844370 17.148
 79    91.762 54981.51135149 21.22 129.695614  61.847520 17.148
 79    92.417 54981.51135214 19.84 129.693184  61.850670 17.148
 79    93.545 54981.51135278 19.25 129.690744  61.853830 17.148
 79    93.432 54981.51135343 22.36 129.688314  61.856980 17.148
 80    91.643 55016.51134686 41.46 129.716386  61.822377 27.743
 80    91.632 55016.51134751 41.10 129.713956  61.825527 27.743
 80    91.542 55016.51134815 42.36 129.711523  61.828672 15.987
 80    91.397 55016.51134880 35.80 129.709093  61.831822 15.987
 80    91.365 55016.51134944 34.91 129.706663  61.834972 15.987
 80    91.450 55016.51135009 38.09 129.704223  61.838132 15.987
 80    91.244 55016.51135073 35.14 129.701793  61.841282 15.987
 80    91.096 55016.51135138 35.21 129.699353  61.844422 15.987
 80    91.153 55016.51135202 33.27 129.696923  61.847572 15.987
 80    90.929 55016.51135267 33.38 129.694483  61.850732 15.987
 80    91.085 55016.51135331 32.49 129.692053  61.853872 15.987
 80    91.099 55016.51135396 33.56 129.689613  61.857022 15.987
 80    91.254 55016.51135460 33.55 129.687173  61.860182 15.987
 81    89.068 55051.51134266 45.47 129.714850  61.827110 21.987
 81    89.051 55051.51134331 50.51 129.712420  61.830260 21.987
 81    89.034 55051.51134395 48.42 129.709980  61.833410 21.987
 81    88.997 55051.51134460 45.53 129.707550  61.836560 21.987
 81    88.959 55051.51134524 39.19 129.705120  61.839710 21.987
 81    88.720 55051.51134589 34.91 129.702680  61.842860 21.987
 81    88.515 55051.51134653 34.84 129.700250  61.846010 21.987
 81    88.735 55051.51134718 34.59 129.697810  61.849170 21.987
 81    88.776 55051.51134782 37.02 129.695370  61.852310 21.987
 81    88.895 55051.51134847 38.82 129.692940  61.855460 21.987
 81    88.921 55051.51134911 42.79 129.690500  61.858610 21.987
 81    88.853 55051.51134976 45.39 129.688060  61.861760 21.987
 82    89.512 55086.51130972 32.69 129.712789  61.839841 28.377
 82    89.528 55086.51131037 29.20 129.710349  61.842991 28.377
 82    89.538 55086.51131101 29.00 129.707919  61.846141 28.377
 82    89.458 55086.51131166 28.91 129.705479  61.849291 28.377
 82    89.381 55086.51131230 28.06 129.703049  61.852441 28.377
 82    89.323 55086.51131295 26.89 129.700609  61.855591 28.377
 82    89.225 55086.51131359 26.95 129.698176  61.858744 21.235
 82    89.017 55086.51131424 28.66 129.695736  61.861894 21.235
 82    89.231 55086.51131488 27.83 129.693306  61.865044 21.235
 83    88.961 55121.51127499 30.73 129.715045  61.817627 19.356
 83    89.125 55121.51127564 29.33 129.712615  61.820777 19.356
 83    88.962 55121.51127628 30.64 129.710185  61.823927 19.356
 83    88.758 55121.51127693 30.60 129.707745  61.827077 19.356
 83    88.807 55121.51127757 29.69 129.705315  61.830227 19.356
 83    88.658 55121.51127822 28.63 129.702885  61.833377 19.356
 83    88.663 55121.51127886 28.19 129.700445  61.836527 19.356
 83    88.345 55121.51127951 28.64 129.698015  61.839677 19.356
 83    88.358 55121.51128015 25.06 129.695575  61.842827 19.356
 83    91.851 55121.51128080 21.95 129.693137  61.845974 23.959
 83    91.996 55121.51128144 21.57 129.690707  61.849124 23.959
 83    92.342 55121.51128209 20.32 129.688267  61.852274 23.959
 83    92.928 55121.51128273 21.99 129.685827  61.855424 23.959
 84    87.534 55156.51126876 28.78 129.711397  61.834016  8.352
 84    87.330 55156.51126941 29.81 129.708957  61.837166  8.352
 84    87.216 55156.51127005 27.51 129.706527  61.840316  8.352
 84    87.329 55156.51127070 25.65 129.704097  61.843466  8.352
 84    87.279 55156.51127134 27.27 129.701657  61.846616  8.352
 84    87.244 55156.51127199 26.22 129.699227  61.849766  8.352
 84    87.224 55156.51127263 25.24 129.696787  61.852916  8.352
 84    88.167 55156.51127327 23.73 129.694350  61.856065  4.360
 84    88.825 55156.51127392 21.54 129.691920  61.859215  4.360
 84    89.242 55156.51127456 19.63 129.689480  61.862365  4.360
 85    88.406 55191.51126469 19.11 129.711221  61.817323  3.761
 85    88.275 55191.51126533 19.99 129.708790  61.820477  6.511
 85    88.440 55191.51126598 21.38 129.706360  61.823627  6.511
 85    88.519 55191.51126662 21.90 129.703930  61.826777  6.511
 85    88.237 55191.51126727 22.16 129.701490  61.829927  6.511
 85    88.148 55191.51126791 22.37 129.699060  61.833077  6.511
 85    87.990 55191.51126856 23.90 129.696620  61.836227  6.511
 85    88.049 55191.51126920 22.85 129.694190  61.839377  6.511
 85    87.990 55191.51126985 23.71 129.691750  61.842527  6.511
 85    88.259 55191.51127049 20.96 129.689320  61.845677  6.511
 85    87.958 55191.51127113 21.41 129.686880  61.848827  6.511
 85    90.754 55191.51127178 19.22 129.684440  61.851977  6.511
 86    87.586 55226.51126901 17.86 129.713013  61.831780  4.567
 86    87.614 55226.51126965 16.59 129.710583  61.834930  4.567
 86    87.477 55226.51127030 17.96 129.708143  61.838080  4.567
 86    87.125 55226.51127094 19.81 129.705713  61.841230  4.567
 86    87.074 55226.51127159 20.57 129.703273  61.844380  4.567
 86    87.203 55226.51127223 18.89 129.700843  61.847530  4.567
 86    87.190 55226.51127288 18.24 129.698403  61.850680  4.567
 86    86.994 55226.51127352 17.27 129.695971  61.853830  3.060
 86    86.886 55226.51127417 17.29 129.693531  61.856980  3.060
 86    88.946 55226.51127481 16.05 129.691101  61.860130  3.060
 86    89.125 55226.51127545 14.98 129.688661  61.863280  3.060
 87    88.521 55261.51126097 13.23 129.715520  61.822316  3.688
 87    87.587 55261.51126162 13.72 129.713090  61.825476  3.688
 87    87.510 55261.51126226 14.58 129.710660  61.828626  3.688
 87    87.664 55261.51126291 14.54 129.708220  61.831776  3.688
 87    87.512 55261.51126355 15.12 129.705790  61.834926  3.688
 87    87.446 55261.51126420 15.22 129.703360  61.838076  3.688
 87    87.039 55261.51126484 16.05 129.700920  61.841226  3.688
 87    86.949 55261.51126549 16.10 129.698490  61.844376  3.688
 87    86.927 55261.51126613 15.14 129.696051  61.847524  3.081
 87    86.746 55261.51126678 15.25 129.693611  61.850674  3.081
 87    89.394 55261.51126742 13.74 129.691181  61.853824  3.081
 87    89.616 55261.51126807 13.96 129.688741  61.856974  3.081
 88    87.997 55296.51125540 12.75 129.711806  61.838392  3.492
 88    87.589 55296.51125604 13.50 129.709376  61.841542  3.492
 88    87.418 55296.51125669 13.69 129.706946  61.844692  3.492
 88    87.030 55296.51125733 14.60 129.704506  61.847842  3.492
 88    87.939 55296.51125798 13.72 129.702076  61.850992  3.492
 88    86.567 55296.51125862 14.23 129.699636  61.854142  3.492
 88    88.517 55296.51125927 13.88 129.697201  61.857293  2.822
 88    88.501 55296.51125991 13.10 129.694771  61.860443  2.822
 88    88.562 55296.51126056 12.35 129.692331  61.863593  2.822
 89    89.339 55331.51124127 40.94 129.716269  61.821020 36.664
 89    89.333 55331.51124192 45.64 129.713839  61.824170 36.664
 89    89.175 55331.51124256 54.07 129.711409  61.827320 36.664
 89    89.254 55331.51124320 45.24 129.708979  61.830470 36.664
 89    89.120 55331.51124385 48.05 129.706539  61.833620 36.664
 89    89.119 55331.51124449 39.96 129.704109  61.836770 36.664
 89    89.088 55331.51124514 43.31 129.701669  61.839920 36.664
 89    89.003 55331.51124578 40.05 129.699239  61.843070 36.664
 89    89.165 55331.51124643 35.33 129.696799  61.846220 36.664
 89    89.155 55331.51124707 36.19 129.694368  61.849372 25.786
 89    89.060 55331.51124772 28.35 129.691928  61.852522 25.786
 89    89.026 55331.51124836 30.31 129.689498  61.855672 25.786
 89    89.165 55331.51124901 34.42 129.687058  61.858822 25.786
 90    90.442 55366.51123606 41.16 129.713264  61.832085 21.278
 90    90.427 55366.51123671 41.50 129.710834  61.835235 21.278
 90    90.419 55366.51123735 38.43 129.708394  61.838385 21.278
 90    90.334 55366.51123800 35.38 129.705964  61.841535 21.278
 90    90.147 55366.51123864 35.92 129.703524  61.844685 21.278
 90    89.894 55366.51123929 34.81 129.701094  61.847835 21.278
 90    89.890 55366.51123993 32.38 129.698654  61.850985 21.278
 90    90.129 55366.51124058 30.65 129.696219  61.854135 15.753
 90    90.135 55366.51124122 30.60 129.693789  61.857285 15.753
 90    90.157 55366.51124187 31.29 129.691349  61.860435 15.753
 90    90.264 55366.51124251 32.58 129.688909  61.863585 15.753
 91    88.534 55401.51124695 41.80 129.712199  61.818224 26.030
 91    88.553 55401.51124760 40.72 129.709769  61.821374 26.030
 91    88.460 55401.51124824 36.07 129.707339  61.824524 26.030
 91    88.525 55401.51124889 38.51 129.704899  61.827674 26.030
 91    88.566 55401.51124953 41.50 129.702469  61.830824 26.030
 91    88.447 55401.51125018 48.46 129.700029  61.833974 26.030
 91    88.365 55401.51125082 45.38 129.697599  61.837124 26.030
 91    88.272 55401.51125147 46.19 129.695169  61.840274 26.030
 91    88.171 55401.51125211 37.38 129.692729  61.843424 26.030
 91    88.242 55401.51125276 34.58 129.690297  61.846572 30.257
 91    88.274 55401.51125340 32.02 129.687857  61.849722 30.257
 91    88.475 55401.51125405 38.53 129.685417  61.852872 30.257
 92    89.627 55436.51125409 40.84 129.711216  61.834968 25.117
 92    89.499 55436.51125473 38.45 129.708783  61.838113 13.405
 92    89.393 55436.51125538 37.61 129.706353  61.841263 13.405
 92    89.306 55436.51125602 34.21 129.703913  61.844413 13.405
 92    89.102 55436.51125667 33.70 129.701483  61.847563 13.405
 92    89.031 55436.51125731 30.82 129.699043  61.850723 13.405
 92    88.979 55436.51125796 30.16 129.696613  61.853863 13.405
 92    89.262 55436.51125860 28.64 129.694173  61.857013 13.405
 92    89.352 55436.51125924 27.92 129.691733  61.860163 13.405
 92    89.423 55436.51125989 27.98 129.689303  61.863313 13.405
 93    88.182 55471.51120665 51.58 129.712295  61.843075 31.687
 93    88.073 55471.51120730 50.87 129.709865  61.846225 31.687
 93    88.101 55471.51120794 49.54 129.707435  61.849375 31.687
 93    87.999 55471.51120859 49.78 129.704995  61.852525 31.687
 93    88.072 55471.51120923 49.47 129.702565  61.855685 31.687
 93    87.926 55471.51120987 49.64 129.700125  61.858835 31.687
 93    87.975 55471.51121052 49.43 129.697685  61.861975 31.687
 93    88.058 55471.51121116 39.61 129.695255  61.865135 31.687
 93    88.049 55471.51121181 44.63 129.692815  61.868285 31.687
