-271538.185   216.343     0.00   27.60
-271167.965   215.127    -3.28   29.12
-270797.685   212.499    -7.10   28.65
-270427.347   209.218    -8.86   27.49
-270056.950   205.104   -11.10   26.19
-269686.494   202.751    -6.35   23.74
-269315.978   203.896     3.09   24.68
-268945.404   208.049    11.20   29.76
-268574.771   213.026    13.43   33.83
-268204.078   208.772   -11.47   36.03
-267833.326   198.760   -27.00   31.17
-267462.515   188.206   -28.46   18.06
-267091.645   186.773    -3.86   10.88
-266720.715   194.015    19.52   13.17
-266349.727   203.712    26.13   14.33
-265978.679   215.606    32.05   18.32
-265607.571   227.421    31.83   21.86
-265236.404   241.036    36.67   25.54
-264865.178   250.677    25.97   26.71
-264493.892   256.728    16.29   26.08
-264122.547   253.233    -9.41   23.76
-263751.143   236.752   -44.36   28.34
-263379.678   219.752   -45.75   29.64
-263008.155   195.352   -65.66   26.65
-262636.571   177.772   -47.30   19.14
-262264.928   167.539   -27.53   13.34
-261893.226   161.880   -15.22    7.56
-261521.464   160.922    -2.58    5.16
-261149.642   161.819     2.41    4.93
-260777.760   163.235     3.81    5.10
-260405.819   164.472     3.33    5.45
-260033.818   166.470     5.37    6.24
-259661.757   169.025     6.87    6.81
-259289.636   172.988    10.65    7.39
-258917.455   176.696     9.96    7.13
-258545.215   182.539    15.69    9.92
-258172.914   187.778    14.07   11.67
-257800.554   195.391    20.44   14.35
-257428.133   202.757    19.77   15.29
-257055.653   214.023    30.24   17.75
-256683.112   222.424    22.55   17.82
-256310.511   228.666    16.75   18.97
-255937.851   229.104     1.18   20.30
-255565.130   224.699   -11.82   21.95
-255192.349   220.577   -11.06   22.29
-254819.507   219.805    -2.07   27.86
-254446.606   222.669     7.68   31.51
-254073.644   219.102    -9.56   29.58
-253700.622   213.839   -14.10   23.06
-253327.540   210.512    -8.92   16.55
-252954.397   215.191    12.54   18.33
-252581.194   219.751    12.22   18.51
-252207.931   223.907    11.13   15.12
-251834.607   223.509    -1.06   13.40
-251461.222   223.457    -0.14   17.12
-251087.777   222.431    -2.75   22.69
-250714.272   219.983    -6.55   26.93
-250340.706   215.712   -11.43   28.27
-249967.079   209.878   -15.61   25.86
-249593.392   205.164   -12.61   18.96
-249219.645   205.896     1.96   15.33
-248845.836   209.177     8.78   15.34
-248471.967   217.760    22.95   17.86
-248098.037   225.880    21.71   20.06
-247724.046   238.112    32.70   22.71
-247349.995   250.888    34.15   24.37
-246975.882   264.523    36.44   24.26
-246601.709   275.542    29.44   24.81
-246227.475   280.819    14.10   25.13
-245853.180   286.199    14.37   25.74
-245478.824   292.983    18.12   24.50
-245104.408   295.819     7.57   20.87
-244729.930   301.645    15.55   17.52
-244355.391   310.217    22.88   16.98
-243980.791   319.065    23.62   16.11
-243606.130   321.718     7.08   14.38
-243231.407   317.039   -12.48   20.93
-242856.624   303.472   -36.19   29.30
-242481.779   286.115   -46.30   30.27
-242106.874   266.494   -52.32   27.55
-241731.907   248.102   -49.04   28.11
-241356.878   235.712   -33.03   28.77
-240981.789   227.992   -20.58   23.94
-240606.638   222.052   -15.83   14.90
-240231.425   227.461    14.41   18.35
-239856.152   242.019    38.78   23.00
-239480.816   258.993    45.22   25.17
-239105.420   275.233    43.25   26.21
-238729.962   292.271    45.37   22.33
-238354.442   301.603    24.84   19.97
-237978.861   304.271     7.10   19.42
-237603.218   297.324   -18.49   25.10
-237227.513   288.529   -23.41   32.01
-236851.747   276.094   -33.09   35.42
-236475.920   256.786   -51.36   35.52
-236100.030   242.325   -38.46   29.53
-235724.079   233.753   -22.80   21.18
-235348.066   228.865   -13.00   13.15
-234971.991   230.419     4.13   12.38
-234595.855   235.592    13.75   14.83
-234219.656   241.883    16.72   15.32
-233843.396   250.894    23.94   18.63
-233467.073   258.632    20.56   20.25
-233090.689   266.799    21.69   20.94
-232714.243   279.780    34.48   22.83
-232337.735   294.632    39.44   26.12
-231961.164   298.978    11.54   26.79
-231584.532   302.934    10.50   26.30
-231207.837   311.507    22.75   26.90
-230831.081   315.286    10.03   25.92
-230454.262   319.417    10.96   22.62
-230077.381   328.896    25.15   21.21
-229700.438   334.259    14.23   19.66
-229323.432   339.195    13.09   13.94
-228946.364   331.128   -21.39   21.94
-228569.234   310.760   -54.00   30.60
-228192.042   293.258   -46.39   31.48
-227814.787   281.058   -32.33   23.00
-227437.469   281.618     1.48   22.62
-227060.090   296.641    39.80   26.13
-226682.647   308.452    31.29   16.21
-226305.142   295.974   -33.05   31.25
-225927.575   275.542   -54.10   36.13
-225549.945   257.260   -48.40   35.41
-225172.252   231.983   -66.91   30.92
-224794.497   217.192   -39.15   28.16
-224416.679   214.299    -7.66   26.71
-224038.799   220.983    17.69   31.36
-223660.855   241.457    54.16   35.32
-223282.849   258.366    44.72   32.24
-222904.780   270.863    33.05   28.37
-222526.649   279.271    22.23   25.81
-222148.454   276.312    -7.82   24.88
-221770.196   266.077   -27.05   27.76
-221391.876   249.624   -43.48   29.86
-221013.493   232.812   -44.42   24.60
-220635.046   225.948   -18.13   27.04
-220256.537   227.686     4.59   31.27
-219877.964   233.019    14.09   32.77
-219499.329   240.091    18.67   31.97
-219120.630   242.852     7.29   28.46
-218741.868   242.102    -1.98   24.95
-218363.043   236.394   -15.06   31.05
-217984.155   228.696   -20.31   43.49
-217605.203   208.438   -53.45   64.54
-217226.188   180.748   -73.04   74.43
-216847.110   151.841   -76.24   70.96
-216467.969   123.004   -76.04   49.61
-216088.764   107.939   -39.72   29.41
-215709.496   101.865   -16.01   13.84
-215330.164   103.065     3.16    9.32
-214950.769   106.520     9.10    7.70
-214571.310   109.102     6.80    5.21
-214191.788   108.615    -1.28    6.24
-213813.101   108.536    -0.21    5.96
-213445.746   108.934     1.08    6.16
-213078.331   108.476    -1.25    6.13
-212710.858   108.819     0.93    5.47
-212343.325   110.033     3.30    5.11
-211975.733   111.206     3.19    4.32
-211608.082   112.927     4.68    4.43
-211240.372   113.059     0.36    5.12
-210872.603   111.786    -3.46    5.25
-210504.774   109.286    -6.80    5.80
-210136.886   105.628    -9.94    6.61
-209768.938   101.115   -12.26    6.97
-209400.931    92.922   -22.26   10.35
-209032.865    89.154   -10.24   10.44
-208664.739    92.852    10.04   15.18
-208296.554   100.859    21.74   17.56
-207928.310   112.483    31.56   13.37
-207560.005   119.592    19.30    8.29
-207191.642   122.312     7.38    6.40
-206823.218   123.065     2.04    4.64
-206454.735   121.234    -4.97    5.19
-206086.193   117.000   -11.49    6.42
-205717.590   109.889   -19.29   10.90
-205348.929   101.676   -22.27   15.06
-204980.207   100.533    -3.10   17.10
-204611.425   106.286    15.60   20.20
-204242.584   116.206    26.89   21.05
-203873.683   127.961    31.86   17.42
-203504.722   133.779    15.76   18.16
-203135.701   137.208     9.29   17.25
-202766.621   138.154     2.56   13.65
-202397.480   139.390     3.35    9.86
-202028.279   142.588     8.66   10.30
-201659.019   148.720    16.60   13.05
-201289.698   159.141    28.21   18.42
-200920.318   172.391    35.86   24.05
-200550.877   188.799    44.41   23.94
-200181.376   202.390    36.78   17.02
-199811.815   208.432    16.35   12.68
-199442.194   205.837    -7.02   15.85
-199072.512   201.619   -11.41   15.90
-198702.771   202.632     2.74   16.57
-198332.969   213.562    29.55   19.48
-197963.107   228.483    40.34   20.56
-197593.184   247.694    51.92   20.30
-197223.201   262.654    40.43   18.35
-196853.158   272.365    26.24   15.78
-196483.054   277.663    14.31   16.82
-196112.890   282.404    12.81   18.17
-195742.665   286.786    11.83   16.08
-195372.380   290.952    11.25   10.95
-195002.035   290.684    -0.73   12.11
-194631.628   290.194    -1.32   13.10
-194261.162   287.533    -7.18   12.72
-193890.634   281.818   -15.42   14.45
-193520.046   272.117   -26.17   21.05
-193149.397   252.362   -53.29   28.52
-192778.688   231.805   -55.44   29.72
-192407.918   212.442   -52.22   20.96
-192037.087   205.247   -19.40   14.91
-191666.195   206.326     2.91   18.47
-191295.242   212.602    16.92   19.58
-190924.229   215.019     6.51   15.52
-190553.154   207.417   -20.48   20.17
-190182.019   185.416   -59.27   29.82
-189810.822   167.055   -49.46   27.53
-189439.565   155.013   -32.43   19.14
-189068.247   157.666     7.14   21.85
-188696.867   166.351    23.38   23.20
-188325.427   170.013     9.86   22.07
-187953.925   162.857   -19.26   25.91
-187582.363   150.339   -33.69   22.06
-187210.739   140.248   -27.15   15.36
-186839.054   139.459    -2.12   14.26
-186467.307   145.607    16.53   25.07
-186095.500   154.273    23.30   34.06
-185723.631   165.128    29.19   41.03
-185351.701   174.457    25.08   43.63
-184979.709   183.785    25.07   45.06
-184607.656   189.207    14.57   44.26
-184235.542   194.619    14.54   42.19
-183863.366   196.731     5.67   40.69
-183491.129   197.590     2.31   39.95
-183118.830   199.204     4.34   38.30
-182746.470   202.210     8.07   38.76
-182374.048   206.504    11.53   37.78
-182001.564   212.416    15.87   37.04
-181629.019   216.313    10.46   34.57
-181256.412   221.611    14.22   35.09
-180883.744   226.771    13.85   34.54
-180511.013   234.628    21.08   29.15
-180138.221   240.245    15.07   28.07
-179765.367   247.286    18.88   23.75
-179392.452   253.229    15.93   20.59
-179019.474   258.224    13.39   19.66
-178646.435   260.751     6.77   18.91
-178273.334   264.221     9.30   17.76
-177900.171   268.245    10.78   14.83
-177526.945   272.753    12.08   15.73
-177153.658   276.883    11.06   16.31
-176780.309   278.104     3.27   15.17
-176406.898   280.166     5.52   14.14
-176033.424   282.312     5.75   14.62
-175659.889   284.499     5.85   13.41
-175286.291   283.527    -2.60   16.26
-174912.631   277.378   -16.45   23.85
-174538.909   269.195   -21.89   26.65
-174165.124   266.235    -7.92   23.71
-173791.278   271.046    12.87   21.62
-173417.369   274.585     9.46   19.77
-173043.397   279.052    11.94   19.77
-172669.364   277.455    -4.27   22.46
-172295.267   271.944   -14.73   24.24
-171921.109   260.945   -29.39   26.85
-171546.888   250.192   -28.73   26.49
-171172.604   239.198   -29.37   27.15
-170798.258   238.152    -2.79   25.01
-170423.849   245.641    20.00   22.36
-170049.378   257.609    31.95   23.15
-169674.844   270.141    33.46   19.44
-169300.247   279.894    26.03   18.81
-168925.588   277.524    -6.32   21.81
-168550.866   271.724   -15.48   22.31
-168176.081   269.524    -5.87   20.72
-167801.233   267.059    -6.58   16.74
-167426.323   265.780    -3.41   14.41
-167051.349   257.102   -23.14   20.12
-166676.313   239.102   -47.99   27.68
-166301.214   223.143   -42.54   24.86
-165926.052   220.088    -8.14   22.56
-165550.827   227.377    19.42   25.61
-165175.539   238.364    29.27   21.59
-164800.187   234.088   -11.39   26.77
-164424.773   218.865   -40.55   32.36
-164049.296   207.208   -31.04   25.99
-163673.755   207.733     1.40   24.86
-163298.151   221.273    36.04   24.19
-162922.484   229.543    22.01   16.77
-162546.754   213.961   -41.46   31.85
-162170.961   195.799   -48.32   33.72
-161795.104   177.020   -49.95   31.40
-161419.184   160.819   -43.09   24.26
-161043.200   155.449   -14.28   17.37
-160667.153   154.491    -2.55   15.32
-160291.043   168.517    37.29   26.21
-159914.869   186.739    48.43   29.92
-159538.632   204.689    47.70   28.24
-159162.331   222.068    46.18   22.98
-158785.966   234.156    32.11   20.52
-158409.538   246.468    32.70   19.95
-158033.047   257.650    29.70   21.09
-157656.491   271.852    37.71   18.49
-157279.872   280.926    24.09   15.84
-156903.189   286.940    15.96   16.76
-156526.443   289.615     7.10   17.95
-156149.633   293.078     9.19   15.57
-155772.758   295.904     7.50   13.77
-155395.820   297.733     4.85   11.90
-155018.818   298.691     2.54   12.12
-154641.752   298.699     0.02   12.27
-154264.623   294.854   -10.19   11.92
-153887.429   288.411   -17.08   12.71
-153510.171   281.164   -19.21   10.21
-153132.849   275.222   -15.75    9.24
-152755.463   268.403   -18.07   11.53
-152378.013   260.856   -19.99   13.82
-152000.498   255.388   -14.48   13.72
-151622.920   254.017    -3.63   13.47
-151245.277   254.248     0.61   14.37
-150867.570   250.494    -9.94   16.36
-150489.799   237.561   -34.23   21.77
-150111.963   221.731   -41.89   19.76
-149734.063   210.632   -29.37   14.53
-149356.099   204.847   -15.30   10.98
-148978.070   197.234   -20.14   10.60
-148599.976   192.915   -11.42    9.08
-148221.819   195.388     6.54   12.96
-147843.596   203.204    20.66   18.91
-147465.309   217.561    37.95   21.03
-147086.958   231.023    35.57   17.13
-146708.542   234.260     8.55   16.25
-146330.061   230.107   -10.97   17.61
-145951.516   223.223   -18.18   15.58
-145572.906   216.052   -18.94   13.54
-145194.231   210.944   -13.49   12.14
-144815.491   209.134    -4.78   10.99
-144436.686   208.326    -2.13   10.06
-144057.817   207.653    -1.78   10.23
-143678.883   206.515    -3.00   11.92
-143299.883   206.427    -0.23   14.46
-142920.819   210.234    10.04   16.10
-142541.690   213.507     8.63   12.65
-142162.496   210.850    -7.00   12.44
-141783.236   199.684   -29.44   20.52
-141403.912   184.156   -40.93   21.57
-141024.523   174.831   -24.58   16.36
-140645.068   170.199   -12.21    9.03
-140265.548   173.099     7.64    9.04
-139885.963   177.517    11.64    8.16
-139506.313   178.902     3.65    8.28
-139126.597   177.831    -2.82    8.33
-138757.152   176.326    -4.07    8.65
-138389.922   172.036   -11.68   10.10
-138022.631   166.785   -14.29   10.62
-137655.280   161.436   -14.56   10.54
-137287.868   156.623   -13.10    7.25
-136920.396   156.539    -0.23    7.68
-136552.862   156.934     1.07    8.29
-136185.268   155.598    -3.64    8.42
-135817.614   154.672    -2.52   11.93
-135449.898   153.957    -1.94   16.77
-135082.122   151.966    -5.41   16.37
-134714.285   153.599     4.44   16.60
-134346.386   159.246    15.35   23.19
-133978.427   171.691    33.82   29.91
-133610.407   179.741    21.87   30.52
-133242.326   186.198    17.54   28.61
-132874.184   190.235    10.97   24.25
-132505.981   192.299     5.61   21.40
-132137.717   197.312    13.61   25.45
-131769.392   199.539     6.05   29.25
-131401.006   196.049    -9.47   33.59
-131032.558   191.870   -11.34   37.64
-130664.049   184.957   -18.76   39.38
-130295.479   176.299   -23.49   38.68
-129926.848   167.599   -23.60   34.24
-129558.155   156.953   -28.87   23.52
-129189.401   150.799   -16.69   14.52
-128820.586   153.562     7.49   17.30
-128451.709   158.043    12.14   22.56
-128082.771   158.312     0.73   23.91
-127713.772   153.559   -12.88   21.36
-127344.711   146.982   -17.82   13.37
-126975.588   142.399   -12.42    5.31
-126606.404   141.825    -1.56    4.82
-126237.159   143.704     5.09    8.32
-125867.851   147.455    10.16   15.53
-125498.482   147.109    -0.94   17.95
-125129.052   145.404    -4.61   15.91
-124759.560   141.684   -10.07    8.49
-124390.006   143.850     5.86    7.83
-124020.390   150.196    17.17    8.18
-123650.712   151.909     4.63    7.39
-123280.973   151.729    -0.49    6.96
-122911.172   150.030    -4.60    5.97
-122541.309   148.574    -3.94    3.85
-122171.384   149.194     1.68    3.99
-121801.397   150.134     2.54    5.35
-121431.348   150.501     0.99    5.65
-121061.237   148.945    -4.21    5.87
-120691.064   146.444    -6.76    5.65
-120320.828   144.836    -4.34    5.52
-119950.531   143.286    -4.19    5.37
-119580.172   142.324    -2.60    5.08
-119209.750   140.352    -5.32    5.22
-118839.267   138.932    -3.83    5.24
-118468.721   138.350    -1.57    5.37
-118098.112   138.704     0.96    7.81
-117727.442   141.417     7.32   10.84
-117356.709   144.686     8.82   11.73
-116985.914   147.865     8.57   12.83
-116615.056   148.426     1.51   11.83
-116244.136   147.352    -2.90    9.99
-115873.153   146.970    -1.03    8.68
-115502.108   150.414     9.28   11.34
-115131.001   157.735    19.72   13.32
-114759.831   167.086    25.19    9.74
-114388.598   173.486    17.24    7.34
-114017.303   178.533    13.59    4.37
-113645.945   180.489     5.27    4.76
-113274.524   181.637     3.09    7.10
-112903.041   182.223     1.58    8.16
-112531.495   183.581     3.65    8.31
-112159.886   186.767     8.57    8.80
-111788.214   192.598    15.69    9.51
-111416.480   197.349    12.78    9.75
-111044.682   201.917    12.29    8.62
-110672.822   204.896     8.01    8.29
-110300.899   206.375     3.98    7.40
-109928.913   203.711    -7.16    8.59
-109556.863   200.043    -9.86    9.53
-109184.751   194.209   -15.67   11.24
-108812.576   186.641   -20.33   10.16
-108440.337   185.773    -2.33   10.74
-108068.036   188.364     6.96   11.04
-107695.671   192.949    12.31    9.62
-107323.243   194.138     3.19    7.53
-106950.752   191.711    -6.52    8.42
-106578.198   189.440    -6.10    8.58
-106205.580   189.009    -1.16    9.15
-105832.899   194.132    13.74   11.42
-105460.155   197.390     8.74    9.68
-105087.347   195.805    -4.25   12.19
-104714.476   189.786   -16.14   14.91
-104341.541   181.774   -21.48   11.86
-103968.543   176.760   -13.44    7.68
-103595.481   173.982    -7.45    6.58
-103222.356   172.068    -5.13    6.59
-102849.167   171.818    -0.67    6.60
-102475.915   173.611     4.80    7.82
-102102.599   177.033     9.17    8.51
-101729.219   178.109     2.88    8.43
-101355.775   173.299   -12.88   10.90
-100982.268   168.628   -12.50    9.20
-100608.697   167.736    -2.39    9.48
-100235.062   168.312     1.54   12.00
 -99861.363   160.736   -20.27   20.51
 -99487.601   148.566   -32.56   20.78
 -99113.774   136.104   -33.33   13.86
 -98739.884   129.015   -18.96    5.20
 -98365.929   128.736    -0.75    5.59
 -97991.911   131.162     6.48    7.08
 -97617.828   136.211    13.50    8.78
 -97243.682   141.352    13.74    8.94
 -96869.471   148.248    18.43    9.11
 -96495.196   156.594    22.30   10.10
 -96120.857   164.699    21.65    9.90
 -95746.454   171.628    18.51    7.49
 -95371.986   176.324    12.54    6.73
 -94997.454   179.039     7.25    6.15
 -94622.858   179.970     2.48    5.95
 -94248.198   181.337     3.65    5.62
 -93873.473   181.786     1.20    4.47
 -93498.683   182.174     1.03    4.95
 -93123.830   182.046    -0.34    6.05
 -92748.911   180.389    -4.42    7.68
 -92373.929   178.568    -4.85    9.56
 -91998.881   174.786   -10.08   10.01
 -91623.770   171.825    -7.89    8.17
 -91248.593   169.611    -5.90    5.76
 -90873.352   169.585    -0.07    5.94
 -90498.046   169.024    -1.49    5.92
 -90122.676   169.075     0.14    5.84
 -89747.240   168.249    -2.20    4.86
 -89371.740   168.880     1.68    4.12
 -88996.175   169.160     0.74    4.64
 -88620.545   167.431    -4.60    6.32
 -88244.851   167.793     0.96    8.84
 -87869.091   165.231    -6.82   13.67
 -87493.267   156.911   -22.14   14.05
 -87117.377   151.181   -15.25    9.54
 -86741.423   147.724    -9.19    5.66
 -86365.403   145.122    -6.92    6.29
 -85989.318   143.161    -5.21    5.25
 -85613.168   144.658     3.98    8.15
 -85236.953   150.501    15.53   12.41
 -84860.673   159.944    25.09   10.96
 -84484.328   165.932    15.91    7.79
 -84107.917   168.861     7.78    6.19
 -83731.441   169.101     0.64    6.01
 -83354.900   167.132    -5.23    7.72
 -82978.293   165.707    -3.78    7.92
 -82601.621   166.549     2.24    8.92
 -82224.884   165.585    -2.56   10.35
 -81848.081   164.509    -2.85    9.80
 -81471.212   160.672   -10.18    7.12
 -81094.278   157.403    -8.67    7.41
 -80717.279   159.812     6.39    9.23
 -80340.213   161.052     3.29    9.46
 -79963.083   159.917    -3.01    9.18
 -79585.886   157.549    -6.28    9.29
 -79208.624   151.696   -15.51    8.86
 -78831.296   146.311   -14.27   10.22
 -78453.902   139.717   -17.47   11.57
 -78076.443   132.286   -19.68   12.13
 -77698.917   125.442   -18.13    9.94
 -77321.326   121.130   -11.42    6.98
 -76943.669   118.530    -6.89    7.49
 -76565.946   117.055    -3.90    8.42
 -76188.157   113.974    -8.16    8.27
 -75810.301   111.611    -6.25    6.56
 -75432.380   115.699    10.82   13.13
 -75054.393   123.486    20.60   18.37
 -74676.339   132.749    24.50   18.68
 -74298.220   143.164    27.54   13.36
 -73920.034   148.805    14.92    6.41
 -73541.782   149.453     1.71    5.44
 -73163.464   146.729    -7.20    7.62
 -72785.079   142.876   -10.18    8.31
 -72406.628   138.511   -11.53    8.60
 -72028.111   134.008   -11.90    6.08
 -71649.527   130.561    -9.10    6.19
 -71270.877   125.324   -13.83    6.93
 -70892.161   120.970   -11.50    6.70
 -70513.377   116.899   -10.75    4.94
 -70134.528   114.852    -5.40    2.57
 -69755.612   115.786     2.47    3.53
 -69376.629   118.483     7.12    4.56
 -68997.579   122.013     9.31    6.08
 -68618.463   126.167    10.96    6.60
 -68239.280   132.436    16.53    8.57
 -67860.030   139.825    19.48    9.09
 -67480.714   145.874    15.95    8.43
 -67101.331   153.451    19.97    8.76
 -66721.880   158.064    12.16    8.69
 -66342.363   160.849     7.34    8.24
 -65962.779   162.696     4.87    6.67
 -65583.128   164.124     3.76    4.84
 -65203.410   165.154     2.71    3.79
 -64823.625   166.435     3.37    4.08
 -64443.773   167.207     2.03    3.94
 -64071.090   166.671    -1.44    4.01
 -63704.053   166.366    -0.83    4.68
 -63336.954   162.374   -10.87    8.03
 -62969.793   156.904   -14.90    8.74
 -62602.570   151.674   -14.24    7.57
 -62235.284   149.096    -7.02    5.77
 -61867.937   147.709    -3.78    3.41
 -61500.527   147.171    -1.46    2.94
 -61133.055   147.411     0.65    3.58
 -60765.520   147.414     0.01    3.92
 -60397.923   145.679    -4.72    4.67
 -60030.264   143.312    -6.44    5.74
 -59662.542   139.373   -10.71    6.09
 -59294.758   135.724    -9.92    5.39
 -58926.911   134.400    -3.60    5.35
 -58559.002   134.186    -0.58    5.43
 -58191.031   135.389     3.27    4.74
 -57822.996   133.336    -5.58    7.84
 -57454.900   127.436   -16.03   10.19
 -57086.740   119.436   -21.73   10.66
 -56718.518   111.312   -22.06   10.64
 -56350.233   101.674   -26.17   14.22
 -55981.885    87.607   -38.19   17.34
 -55613.475    73.824   -37.41   18.35
 -55245.002    60.413   -36.39   13.65
 -54876.466    54.484   -16.09    9.34
 -54507.867    57.259     7.53   13.38
 -54139.205    66.074    23.91   15.71
 -53770.480    76.539    28.38   12.48
 -53401.692    81.879    14.48    5.27
 -53032.842    82.444     1.53    4.81
 -52663.928    80.706    -4.71    4.89
 -52294.951    78.812    -5.13    4.14
 -51925.911    78.628    -0.50    4.11
 -51556.808    78.380    -0.67    4.22
 -51187.642    79.311     2.52    3.78
 -50818.413    80.260     2.57    2.77
 -50449.120    81.299     2.81    2.83
 -50079.764    81.907     1.65    3.22
 -49710.345    82.236     0.89    3.11
 -49340.862    82.659     1.14    2.79
 -48971.317    81.482    -3.19    2.44
 -48601.707    81.143    -0.92    2.49
 -48232.035    81.225     0.22    2.70
 -47862.298    80.759    -1.26    2.59
 -47492.499    80.036    -1.96    2.83
 -47122.636    80.520     1.31    2.78
 -46752.709    80.786     0.72    2.75
 -46382.719    79.438    -3.64    8.84
 -46012.665    70.474   -24.22   20.36
 -45642.547    65.260   -14.09   22.46
 -45272.366    62.949    -6.24   23.30
 -44902.121    67.107    11.23   23.46
 -44531.812    76.287    24.79   19.68
 -44161.440    85.451    24.74    5.93
 -43791.003    86.224     2.09    2.65
 -43420.503    84.805    -3.83    3.70
 -43049.939    81.961    -7.67    4.50
 -42679.311    80.210    -4.72    4.22
 -42308.619    78.701    -4.07    2.68
 -41937.863    78.729     0.08    2.34
 -41567.043    79.999     3.42    2.27
 -41196.159    80.337     0.91    2.00
 -40825.211    80.761     1.14    2.33
 -40454.199    80.849     0.24    2.34
 -40083.122    80.361    -1.32    2.58
 -39711.982    80.536     0.47    2.69
 -39340.777    80.886     0.94    3.18
 -38969.508    82.043     3.11    3.77
 -38598.175    83.599     4.19    4.14
 -38226.777    84.641     2.80    4.37
 -37855.315    86.163     4.10    3.76
 -37483.788    87.186     2.75    3.39
 -37112.198    88.099     2.46    2.94
 -36740.542    87.760    -0.91    2.73
 -36368.823    85.399    -6.35    4.70
 -35997.038    83.899    -4.03    5.30
 -35625.189    82.756    -3.07    4.51
 -35253.276    82.312    -1.19    4.69
 -34881.298    80.824    -4.00    7.41
 -34509.255    78.863    -5.27    8.94
 -34137.148    76.536    -6.25    8.28
 -33764.975    76.172    -0.98    6.58
 -33392.738    76.528     0.96    5.03
 -33020.437    77.109     1.56    5.37
 -32648.070    76.011    -2.95    5.72
 -32275.639    73.581    -6.53    5.33
 -31903.142    73.974     1.05    5.69
 -31530.581    75.388     3.79    6.16
 -31157.955    76.536     3.08    5.66
 -30785.264    75.427    -2.98    5.37
 -30412.508    73.411    -5.41    5.00
 -30039.686    71.914    -4.02    4.31
 -29666.800    71.470    -1.19    3.40
 -29293.848    70.914    -1.49    4.26
 -28920.831    66.823   -10.97    7.62
 -28547.750    63.481    -8.96    7.50
 -28174.602    59.986    -9.36    6.13
 -27801.390    58.338    -4.42    5.97
 -27428.112    58.909     1.53    7.80
 -27054.769    60.154     3.34   10.11
 -26681.361    61.726     4.21   10.24
 -26307.887    64.062     6.26    9.72
 -25934.347    68.077    10.75    8.37
 -25560.742    69.628     4.15    6.33
 -25187.072    72.385     7.38    7.89
 -24813.336    78.417    16.14   11.83
 -24439.535    84.324    15.80   12.32
 -24065.668    89.206    13.06    9.45
 -23691.735    89.645     1.17    7.31
 -23317.736    85.838   -10.18    7.04
 -22943.672    81.775   -10.86    5.88
 -22569.542    82.637     2.30    8.87
 -22195.347    89.574    18.54   16.59
 -21821.085    98.438    23.68   18.12
 -21446.758   106.106    20.48   15.32
 -21072.364   112.894    18.13    9.45
 -20697.905   115.756     7.64    6.93
 -20323.380   118.017     6.04    4.89
 -19948.789   118.953     2.50    3.98
 -19574.131   119.061     0.29    3.49
 -19199.408   115.608    -9.22    7.31
 -18824.619   109.636   -15.93   10.28
 -18449.763   104.388   -14.00    9.86
 -18074.841   100.017   -11.66    6.94
 -17699.853   101.583     4.18    6.69
 -17324.799   106.250    12.44    8.58
 -16949.679   110.780    12.08    8.18
 -16574.492   112.361     4.21    6.68
 -16199.238   110.722    -4.37    7.72
 -15823.919   103.311   -19.74   11.51
 -15448.533    94.957   -22.25   13.10
 -15073.080    85.457   -25.30   13.55
 -14697.561    76.691   -23.34   10.66
 -14321.976    70.586   -16.25    6.79
 -13946.324    67.559    -8.06    3.13
 -13570.605    67.929     0.98    2.80
 -13194.820    69.078     3.06    3.23
 -12818.968    70.101     2.72    2.99
 -12443.049    71.378     3.40    3.60
 -12067.064    67.780    -9.57    9.54
 -11691.011    64.628    -8.38   11.87
 -11314.892    61.022    -9.59   11.66
 -10938.706    59.843    -3.13    9.59
 -10562.454    61.459     4.30    8.96
 -10186.134    64.825     8.94    8.30
  -9809.747    67.953     8.31    6.80
  -9433.294    69.628     4.45    7.23
  -9056.773    68.616    -2.69    7.29
  -8680.185    66.474    -5.69    5.87
  -8303.530    64.286    -5.81    3.94
  -7926.808    62.274    -5.34    2.89
  -7550.019    61.237    -2.75    2.66
  -7173.163    60.823    -1.10    2.78
  -6796.239    61.561     1.96    3.23
  -6419.248    63.886     6.17    3.82
  -6042.190    66.524     6.99    4.02
  -5665.064    68.998     6.56    2.87
  -5287.871    69.645     1.72    2.32
  -4910.611    67.982    -4.41    4.12
  -4533.283    63.207   -12.65    8.83
  -4155.887    55.904   -19.35   15.05
  -3778.424    48.039   -20.84   17.92
  -3400.894    41.640   -16.95   22.29
  -3023.296    34.861   -17.95   25.82
  -2645.630    25.261   -25.42   23.85
  -2267.897    15.111   -26.87   17.10
  -1890.095     8.347   -17.90    9.61
  -1512.226     4.571    -9.99    5.79
  -1134.290     1.978    -6.86    2.54
   -756.285     0.974    -2.66    1.68
   -378.213     0.186    -2.08    1.26
     -0.072    -0.201    -1.02    1.54
    378.136    -0.233    -0.08    1.57
    756.412     0.126     0.95    0.88
   1134.756     0.325     0.53    0.16
   1513.169     0.299    -0.07    0.00
   1891.649     0.299     0.00    0.00
   2270.198     0.299     0.00    0.00
   2648.814     0.299     0.00    0.00
   3027.499     0.774     1.25    2.49
   3406.252     1.844     2.83    4.52
   3785.074     1.945     0.27    4.49
   4163.963     1.603    -0.90    4.29
   4542.921     0.848    -1.99    2.45
   4921.948     0.299    -1.45    0.00
   5301.043     0.299     0.00    0.00
   5680.206     0.299     0.00    0.00
   6059.438     0.299     0.00    0.00
   6438.738     0.299     0.00    0.00
   6818.107     0.299     0.00    0.00
   7197.544     0.854     1.46    3.38
   7577.051     5.792    13.01   15.56
   7956.625    24.251    48.63   45.48
   8336.269    51.878    72.77   64.92
   8715.981    87.549    93.94   68.59
   9095.762   117.863    79.82   56.37
   9475.612   143.555    67.64   25.41
   9855.531   147.476    10.32   14.03
  10235.519   143.731    -9.86   13.63
  10611.742   137.799   -15.77   12.75
  10978.582   131.492   -17.19    9.54
  11345.486   124.061   -20.25    9.72
  11712.454   119.311   -12.95   11.06
  12079.485   116.336    -8.11   11.53
  12446.580   111.511   -13.14   13.78
  12813.739   103.986   -20.50   18.38
  13180.962    97.070   -18.83   26.89
  13548.248    87.948   -24.84   36.20
  13915.598    75.897   -32.81   45.77
  14283.013    64.575   -30.81   52.44
  14650.491    47.459   -46.58   53.02
  15018.033    25.753   -59.06   36.88
  15385.639    11.768   -38.05   16.23
  15753.309     6.043   -15.57    6.83
  16121.043     3.904    -5.82    5.70
  16488.842     1.842    -5.61    3.34
  16856.704     0.981    -2.34    1.80
  17224.631     1.349     1.00    2.38
  17592.622     1.694     0.94    2.50
  17960.677     1.867     0.47    2.80
  18328.796     2.262     1.07    3.26
  18696.980     3.534     3.45    5.15
  19065.228     5.677     5.82    6.40
  19433.541     6.124     1.21    6.01
  19801.917     5.811    -0.85    5.16
  20170.359     5.055    -2.05    4.61
  20538.865     4.385    -1.82    4.43
  20907.435     3.811    -1.56    4.30
  21276.070     5.811     5.43    5.96
  21644.769     9.398     9.73    9.62
  22013.533    11.299     5.16   12.75
  22382.362    11.513     0.58   14.27
  22751.255    14.362     7.72   15.91
  23120.213    18.422    11.00   16.54
  23489.236    23.774    14.50   14.70
  23858.324    28.311    12.29   12.26
  24227.476    26.805    -4.08   14.14
  24596.694    25.701    -2.99   15.14
  24965.976    25.312    -1.05   16.16
  25335.323    23.064    -6.09   16.87
  25704.735    22.799    -0.72   17.01
  26074.212    21.287    -4.09   17.54
  26443.754    22.457     3.17   17.51
  26813.361    21.201    -3.40   17.60
  27183.034    20.104    -2.97   17.83
  27552.771    20.228     0.33   17.52
  27922.574    19.825    -1.09   17.20
  28292.441    20.472     1.75   17.48
  28662.374    21.674     3.25   17.30
  29032.373    19.699    -5.34   17.60
  29402.436    17.743    -5.28   17.67
  29772.565    13.941   -10.27   17.41
  30142.760    11.236    -7.31   16.58
  30513.019     8.142    -8.36   15.68
  30883.344     6.957    -3.20   15.71
  31253.735     4.006    -7.97   14.37
  31624.191     1.049    -7.98   12.06
  31994.713    -2.091    -8.48    8.23
  32365.300    -4.182    -5.64    3.40
  32735.953    -4.701    -1.40    0.00
  33106.672    -4.701     0.00    0.00
  33477.456    -4.701     0.00    0.00
  33848.306    -4.479     0.60    1.44
  34219.221    -3.969     1.37    2.70
  34590.203    -3.034     2.52    4.35
  34961.250    -3.126    -0.25    5.00
  35332.364    -3.466    -0.92    4.85
  35703.543    -3.933    -1.26    4.00
  36074.788    -4.701    -2.07    0.00
  36446.099    -4.701     0.00    0.00
  36817.476    -4.652     0.13    0.31
  37188.919    -4.591     0.16    0.80
  37560.428    -2.701     5.09    5.93
  37932.003     1.823    12.18   11.05
  38303.645     7.719    15.86   13.26
  38675.352    14.632    18.60   12.02
  39047.126    21.140    17.51    5.96
  39418.966    23.006     5.02    1.19
  39790.872    23.128     0.33    1.18
  40162.845    23.274     0.39    1.12
  40534.884    23.116    -0.43    1.52
  40906.989    21.188    -5.18    4.36
  41279.161    18.116    -8.25    6.29
  41651.399    14.213   -10.49    6.33
  42023.704    11.189    -8.12    4.92
  42396.076     8.616    -6.91    2.14
  42768.513     8.323    -0.79    1.47
  43141.018     8.860     1.44    1.51
  43513.589     9.092     0.62    1.43
  43886.227     7.055    -5.47    5.95
  44258.932     4.653    -6.45    7.85
  44631.703     2.275    -6.38    8.07
  45004.541     0.461    -4.86    7.72
  45377.446    -1.701    -5.80    7.13
  45750.418    -2.982    -3.43    6.27
  46123.456    -2.372     1.63    6.35
  46496.562    -2.084     0.77    6.00
  46869.735    -2.457    -1.00    5.44
  47242.974    -2.469    -0.03    5.21
  47616.281    -2.018     1.21    6.60
  47989.655     0.003     5.41    7.54
  48363.095     3.052     8.17    6.64
  48736.603     5.237     5.85    5.22
  49110.178     5.805     1.52    3.90
  49483.821     4.892    -2.44    4.80
  49857.530     4.990     0.26    6.91
  50231.307     5.543     1.48    8.96
  50605.152     6.624     2.89   10.68
  50979.063     9.361     7.32   11.28
  51353.042    13.101    10.00    9.56
  51727.089    13.521     1.12    8.49
  52101.203    12.335    -3.17    9.53
  52475.384    10.476    -4.97   10.73
  52849.633     7.336    -8.39   11.58
  53223.950     5.530    -4.82   11.49
  53598.334     3.709    -4.86   11.22
  53972.786     3.350    -0.96   10.78
  54347.306     4.251     2.41   11.24
  54721.893     5.248     2.66   11.40
  55096.548     1.433   -10.18   11.76
  55471.271    -1.675    -8.30   10.83
  55846.062    -1.995    -0.85   12.39
  56220.920     1.171     8.45   14.64
  56595.847     4.787     9.65   15.31
  56970.841     8.221     9.16   14.13
  57345.904    11.758     9.43   11.59
  57721.034    15.145     9.03    7.12
  58096.233    18.118     7.92    4.25
  58471.500    19.696     4.21    3.90
  58846.835    19.687    -0.02    3.05
  59222.238    18.970    -1.91    3.07
  59597.709    17.628    -3.57    2.69
  59973.248    16.486    -3.04    1.93
  60348.856    16.706     0.58    2.03
  60724.532    16.669    -0.10    1.88
  61100.277    16.558    -0.30    2.01
  61476.089    16.299    -0.69    2.10
  61851.971    15.998    -0.80    1.95
  62227.920    15.990    -0.02    2.63
  62603.939    18.829     7.55    6.96
  62980.026    21.177     6.24    7.02
  63356.181    22.421     3.31    6.21
  63732.405    23.336     2.43    4.66
  64108.698    22.836    -1.33    3.56
  64485.059    20.799    -5.41    4.04
  64861.489    19.682    -2.97    3.98
  65237.988    19.769     0.23    3.95
  65614.556    20.592     2.19    4.17
  65991.193    22.360     4.70    3.42
  66367.898    23.484     2.98    2.08
  66744.672    24.064     1.54    1.76
  67121.516    24.024    -0.11    1.76
  67498.428    24.177     0.41    1.77
  67875.410    24.504     0.87    1.66
  68252.460    24.511     0.02    1.54
  68629.580    24.286    -0.60    1.52
  69006.769    23.998    -0.76    1.67
  69384.027    24.427     1.14    2.00
  69761.354    24.358    -0.18    2.74
  70138.750    23.661    -1.85    3.40
  70516.216    22.385    -3.38    3.74
  70893.751    21.348    -2.75    2.99
  71271.356    21.264    -0.22    2.59
  71649.029    22.126     2.28    2.74
  72026.773    23.070     2.50    2.60
  72404.586    23.684     1.63    2.42
  72782.468    24.262     1.53    2.36
  73160.420    24.616     0.94    2.14
  73538.442    24.957     0.90    1.76
  73916.533    25.665     1.87    2.03
  74294.694    26.274     1.61    2.38
  74672.925    26.613     0.90    2.62
  75051.225    27.608     2.63    2.40
  75429.595    27.978     0.98    2.61
  75808.035    26.940    -2.74    4.27
  76186.545    24.240    -7.13    6.41
  76565.125    21.722    -6.65    6.92
  76943.775    19.216    -6.62    5.30
  77322.495    17.084    -5.63    2.07
  77701.285    16.752    -0.87    1.68
  78080.145    17.213     1.21    1.80
  78459.075    18.140     2.45    1.84
  78838.075    18.608     1.23    1.66
  79217.145    19.046     1.16    1.76
  79596.286    18.884    -0.43    1.83
  79975.497    18.311    -1.51    1.91
  80354.778    17.239    -2.83    1.95
  80734.130    16.549    -1.82    1.73
  81113.552    15.528    -2.69    1.50
  81493.044    15.172    -0.94    1.67
  81872.607    15.489     0.84    1.81
  82252.241    16.850     3.58    2.43
  82631.944    18.433     4.17    2.97
  83011.719    20.068     4.31    2.50
  83391.564    21.513     3.80    2.54
  83771.480    22.594     2.84    1.98
  84151.466    22.745     0.40    1.87
  84531.524    22.858     0.30    2.03
  84911.652    23.573     1.88    2.50
  85291.716    26.191     6.89   12.84
  85658.351    32.835    18.12   24.67
  86025.051    41.966    24.90   36.89
  86391.817    48.858    18.79   41.52
  86758.647    53.945    13.87   41.78
  87125.543    60.001    16.51   39.87
  87492.504    68.632    23.52   38.45
  87859.531    79.805    30.44   37.65
  88226.623    87.799    21.78   36.57
  88593.781   102.287    39.46   31.06
  88961.004   111.581    25.31   27.46
  89328.293   115.146     9.71   21.06
  89695.647   119.052    10.63   15.79
  90063.067   121.046     5.43   11.74
  90430.552   119.588    -3.97   11.05
  90798.103   113.049   -17.79   14.04
  91165.720   107.567   -14.91   11.62
  91533.402   104.739    -7.69    7.68
  91901.151   106.913     5.91    6.95
  92268.965   110.628    10.10    5.96
  92636.845   113.775     8.55    4.83
  93004.790   117.823    11.00    5.73
  93372.802   121.287     9.41    5.85
  93740.880   123.211     5.23    5.38
  94109.023   124.345     3.08    4.75
  94477.233   123.842    -1.37    5.28
  94845.509   120.531    -8.99    6.19
  95213.851   116.514   -10.91    5.20
  95582.259   114.275    -6.08    4.18
  95950.733   112.671    -4.36    2.92
  96319.273   113.564     2.42    3.36
  96687.879   114.273     1.92    3.57
  97056.552   115.264     2.69    3.46
  97425.291   116.248     2.67    2.89
  97794.097   116.525     0.75    1.85
  98162.969   115.514    -2.74    2.08
  98531.907   113.588    -5.22    3.72
  98900.912   111.252    -6.33    4.64
  99269.983   109.418    -4.97    4.40
  99639.121   109.799     1.03    4.92
 100008.325   111.870     5.61    5.32
 100377.596   114.699     7.66    4.55
 100746.933   116.576     5.08    2.86
 101116.337   117.456     2.38    2.63
 101485.808   117.709     0.68    2.75
 101855.346   116.954    -2.04    3.41
 102224.950   115.067    -5.10    3.54
 102594.621   113.480    -4.29    3.21
 102964.359   111.775    -4.61    3.24
 103334.164   111.394    -1.03    3.47
 103704.036   111.586     0.52    4.16
 104073.975   112.228     1.74    4.35
 104443.981   113.513     3.47    5.05
 104814.054   114.877     3.69    5.34
 105184.193   115.236     0.97    5.67
 105554.400   116.835     4.32    4.90
 105924.675   118.872     5.50    3.87
 106295.016   119.605     1.98    3.96
 106665.424   118.671    -2.52    5.19
 107035.900   117.130    -4.16    5.46
 107406.443   116.389    -2.00    4.38
 107777.054   117.181     2.14    3.95
 108147.731   119.171     5.37    4.47
 108518.476   122.799     9.79    5.14
 108889.289   126.145     9.02    4.95
 109260.169   130.264    11.11    4.85
 109631.116   134.590    11.66    4.69
 110002.132   137.513     7.88    3.95
 110373.214   138.704     3.21    3.38
 110744.364   138.028    -1.82    4.14
 111115.582   136.011    -5.43    5.18
 111486.868   132.409    -9.70    5.73
 111858.221   125.711   -18.04   12.38
 112229.642   115.092   -28.59   16.90
 112601.131   107.077   -21.58   14.21
 112972.688   106.933    -0.39   13.89
 113344.313   112.373    14.64   14.91
 113716.005   120.904    22.95   12.56
 114087.766   126.672    15.52    8.26
 114459.594   129.769     8.33    5.16
 114831.491   130.161     1.06    5.00
 115203.455   129.108    -2.83    6.42
 115575.488   124.938   -11.21    9.38
 115947.589   118.144   -18.26   11.01
 116319.757   114.024   -11.07   10.41
 116691.995   112.323    -4.57    8.03
 117064.300   111.193    -3.04    6.13
 117436.674   110.911    -0.76    6.00
 117809.116   108.645    -6.08    7.20
 118181.626   104.370   -11.48    6.32
 118554.205   101.070    -8.86    6.98
 118926.852    95.013   -16.25   11.06
 119299.568    87.933   -19.00   13.70
 119672.352    78.636   -24.94   12.70
 120045.205    70.701   -21.28    9.98
 120418.126    63.528   -19.24    8.19
 120791.116    58.504   -13.47    7.00
 121164.175    54.981    -9.44    6.72
 121537.302    53.175    -4.84    7.52
 121910.498    51.205    -5.28    9.24
 122283.763    49.475    -4.63   10.29
 122657.097    46.108    -9.02    8.90
 123030.499    44.010    -5.62    6.93
 123403.971    42.573    -3.85    6.87
 123777.511    42.934     0.97    9.06
 124151.120    40.628    -6.17   10.90
 124524.799    36.163   -11.95   10.13
 124898.546    29.430   -18.02    9.55
 125272.363    24.383   -13.50    8.23
 125646.248    19.887   -12.03    5.34
 126020.203    17.738    -5.75    3.36
 126394.227    16.067    -4.47    2.17
 126768.320    15.994    -0.20    2.22
 127142.482    15.392    -1.61    2.36
 127516.714    14.745    -1.73    1.91
 127891.015    14.811     0.18    1.69
 128265.386    14.978     0.45    1.53
 128639.826    15.078     0.27    1.28
 129014.335    15.334     0.68    1.05
 129388.914    15.636     0.81    1.28
 129763.562    15.860     0.60    1.23
 130138.280    15.823    -0.10    1.30
 130513.068    15.372    -1.20    1.39
 130887.925    15.440     0.18    1.39
 131262.852    15.224    -0.58    1.27
 131637.849    15.925     1.87    1.61
 132012.915    16.299     1.00    1.71
 132388.052    16.880     1.55    1.77
 132763.258    16.894     0.04    1.90
 133138.534    16.680    -0.57    1.76
 133513.880    16.336    -0.92    1.77
 133889.296    16.205    -0.35    1.40
 134264.782    17.324     2.98    2.49
 134640.338    19.183     4.95    3.43
 135015.964    20.209     2.73    3.16
 135391.660    18.887    -3.52    4.73
 135767.427    18.349    -1.43    5.24
 136143.263    18.694     0.92    5.54
 136519.170    20.577     5.01    6.28
 136895.147    24.239     9.74    4.44
 137271.195    25.867     4.33    2.79
 137647.313    24.690    -3.13    4.88
 138023.501    21.567    -8.30    6.78
 138399.760    20.588    -2.60    6.36
 138776.089    20.682     0.25    6.41
 139152.488    21.694     2.69    5.64
 139528.959    23.040     3.58    3.92
 139905.499    22.513    -1.40    4.80
 140282.111    20.431    -5.53    4.71
 140658.793    20.049    -1.02    4.98
 141035.546    12.581   -19.82   16.11
 141412.370     7.608   -13.20   17.32
 141789.264     5.407    -5.84   17.52
 142166.229     5.781     0.99   15.74
 142543.265    10.799    13.31   10.40
 142920.372    12.781     5.26    2.41
 143297.550     3.358   -24.99   16.52
 143674.799    -5.454   -23.36   19.94
 144052.119   -16.445   -29.13   18.59
 144429.511   -25.886   -25.02    9.51
 144806.973   -24.201     4.47   11.46
 145184.506   -19.960    11.23   15.32
 145562.111   -17.038     7.74   16.45
 145939.787   -17.339    -0.80   15.99
 146317.534   -22.003   -12.35   13.17
 146695.352   -25.967   -10.49    8.63
 147073.242   -28.666    -7.14    0.32
 147451.203   -28.701    -0.09    0.00
 147829.236   -20.248    22.36   15.41
 148207.340    -9.101    29.48   19.45
 148585.515     2.275    30.09   16.01
 148963.763     3.897     4.29   15.55
 149342.081    -5.034   -23.61   19.75
 149720.472   -15.737   -28.29   18.61
 150098.934   -24.760   -23.84   10.38
 150477.468   -20.713    10.69   16.53
 150856.073    -8.761    31.57   23.22
 151234.751     3.947    33.56   22.42
 151613.500    14.287    27.30   14.34
 151992.321    19.966    14.99    4.10
 152371.214    19.628    -0.89    2.84
 152750.179    19.680     0.14    2.82
 153129.216    19.787     0.28    3.29
 153508.325    21.840     5.42    4.61
 153887.506    24.323     6.55    5.36
 154266.759    30.322    15.82    8.49
 154646.085    38.436    21.39    9.10
 155025.483    44.763    16.68    8.08
 155404.952    50.717    15.69    4.84
 155784.495    53.357     6.96    3.82
 156164.109    55.067     4.51    3.32
 156543.796    56.061     2.62    2.68
 156923.555    55.872    -0.50    2.57
 157303.387    55.405    -1.23    2.69
 157683.292    54.997    -1.07    2.65
 158063.268    55.728     1.92    2.88
 158443.318    56.787     2.79    2.90
 158823.440    56.811     0.06    2.96
 159203.634    56.228    -1.53    3.58
 159583.902    55.884    -0.90    3.86
 159964.242    56.394     1.34    3.97
 160334.547    57.383     2.67    3.97
 160701.042    58.520     3.10    3.92
 161067.604    58.799     0.76    4.39
 161434.233    58.529    -0.74    3.96
 161800.928    58.608     0.22    2.90
 162167.691    58.877     0.73    2.39
 162534.521    59.241     0.99    2.54
 162901.417    60.421     3.22    3.44
 163268.381    60.816     1.08    4.52
 163635.412    62.034     3.32    5.55
 164002.510    65.764    10.16    8.66
 164369.675    72.324    17.87   11.05
 164736.907    80.529    22.35   11.15
 165104.207    88.447    21.56    8.42
 165471.573    94.764    17.20    6.99
 165839.008    99.645    13.28    6.11
 166206.509   104.204    12.41    5.93
 166574.078   108.583    11.92    5.77
 166941.715   112.770    11.39    5.01
 167309.418   115.241     6.72    3.98
 167677.190   117.347     5.73    3.41
 168045.029   118.431     2.95    4.18
 168412.935   120.487     5.59    4.91
 168780.909   123.087     7.07    4.41
 169148.951   125.978     7.86    3.63
 169517.061   128.358     6.47    3.84
 169885.238   130.383     5.50    3.56
 170253.483   132.299     5.20    3.46
 170621.796   134.805     6.81    5.15
 170990.177   139.981    14.05    9.08
 171358.625   146.124    16.67   10.87
 171727.142   152.008    15.97   10.12
 172095.726   158.411    17.37    8.90
 172464.379   163.648    14.21    8.22
 172833.099   167.407    10.20    6.86
 173201.888   172.037    12.56    5.56
 173570.745   175.648     9.79    5.25
 173939.670   180.713    13.73    6.45
 174308.663   185.358    12.59    5.72
 174677.724   188.746     9.18    5.14
 175046.854   191.745     8.12    4.86
 175416.051   194.144     6.50    7.05
 175785.318   193.552    -1.60   10.57
 176154.652   188.191   -14.52   14.77
 176524.055   181.299   -18.66   14.78
 176893.527   172.985   -22.51    9.23
 177263.067   169.605    -9.15    5.89
 177632.675   169.360    -0.66    4.19
 178002.352   172.287     7.92    6.37
 178372.098   176.978    12.69    7.63
 178741.912   183.136    16.65    8.34
 179111.795   189.200    16.40    6.92
 179481.747   193.828    12.51    5.39
 179851.767   197.324     9.45    3.41
 180221.856   198.973     4.46    3.16
 180592.014   200.799     4.93    3.39
 180962.241   203.464     7.20    3.86
 181332.537   206.854     9.16    6.22
 181702.902   211.276    11.94    7.47
 182073.336   216.175    13.23    7.84
 182443.839   222.462    16.97    8.88
 182814.411   228.835    17.20    8.67
 183185.052   234.678    15.77    7.31
 183555.762   237.031     6.35    5.46
 183926.541   236.206    -2.22    5.09
 184297.390   233.552    -7.16    5.64
 184668.308   230.711    -7.66    5.26
 185039.295   224.764   -16.03    9.70
 185410.351   214.608   -27.37   16.67
 185781.477   205.478   -24.61   18.65
 186152.672   196.674   -23.72   16.39
 186523.937   193.097    -9.64   17.79
 186895.271   197.835    12.76   21.16
 187266.675   199.969     5.75   23.24
 187638.148   203.425     9.30   24.19
 188009.691   206.239     7.58   23.59
 188381.304   208.090     4.98   21.47
 188752.986   208.125     0.09   19.01
 189124.738   204.860    -8.78   18.56
 189496.560   198.770   -16.38   18.31
 189868.451   193.781   -13.42   17.84
 190240.413   191.908    -5.04   17.60
 190612.444   194.993     8.29   20.56
 190984.545   200.228    14.07   23.39
 191356.716   210.624    27.94   28.11
 191728.957   225.380    39.65   41.53
 192101.269   245.733    54.67   54.14
 192473.650   258.897    35.36   52.77
 192846.101   253.937   -13.32   50.38
 193218.623   231.090   -61.34   52.57
 193591.214   217.262   -37.12   46.76
 193963.876   211.448   -15.60   34.25
 194336.609   222.262    29.02   39.00
 194709.411   242.113    53.26   41.65
 195082.284   248.546    17.26   40.45
 195455.228   245.138    -9.14   33.94
 195828.241   253.324    21.95   30.97
 196201.326   266.655    35.74   29.54
 196574.480   279.101    33.36   27.40
 196947.706   281.415     6.20   33.10
 197321.002   268.311   -35.11   41.94
 197694.368   245.799   -60.31   43.26
 198067.805   227.699   -48.48   41.53
 198441.313   203.503   -64.79   41.75
 198814.892   180.074   -62.73   41.63
 199188.542   160.464   -52.49   33.86
 199562.262   145.711   -39.48   29.57
 199936.053   134.322   -30.47   26.05
 200309.915   125.861   -22.63   20.93
 200683.848   115.969   -26.46   11.76
 201057.852   112.874    -8.28    6.10
 201431.927   111.904    -2.59    4.67
 201806.074   112.461     1.49    3.56
 202180.291   114.473     5.38    4.66
 202554.579   119.574    13.63    8.03
 202928.939   126.724    19.10   13.19
 203303.370   134.799    21.57   17.38
