# NaN NaN NaN ;Mean Elev.(m), Avg Gradient(m/km), RMS Gradient(m/km) - SRTM1     
#  111.403 -13.094  24.945 ;Mean Elev.(m), Avg Gradient(m/km), RMS Gradient(m/km) - ASTER GDEM
#   94.148 -12.539  25.269 ;Mean Elev.(m), Avg Gradient(m/km), RMS Gradient(m/km) - GMTED2010 
  7 123.999925  60.569272   113.997   113.857  3 52470.11496990 24.885
  8 124.000144  60.571345   111.395   111.395  2 52505.11495310 19.104
  9 124.021404  60.571587   114.580   114.609  4 52540.11493530  8.674
 10 124.001429  60.569087   112.625   112.849  3 52575.11498166 20.819
 11 123.999709  60.569269   112.543   112.582  4 52610.11494230  6.350
 12 124.009077  60.569593   122.655   116.780  3 52645.11493205  0.912
 13 124.004796  60.569292   116.119   115.419  4 52680.11490850  1.995
 17 124.014000  60.569936   117.145   116.217  3 52820.11499984 14.085
 18 124.012714  60.570290   114.715   114.555  4 52855.11504811 15.711
 20 123.992807  60.569496   111.360   110.856  3 52925.11503526 13.915
 21 124.021860  60.571787   109.934   110.195  4 52960.11500132 14.360
 24 124.012853  60.570262   110.984   111.121  4 53065.11500690  4.766
 25 123.991091  60.570996   114.090   114.090  2 53100.11501378  3.673
 28 124.002935  60.569465   117.278   117.045  4 53205.11507635 18.480
 29 124.002025  60.568362   113.846   113.603  3 53240.11504464 29.791
 31 124.004032  60.570419   113.347   113.557  4 53310.11505857 31.719
 32 124.000761  60.569319   112.564   112.786  3 53345.11502501  9.684
 34 124.010259  60.570647   114.521   114.130  4 53415.11500169  1.343
 35 124.020246  60.567976   115.756   115.413  3 53450.11499553  1.302
 38 123.996195  60.568949   117.440   117.057  4 53555.11510014 15.798
 39 124.004624  60.570351   115.162   115.256  4 53590.11504309 26.281
 40 124.011003  60.568876   111.074   110.918  3 53625.11502386 14.589
 41 124.007743  60.569353   113.741   113.744  3 53660.11505037 42.065
 42 123.997977  60.568911   113.723   113.552  3 53695.11502475  5.956
 45 124.000797  60.570177   115.494   114.769  4 53800.11491871  3.635
 49 123.995077  60.568918   114.093   114.032  4 53940.11504841 28.826
 50 123.993415  60.569015   116.746   117.133  4 53975.11500686 40.883
 52 124.015429  60.570261   114.077   114.020  3 54045.11502041 13.294
 53 123.998555  60.568762   111.290   111.134  4 54080.11501450  7.848
 54 123.990906  60.568270   113.376   113.091  4 54115.11494963  3.170
 60 124.005047  60.569603   121.753   116.353  3 54325.11499515 14.805
 63 123.999021  60.568850   111.549   111.752  4 54430.11489928 11.157
 65 124.000174  60.567722   111.104   111.104  2 54500.11491118  8.512
 69 124.001902  60.569569   117.297   117.978  3 54640.11493397 17.790
 74 124.010072  60.569807   112.550   112.872  3 54815.11489636 13.522
 77 123.989509  60.568182   118.108   117.593  4 54920.11487799  1.638
 80 124.001741  60.568562   116.915   117.047  4 55025.11491084 41.915
 82 123.992347  60.569224   116.641   116.709  3 55095.11485689 12.441
 83 124.006058  60.569031   113.215   113.560  4 55130.11484680 40.488
 84 124.001328  60.568701   113.523   113.618  4 55165.11481865 10.338
 85 124.004637  60.565541   126.730   126.730  2 55200.11483908  5.860
 86 123.996700  60.569512   113.526   113.495  3 55235.11482436  5.935
 87 124.003392  60.566904   113.307   113.307  2 55270.11483347  4.819
 88 123.992549  60.566133   111.265   111.265  2 55305.11480569  8.095
 90 124.002049  60.569315   124.851   118.528  4 55375.11479684 20.565
 91 124.009416  60.569957   116.075   116.557  3 55410.11481835 13.243
 92 124.002969  60.568751   116.479   116.013  4 55445.11481320 13.681
 93 123.991850  60.568796   113.907   113.698  3 55480.11474875 41.755
