-261516.686   235.397     0.00   35.95
-261141.080   228.795   -17.57   29.96
-260765.414   228.556    -0.64   27.54
-260389.691   234.562    15.98   31.34
-260013.908   243.681    24.26   38.46
-259638.067   258.608    39.71   43.57
-259262.168   271.710    34.85   43.15
-258886.210   286.600    39.60   41.90
-258510.194   294.809    21.83   41.37
-258134.119   299.432    12.29   36.44
-257757.985   300.116     1.82   29.98
-257381.792   307.324    19.16   25.33
-257005.541   314.097    18.00   24.71
-256629.231   328.178    37.41   24.58
-256252.862   340.736    33.36   25.29
-255876.435   347.417    17.74   23.48
-255499.948   349.219     4.79   22.10
-255123.403   343.847   -14.26   23.95
-254746.799   338.507   -14.18   22.11
-254370.136   337.571    -2.48   18.20
-253993.413   346.027    22.44   17.82
-253616.632   355.088    24.04   17.25
-253239.792   366.307    29.76   17.39
-252862.893   375.058    23.21   15.36
-252485.935   378.784     9.88   16.44
-252108.918   376.205    -6.84   21.33
-251731.842   370.405   -15.38   23.86
-251354.706   365.139   -13.96   20.23
-250977.511   368.708     9.46   18.54
-250600.258   378.743    26.59   18.59
-250222.944   387.493    23.18   14.63
-249845.572   392.027    12.01    9.87
-249468.140   390.478    -4.10   11.33
-249090.649   385.960   -11.97   13.24
-248713.099   383.029    -7.76   13.27
-248335.489   386.905    10.26   11.49
-247957.820   390.157     8.61    7.89
-247580.092   388.534    -4.30   10.11
-247202.304   381.028   -19.87   16.67
-246824.456   372.370   -22.91   20.47
-246446.549   364.541   -20.71   22.85
-246068.583   361.694    -7.53   23.34
-245690.557   365.959    11.28   21.46
-245312.471   374.070    21.45   19.80
-244934.325   381.160    18.74   17.63
-244556.120   384.015     7.55   17.22
-244177.856   370.920   -34.61   26.24
-243799.531   351.529   -51.25   30.60
-243421.147   333.288   -48.20   22.88
-243042.703   322.722   -27.91   15.57
-242664.199   319.514    -8.48   17.29
-242285.635   319.189    -0.86   18.79
-241907.012   317.542    -4.35   17.32
-241528.329   318.164     1.64   17.40
-241149.585   322.200    10.65   18.83
-240770.782   327.760    14.67   21.15
-240391.919   330.229     6.51   23.59
-240012.995   327.680    -6.72   23.47
-239634.012   323.944    -9.86   21.07
-239254.969   320.425    -9.28   17.91
-238875.865   318.740    -4.44   15.22
-238496.702   317.387    -3.57   13.45
-238117.478   316.781    -1.60   12.06
-237738.194   316.451    -0.87   10.32
-237359.824   317.014     1.49    9.38
-236992.086   318.648     4.44   10.95
-236624.292   321.699     8.29   13.71
-236256.441   326.083    11.92   16.68
-235888.534   329.836    10.20   18.10
-235520.571   334.097    11.58   19.00
-235152.551   336.342     6.10   18.86
-234784.476   339.486     8.54   19.38
-234416.343   342.274     7.57   19.70
-234048.155   348.194    16.08   21.13
-233679.910   355.795    20.63   21.69
-233311.608   365.630    26.70   21.36
-232943.251   375.521    26.84   19.44
-232574.836   384.466    24.28   16.45
-232206.365   391.096    17.99   15.30
-231837.838   397.264    16.73   14.46
-231469.254   401.500    11.49   14.45
-231100.613   405.458    10.74   13.75
-230731.916   405.257    -0.55   16.09
-230363.162   404.028    -3.33   18.43
-229994.351   400.014   -10.88   17.85
-229625.484   402.569     6.93   15.50
-229256.560   406.547    10.78   13.53
-228887.579   411.775    14.17   11.53
-228518.541   414.187     6.53   10.73
-228149.447   416.648     6.67   12.00
-227780.296   418.493     5.00   12.71
-227411.087   422.556    11.00   10.84
-227041.822   426.600    10.95    8.05
-226672.500   428.583     5.37    5.48
-226303.121   427.014    -4.25    7.17
-225933.685   422.986   -10.90   10.38
-225564.192   419.527    -9.36   11.75
-225194.642   415.000   -12.25   14.37
-224825.035   413.459    -4.17   14.21
-224455.371   413.164    -0.80   12.83
-224085.650   414.216     2.84    9.89
-223715.872   414.451     0.63    8.85
-223346.036   412.095    -6.37    9.14
-222976.143   405.806   -17.00   12.20
-222606.193   397.000   -23.80   13.94
-222236.186   387.847   -24.73   12.98
-221866.122   383.194   -12.57    8.29
-221496.000   384.514     3.56    7.35
-221125.821   390.581    16.39    9.84
-220755.584   396.986    17.30    9.62
-220385.290   400.541     9.60   11.06
-220014.939   401.458     2.48   13.76
-219644.530   397.213   -11.46   14.54
-219274.064   394.493    -7.34   13.73
-218903.540   390.760   -10.07    9.69
-218532.959   390.429    -0.89    7.13
-218162.320   392.013     4.27    5.90
-217791.624   395.529     9.48    5.66
-217420.870   398.067     6.84    5.12
-217050.058   399.718     4.45    5.14
-216679.189   398.878    -2.26    6.17
-216308.262   396.789    -5.63    8.29
-215937.278   392.338   -12.00    9.44
-215566.235   387.877   -12.02    9.18
-215195.135   385.973    -5.13    9.04
-214823.977   389.192     8.67   13.42
-214452.761   396.836    20.59   15.21
-214081.488   405.370    22.98   12.80
-213710.156   410.356    13.43    8.79
-213338.767   408.370    -5.35   10.70
-212967.319   402.108   -16.85   13.04
-212595.814   392.333   -26.31   13.24
-212224.250   384.787   -20.31   12.78
-211852.629   377.560   -19.44   14.41
-211480.950   371.320   -16.79   18.96
-211109.212   361.595   -26.16   23.84
-210737.417   350.781   -29.08   26.18
-210365.563   338.824   -32.15   23.50
-209993.651   331.356   -20.08   18.07
-209621.681   326.863   -12.08   17.34
-209249.653   327.740     2.36   20.93
-208877.566   328.351     1.64   19.80
-208505.421   334.127    15.52   17.16
-208133.218   342.027    21.22   17.97
-207760.957   355.114    35.15   20.67
-207388.637   374.253    51.40   21.15
-207016.259   391.529    46.38   16.40
-206643.822   401.480    26.71   12.05
-206271.327   406.127    12.47    6.36
-205898.774   402.333   -10.18   10.83
-205526.162   392.282   -26.97   17.09
-205153.491   381.080   -30.05   20.48
-204780.762   364.722   -43.88   21.70
-204407.974   350.920   -37.02   18.62
-204035.128   341.069   -26.42   12.95
-203662.223   338.711    -6.32   11.37
-203289.260   345.205    17.41   18.01
-202916.237   357.263    32.32   22.31
-202543.156   369.838    33.70   20.19
-202170.017   377.467    20.44   17.45
-201796.818   382.865    14.46   15.10
-201423.561   388.041    13.87   11.65
-201050.245   393.753    15.30   10.09
-200676.870   398.822    13.57    7.56
-200303.436   401.813     8.01    5.41
-199929.943   400.253    -4.18    7.97
-199556.391   394.760   -14.70   12.11
-199182.780   387.890   -18.38   15.30
-198809.111   378.189   -25.96   17.27
-198435.382   368.431   -26.11   19.85
-198061.594   354.000   -38.60   21.92
-197687.747   338.551   -41.32   23.31
-197313.841   322.347   -43.33   22.68
-196939.876   310.214   -32.44   18.79
-196565.851   302.413   -20.85   13.61
-196191.768   301.577    -2.23   13.04
-195817.625   307.667    16.27   18.57
-195443.423   322.153    38.71   22.41
-195069.161   337.658    41.42   22.48
-194694.841   353.096    41.24   18.87
-194320.461   360.000    18.44   13.16
-193946.021   359.486    -1.37   11.08
-193571.522   349.986   -25.36   18.99
-193196.964   329.627   -54.35   26.30
-192822.346   311.892   -47.33   23.54
-192447.669   300.760   -29.71   15.38
-192072.932   302.767     5.36   18.89
-191698.136   316.195    35.82   24.86
-191323.280   332.342    43.07   20.64
-190948.364   337.724    14.35   14.28
-190573.389   335.000    -7.26   15.26
-190198.354   321.480   -36.04   21.21
-189823.260   303.833   -47.04   20.17
-189448.106   292.079   -31.33   14.07
-189072.892   288.616    -9.23    8.55
-188697.618   292.513    10.38   11.37
-188322.284   296.315    10.13   12.04
-187946.891   296.789     1.26   13.00
-187571.438   292.216   -12.18   12.40
-187195.924   289.733    -6.61   10.73
-186820.351   288.473    -3.36   10.51
-186444.718   288.851     1.01   11.31
-186069.025   288.750    -0.27   10.84
-185693.272   288.082    -1.78    9.43
-185317.459   288.000    -0.22    6.86
-184941.585   289.310     3.48    6.45
-184565.652   292.653     8.89    7.53
-184189.659   295.471     7.49    8.47
-183813.605   298.453     7.93   10.85
-183437.491   301.743     8.74   14.17
-183061.317   306.413    12.41   16.56
-182685.083   310.861    11.82   17.08
-182308.788   311.781     2.44   16.34
-181932.433   311.219    -1.49   13.93
-181556.018   309.520    -4.51   10.73
-181179.542   308.851    -1.78    6.46
-180803.006   310.297     3.84    6.17
-180426.410   314.280    10.57    7.51
-180049.753   320.081    15.40    9.56
-179673.035   327.948    20.88   11.50
-179296.258   335.767    20.75   10.55
-178919.419   340.934    13.71    7.92
-178542.520   342.139     3.20    6.60
-178165.560   337.526   -12.24    9.97
-177788.540   331.486   -16.02   10.12
-177411.459   329.013    -6.56    9.50
-177034.317   330.932     5.09   11.50
-176657.115   335.947    13.29   12.77
-176279.852   342.360    17.00    9.97
-175902.528   344.784     6.42    7.91
-175525.143   342.187    -6.88    9.84
-175147.697   335.676   -17.25   12.65
-174770.191   325.947   -25.77   14.24
-174392.623   317.208   -23.14   14.04
-174014.995   309.013   -21.70   12.10
-173637.306   303.271   -15.20   12.65
-173259.556   299.880    -8.98   14.44
-172881.744   296.803    -8.14   16.65
-172503.872   290.671   -16.22   16.85
-172125.938   282.767   -20.91   16.35
-171747.944   276.297   -17.11   15.68
-171369.888   271.096   -13.76   16.37
-170991.771   266.865   -11.19   19.34
-170613.593   264.776    -5.52   21.12
-170235.353   259.773   -13.23   22.39
-169857.053   258.039    -4.58   24.79
-169478.691   255.775    -5.98   27.93
-169100.268   260.240    11.80   30.34
-168721.783   265.125    12.90   32.24
-168343.237   277.545    32.81   32.77
-167964.629   286.833    24.53   31.62
-167585.961   287.922     2.87   32.86
-167207.230   282.878   -13.32   36.05
-166828.438   270.467   -32.76   42.23
-166449.585   259.693   -28.43   44.27
-166070.670   249.743   -26.26   45.72
-165691.693   243.333   -16.91   45.91
-165312.655   227.239   -42.45   53.58
-164933.555   193.263   -89.61   58.62
-164554.393   164.671   -75.40   48.86
-164175.170   147.600   -45.01   27.80
-163795.885   151.356     9.90   24.54
-163416.538   164.959    35.85   24.27
-163037.129   176.213    29.66   24.29
-162657.659   185.434    24.30   22.90
-162288.113   193.400    21.55   21.71
-161920.498   203.773    28.21   15.72
-161552.826   210.240    17.59   17.92
-161185.096   213.147     7.90   21.45
-160817.309   214.707     4.24   25.42
-160449.463   217.105     6.52   26.71
-160081.560   222.527    14.73   27.88
-159713.599   231.108    23.32   25.69
-159345.581   243.770    34.40   27.60
-158977.504   258.120    38.98   28.01
-158609.370   271.486    36.30   26.99
-158241.178   280.921    25.62   22.38
-157872.928   289.613    23.60   17.71
-157504.620   292.697     8.37   19.71
-157136.253   293.907     3.28   23.90
-156767.829   293.855    -0.14   23.50
-156399.347   295.108     3.40   19.06
-156030.807   301.784    18.11   18.16
-155662.209   312.230    28.34   18.97
-155293.553   318.548    17.14   14.99
-154924.838   315.716    -7.68   19.20
-154556.066   306.649   -24.59   21.87
-154187.235   300.658   -16.24   17.73
-153818.346   307.382    18.23   20.95
-153449.398   321.027    36.98   20.81
-153080.393   332.276    30.48   13.41
-152711.329   335.671     9.20   10.77
-152342.207   334.260    -3.82   12.87
-151973.026   333.284    -2.64   12.19
-151603.787   334.000     1.94    9.93
-151234.490   334.689     1.87    7.86
-150865.134   332.558    -5.77   11.41
-150495.719   330.243    -6.27   12.88
-150126.246   330.829     1.59   12.09
-149756.715   333.803     8.05    9.92
-149387.125   335.197     3.77    6.94
-149017.477   333.867    -3.60    8.99
-148647.769   327.973   -15.94   12.42
-148278.004   318.699   -25.08   15.66
-147908.179   311.378   -19.79   16.96
-147538.296   307.959    -9.24   14.31
-147168.354   308.811     2.30   11.82
-146798.353   315.173    17.19   11.67
-146428.294   321.118    16.06   10.49
-146058.175   326.653    14.95    6.57
-145687.998   327.329     1.82    6.96
-145317.762   323.907    -9.24   10.60
-144947.467   320.461    -9.31   12.13
-144577.113   319.486    -2.63   12.03
-144206.701   321.811     6.27   11.03
-143836.229   324.757     7.95    8.35
-143465.698   326.568     4.89    5.14
-143095.108   325.280    -3.47    6.30
-142724.459   322.187    -8.34    8.04
-142353.751   320.816    -3.70    9.22
-141982.984   321.095     0.75   10.03
-141612.157   319.303    -4.83    8.31
-141241.272   316.493    -7.57    8.45
-140870.327   308.622   -21.22   11.32
-140499.323   299.243   -25.28   13.28
-140128.260   287.635   -31.28   14.60
-139757.137   281.473   -16.60   13.11
-139385.955   280.520    -2.57   13.73
-139014.714   286.797    16.91   16.59
-138643.413   297.299    28.28   16.74
-138272.053   306.680    25.26   16.29
-137900.633   314.103    19.98   15.70
-137529.154   318.562    12.00   16.21
-137157.616   319.766     3.24   14.56
-136786.017   317.676    -5.63   12.26
-136414.360   312.090   -15.03   12.59
-136042.642   306.493   -15.05   10.27
-135670.865   306.316    -0.48   10.32
-135299.029   309.806     9.38   12.70
-134927.133   318.105    22.31   11.88
-134555.177   324.243    16.50   11.40
-134183.161   326.853     7.02   11.06
-133811.085   327.286     1.16   10.73
-133438.950   323.720    -9.58   12.04
-133066.755   318.600   -13.75   12.25
-132694.500   314.882    -9.99   11.55
-132322.185   314.764    -0.32   11.83
-131949.810   317.760     8.05   11.32
-131577.375   322.356    12.34    9.31
-131204.881   323.103     2.00    6.81
-130832.326   320.589    -6.75    8.32
-130459.711   315.308   -14.17   10.46
-130087.036   308.507   -18.25    9.95
-129714.301   304.831    -9.86    9.38
-129341.506   307.368     6.81   11.84
-128968.651   313.766    17.16   12.13
-128595.735   320.360    17.68    9.58
-128222.760   323.316     7.92    9.67
-127849.724   324.429     2.98   10.71
-127476.628   325.553     3.01   10.19
-127103.471   324.213    -3.59    9.54
-126730.254   322.747    -3.93    8.96
-126356.977   320.684    -5.52    9.01
-125983.639   322.253     4.20   10.61
-125610.241   327.195    13.23   12.49
-125236.783   331.307    11.01   12.27
-124863.264   331.590     0.76   11.46
-124489.685   328.356    -8.65   11.50
-124116.045   322.887   -14.63   11.47
-123742.344   318.042   -12.97   11.51
-123368.583   315.584    -6.57   13.27
-122994.761   310.306   -14.12   14.18
-122620.878   310.000    -0.82   12.12
-122246.935   311.389     3.71   11.70
-121872.931   318.158    18.10   12.06
-121498.867   326.169    21.41   10.49
-121124.741   329.547     9.03    7.95
-120750.555   327.176    -6.34   10.46
-120376.308   322.093   -13.58   11.59
-120002.000   315.676   -17.14    9.79
-119627.631   313.789    -5.04   10.07
-119253.201   316.592     7.48   11.68
-118878.710   319.974     9.03    9.76
-118504.159   321.187     3.24    6.87
-118129.546   318.324    -7.64    8.71
-117754.872   311.250   -18.88   12.01
-117380.137   303.733   -20.06   11.49
-117005.341   296.949   -18.10    8.89
-116630.484   292.680   -11.39    7.08
-116255.565   292.773     0.25    7.58
-115880.586   296.041     8.71    8.41
-115505.545   302.867    18.20   11.85
-115130.443   310.829    21.22   12.72
-114755.279   319.737    23.74   13.89
-114380.055   329.458    25.91   12.21
-114004.769   335.289    15.54    9.32
-113629.421   336.932     4.37    7.00
-113254.012   332.936   -10.64    9.78
-112878.542   326.644   -16.76   10.65
-112503.010   321.577   -13.49    9.39
-112127.417   318.716    -7.62    8.39
-111751.762   318.289    -1.14    8.88
-111376.045   320.507     5.90    7.81
-111000.267   322.413     5.07    6.92
-110624.427   323.382     2.58    7.01
-110248.526   323.347    -0.09    8.35
-109872.563   322.493    -2.27    7.48
-109496.538   323.851     3.61    7.65
-109120.452   330.013    16.38   10.33
-108744.303   337.635    20.26   10.12
-108368.093   342.421    12.72    8.48
-107991.821   342.750     0.87    8.66
-107615.487   339.584    -8.41    9.52
-107239.091   333.836   -15.27    8.99
-106862.633   326.625   -19.15    9.95
-106486.114   319.644   -18.54   10.86
-106109.532   311.718   -21.05   10.25
-105732.888   304.868   -18.18    6.84
-105356.182   302.250    -6.95    5.75
-104979.414   302.740     1.30    9.53
-104602.584   303.184     1.18   12.70
-104225.692   303.384     0.53   14.62
-103848.737   301.041    -6.22   15.02
-103471.721   297.333    -9.83   12.38
-103094.642   294.452    -7.64   10.18
-102717.501   293.000    -3.85    8.83
-102340.297   293.028     0.07    8.33
-101963.031   293.468     1.17    8.64
-101585.703   295.014     4.09    8.30
-101208.312   298.139     8.28    9.10
-100830.859   300.480     6.20    9.14
-100453.343   301.740     3.34    8.07
-100075.765   301.895     0.41    7.15
 -99698.125   303.429     4.06    7.86
 -99320.421   307.558    10.93   11.71
 -98942.655   312.973    14.33   13.92
 -98564.827   320.446    19.78   15.42
 -98186.936   325.987    14.66   15.76
 -97808.982   331.840    15.49   14.86
 -97430.965   334.000     5.71   15.58
 -97052.886   337.823    10.11   15.86
 -96674.744   341.194     8.92   15.39
 -96296.539   344.300     8.21   15.35
 -95918.271   345.947     4.35   15.62
 -95539.941   346.115     0.45   15.85
 -95161.547   345.816    -0.79   16.45
 -94783.090   342.779    -8.02   16.95
 -94404.571   341.237    -4.07   17.25
 -94025.988   337.293   -10.42   17.58
 -93647.343   334.135    -8.34   15.85
 -93268.634   332.227    -5.04   13.97
 -92889.862   330.987    -3.27   11.25
 -92511.027   331.694     1.87    8.57
 -92132.129   332.615     2.43    8.32
 -91753.168   333.770     3.05    7.38
 -91374.143   335.709     5.11    7.31
 -90995.056   336.684     2.57    7.62
 -90615.904   338.351     4.39    7.99
 -90236.690   340.273     5.07    8.51
 -89857.412   343.455     8.39    8.67
 -89478.071   345.867     6.36    7.62
 -89098.666   347.840     5.20    6.58
 -88719.198   348.579     1.95    6.40
 -88339.667   350.507     5.08    7.44
 -87960.071   352.855     6.19    7.94
 -87587.465   355.849     8.03    8.50
 -87220.034   359.823    10.81    8.39
 -86852.543   362.250     6.60    7.84
 -86484.994   364.551     6.26    7.96
 -86117.385   366.639     5.68    7.33
 -85749.717   367.870     3.35    6.67
 -85381.990   369.466     4.34    6.39
 -85014.204   367.724    -4.74    8.86
 -84646.358   365.429    -6.24    9.47
 -84278.453   364.855    -1.56    8.48
 -83910.489   364.932     0.21    7.24
 -83542.465   365.347     1.13    4.81
 -83174.383   364.726    -1.69    4.15
 -82806.240   362.538    -5.94    5.07
 -82438.039   359.514    -8.21    6.06
 -82069.777   356.000    -9.54    8.64
 -81701.457   351.945   -11.01   10.64
 -81333.077   348.372    -9.70   11.44
 -80964.637   344.493   -10.53   11.09
 -80596.138   339.750   -12.87   10.77
 -80227.579   337.267    -6.74    9.79
 -79858.960   333.432   -10.40    7.24
 -79490.282   331.773    -4.50    6.50
 -79121.544   331.792     0.05    6.45
 -78752.746   333.573     4.83    6.75
 -78383.889   338.795    14.16    9.33
 -78014.972   345.211    17.39    9.06
 -77645.995   350.551    14.47    6.13
 -77276.958   351.724     3.18    4.83
 -76907.861   348.051    -9.95    7.98
 -76538.705   343.560   -12.17    7.75
 -76169.488   340.566    -8.11    6.13
 -75800.212   340.868     0.82    6.57
 -75430.876   343.280     6.53    5.31
 -75061.479   342.303    -2.65    6.54
 -74692.023   335.468   -18.50   11.90
 -74322.506   328.171   -19.74   11.33
 -73952.929   323.821   -11.77    7.60
 -73583.292   325.293     3.98    8.10
 -73213.596   331.987    18.11    8.63
 -72843.838   338.066    16.44    6.91
 -72474.021   341.455     9.16    5.08
 -72104.143   342.487     2.79    4.12
 -71734.205   339.632    -7.72    5.98
 -71364.207   335.618   -10.85    5.86
 -70994.148   331.711   -10.56    3.92
 -70624.029   328.789    -7.89    3.93
 -70253.850   327.000    -4.83    4.14
 -69883.610   327.697     1.88    4.98
 -69513.310   331.608    10.56    7.75
 -69142.949   336.608    13.50    7.47
 -68772.528   340.304     9.98    4.69
 -68402.046   341.053     2.02    4.64
 -68031.504   340.859    -0.52    4.99
 -67660.901   341.455     1.61    5.04
 -67290.237   341.853     1.08    4.90
 -66919.513   340.579    -3.44    5.82
 -66548.727   338.224    -6.35    5.53
 -66177.882   337.480    -2.01    4.98
 -65806.975   337.718     0.64    5.18
 -65436.008   336.613    -2.98    5.89
 -65064.979   332.175   -11.96    8.51
 -64693.890   326.257   -15.95    9.09
 -64322.740   317.141   -24.56   12.08
 -63951.530   309.600   -20.31   11.89
 -63580.258   306.250    -9.02    8.64
 -63208.925   307.133     2.38    8.45
 -62837.531   315.171    21.64   12.13
 -62466.076   323.653    22.83   11.70
 -62094.560   333.545    26.62   13.19
 -61722.983   342.649    24.50   12.18
 -61351.345   350.525    21.19   11.10
 -60979.646   356.847    17.01    5.62
 -60607.885   357.075     0.61    4.62
 -60236.064   355.849    -3.30    5.74
 -59864.181   353.921    -5.18    5.00
 -59492.236   351.493    -6.53    5.44
 -59120.231   350.584    -2.44    7.60
 -58748.164   347.486    -8.33   10.70
 -58376.035   343.197   -11.52   11.94
 -58003.846   335.770   -19.95   13.53
 -57631.595   327.177   -23.08   13.24
 -57259.282   320.306   -18.46   10.52
 -56886.908   315.637   -12.54    7.89
 -56514.472   314.797    -2.26    7.41
 -56141.975   317.649     7.66    8.79
 -55769.416   322.840    13.93    9.36
 -55396.796   328.373    14.85    7.76
 -55024.113   331.724     8.99    5.74
 -54651.370   332.395     1.80    5.64
 -54278.564   332.413     0.05    6.84
 -53905.697   334.397     5.32    7.94
 -53532.768   339.237    12.98    8.41
 -53159.777   343.141    10.47    5.74
 -52786.724   343.440     0.80    5.01
 -52413.610   339.494   -10.58    8.11
 -52040.433   332.299   -19.28   10.26
 -51667.195   324.688   -20.39   10.05
 -51293.895   316.949   -20.73    9.15
 -50920.532   311.628   -14.25    7.43
 -50547.108   308.519    -8.32    5.59
 -50173.621   308.421    -0.26    5.82
 -49800.073   312.526    10.99    8.10
 -49426.462   318.853    16.94    8.93
 -49052.789   327.228    22.41   10.21
 -48679.054   334.907    20.55    9.33
 -48305.257   340.974    16.23    7.12
 -47931.398   343.711     7.32    4.72
 -47557.476   342.935    -2.07    5.63
 -47183.492   339.216    -9.94    6.76
 -46809.446   335.803    -9.13    6.35
 -46435.337   331.784   -10.74    7.02
 -46061.166   328.075    -9.91    7.22
 -45686.932   324.639    -9.18    7.42
 -45312.636   321.595    -8.13    9.11
 -44938.277   316.014   -14.91   11.40
 -44563.856   307.397   -23.01   12.78
 -44189.372   299.514   -21.05   12.25
 -43814.826   295.364   -11.08    9.70
 -43440.217   295.351    -0.03   10.19
 -43065.546   297.654     6.15    9.75
 -42690.811   298.553     2.40   10.42
 -42316.014   293.658   -13.06   15.70
 -41941.155   281.947   -31.24   19.79
 -41566.232   271.948   -26.67   19.94
 -41191.247   259.974   -31.93   15.67
 -40816.199   253.909   -16.17   12.73
 -40441.088   253.000    -2.42   13.14
 -40065.914   257.481    11.94   18.40
 -39690.677   267.263    26.07   20.53
 -39315.377   278.145    28.99   17.54
 -38940.014   286.519    22.31   14.46
 -38564.588   290.027     9.34   10.03
 -38189.099   287.738    -6.10   10.08
 -37813.547   281.630   -16.26   12.16
 -37437.931   273.800   -20.85   11.63
 -37062.253   268.082   -15.22   10.25
 -36686.511   266.312    -4.71   10.95
 -36310.706   265.797    -1.37   12.79
 -35934.838   266.355     1.48   14.00
 -35558.907   266.640     0.76   14.11
 -35182.912   267.937     3.45   13.69
 -34806.854   268.132     0.52   14.00
 -34430.732   267.810    -0.85   14.07
 -34054.547   267.312    -1.32   12.76
 -33678.298   265.359    -5.19   14.35
 -33301.987   259.808   -14.75   17.84
 -32925.611   253.805   -15.95   19.70
 -32549.172   247.289   -17.31   19.35
 -32172.669   242.026   -13.98   18.30
 -31796.103   236.354   -15.06   19.45
 -31419.473   231.373   -13.23   20.72
 -31042.780   224.550   -18.11   22.32
 -30666.022   215.811   -23.20   22.42
 -30289.201   204.899   -28.96   24.47
 -29912.316   192.863   -31.93   20.55
 -29535.367   183.779   -24.10   16.67
 -29158.355   179.597   -11.09   15.84
 -28781.278   184.603    13.27   21.37
 -28404.138   198.882    37.86   30.07
 -28026.934   217.671    49.81   33.10
 -27649.665   237.908    53.64   21.64
 -27272.333   242.333    11.73   14.65
 -26894.937   236.494   -15.47   17.09
 -26517.476   223.610   -34.13   15.29
 -26139.952   216.147   -19.77   12.19
 -25762.363   217.935     4.74   15.86
 -25384.710   224.077    16.26   16.74
 -25006.993   232.432    22.12   14.56
 -24629.212   239.700    19.24   14.04
 -24251.366   247.236    19.94   13.99
 -23873.456   252.762    14.62   10.99
 -23495.482   253.933     3.10    8.89
 -23117.443   246.487   -19.70   12.17
 -22739.340   233.091   -35.43   14.85
 -22361.172   219.090   -37.02   17.15
 -21982.940   205.077   -37.05   14.08
 -21604.644   195.623   -24.99   11.60
 -21226.283   183.785   -31.29   16.86
 -20847.857   156.883   -71.09   52.55
 -20469.367   124.367   -85.91   62.27
 -20090.812   103.014   -56.41   53.90
 -19712.192   108.545    14.61   52.11
 -19333.508   134.297    68.00   49.57
 -18954.759   164.276    79.15   28.88
 -18575.945   179.200    39.40   10.28
 -18197.066   181.291     5.52    7.69
 -17818.122   180.922    -0.97    7.90
 -17439.114   181.152     0.61    8.07
 -17060.041   184.526     8.90    8.02
 -16680.902   188.182     9.64    8.53
 -16301.699   192.936    12.54    7.88
 -15922.431   196.462     9.30    6.00
 -15543.097   197.416     2.52    5.67
 -15163.699   197.770     0.93    4.99
 -14784.235   198.062     0.77    4.38
 -14404.707   198.278     0.57    5.28
 -14025.113   197.288    -2.61    6.76
 -13645.454   195.947    -3.53    6.64
 -13265.729   195.701    -0.65    5.41
 -12889.791   198.000     6.11    6.45
 -12522.547   202.833    13.16    6.92
 -12155.242   205.934     8.44    5.41
 -11787.877   206.025     0.25    5.18
 -11420.451   204.440    -4.31    4.83
 -11052.965   201.288    -8.58    4.57
 -10685.418   197.333   -10.76    3.95
 -10317.810   196.455    -2.39    3.95
  -9950.141   196.667     0.58    4.34
  -9582.412   198.364     4.61    5.52
  -9214.622   200.932     6.98    4.62
  -8846.771   202.150     3.31    2.85
  -8478.859   202.342     0.52    2.68
  -8110.887   202.663     0.87    2.85
  -7742.853   203.473     2.20    3.41
  -7374.759   205.212     4.73    4.26
  -7006.603   206.082     2.36    3.61
  -6638.387   204.649    -3.89    3.86
  -6270.109   202.781    -5.07    3.98
  -5901.770   200.550    -6.06    3.71
  -5533.371   198.644    -5.17    3.45
  -5164.910   199.288     1.75    3.66
  -4796.388   200.707     3.85    4.06
  -4427.805   198.430    -6.18   10.69
  -4059.160   188.440   -27.10   24.77
  -3690.455   158.883   -80.16   47.08
  -3321.688   129.558   -79.52   52.47
  -2952.859    95.658   -91.91   41.84
  -2583.970    72.053   -63.99   18.43
  -2215.019    66.225   -15.80    7.84
  -1846.006    64.053    -5.89   14.19
  -1476.932    48.654   -41.72   30.06
  -1107.797    31.545   -46.35   33.31
   -738.600    12.127   -52.60   23.99
   -369.342     0.753   -30.80    3.35
     -0.022     0.000    -2.04    0.00
    369.360     2.132     5.77    6.43
    738.803     9.237    19.23   11.34
   1108.308    15.092    15.84   10.91
   1477.874    18.558     9.38    9.16
   1847.502    14.885    -9.94   11.03
   2217.192     9.861   -13.59   10.58
   2586.944     7.127    -7.39    9.73
   2956.758     6.883    -0.66   12.08
   3326.633     6.857    -0.07   12.21
   3696.571     8.513     4.48   15.80
   4066.570    29.506    56.74   47.00
   4436.631    69.766   108.79   64.18
   4806.754   108.137   103.67   56.50
   5176.939   142.228    92.09   21.89
   5547.186   151.532    25.13    6.24
   5917.496   153.416     5.09    4.84
   6287.867   155.711     6.20    3.26
   6658.300   156.883     3.17    3.29
   7028.796   158.701     4.91    3.33
   7399.354   160.679     5.34    3.50
   7769.974   161.800     3.02    3.30
   8140.656   162.550     2.02    2.78
   8511.401   160.785    -4.76    5.19
   8882.208   157.231    -9.58    6.53
   9253.077   155.289    -5.23    5.99
   9624.009   155.308     0.05    5.28
   9995.003   156.896     4.28    5.38
  10366.059   159.692     7.54    5.69
  10737.178   160.350     1.77    7.05
  11108.360   157.438    -7.85    9.70
  11479.604   150.500   -18.69   14.05
  11850.910   139.987   -28.31   15.91
  12222.280   134.145   -15.73   11.52
  12593.712   133.405    -1.99    8.34
  12965.206   137.260    10.38    9.22
  13336.763   143.785    17.56    6.79
  13708.383   148.987    14.00    5.17
  14080.066   153.385    11.83    4.93
  14451.812   157.065     9.90    4.35
  14823.620   160.620     9.56    4.14
  15195.491   163.205     6.95    3.95
  15567.425   165.759     6.87    3.55
  15939.422   167.234     3.96    4.16
  16311.482   167.603     0.99    5.06
  16683.605   168.256     1.76    5.58
  17055.791   168.244    -0.03    5.50
  17428.041   167.853    -1.05    4.79
  17800.353   169.300     3.89    5.32
  18172.728   172.187     7.75    7.05
  18545.166   175.114     7.86    7.16
  18917.668   178.026     7.82    6.98
  19290.233   181.597     9.59    7.84
  19662.861   184.932     8.95   10.07
  20035.553   187.700     7.43   12.04
  20408.307   189.000     3.49   12.13
  20781.125   187.962    -2.78   11.05
  21154.007   188.865     2.42   11.12
  21526.952   195.875    18.80   15.46
  21899.960   205.573    26.00   17.21
  22273.032   210.013    11.90   16.88
  22646.167   209.338    -1.81   19.48
  23019.366   206.988    -6.30   17.53
  23392.628   206.356    -1.69   16.96
  23765.954   205.519    -2.24   19.32
  24139.344   209.162     9.76   20.69
  24512.797   210.885     4.61   20.51
  24886.314   206.338   -12.17   21.84
  25259.895   202.051   -11.48   26.09
  25633.540   195.513   -17.50   29.11
  26007.248   188.000   -20.10   26.03
  26381.020   178.526   -25.35   13.72
  26754.857   178.038    -1.31   13.21
  27128.757   177.910    -0.34   20.87
  27502.721   177.925     0.04   30.15
  27876.748   178.038     0.30   35.32
  28250.840   176.962    -2.88   35.89
  28624.996   182.632    15.15   33.32
  28999.216   188.244    15.00   30.42
  29373.501   197.987    26.03   25.80
  29747.849   206.962    23.98   24.72
  30122.261   211.700    12.65   23.33
  30496.738   211.241    -1.23   21.71
  30871.279   207.000   -11.32   20.59
  31245.884   204.731    -6.06   16.27
  31620.554   207.725     7.99   13.74
  31995.287   213.947    16.61   14.99
  32370.086   219.658    15.24   14.58
  32744.948   219.810     0.41   18.13
  33119.875   219.099    -1.90   23.35
  33494.867   215.093   -10.68   26.00
  33869.923   205.450   -25.71   26.38
  34245.043   199.000   -17.19   24.39
  34620.228   192.712   -16.76   19.22
  34995.478   188.158   -12.14   12.12
  35370.792   187.494    -1.77    7.89
  35746.171   190.108     6.97    8.38
  36121.615   195.875    15.36   10.34
  36497.124   202.539    17.75   10.46
  36872.697   208.738    16.50    9.94
  37248.335   214.338    14.91    9.79
  37624.038   218.363    10.71   10.65
  37999.806   222.863    11.98   11.60
  38375.639   228.101    13.94   11.43
  38751.536   234.705    17.57   11.24
  39127.499   239.803    13.56   10.13
  39503.526   241.962     5.74   11.55
  39879.619   241.654    -0.82   14.38
  40255.777   238.500    -8.38   15.50
  40632.000   236.038    -6.54   13.10
  41008.288   237.304     3.36   10.74
  41384.641   239.158     4.93    8.69
  41761.059   243.100    10.47    7.71
  42137.543   247.297    11.15    6.81
  42514.092   251.346    10.75    7.17
  42890.706   255.827    11.90    7.18
  43267.386   259.087     8.66    6.14
  43644.131   260.392     3.46    5.70
  44020.941   257.712    -7.11    8.67
  44397.817   251.921   -15.37   10.79
  44774.759   244.886   -18.66   11.54
  45151.766   236.038   -23.47   12.22
  45528.838   227.704   -22.10    9.56
  45905.976   222.675   -13.33    8.50
  46283.180   219.772    -7.70    8.98
  46660.449   217.363    -6.39    9.99
  47037.784   216.636    -1.92    9.55
  47415.185   219.125     6.59    8.27
  47792.652   222.013     7.65    8.14
  48170.184   221.595    -1.11    8.75
  48547.782   218.387    -8.50   10.74
  48925.446   209.395   -23.81   14.34
  49303.176   196.200   -34.93   14.12
  49680.972   183.925   -32.49   15.20
  50058.834   173.827   -26.73   10.96
  50436.762   168.873   -13.11    6.97
  50814.756   168.385    -1.29    7.68
  51192.816   168.266    -0.31    9.78
  51570.942   168.462     0.52   10.88
  51949.134   167.873    -1.56   11.31
  52327.393   166.430    -3.82   10.81
  52705.717   165.494    -2.48   11.32
  53084.108   164.062    -3.78   11.96
  53462.565   162.844    -3.22   12.46
  53841.089   163.425     1.53   11.57
  54219.679   166.224     7.39   10.76
  54598.335   173.148    18.29   10.24
  54977.058   181.908    23.13   11.83
  55355.847   190.688    23.18   13.02
  55734.702   198.632    20.97   10.71
  56113.625   203.587    13.08    7.84
  56492.613   208.408    12.72    7.27
  56871.669   211.962     9.38    7.42
  57250.791   217.190    13.79    7.58
  57629.979   222.222    13.27    8.15
  58009.235   225.637     9.01    6.98
  58388.557   228.128     6.57    6.17
  58767.946   229.288     3.06    5.65
  59147.402   229.355     0.18    6.08
  59526.924   230.062     1.86    7.84
  59906.514   230.763     1.85    8.44
  60286.170   233.078     6.10    7.43
  60665.893   230.413    -7.02   10.07
  61045.684   223.087   -19.29   12.80
  61425.541   216.355   -17.72   11.65
  61805.104   213.127    -8.51    8.12
  62172.152   214.192     2.90    7.57
  62539.263   218.457    11.62    7.94
  62906.436   224.203    15.65    5.99
  63273.671   227.175     8.09    4.86
  63640.968   229.351     5.92    4.57
  64008.327   231.617     6.17    4.53
  64375.749   233.653     5.54    3.73
  64743.233   234.372     1.96    2.53
  65110.779   233.368    -2.73    3.02
  65478.387   231.512    -5.05    3.82
  65846.058   229.600    -5.20    3.34
  66213.791   231.288     4.59    5.71
  66581.586   233.360     5.64    6.24
  66949.444   233.405     0.12    5.87
  67317.365   232.346    -2.88    6.06
  67685.347   228.679    -9.97    5.81
  68053.393   225.192    -9.47    4.15
  68421.501   222.188    -8.16    3.86
  68789.671   220.909    -3.47    4.55
  69157.905   219.288    -4.40    5.63
  69526.201   216.519    -7.52    7.20
  69894.559   211.823   -12.75    8.42
  70262.981   204.782   -19.11    9.00
  70631.465   198.212   -17.83    7.06
  71000.011   197.462    -2.04    7.39
  71368.621   199.840     6.45    9.66
  71737.294   207.160    19.86   11.29
  72106.029   216.679    25.82    9.71
  72474.828   221.718    13.66    8.25
  72843.689   225.128     9.25    8.07
  73212.613   226.038     2.47    8.51
  73581.601   225.637    -1.09    7.73
  73950.651   226.975     3.63    6.13
  74319.764   230.278     8.95    4.35
  74688.941   231.950     4.53    3.71
  75058.181   232.372     1.14    3.23
  75427.484   231.762    -1.65    3.32
  75796.850   230.367    -3.78    3.27
  76166.279   229.098    -3.44    2.88
  76535.772   228.474    -1.69    3.31
  76905.328   228.188    -0.78    3.62
  77274.947   228.364     0.48    3.84
  77644.630   228.926     1.52    4.22
  78014.376   231.577     7.17    4.90
  78384.186   235.087     9.49    4.31
  78754.059   236.539     3.93    3.82
  79123.995   237.025     1.31    3.17
  79493.996   236.027    -2.70    3.34
  79864.059   234.866    -3.14    2.57
  80234.187   234.197    -1.81    1.99
  80604.377   234.000    -0.53    1.71
  80974.632   233.432    -1.53    1.85
  81344.950   232.790    -1.73    2.18
  81715.333   232.707    -0.23    2.24
  82085.778   232.432    -0.74    1.98
  82456.288   231.831    -1.62    2.20
  82826.862   230.568    -3.41    2.82
  83197.499   229.000    -4.23    2.44
  83568.200   226.420    -6.96    3.65
  83938.966   223.878    -6.85    4.38
  84309.795   221.765    -5.70    4.58
  84680.688   220.000    -4.76    3.64
  85051.645   220.728     1.96    3.16
  85422.667   221.081     0.95    2.59
  85793.752   217.598    -9.39    6.45
  86164.902   212.351   -14.14    8.07
  86536.116   206.975   -14.48    7.39
  86907.393   203.179   -10.22    4.32
  87278.736   201.469    -4.61    3.10
  87650.142   200.527    -2.54    2.65
  88021.613   198.463    -5.56    4.08
  88393.148   194.703   -10.12    5.69
  88764.748   190.815   -10.46    6.18
  89136.412   187.868    -7.93    4.29
  89508.140   188.296     1.15    3.90
  89879.933   190.632     6.28    5.84
  90251.790   194.519    10.45    7.17
  90623.712   198.921    11.84    6.80
  90995.699   203.506    12.33    6.91
  91367.750   208.145    12.47    6.46
  91739.866   212.160    10.79    5.15
  92112.046   215.487     8.94    5.43
  92484.291   217.988     6.72    5.45
  92856.601   220.671     7.21    6.34
  93228.976   222.074     3.77    6.54
  93601.416   222.816     1.99    6.99
  93973.920   225.062     6.03    7.15
  94346.489   227.211     5.77    7.22
  94719.124   231.378    11.18    8.82
  95091.823   235.740    11.71    8.63
  95464.587   240.400    12.50    9.16
  95837.416   244.671    11.46    7.63
  96210.310   248.100     9.20    7.13
  96583.270   250.701     6.98    6.02
  96956.294   251.610     2.44    5.47
  97329.384   252.304     1.86    5.08
  97702.538   251.383    -2.47    4.91
  98075.758   249.792    -4.26    4.57
  98449.044   250.350     1.49    6.62
  98822.394   250.304    -0.12    8.75
  99195.810   251.938     4.38   10.16
  99569.291   253.342     3.76    9.78
  99942.838   253.637     0.79    7.96
 100316.450   254.937     3.48    6.08
 100690.128   254.400    -1.44    7.22
 101063.871   252.288    -5.65   11.01
 101437.679   246.963   -14.25   13.92
 101811.554   236.975   -26.72   17.12
 102185.494   227.316   -25.83   14.74
 102559.499   220.962   -16.99    7.65
 102933.570   221.407     1.19    6.42
 103307.707   225.309    10.43    5.32
 103681.910   228.358     8.15    3.20
 104056.178   229.593     3.30    3.55
 104430.512   230.295     1.88    3.83
 104804.912   231.825     4.09    4.05
 105179.378   233.753     5.15    4.10
 105553.910   236.481     7.29    3.99
 105928.508   238.873     6.39    3.11
 106303.172   241.086     5.91    3.41
 106677.901   243.141     5.48    4.82
 107052.697   246.580     9.18    6.26
 107427.559   249.430     7.60    6.09
 107802.487   253.012     9.55    5.38
 108177.482   256.526     9.37    4.67
 108552.542   259.450     7.80    4.90
 108927.669   262.253     7.47    3.67
 109302.862   263.395     3.04    3.15
 109678.121   263.256    -0.37    3.90
 110053.447   262.630    -1.67    4.28
 110428.839   261.316    -3.50    4.61
 110804.297   260.358    -2.55    4.19
 111179.822   259.532    -2.20    3.02
 111555.413   259.610     0.21    2.85
 111931.071   259.987     1.00    3.83
 112306.796   259.383    -1.61    5.09
 112682.587   257.709    -4.45    5.97
 113058.445   255.716    -5.30    6.67
 113434.369   252.633    -8.20    6.16
 113810.360   250.646    -5.28    4.22
 114186.418   250.725     0.21    4.20
 114562.542   252.600     4.99    4.78
 114938.734   254.568     5.23    3.64
 115314.992   255.580     2.69    3.92
 115691.317   257.259     4.46    4.77
 116067.709   257.837     1.54    7.54
 116444.168   256.700    -3.02   11.12
 116820.694   255.114    -4.21   12.29
 117197.286   253.732    -3.67   11.01
 117573.946   254.165     1.15    7.26
 117950.673   253.402    -2.02    6.31
 118327.468   252.413    -2.63    8.49
 118704.329   250.000    -6.40   10.07
 119081.258   247.461    -6.74    9.34
 119458.253   245.301    -5.73    8.68
 119835.316   242.909    -6.34    8.61
 120212.447   239.617    -8.73   10.43
 120589.645   235.234   -11.62    9.86
 120966.910   229.037   -16.43    9.95
 121344.242   223.975   -13.42    9.22
 121721.642   221.073    -7.69    8.47
 122099.110   220.000    -2.84    6.43
 122476.645   223.163     8.38    6.54
 122854.247   228.741    14.77    7.39
 123231.917   232.630    10.30    6.31
 123609.655   234.146     4.02    4.80
 123987.460   234.407     0.69    4.61
 124365.334   235.750     3.55    6.28
 124743.274   237.722     5.22    6.71
 125121.283   237.361    -0.95    6.81
 125499.360   234.208    -8.34    8.06
 125877.504   229.061   -13.61    7.58
 126255.716   223.237   -15.40    5.25
 126633.996   219.134   -10.85    4.22
 127012.344   215.474    -9.67    5.22
 127390.761   210.361   -13.51    7.12
 127769.245   203.875   -17.14    8.21
 128147.797   198.863   -13.24    7.60
 128526.417   194.663   -11.09    4.69
 128905.106   193.122    -4.07    3.37
 129283.862   193.667     1.44    4.54
 129662.687   197.050     8.93    6.51
 130041.580   202.900    15.44    8.06
 130420.542   207.877    13.13    7.58
 130799.572   213.602    15.11    9.42
 131178.670   217.571    10.47   10.27
 131557.836   219.598     5.34    9.24
 131937.071   221.474     4.95    5.87
 132316.375   219.610    -4.91    5.37
 132695.747   215.208   -11.60    7.38
 133075.187   209.928   -13.92    7.68
 133454.696   205.593   -11.42    6.23
 133834.274   202.900    -7.09    6.17
 134213.921   199.775    -8.23    6.92
 134593.636   196.268    -9.24    6.63
 134973.420   193.268    -7.90    4.65
 135353.272   191.863    -3.70    3.78
 135733.194   189.913    -5.13    4.84
 136113.184   188.062    -4.87    6.30
 136493.243   184.578    -9.17    6.16
 136863.519   181.380    -8.64    4.68
 137230.431   177.296   -11.13    5.03
 137597.407   173.712    -9.77    5.82
 137964.446   169.037   -12.74    6.03
 138331.549   164.988   -11.03    5.17
 138698.715   161.390    -9.80    5.06
 139065.946   158.125    -8.89    4.16
 139433.240   155.329    -7.61    3.37
 139800.598   153.074    -6.14    2.42
 140168.020   151.309    -4.81    2.45
 140535.505   150.366    -2.57    1.83
 140903.055   149.716    -1.77    1.63
 141270.669   148.787    -2.53    2.22
 141638.346   146.556    -6.07    4.08
 142006.088   143.800    -7.49    4.61
 142373.894   141.392    -6.55    3.78
 142741.763   140.556    -2.28    2.58
 143109.697   141.276     1.96    3.09
 143477.695   142.049     2.10    2.85
 143845.758   142.423     1.02    2.86
 144213.884   140.827    -4.34    3.70
 144582.075   137.987    -7.72    2.99
 144950.330   135.963    -5.50    2.44
 145318.649   134.636    -3.60    2.36
 145687.033   133.655    -2.66    2.79
 146055.481   133.113    -1.47    2.95
 146423.994   133.588     1.29    2.96
 146792.571   136.123     6.88    4.44
 147161.213   140.048    10.65    6.03
 147529.919   144.861    13.05    6.52
 147898.690   151.457    17.89    6.75
 148267.525   156.713    14.25    6.81
 148636.425   161.354    12.58    5.43
 149005.389   163.951     7.04    3.48
 149374.419   165.000     2.84    2.40
 149743.513   163.598    -3.80    3.48
 150112.672   160.768    -7.67    4.24
 150481.895   158.232    -6.87    4.34
 150851.184   155.481    -7.45    3.99
 151220.537   153.817    -4.51    3.23
 151589.955   153.637    -0.49    2.84
 151959.439   154.235     1.62    2.97
 152328.987   154.506     0.74    3.13
 152698.600   154.229    -0.75    3.28
 153068.278   153.049    -3.19    3.44
 153438.022   151.512    -4.16    4.00
 153807.830   149.185    -6.29    4.51
 154177.704   146.583    -7.04    4.54
 154547.643   144.662    -5.19    3.95
 154917.647   143.210    -3.93    3.70
 155287.716   141.308    -5.14    2.89
 155657.851   140.463    -2.28    2.12
 156028.051   140.247    -0.59    1.81
 156398.316   140.829     1.57    1.96
 156768.647   141.447     1.67    1.73
 157139.043   141.378    -0.19    1.55
 157509.504   140.636    -2.00    1.99
 157880.031   140.548    -0.24    2.27
 158250.624   140.346    -0.54    2.62
 158621.282   139.366    -2.65    2.85
 158992.006   137.816    -4.18    3.71
 159362.796   135.435    -6.42    3.42
 159733.651   133.171    -6.11    2.45
 160104.572   132.651    -1.40    2.63
 160475.558   133.462     2.19    4.22
 160846.610   135.378     5.17    6.75
 161217.729   138.910     9.52   10.17
 161588.913   145.878    18.77   15.88
 161960.163   153.342    20.11   15.91
 162331.478   157.305    10.67   11.85
 162702.860   159.195     5.09    7.12
 163074.308   155.976    -8.67    5.72
 163445.822   151.346   -12.46    4.42
 163817.402   147.146   -11.30    6.32
 164189.048   142.753   -11.82    7.70
 164560.760   137.429   -14.33    8.59
 164932.538   132.372   -13.60    7.39
 165304.383   128.741    -9.77    6.70
 165676.293   125.256    -9.37    5.10
 166048.270   122.000    -8.76    4.67
 166420.314   119.205    -7.51    4.02
 166792.423   116.659    -6.84    3.83
 167164.599   115.000    -4.46    2.98
 167536.842   113.452    -4.16    3.56
 167909.151   111.551    -5.11    4.15
 168281.526   108.732    -7.57    5.27
 168653.968   105.208    -9.46    4.65
 169026.476   102.305    -7.79    3.49
 169399.052   100.474    -4.91    1.82
 169771.693   101.738     3.39    3.07
 170144.402   104.269     6.79    4.28
 170517.177   107.963     9.91    4.91
 170890.019   112.208    11.39    4.20
 171262.927   115.964    10.07    4.56
 171635.903   120.195    11.34    4.19
 172008.945   124.407    11.29    5.37
 172382.054   127.104     7.23    4.45
 172755.230   126.905    -0.53    5.11
 173128.473   124.013    -7.75    6.39
 173501.783   118.659   -14.35    5.68
 173875.160   113.923   -12.68    4.86
 174248.604   109.843   -10.93    4.93
 174622.115   106.192    -9.78    4.13
 174995.694   102.841    -8.97    3.83
 175369.339   100.289    -6.83    3.57
 175743.052    99.506    -2.10    3.33
 176116.832    99.064    -1.18    2.95
 176490.679    98.926    -0.37    2.10
 176864.594    98.711    -0.58    1.84
 177238.576    98.012    -1.87    2.02
 177612.625    96.909    -2.95    2.38
 177986.742    94.071    -7.59    5.48
 178360.926    89.359   -12.59    7.72
 178735.178    82.988   -17.03    7.41
 179109.497    78.823   -11.13    3.53
 179483.884    80.212     3.71    4.88
 179858.338    84.175    10.59    6.16
 180232.860    88.827    12.42    6.26
 180607.450    94.148    14.21    5.42
 180982.107    98.447    11.48    4.69
 181356.833   101.790     8.92    3.38
 181731.626   103.395     4.28    2.79
 182106.487   105.354     5.23    2.24
 182481.415   108.108     7.35    4.61
 182856.412   112.420    11.50    7.77
 183231.477   117.037    12.31   10.72
 183606.609   122.136    13.60   11.89
 183981.810   122.841     1.88   12.32
 184357.078   120.329    -6.70   10.60
 184732.415   118.373    -5.21    6.89
 185107.820   116.390    -5.28    3.62
 185483.293   114.354    -5.42    5.62
 185858.834   113.108    -3.32    6.58
 186234.444   112.790    -0.85    7.03
 186610.121   114.481     4.50    8.33
 186985.867   118.280    10.11   10.52
 187361.682   126.583    22.10   13.18
 187737.564   133.704    18.95   11.69
 188113.516   139.222    14.68   10.93
 188489.535   141.864     7.03   10.12
 188865.623   141.235    -1.67   10.16
 189241.780   139.397    -4.89   10.38
 189618.005   138.110    -3.42   10.22
 189994.299   140.385     6.05   12.71
 190370.662   149.643    24.60   18.09
 190747.093   161.231    30.79   17.40
 191123.593   171.220    26.53   12.72
 191500.162   179.208    21.22    5.78
 191876.799   182.904     9.81    5.45
 192253.506   186.051     8.36    5.62
 192630.281   187.440     3.69    4.68
 193007.125   188.013     1.52    3.78
 193384.038   190.301     6.07    5.14
 193761.020   195.241    13.10    9.20
 194138.071   200.464    13.86    9.53
 194515.191   204.783    11.45    7.17
 194892.381   204.798     0.04    6.65
 195269.639   201.366    -9.10    7.37
 195646.967   197.280   -10.83    8.85
 196024.363   190.964   -16.74   12.26
 196401.829   184.232   -17.84   13.89
 196779.365   177.598   -17.58   12.62
 197156.969   171.125   -17.14    9.15
 197534.644   165.704   -14.36    6.67
 197912.387   163.000    -7.16    5.86
 198290.200   159.000   -10.59    7.09
 198668.082   156.897    -5.56    6.78
 199046.034   157.878     2.59    7.06
 199424.056   157.474    -1.07    7.44
 199802.147   156.500    -2.58    8.19
 200180.307   155.282    -3.22    8.82
 200558.538   153.927    -3.58    7.61
 200936.838   155.662     4.59    9.21
 201315.208   155.167    -1.31    8.86
 201693.647   151.238   -10.38    8.42
 202072.157   146.434   -12.69    7.69
 202450.736   141.904   -11.97    8.13
 202829.385   138.354    -9.38    8.49
 203208.105   134.205   -10.96    9.68
 203586.894   128.890   -14.03   11.05
 203965.753   120.463   -22.25   13.28
 204344.682   113.793   -17.61   11.07
 204723.682   109.035   -12.55    6.81
 205102.751   107.275    -4.64    4.80
 205481.891   108.280     2.65    4.72
 205861.101   109.718     3.79    4.31
 206240.381   112.600     7.60    5.03
 206619.731   117.051    11.74    6.36
 206999.152   121.333    11.29    6.13
 207378.643   124.650     8.74    5.54
 207758.205   125.835     3.12    4.71
 208137.837   126.358     1.38    3.63
 208517.539   126.671     0.82    2.60
 208897.312   127.481     2.14    2.49
 209277.156   129.373     4.98    3.43
 209657.070   131.446     5.46    4.04
 210037.055   133.595     5.66    5.72
 210417.111   130.905    -7.08   10.64
 210797.237   123.253   -20.13   16.54
 211177.434   117.308   -15.64   17.48
