-268365.393   174.080     0.00    5.14
-267991.031   177.339     8.70    4.14
-267616.605   178.932     4.25    2.60
-267242.114   178.885    -0.13    2.59
-266867.560   177.589    -3.46    3.94
-266492.941   173.882    -9.89    5.77
-266118.258   169.324   -12.16    7.44
-265743.510   163.482   -15.59    9.37
-265368.698   155.492   -21.31    9.53
-264993.821   149.277   -16.58    8.27
-264618.880   143.719   -14.82    4.83
-264243.875   141.707    -5.36    3.46
-263868.805   139.875    -4.88    3.40
-263493.670   138.181    -4.52    2.89
-263118.471   137.070    -2.96    3.07
-262743.207   134.238    -7.54    3.70
-262367.879   130.170   -10.84    5.76
-261992.486   126.083   -10.88    6.49
-261617.028   121.932   -11.05    4.47
-261241.505   120.953    -2.61    3.54
-260865.917   121.720     2.04    4.53
-260490.265   122.618     2.39    4.22
-260114.548   124.492     4.99    4.20
-259738.765   127.327     7.54    6.29
-259362.918   129.782     6.53    6.18
-258987.006   130.146     0.97    6.24
-258611.029   129.382    -2.03    6.74
-258234.987   126.394    -7.94    6.09
-257858.879   124.745    -4.38    5.97
-257482.707   124.706    -0.10    5.35
-257106.470   122.032    -7.11    7.13
-256730.167   118.226   -10.11   10.38
-256353.799   114.545    -9.78   11.28
-255977.366   108.797   -15.27   10.91
-255600.867   105.783    -8.00   10.13
-255224.303   102.880    -7.71    8.55
-254847.674    99.495    -8.99    6.17
-254470.980    97.239    -5.99    3.84
-254094.220    97.226    -0.03    3.30
-253717.394    99.157     5.12    4.43
-253340.504   101.101     5.16    3.62
-252963.547   103.570     6.55    3.50
-252586.525   103.576     0.02    5.75
-252209.437   103.007    -1.51    7.92
-251832.284   103.084     0.20    9.17
-251455.065   102.757    -0.87    8.55
-251077.781   102.124    -1.68    7.36
-250700.430   103.263     3.02    7.84
-250323.014   105.143     4.98   10.47
-249945.533   108.374     8.56   13.56
-249567.985   113.245    12.90   15.96
-249190.371   115.403     5.71   16.79
-248812.692   118.680     8.67   16.67
-248434.946   120.289     4.26   15.32
-248057.135   121.745     3.85   14.68
-247679.257   122.207     1.22   14.82
-247301.314   122.207     0.00   14.84
-246923.304   121.890    -0.84   13.86
-246545.229   121.532    -0.95   12.43
-246167.087   120.972    -1.48   10.55
-245788.879   120.632    -0.90    9.04
-245410.605   119.311    -3.49   10.58
-245032.264   118.745    -1.50   10.80
-244653.857   118.061    -1.81   11.28
-244275.384   116.195    -4.93   11.66
-243896.845   112.809    -8.94   12.79
-243518.239   108.201   -12.17   13.51
-243139.567   103.580   -12.20   13.17
-242760.828   102.399    -3.12   13.49
-242382.023   105.107     7.15   14.13
-242003.151   108.848     9.87   13.03
-241624.213   113.270    11.67   10.28
-241245.208   117.226    10.44    7.06
-240866.136   119.171     5.13    5.27
-240486.998   118.351    -2.16    7.42
-240107.793   115.340    -7.94    9.69
-239728.521   111.030   -11.36   10.59
-239349.183   107.670    -8.86    9.09
-238969.777   105.916    -4.62    7.69
-238590.305   106.036     0.32    7.93
-238210.766   107.289     3.30    8.89
-237831.160   107.819     1.39    8.96
-237451.487   106.520    -3.42    9.56
-237071.747   102.745    -9.94   11.71
-236691.940    96.570   -16.26   13.58
-236321.268    90.540   -16.26   13.47
-235954.267    87.820    -7.41   13.18
-235587.205    86.353    -4.00   13.37
-235220.080    89.157     7.64   15.05
-234852.893    92.580     9.32   15.73
-234485.643    96.527    10.74   15.29
-234118.332    97.463     2.55   15.37
-233750.958    96.982    -1.31   14.84
-233383.522    92.930   -11.03   15.13
-233016.024    86.870   -16.49   15.58
-232648.464    78.857   -21.79   14.25
-232280.841    70.232   -23.46   10.25
-231913.156    65.870   -11.86    3.96
-231545.408    65.395    -1.29    2.94
-231177.598    64.137    -3.42    7.06
-230809.726    58.846   -14.38   13.15
-230441.791    57.127    -4.67   13.97
-230073.793    56.537    -1.60   13.96
-229705.733    59.032     6.78   12.64
-229337.610    64.908    15.96    2.63
-228969.425    63.708    -3.26    3.18
-228601.177    62.797    -2.47    3.53
-228232.866    62.115    -1.85    3.38
-227864.492    62.570     1.24    3.34
-227496.056    64.053     4.02    3.96
-227127.557    63.908    -0.39    6.46
-226758.995    59.794   -11.16   11.03
-226390.371    55.824   -10.77   12.51
-226021.683    54.171    -4.48   13.11
-225652.932    52.511    -4.50   13.63
-225284.119    50.695    -4.92   13.76
-224915.242    49.298    -3.79   13.89
-224546.303    50.507     3.28   14.71
-224177.300    51.125     1.67   14.66
-223808.235    50.207    -2.49   15.21
-223439.106    47.745    -6.67   15.58
-223069.914    43.482   -11.54   13.88
-222700.659    38.935   -12.31    9.39
-222331.341    36.461    -6.70    4.40
-221961.959    38.213     4.74    8.25
-221592.514    42.157    10.67   12.48
-221223.006    47.099    13.37   15.16
-220853.434    53.720    17.91   15.70
-220483.799    58.821    13.80   14.17
-220114.101    63.345    12.23   10.22
-219744.339    66.127     7.52    4.20
-219374.514    65.868    -0.70    2.60
-219004.625    65.591    -0.75    2.25
-218634.673    64.479    -3.01    2.66
-218264.657    64.115    -0.98    2.80
-217894.577    63.831    -0.77    2.72
-217524.434    63.362    -1.27    2.09
-217154.227    63.732     1.00    2.25
-216783.957    64.155     1.14    2.43
-216413.623    63.899    -0.69    2.48
-216043.224    64.066     0.45    2.98
-215672.763    64.831     2.07    3.97
-215302.237    64.646    -0.50    4.25
-214931.647    64.170    -1.28    4.12
-214560.994    64.632     1.25    3.27
-214190.276    64.027    -1.63    3.13
-213819.495    62.658    -3.69    3.59
-213448.649    61.053    -4.33    3.65
-213077.740    58.930    -5.72    3.00
-212706.766    56.957    -5.32    2.86
-212335.728    56.407    -1.48    2.67
-211964.626    56.976     1.53    3.49
-211593.460    59.387     6.49    5.84
-211222.230    63.954    12.30    5.93
-210850.936    67.683    10.04    5.65
-210479.577    70.239     6.88    4.26
-210108.154    69.295    -2.54    5.21
-209736.666    67.049    -6.05    6.45
-209365.115    65.313    -4.67    5.80
-208993.498    68.164     7.67   12.27
-208621.818    79.115    29.46   28.90
-208250.072    92.925    37.14   38.30
-207878.263   107.307    38.68   43.45
-207506.389   121.520    38.21   44.46
-207134.450   126.584    13.61   41.97
-206762.446   124.029    -6.87   38.32
-206390.378   118.596   -14.60   32.64
-206018.246   110.399   -22.02   21.31
-205646.048   111.232     2.24   19.03
-205273.786   117.251    16.16   19.85
-204901.459   129.498    32.89   17.43
-204529.067   143.745    38.25   14.12
-204156.610   153.395    25.91   11.86
-203784.089   162.758    25.13   10.36
-203411.502   165.132     6.37   11.01
-203038.851   162.609    -6.77   14.57
-202666.134   159.868    -7.35   14.68
-202293.353   159.596    -0.73   12.11
-201920.506   161.437     4.94    9.69
-201547.595   168.532    19.02    9.97
-201174.618   174.332    15.55   10.62
-200801.576   180.029    15.27   11.24
-200428.469   184.157    11.06   10.09
-200055.296   185.307     3.08    9.42
-199682.059   185.873     1.52    9.63
-199308.756   185.570    -0.81    8.77
-198935.388   185.606     0.10    7.25
-198561.954   183.879    -4.62    5.43
-198188.455   182.416    -3.92    5.86
-197814.891   177.170   -14.04    9.34
-197441.261   170.680   -17.37   11.01
-197067.565   163.251   -19.88   10.27
-196693.804   158.476   -12.77    6.59
-196319.978   158.029    -1.20    5.31
-195946.085   161.180     8.43    5.35
-195572.128   164.157     7.96    4.85
-195198.104   165.799     4.39    5.04
-194824.015   167.547     4.67    4.93
-194449.860   169.823     6.08    4.75
-194075.639   171.103     3.42    5.08
-193701.353   173.535     6.50    5.66
-193327.000   175.992     6.56    5.37
-192952.582   179.101     8.30    4.68
-192578.098   183.066    10.59    7.68
-192203.548   189.091    16.09   11.18
-191828.931   196.476    19.71    9.90
-191454.249   199.899     9.13    8.06
-191079.501   198.547    -3.61    9.49
-190704.686   190.758   -20.78   12.34
-190329.806   181.566   -24.52   12.44
-189954.859   175.454   -16.30   10.67
-189579.846   172.370    -8.22    9.13
-189204.767   167.107   -14.03    9.07
-188829.622   165.152    -5.21   10.24
-188454.410   165.029    -0.33   11.10
-188079.132   167.830     7.46   13.11
-187703.788   174.682    18.25   15.63
-187328.377   183.207    22.70   14.49
-186952.899   187.263    10.80   10.54
-186577.356   177.498   -26.00   23.65
-186201.745   157.805   -52.42   30.67
-185826.068   141.945   -42.21   25.11
-185450.325   135.307   -17.66   14.13
-185074.515   140.045    12.60   17.03
-184698.638   153.244    35.11   19.39
-184322.695   164.447    29.79   15.38
-183946.684   172.647    21.81   11.63
-183570.607   181.482    23.49    6.09
-183194.464   186.257    12.69    6.52
-182818.253   190.903    12.35    5.61
-182441.975   193.985     8.19    3.77
-182065.631   194.982     2.65    2.84
-181689.220   194.332    -1.73    2.54
-181312.741   194.680     0.92    2.46
-180936.196   195.954     3.38    2.91
-180559.583   197.745     4.75    4.04
-180182.904   200.103     6.26    4.67
-179806.157   202.277     5.77    4.65
-179429.343   203.745     3.90    4.85
-179052.462   206.992     8.61    4.13
-178675.514   209.103     5.60    3.41
-178298.499   209.696     1.57    3.45
-177921.416   210.182     1.29    3.86
-177544.265   210.982     2.12    4.03
-177167.048   211.970     2.62    4.16
-176789.763   212.021     0.14    4.22
-176412.410   211.998    -0.06    4.19
-176034.990   210.659    -3.55    4.09
-175657.503   210.009    -1.72    4.24
-175279.948   211.244     3.27    4.98
-174902.325   210.890    -0.94    5.29
-174524.635   209.672    -3.22    5.17
-174146.877   207.330    -6.20    6.40
-173769.051   202.345   -13.19    8.00
-173391.158   196.920   -14.35    9.53
-173013.197   191.274   -14.93    9.34
-172635.168   185.482   -15.32    6.15
-172257.071   182.201    -8.68    4.30
-171878.906   179.897    -6.09    2.80
-171500.673   178.870    -2.72    2.41
-171122.373   176.757    -5.59    2.69
-170744.004   175.403    -3.58    2.75
-170365.567   174.831    -1.51    2.46
-169987.062   175.252     1.11    2.92
-169608.490   176.559     3.45    2.92
-169229.849   178.511     5.15    3.39
-168851.139   180.149     4.32    4.00
-168472.362   181.351     3.17    4.12
-168093.516   183.226     4.95    3.94
-167714.602   184.239     2.67    4.22
-167335.620   185.574     3.52    5.02
-166956.569   187.125     4.09    5.15
-166577.450   188.305     3.11    4.22
-166198.262   189.835     4.03    4.03
-165819.006   191.140     3.44    4.27
-165439.682   191.866     1.92    4.31
-165060.289   190.420    -3.81    5.68
-164680.827   187.708    -7.15    5.89
-164301.296   185.719    -5.24    5.29
-163921.697   185.485    -0.62    6.23
-163542.030   185.888     1.06    6.23
-163162.293   185.877    -0.03    4.77
-162782.488   184.680    -3.15    4.08
-162402.614   181.470    -8.45    4.87
-162022.671   178.437    -7.98    4.54
-161648.327   176.940    -4.00    4.02
-161281.523   177.302     0.99    3.87
-160914.656   177.854     1.51    4.00
-160547.724   175.903    -5.32    6.15
-160180.730   172.647    -8.87    7.88
-159813.671   170.083    -6.98    7.86
-159446.549   167.901    -5.94    6.59
-159079.363   165.148    -7.50    6.41
-158712.113   161.070   -11.10    8.30
-158344.800   154.998   -16.53   10.69
-157977.422   148.744   -17.02   11.00
-157609.981   142.656   -16.57    8.53
-157242.476   138.880   -10.27    5.18
-156874.907   138.353    -1.44    4.41
-156507.273   139.879     4.15    5.16
-156139.576   142.115     6.08    5.94
-155771.815   144.062     5.29    6.20
-155403.990   145.029     2.63    6.35
-155036.100   145.745     1.95    5.65
-154668.146   145.988     0.66    4.62
-154300.128   146.584     1.62    3.73
-153932.046   147.415     2.26    3.04
-153563.900   148.646     3.34    4.44
-153195.689   151.288     7.17    6.67
-152827.414   155.382    11.12    7.97
-152459.075   158.932     9.64    7.85
-152090.671   161.671     7.43    6.96
-151722.202   164.288     7.10    5.00
-151353.670   166.091     4.89    3.88
-150985.072   167.899     4.90    3.96
-150616.411   170.213     6.28    4.44
-150247.684   171.244     2.80    5.16
-149878.893   170.272    -2.64    7.16
-149510.038   166.189   -11.07   10.05
-149141.117   161.835   -11.80    9.99
-148772.132   157.427   -11.94    9.67
-148403.083   153.667   -10.19    8.52
-148033.968   151.445    -6.02    7.76
-147664.789   150.201    -3.37    7.48
-147295.545   149.443    -2.05    6.20
-146926.236   147.226    -6.00    7.83
-146556.862   142.806   -11.96   10.27
-146187.423   137.566   -14.18   10.86
-145817.919   133.299   -11.55    8.72
-145448.350   131.340    -5.30    6.55
-145078.716   134.452     8.42    8.31
-144709.017   138.595    11.21    7.90
-144339.252   143.127    12.26    6.60
-143969.423   146.992    10.45    5.33
-143599.528   149.537     6.88    4.90
-143229.569   151.245     4.62    5.36
-142859.544   152.682     3.88    5.92
-142489.453   153.189     1.37    6.57
-142119.298   152.293    -2.42    7.54
-141749.077   151.635    -1.78    8.49
-141378.790   149.732    -5.14    9.67
-141008.438   148.293    -3.89   10.90
-140638.021   144.086   -11.36   12.67
-140267.538   139.976   -11.09   14.10
-139896.990   133.708   -16.91   15.32
-139526.376   130.720    -8.06   15.08
-139155.696   126.532   -11.30   13.37
-138784.951   123.281    -8.77   10.02
-138414.140   121.147    -5.75    7.73
-138043.263   119.757    -3.75    7.65
-137672.321   117.238    -6.79    8.00
-137301.313   114.419    -7.60    7.47
-136930.239   113.057    -3.67    6.81
-136559.099   114.268     3.26    6.83
-136187.893   115.164     2.41    7.24
-135816.622   117.313     5.79    7.61
-135445.284   119.295     5.34    8.02
-135073.880   119.262    -0.09    8.05
-134702.411   119.976     1.92    7.79
-134330.875   119.004    -2.62    6.93
-133959.273   118.513    -1.32    5.48
-133587.605   118.375    -0.37    4.73
-133215.871   119.057     1.83    3.91
-132844.071   120.238     3.18    3.72
-132472.204   122.559     6.24    4.66
-132100.272   124.443     5.06    5.71
-131728.272   126.378     5.20    5.93
-131356.207   127.074     1.87    6.02
-130984.075   127.195     0.33    5.70
-130611.877   127.527     0.89    3.84
-130239.612   127.226    -0.81    2.90
-129867.281   125.672    -4.17    3.32
-129494.883   124.794    -2.36    3.28
-129122.419   124.337    -1.23    3.71
-128749.888   125.757     3.81    5.22
-128377.290   127.431     4.49    7.82
-128004.626   128.659     3.29   10.10
-127631.895   128.300    -0.96   10.40
-127259.097   128.794     1.32   10.44
-126886.233   128.371    -1.13    9.12
-126513.301   127.251    -3.00    7.87
-126140.303   126.350    -2.42    8.65
-125767.238   126.683     0.90   10.90
-125394.106   129.371     7.20   12.75
-125020.907   132.646     8.77   11.64
-124647.641   132.964     0.85   10.49
-124274.308   131.732    -3.30   10.17
-123900.908   129.501    -5.98    9.48
-123527.441   129.732     0.62    9.15
-123153.907   129.768     0.10    7.88
-122780.305   130.513     1.99    7.30
-122406.637   130.805     0.78    8.87
-122032.901   130.208    -1.60   10.14
-121659.098   127.683    -6.75   10.98
-121285.227   124.379    -8.84   13.28
-120911.289   121.854    -6.75   15.22
-120537.284   122.257     1.08   18.07
-120163.211   126.013    10.04   19.89
-119789.071   135.371    25.01   16.29
-119414.863   141.232    15.66   11.92
-119040.588   143.854     7.00    7.74
-118666.245   143.424    -1.15    8.28
-118291.835   140.125    -8.81    9.51
-117917.357   137.021    -8.29    8.51
-117542.811   136.879    -0.38    8.03
-117168.198   136.382    -1.32    8.03
-116793.516   134.268    -5.64    7.96
-116418.767   133.078    -3.18    7.60
-116043.951   133.016    -0.16    7.08
-115669.066   132.374    -1.71    6.61
-115294.113   131.873    -1.34    7.86
-114919.093   128.895    -7.94    9.48
-114544.004   123.448   -14.52    9.38
-114168.847   120.846    -6.94   10.33
-113793.623   122.791     5.18   12.35
-113418.330   126.848    10.81   13.20
-113042.969   131.744    13.04   12.03
-112667.540   134.040     6.11   10.57
-112292.043   134.179     0.37   11.73
-111916.477   133.654    -1.40   11.70
-111540.843   132.098    -4.14   10.06
-111165.141   129.899    -5.85    8.89
-110789.371   127.497    -6.39    7.36
-110413.532   126.425    -2.85    8.53
-110037.625   126.152    -0.72    8.91
-109661.649   126.695     1.44    9.60
-109285.605   128.046     3.59    9.72
-108909.492   127.416    -1.67    9.39
-108533.311   124.949    -6.56    9.77
-108157.061   122.118    -7.52   12.20
-107780.742   119.292    -7.51   13.57
-107404.355   117.025    -6.02   14.44
-107027.899   115.623    -3.73   13.73
-106651.374   114.232    -3.69   13.17
-106274.780   109.830   -11.69   12.54
-105898.118   106.058   -10.01   11.41
-105521.387   102.325    -9.91    9.49
-105144.586    99.979    -6.22    7.06
-104767.717   100.623     1.71    6.97
-104390.779   101.930     3.47    7.28
-104013.772   102.708     2.06    7.60
-103636.695   102.078    -1.67    8.76
-103259.550   103.213     3.01   10.00
-102882.335   102.208    -2.66    9.77
-102505.052    99.771    -6.46    8.83
-102127.699    97.780    -5.27    8.23
-101750.276    95.809    -5.22    6.72
-101372.785    95.968     0.42    5.90
-100995.224    96.207     0.63    5.79
-100617.594    96.226     0.05    5.90
-100239.894    95.220    -2.66    6.75
 -99862.125    93.232    -5.26    7.09
 -99484.287    92.157    -2.84    7.87
 -99106.379    92.030    -0.34    8.22
 -98728.401    91.673    -0.94    8.30
 -98350.354    92.574     2.38    7.29
 -97972.237    93.443     2.30    6.79
 -97594.050    96.535     8.17    8.66
 -97215.794   101.854    14.06    8.32
 -96837.468   103.988     5.64    7.16
 -96459.072   104.238     0.66    7.82
 -96080.606   101.970    -5.99    8.46
 -95702.071   100.293    -4.43    6.86
 -95323.465    99.479    -2.15    6.23
 -94944.790   101.085     4.24    6.92
 -94566.044   105.530    11.73    8.43
 -94187.229   109.470    10.40    8.07
 -93808.343   112.057     6.83    9.32
 -93429.388   112.488     1.14    9.38
 -93050.362   112.498     0.03    8.92
 -92671.266   114.013     4.00    7.51
 -92292.100   116.366     6.21    6.55
 -91912.863   118.841     6.52    6.32
 -91533.557   122.708    10.19    6.58
 -91154.180   125.440     7.20    6.93
 -90774.732   125.899     1.21    8.45
 -90395.214   126.007     0.29    8.46
 -90015.626   125.383    -1.64    7.73
 -89635.967   124.770    -1.61    6.87
 -89256.238   126.244     3.88    6.11
 -88876.438   128.630     6.28    6.87
 -88496.568   131.672     8.01    7.54
 -88116.626   134.348     7.04    6.87
 -87736.614   136.110     4.64    4.94
 -87356.532   136.868     1.99    5.37
 -86978.202   135.578    -3.41    7.32
 -86611.600   132.720    -7.79    8.91
 -86244.932   130.147    -7.02    9.98
 -85878.199   127.168    -8.12    8.83
 -85511.400   126.411    -2.06    6.83
 -85144.537   126.668     0.70    4.79
 -84777.608   129.098     6.62    5.45
 -84410.614   132.463     9.17    4.58
 -84043.554   133.850     3.78    4.07
 -83676.429   133.930     0.22    4.31
 -83309.239   133.539    -1.06    5.17
 -82941.983   133.895     0.97    5.97
 -82574.661   133.923     0.08    6.27
 -82207.274   134.066     0.39    6.57
 -81839.821   133.106    -2.61    7.25
 -81472.303   131.202    -5.18    7.43
 -81104.719   129.988    -3.30    6.50
 -80737.070   130.318     0.90    5.65
 -80369.354   130.244    -0.20    4.26
 -80001.573   130.979     2.00    3.69
 -79633.726   131.103     0.34    3.39
 -79265.814   130.769    -0.91    3.28
 -78897.835   130.695    -0.20    3.46
 -78529.790   130.673    -0.06    3.91
 -78161.680   130.960     0.78    4.22
 -77793.503   130.042    -2.49    4.57
 -77425.261   128.061    -5.38    4.69
 -77056.952   125.885    -5.91    4.16
 -76688.578   124.163    -4.68    3.19
 -76320.137   124.070    -0.25    3.42
 -75951.630   123.532    -1.46    4.38
 -75583.057   122.907    -1.70    5.75
 -75214.418   121.427    -4.01    7.26
 -74845.712   119.293    -5.79    9.04
 -74476.940   116.300    -8.12   10.77
 -74108.102   114.625    -4.54   12.07
 -73739.198   112.853    -4.80   13.11
 -73370.227   110.589    -6.13   13.45
 -73001.189   109.342    -3.38   12.01
 -72632.085   106.549    -7.57   10.34
 -72262.915   102.756   -10.27    9.28
 -71893.678    97.793   -13.44    9.60
 -71524.374    93.238   -12.33   10.03
 -71155.004    89.596    -9.86   10.77
 -70785.567    86.347    -8.80   10.76
 -70416.064    83.269    -8.33    9.14
 -70046.494    81.523    -4.72    7.44
 -69676.857    79.522    -5.41    6.01
 -69307.153    77.549    -5.34    5.74
 -68937.382    76.547    -2.71    5.58
 -68567.544    75.537    -2.73    5.05
 -68197.640    74.707    -2.24    4.97
 -67827.669    74.407    -0.81    5.31
 -67457.630    74.163    -0.66    5.53
 -67087.525    73.991    -0.46    5.63
 -66717.352    74.001     0.03    5.70
 -66347.113    73.887    -0.31    5.57
 -65976.806    73.239    -1.75    4.66
 -65606.432    72.779    -1.24    4.04
 -65235.991    72.873     0.25    5.03
 -64865.483    72.720    -0.41    5.99
 -64494.907    73.884     3.14    6.89
 -64124.264    72.709    -3.17    9.95
 -63753.554    73.226     1.40   10.80
 -63382.776    75.649     6.53   10.64
 -63011.931    78.295     7.13    8.05
 -62641.018    80.828     6.83    4.68
 -62270.038    82.708     5.07    5.08
 -61898.991    83.286     1.56    5.73
 -61527.876    82.807    -1.29    6.13
 -61156.693    80.515    -6.17    5.29
 -60785.442    77.863    -7.14    4.19
 -60414.124    76.250    -4.34    4.23
 -60042.738    75.120    -3.04    3.54
 -59671.285    74.828    -0.79    2.78
 -59299.763    75.756     2.50    3.04
 -58928.174    76.636     2.37    3.11
 -58556.517    77.201     1.52    3.07
 -58184.792    77.612     1.10    3.80
 -57812.999    76.866    -2.00    4.48
 -57441.138    76.732    -0.36    4.65
 -57069.209    77.399     1.79    4.14
 -56697.212    78.744     3.62    3.47
 -56325.147    80.366     4.36    3.43
 -55953.014    79.383    -2.64    6.23
 -55580.813    75.982    -9.14    9.97
 -55208.543    71.473   -12.11    9.77
 -54836.205    68.214    -8.75    6.55
 -54463.799    67.257    -2.57    4.13
 -54091.325    69.942     7.21    4.46
 -53718.782    73.286     8.98    3.60
 -53346.171    75.720     6.53    3.34
 -52973.491    78.696     7.98    2.95
 -52600.743    81.279     6.93    3.16
 -52227.927    83.513     5.99    3.59
 -51855.041    85.479     5.27    4.29
 -51482.088    86.226     2.00    5.90
 -51109.065    86.411     0.49    7.92
 -50735.974    82.793    -9.70   10.09
 -50362.815    77.330   -14.64   10.54
 -49989.586    71.546   -15.50    8.78
 -49616.289    67.214   -11.60    6.17
 -49242.923    63.407   -10.20    4.63
 -48869.488    62.118    -3.45    4.25
 -48495.985    61.054    -2.85    3.51
 -48122.412    61.098     0.12    2.84
 -47748.771    62.395     3.47    2.11
 -47375.060    63.779     3.70    2.16
 -47001.280    65.094     3.52    1.69
 -46627.432    65.708     1.64    1.74
 -46253.514    67.323     4.32    3.76
 -45879.527    69.991     7.13    5.46
 -45505.471    73.841    10.29    6.85
 -45131.345    77.118     8.76    5.81
 -44757.151    79.399     6.10    3.74
 -44382.887    80.332     2.49    2.86
 -44008.553    80.744     1.10    2.47
 -43634.151    81.819     2.87    3.35
 -43259.679    82.839     2.73    4.27
 -42885.137    78.696   -11.06   13.03
 -42510.526    66.407   -32.80   23.67
 -42135.845    50.202   -43.25   24.43
 -41761.095    34.328   -42.36   13.29
 -41386.275    27.559   -18.06    3.21
 -41011.386    26.250    -3.49    1.66
 -40636.427    26.191    -0.16    2.25
 -40261.398    26.142    -0.13    2.49
 -39886.299    26.659     1.38    2.49
 -39511.131    26.768     0.29    2.28
 -39135.893    25.985    -2.08    1.68
 -38760.584    25.850    -0.36    1.41
 -38385.206    26.282     1.15    2.16
 -38009.758    27.173     2.37    2.92
 -37634.240    27.932     2.02    2.98
 -37258.652    29.174     3.31    2.63
 -36882.994    30.466     3.44    1.63
 -36507.266    31.399     2.48    1.88
 -36131.467    32.307     2.42    2.07
 -35755.598    33.073     2.04    2.07
 -35379.660    33.745     1.79    1.55
 -35003.650    34.209     1.23    1.41
 -34627.571    34.390     0.48    1.34
 -34251.421    33.179    -3.22    2.83
 -33875.201    31.720    -3.88    3.32
 -33498.910    30.768    -2.53    3.68
 -33122.549    31.270     1.33    6.59
 -32746.117    33.268     5.31    8.48
 -32369.615    33.135    -0.35    8.57
 -31993.042    33.261     0.34    8.27
 -31616.399    33.525     0.70    7.94
 -31239.685    29.371   -11.03   12.16
 -30862.900    22.086   -19.33   16.37
 -30486.044    14.899   -19.07   17.46
 -30109.118     8.015   -18.26   16.34
 -29732.121     2.379   -14.95   11.91
 -29355.053    -2.015   -11.65    1.15
 -28977.914     0.094     5.59    7.72
 -28600.704     0.583     1.30    8.16
 -28223.423     2.720     5.66   10.37
 -27846.071     7.673    13.13   14.23
 -27468.648     9.732     5.45   15.05
 -27091.154    12.149     6.40   15.59
 -26713.589    14.251     5.57   16.11
 -26335.952    11.000    -8.61   16.53
 -25958.245     7.142   -10.21   15.59
 -25580.466     2.639   -11.92   11.97
 -25202.615    -0.455    -8.19    6.15
 -24824.694    -1.339    -2.34    4.51
 -24446.701    -2.155    -2.16    1.13
 -24068.636    -2.268    -0.30    0.00
 -23690.500    -2.268     0.00    0.00
 -23312.293    -2.268     0.00    0.00
 -22934.014    -2.268     0.00    0.00
 -22555.663    -2.268     0.00    0.00
 -22177.241    -2.268     0.00    0.00
 -21798.747    -1.656     1.62    3.31
 -21420.182     0.623     6.02    7.84
 -21041.544     4.438    10.08   11.43
 -20662.835     8.744    11.37   13.60
 -20284.054    10.142     3.69   14.39
 -19905.202     8.359    -4.71   14.22
 -19526.277     8.615     0.68   14.31
 -19147.280     7.473    -3.01   14.16
 -18768.211     5.572    -5.02   13.14
 -18389.071     9.042     9.15   14.88
 -18009.858    10.830     4.72   15.25
 -17630.573     9.939    -2.35   15.23
 -17251.216     8.320    -4.27   14.63
 -16871.786     5.581    -7.22   13.10
 -16492.285     4.082    -3.95   12.10
 -16112.711     3.603    -1.26   12.03
 -15733.065     4.387     2.06   12.92
 -15353.346     5.273     2.34   13.93
 -14973.555     8.461     8.39   16.20
 -14593.692    11.018     6.73   17.03
 -14213.756    13.226     5.81   17.36
 -13833.747    15.335     5.55   16.74
 -13453.666    16.442     2.91   15.90
 -13073.513    16.814     0.98   15.92
 -12693.287    19.828     7.93   15.87
 -12312.988    24.202    11.50   15.17
 -11944.265    26.314     5.73   12.49
 -11577.807    27.817     4.10    8.39
 -11211.283    27.054    -2.08    5.96
 -10844.692    22.790   -11.63    9.56
 -10478.034    16.009   -18.49   12.11
 -10111.309    16.100     0.25   13.62
  -9744.517    18.058     5.34   13.99
  -9377.658    23.209    14.04   10.99
  -9010.732    27.545    11.82    3.83
  -8643.739    26.491    -2.87    2.38
  -8276.679    25.470    -2.78    2.64
  -7909.552    24.709    -2.07    3.33
  -7542.358    24.057    -1.77    3.42
  -7175.096    22.901    -3.15    2.98
  -6807.767    21.427    -4.01    2.69
  -6440.371    19.035    -6.51    6.46
  -6072.908    16.360    -7.28    8.48
  -5705.377    12.568   -10.32   10.47
  -5337.779    11.274    -3.52   11.14
  -4970.113    11.732     1.25   12.22
  -4602.380    13.976     6.10   13.87
  -4234.580    18.318    11.80   14.93
  -3866.711    24.603    17.09   12.76
  -3498.776    31.285    18.16    3.89
  -3130.772    32.709     3.87    1.92
  -2762.701    33.214     1.37    2.21
  -2394.563    33.899     1.86    2.10
  -2026.356    34.345     1.21    1.45
  -1658.082    32.003    -6.36    8.28
  -1289.740    24.745   -19.71   15.25
   -921.330    14.279   -28.41   17.17
   -552.852     4.584   -26.31   12.62
   -184.307    -0.279   -13.20    5.94
    184.307     5.161    14.76   17.04
    552.988    17.146    32.51   27.97
    921.738    27.395    27.79   31.82
   1290.556    42.031    39.68   35.27
   1659.442    52.684    28.88   35.00
   2028.395    66.589    37.69   26.03
   2397.418    73.505    18.74   16.95
   2766.508    78.613    13.84    8.52
   3135.667    80.578     5.32    9.04
   3504.893    83.965     9.17    9.39
   3874.189    87.430     9.38    8.68
   4243.552    91.720    11.61    6.99
   4612.984    95.339     9.80    5.77
   4982.485    98.696     9.08    5.45
   5352.054   103.847    13.94    8.66
   5721.691   111.332    20.25   12.34
   6091.397   122.181    29.34   17.79
   6461.172   135.295    35.47   21.91
   6831.015   149.823    39.28   27.64
   7200.927   164.945    40.88   29.81
   7570.908   176.907    32.33   26.35
   7940.957   184.720    21.11   23.44
   8311.075   191.203    17.52   19.01
   8681.262   192.757     4.20   15.00
   9051.518   191.456    -3.51   10.44
   9421.843   187.685   -10.19    8.65
   9792.237   180.583   -19.17   10.42
  10162.699   172.574   -21.62   11.55
  10533.231   160.860   -31.61   15.83
  10903.832   148.591   -33.11   18.52
  11274.502   135.197   -36.14   17.42
  11645.241   124.144   -29.81   12.97
  12016.049   115.465   -23.41   11.00
  12386.926   109.118   -17.11   10.04
  12757.873   102.709   -17.28    8.98
  13128.889    99.801    -7.84    7.80
  13499.974   100.190     1.05    7.68
  13871.129   100.116    -0.20    8.30
  14242.353    97.290    -7.61   10.12
  14613.646    95.097    -5.91    9.47
  14985.009    92.066    -8.16    5.85
  15356.442    92.279     0.57    3.80
  15727.944    93.830     4.18    2.51
  16099.516    94.368     1.45    2.12
  16471.157    93.895    -1.27    2.77
  16842.868    93.151    -2.00    4.12
  17214.649    92.525    -1.68    5.23
  17586.499    92.568     0.11    5.64
  17958.419    92.263    -0.82    4.70
  18330.409    92.295     0.09    2.94
  18702.469    93.130     2.24    2.09
  19074.599    93.801     1.80    2.14
  19446.799    94.305     1.35    2.28
  19819.069    94.824     1.39    2.80
  20191.409    95.066     0.65    2.74
  20563.819    94.256    -2.18    3.06
  20936.299    92.510    -4.69    2.27
  21308.849    91.391    -3.00    1.83
  21681.469    89.992    -3.76    1.88
  22054.160    88.307    -4.52    3.28
  22426.921    86.269    -5.47    4.05
  22799.752    84.697    -4.22    3.48
  23172.654    84.818     0.32    3.14
  23545.625    86.494     4.49    2.99
  23918.668    87.708     3.26    2.48
  24291.781    88.721     2.72    2.40
  24664.964    89.646     2.48    2.39
  25038.218    90.991     3.60    2.32
  25411.542    91.781     2.12    1.73
  25784.937    92.238     1.22    2.02
  26158.403    93.090     2.28    2.64
  26531.940    93.606     1.38    2.97
  26905.547    93.942     0.90    3.10
  27279.225    92.918    -2.74    3.40
  27652.974    91.293    -4.35    2.50
  28026.793    90.916    -1.01    2.21
  28400.684    90.992     0.20    1.99
  28774.645    91.066     0.20    2.16
  29148.678    91.263     0.53    3.50
  29522.782    94.721     9.24    6.82
  29896.956   100.671    15.90    8.24
  30271.202   108.537    21.02    9.78
  30645.519   118.387    26.31   13.60
  31019.907   131.456    34.91   20.82
  31394.366   148.954    46.73   24.93
  31768.897   166.872    47.84   25.02
  32143.499   180.140    35.42   21.31
  32518.172   190.227    26.92   14.90
  32892.917   191.584     3.62   15.73
  33267.733   182.916   -23.13   23.06
  33642.620   167.757   -40.44   25.96
  34017.579   157.174   -28.22   21.23
  34392.610   153.318   -10.28   16.89
  34767.712   159.453    16.36   18.75
  35142.886   165.882    17.14   17.94
  35518.131   164.300    -4.22   18.44
  35893.449   158.807   -14.64   16.28
  36268.838   154.603   -11.20   10.43
  36644.298   155.976     3.66    7.28
  37019.831   159.652     9.79    7.42
  37395.435   162.621     7.91    5.82
  37771.112   165.663     8.10    6.78
  38146.860   170.473    12.80    7.90
  38522.681   175.395    13.10    7.64
  38898.573   178.806     9.08    6.47
  39274.538   183.314    11.99    8.79
  39650.574   188.183    12.95   10.74
  40026.683   192.209    10.70   10.93
  40402.864   194.817     6.93    8.82
  40779.117   195.227     1.09    7.19
  41155.443   195.697     1.25    5.99
  41531.841   196.709     2.69    5.38
  41908.311   199.503     7.42    4.92
  42284.854   202.081     6.85    5.41
  42661.469   207.907    15.47    8.77
  43038.157   218.364    27.76   18.09
  43414.917   236.674    48.60   27.03
  43791.750   253.399    44.38   30.24
  44168.655   273.166    52.45   27.99
  44545.633   288.494    40.66   23.71
  44922.684   302.502    37.15   19.46
  45299.808   310.411    20.97   18.29
  45677.004   315.985    14.78   21.69
  46054.273   320.410    11.73   22.61
  46431.615   330.518    26.79   25.48
  46809.030   338.407    20.90   27.58
  47186.518   347.535    24.18   28.30
  47564.079   352.685    13.64   22.98
  47941.713   352.951     0.70   19.53
  48319.420   351.732    -3.23   15.14
  48697.201   354.744     7.97   11.29
  49075.054   361.351    17.49   11.28
  49452.981   373.641    32.52   14.60
  49830.981   385.625    31.70   14.95
  50209.054   396.607    29.05   15.54
  50587.200   404.522    20.93   15.45
  50965.420   406.824     6.09   22.71
  51343.713   404.325    -6.61   29.73
  51722.080   402.885    -3.81   32.80
  52100.520   404.281     3.69   35.63
  52479.034   411.020    17.80   35.06
  52857.622   425.354    37.86   33.77
  53236.283   440.349    39.60   32.06
  53615.018   457.232    44.58   26.61
  53993.826   470.215    34.27   25.14
  54372.708   473.058     7.50   29.26
  54751.664   475.023     5.19   32.92
  55130.694   497.130    58.33   53.08
  55509.798   530.575    88.23   79.78
  55888.976   594.169   167.72  113.38
  56268.228   641.661   125.23  117.30
  56647.553   665.107    61.81  121.70
  57026.953   672.353    19.10  120.74
  57406.427   670.372    -5.22   97.37
  57785.975   695.139    65.26   98.81
  58165.598   767.391   190.33  127.56
  58545.294   835.042   178.18  127.97
  58925.065   902.653   178.04  127.88
  59304.910   946.350   115.04  123.43
  59684.830   972.039    67.62  114.17
  60064.824   989.183    45.12   96.55
  60444.892   978.544   -27.99   86.42
  60825.035   954.025   -64.50  102.43
  61205.252   893.261  -159.82  114.09
  61585.544   819.113  -194.99  100.01
  61965.911   770.399  -128.08  114.97
  62346.352   719.433  -133.97  130.00
  62719.372   689.346   -80.66  123.59
  63085.618   655.625   -92.08  102.14
  63451.934   665.571    27.15   91.48
  63818.317   682.086    45.08   76.62
  64184.769   687.244    14.08   52.62
  64551.290   682.757   -12.24   47.26
  64917.879   655.054   -75.57   56.51
  65284.537   630.603   -66.69   58.87
  65651.264   607.640   -62.62   69.99
  66018.059   576.445   -85.05   78.60
  66384.923   531.530  -122.44   96.12
  66751.856   480.030  -140.36   92.20
  67118.857   416.442  -173.27   71.43
  67485.928   369.558  -127.73   55.86
  67853.067   331.482  -103.71   35.36
  68220.276   309.951   -58.64   28.94
  68587.553   291.958   -48.99   16.80
  68954.900   281.468   -28.56   12.67
  69322.315   274.945   -17.76    9.86
  69689.799   268.560   -17.38   11.30
  70057.353   259.768   -23.92   13.46
  70424.976   248.836   -29.74   13.73
  70792.668   243.768   -13.78   13.02
  71160.429   261.300    47.68   46.03
  71528.260   296.732    96.33   71.53
  71896.160   359.120   169.59   83.80
  72264.129   429.664   191.72   80.99
  72632.168   513.606   228.09  103.67
  73000.276   587.360   200.37  114.58
  73368.454   670.349   225.42  107.08
  73736.701   723.789   145.13   88.66
  74105.018   750.161    71.60   68.97
  74473.404   740.778   -25.47   89.28
  74841.860   688.793  -141.10  121.25
  75210.386   612.755  -206.34  117.80
  75578.981   545.232  -183.20   95.15
  75947.647   508.994   -98.30   68.57
  76316.382   499.197   -26.57   55.18
  76685.186   493.346   -15.86   47.42
  77054.061   490.542    -7.60   47.70
  77423.006   473.289   -46.77   55.90
  77792.020   457.186   -43.64   53.49
  78161.105   456.357    -2.24   66.90
  78530.260   488.585    87.31   82.31
  78899.484   549.873   166.00   86.26
  79268.779   582.979    89.65   82.86
  79638.144   626.043   116.59   89.66
  80007.580   634.391    22.60   96.54
  80377.085   639.069    12.66   96.64
  80746.661   659.414    55.05   90.88
  81116.307   669.768    28.01   82.62
  81486.023   693.036    62.94   81.24
  81855.810   725.183    86.94   75.07
  82225.667   750.914    69.57   86.09
  82595.595   774.647    64.16   85.61
  82965.593   820.261   123.29   88.90
  83335.662   848.647    76.71   90.16
  83705.802   861.537    34.83   93.75
  84076.012   873.944    33.52   84.64
  84446.292   862.721   -30.31   80.67
  84816.644   843.262   -52.55   84.07
  85187.066   812.312   -83.56   85.77
  85557.559   774.135  -103.05   68.34
  85928.123   757.043   -46.13   60.80
  86298.758   749.442   -20.51   62.05
  86669.464   716.596   -88.61   75.63
  87040.240   684.209   -87.35   80.15
  87411.088   653.971   -81.54   71.04
  87782.007   626.309   -74.58   68.09
  88152.996   590.232   -97.25   87.84
  88524.057   545.528  -120.49  104.15
  88895.189   488.191  -154.50   80.01
  89266.393   459.516   -77.25   59.72
  89637.667   442.069   -47.00   57.71
  90009.013   424.710   -46.75   57.78
  90380.430   402.054   -61.00   50.99
  90751.919   380.141   -58.99   53.59
  91123.479   360.491   -52.89   61.81
  91495.110   344.137   -44.01   66.38
  91866.813   321.830   -60.02   54.11
  92238.588   316.588   -14.10   38.53
  92610.434   317.720     3.05   40.55
  92982.351   321.891    11.22   43.47
  93354.341   338.891    45.70   50.43
  93726.402   365.295    70.97   67.86
  94098.534   412.842   127.78   83.27
  94470.739   474.002   164.33   75.96
  94843.015   524.865   136.64   49.62
  95215.364   565.543   109.26   45.97
  95587.784   590.003    65.68   45.34
  95960.276   592.050     5.50   53.39
  96332.840   594.328     6.11   55.98
  96705.476   614.198    53.33   66.56
  97078.184   658.571   119.06   85.70
  97450.964   690.516    85.70   76.07
  97823.817   706.968    44.13   73.01
  98196.742   729.766    61.14   73.06
  98569.738   728.907    -2.30   69.08
  98942.808   723.698   -13.96   68.26
  99315.949   700.686   -61.68   58.33
  99689.163   675.628   -67.15   33.66
 100062.449   677.204     4.22   30.33
 100435.808   701.153    64.15   41.12
 100809.239   730.335    78.15   42.22
 101182.743   738.339    21.43   42.03
 101556.319   738.038    -0.81   40.38
 101929.968   735.710    -6.23   42.10
 102303.690   733.812    -5.08   39.30
 102677.484   742.232    22.53   36.35
 103051.351   743.058     2.21   40.48
 103425.291   741.215    -4.93   41.55
 103799.303   754.946    36.71   46.08
 104173.389   763.823    23.73   44.21
 104547.547   762.314    -4.03   42.38
 104921.779   737.960   -65.08   58.42
 105296.083   702.880   -93.73   66.55
 105670.461   644.698  -155.42   58.52
 106044.911   594.339  -134.50   64.88
 106419.435   548.616  -122.09   61.43
 106794.032   523.721   -66.46   51.38
 107168.702   525.221     4.00   57.15
 107543.445   532.146    18.48   62.24
 107918.261   544.639    33.33   57.61
 108293.151   548.307     9.78   53.12
 108668.115   561.479    35.13   61.05
 109043.151   569.414    21.16   60.51
 109418.261   591.870    59.87   52.15
 109793.445   614.988    61.62   50.68
 110168.702   631.278    43.41   48.34
 110544.033   633.891     6.96   48.60
 110919.438   621.640   -32.64   52.19
 111294.916   592.267   -78.24   48.28
 111670.468   554.629  -100.23   54.57
 112046.093   516.294  -102.06   58.46
 112421.793   469.050  -125.76   50.96
 112797.566   435.676   -88.82   37.08
 113173.413   429.537   -16.34   42.32
 113549.334   455.036    67.84   71.42
 113925.329   492.130    98.66   80.38
 114301.398   514.846    60.41   71.34
 114677.542   538.528    62.97   51.62
 115053.759   552.135    36.17   48.97
 115430.050   579.085    71.63   53.86
 115806.416   606.141    71.90   51.54
 116182.856   631.346    66.96   46.15
 116559.370   644.878    35.94   45.77
 116935.959   650.686    15.42   40.63
 117312.622   632.460   -48.39   52.92
 117689.359   609.833   -60.06   55.78
 118066.171   596.789   -34.62   47.37
 118443.057   605.833    24.00   52.40
 118820.018   622.031    42.97   58.46
 119197.053   617.856   -11.07   58.48
 119574.164   610.215   -20.26   52.79
 119951.348   618.525    22.03   48.38
 120328.608   642.976    64.82   55.91
 120705.942   659.460    43.69   53.45
 121083.351   656.089    -8.93   54.74
 121460.835   648.666   -19.67   59.09
 121838.394   639.976   -23.02   63.10
 122216.028   665.869    68.57   70.07
 122593.736   687.151    56.35   72.99
 122971.520   682.620   -11.99   82.45
 123349.379   666.779   -41.93   82.07
 123727.313   669.800     8.00   73.40
 124105.322   692.623    60.38   75.06
 124483.407   704.227    30.69   87.73
 124861.566   699.769   -11.79   93.06
 125239.801   691.232   -22.57   81.48
 125618.112   690.756    -1.26   76.93
 125996.497   678.480   -32.45   84.57
 126374.958   673.137   -14.12   91.72
 126753.495   675.908     7.32   87.94
 127132.107   682.359    17.04   79.93
 127510.795   682.107    -0.66   74.76
 127889.558   686.911    12.68   83.66
 128268.397   701.710    39.07   91.80
 128647.312   736.450    91.69   91.13
 129026.302   754.193    46.82   78.70
 129405.368   745.514   -22.90   77.79
 129784.510   722.630   -60.36   80.91
 130163.728   704.266   -48.43   78.06
 130543.022   711.799    19.86   70.30
 130922.392   738.675    70.85   56.54
 131301.838   741.159     6.55   60.34
 131681.360   734.508   -17.53   64.67
 132060.958   701.562   -86.80   83.85
 132440.632   649.277  -137.72   92.22
 132820.383   602.732  -122.58   85.19
 133200.209   561.335  -109.00   73.41
 133580.112   549.502   -31.15   76.01
 133960.091   529.812   -51.83   64.09
 134340.147   526.756    -8.04   65.07
 134720.279   535.193    22.20   77.35
 135100.488   556.661    56.47   80.48
 135480.773   566.317    25.39   64.34
 135861.134   548.101   -47.89   78.00
 136241.573   521.776   -69.20   87.87
 136622.088   497.395   -64.08   84.36
 137002.679   469.447   -73.44   79.39
 137380.351   440.462   -76.75   93.83
 137746.377   383.991  -154.30  101.72
 138112.473   321.354  -171.11   74.06
 138478.640   286.406   -95.45   66.13
 138844.877   262.720   -64.68   59.92
 139211.183   239.880   -62.36   36.57
 139577.561   229.767   -27.61   13.58
 139944.008   246.272    45.04   40.55
 140310.526   282.597    99.12   79.09
 140677.114   345.698   172.15  108.03
 141043.773   398.845   144.96  114.65
 141410.502   437.591   105.67  100.49
 141777.301   422.744   -40.48  100.08
 142144.171   394.101   -78.08   97.03
 142511.112   365.227   -78.70   71.47
 142878.124   362.568    -7.25   61.49
 143245.206   388.811    71.50   83.05
 143612.358   430.573   113.76   97.72
 143979.582   468.244   102.59   94.99
 144346.876   473.948    15.53   87.99
 144714.241   479.630    15.47   78.28
 145081.677   475.421   -11.46   67.83
 145449.184   483.050    20.76   63.55
 145816.762   500.856    48.45   66.64
 146184.411   529.302    77.38   85.11
 146552.131   561.024    86.28   84.13
 146919.922   592.046    84.35   74.86
 147287.784   598.891    18.61   68.65
 147655.717   606.001    19.32   68.18
 148023.722   619.654    37.10   59.20
 148391.797   623.081     9.31   47.22
 148759.944   615.631   -20.24   35.07
 149128.163   595.755   -53.99   40.97
 149496.453   558.328  -101.64   53.68
 149864.814   524.914   -90.72   57.31
 150233.246   482.880  -114.10   50.55
 150601.750   455.566   -74.13   40.01
 150970.326   431.295   -65.86   29.42
 151338.973   417.777   -36.68   27.50
 151707.692   405.709   -32.73   26.11
 152076.482   399.403   -17.10   21.57
 152445.344   399.988     1.59   18.82
 152814.278   403.718    10.11   20.15
