# NaN NaN NaN ;Mean Elev.(m), Avg Gradient(m/km), RMS Gradient(m/km) - SRTM1     
#  135.000  -4.973  19.095 ;Mean Elev.(m), Avg Gradient(m/km), RMS Gradient(m/km) - ASTER GDEM
#  130.963  -3.814  16.164 ;Mean Elev.(m), Avg Gradient(m/km), RMS Gradient(m/km) - GMTED2010 
  8   136.444 52498.12909904 42.37 118.365453  59.701304 25.691
  8   136.337 52498.12909968 39.87 118.363293  59.698134 25.691
  8   136.477 52498.12910033 40.57 118.361133  59.694964 25.691
  8   136.553 52498.12910097 39.58 118.358973  59.691784 25.691
 10   134.842 52568.12911051 47.68 118.381301  59.708809 14.787
 10   134.847 52568.12911115 49.24 118.379141  59.705629 14.787
 10   134.855 52568.12911180 46.66 118.376980  59.702460 18.346
 10   134.873 52568.12911244 45.50 118.374820  59.699290 18.346
 11   135.098 52603.12910853 19.80 118.357877  59.699047 14.999
 11   135.125 52603.12910918 23.86 118.355717  59.695877 14.999
 11   135.155 52603.12910982 27.50 118.353557  59.692697 14.999
 11   134.988 52603.12911047 29.83 118.351397  59.689527 14.999
 12   134.703 52638.12908018 22.51 118.378704  59.706626  9.726
 12   134.880 52638.12908082 19.35 118.376544  59.703446  9.726
 12   134.756 52638.12908147 17.42 118.374384  59.700276  9.726
 12   134.688 52638.12908211 17.25 118.372224  59.697106  9.726
 13   134.154 52673.12908159 15.01 118.364361  59.701249  9.328
 13   133.997 52673.12908223 16.46 118.362201  59.698079  9.328
 13   134.142 52673.12908288 16.89 118.360051  59.694899  9.328
 13   134.128 52673.12908352 19.49 118.357891  59.691729  9.328
 14   133.849 52708.12908781 16.35 118.378884  59.706453  7.749
 14   133.857 52708.12908845 16.33 118.376724  59.703283  7.749
 14   133.782 52708.12908910 14.87 118.374564  59.700113  7.749
 14   133.611 52708.12908974 15.01 118.372404  59.696943  7.749
 15   150.012 52743.12912052  7.52 118.357806  59.697797  6.246
 15   150.259 52743.12912117  7.73 118.355646  59.694627  6.246
 15   150.524 52743.12912181  3.79 118.353486  59.691457  6.246
 17   137.689 52813.12913812 33.31 118.380060  59.707684 20.782
 17   137.816 52813.12913876 42.65 118.377900  59.704504 20.782
 17   137.906 52813.12913941 47.65 118.375740  59.701334 20.782
 17   137.783 52813.12914005 50.07 118.373580  59.698164 20.782
 18   134.938 52848.12919179 36.48 118.381319  59.708330 10.809
 18   134.910 52848.12919244 19.23 118.379159  59.705160 10.809
 18   134.675 52848.12919308 15.52 118.376999  59.701980 10.809
 18   134.713 52848.12919373 14.98 118.374839  59.698810 10.809
 19   136.856 52883.12922926 48.46 118.366857  59.703427 22.410
 19   137.088 52883.12922990 48.76 118.364697  59.700257 22.410
 19   137.011 52883.12923055 46.46 118.362537  59.697087 22.410
 19   136.919 52883.12923119 50.11 118.360377  59.693917 22.410
 20   135.543 52918.12918680 32.17 118.362464  59.699707 25.975
 20   135.327 52918.12918745 18.90 118.360304  59.696537 25.975
 20   135.353 52918.12918809 24.82 118.358144  59.693367 25.975
 21   134.507 52953.12914595 25.16 118.392125  59.712083 15.751
 21   134.462 52953.12914660 26.10 118.389955  59.708913 15.751
 21   134.492 52953.12914724 25.57 118.387795  59.705743 15.751
 21   134.638 52953.12914789 34.24 118.385635  59.702573 15.751
 22   135.578 52988.12915726 19.28 118.385120  59.710070  9.403
 22   135.643 52988.12915791 20.60 118.382960  59.706890  9.403
 22   135.694 52988.12915855 20.64 118.380800  59.703720  9.403
 22   135.554 52988.12915919 17.82 118.378640  59.700550  9.403
 23   134.751 53023.12914627 13.32 118.371973  59.704837  6.970
 23   134.715 53023.12914692 12.79 118.369813  59.701667  6.970
 23   134.564 53023.12914756 13.27 118.367653  59.698497  6.970
 23   134.546 53023.12914821 14.08 118.365493  59.695327  6.970
 23   134.664 53023.12914885 13.42 118.363333  59.692147  6.970
 24   134.057 53058.12913922 15.41 118.385591  59.708877  6.700
 24   134.017 53058.12913987 15.92 118.383431  59.705697  6.700
 24   134.203 53058.12914051 11.99 118.381261  59.702527  6.700
 24   134.068 53058.12914116 11.50 118.379101  59.699357  6.700
 25   133.626 53093.12918085 13.39 118.348282  59.694449  6.635
 25   133.809 53093.12918150 13.89 118.346132  59.691279  6.635
 26   142.621 53128.12914799  3.11 118.386150  59.709806 13.030
 26   134.118 53128.12914864  7.72 118.383990  59.706636 13.030
 26   134.207 53128.12914928  7.25 118.381820  59.703466 13.030
 26   134.821 53128.12914993  6.93 118.379660  59.700296 13.030
 28   146.190 53198.12921494 10.40 118.373590  59.705444  7.416
 28   137.040 53198.12921558 16.34 118.371430  59.702274  7.416
 28   137.279 53198.12921623 21.53 118.369270  59.699104  7.416
 28   137.694 53198.12921687 20.91 118.367110  59.695924  7.416
 29   137.032 53233.12918955 42.92 118.376112  59.705511 23.049
 29   137.167 53233.12919020 45.95 118.373952  59.702331 23.049
 29   137.010 53233.12919084 42.46 118.371792  59.699161 23.049
 29   137.162 53233.12919148 44.52 118.369632  59.695991 23.049
 30   136.757 53268.12916010 57.23 118.350256  59.695679 29.407
 30   136.696 53268.12916074 52.72 118.348096  59.692509 29.407
 30   136.820 53268.12916139 51.76 118.345946  59.689339 29.407
 31   135.983 53303.12921538 52.60 118.368635  59.703315 28.422
 31   135.901 53303.12921602 49.62 118.366475  59.700135 28.422
 31   135.980 53303.12921666 49.03 118.364315  59.696965 28.422
 31   136.070 53303.12921731 46.50 118.362155  59.693795 28.422
 32   136.370 53338.12918525 19.91 118.365569  59.702177 13.264
 32   136.191 53338.12918590 20.11 118.363409  59.698997 13.264
 32   136.240 53338.12918654 17.74 118.361249  59.695827 13.264
 32   136.372 53338.12918718 18.41 118.359089  59.692657 13.264
 35   134.358 53443.12914422 10.17 118.354589  59.697554  6.029
 35   134.474 53443.12914487 10.60 118.352429  59.694384  6.029
 35   150.301 53443.12914551 11.49 118.350279  59.691214  6.029
 36   153.407 53478.12921628  0.71 118.370779  59.704678  4.095
 36   151.942 53478.12921821  1.94 118.364299  59.695158  4.095
 36   151.942 53478.12921885  6.96 118.362139  59.691988  4.095
 37   139.922 53513.12922645 52.52 118.370872  59.703995 26.342
 37   139.806 53513.12922709 52.40 118.368712  59.700825 26.342
 37   139.778 53513.12922774 51.75 118.366552  59.697655 26.342
 37   140.004 53513.12922838 50.55 118.364392  59.694475 26.342
 38   139.171 53548.12924599 52.26 118.358555  59.698517 28.782
 38   139.150 53548.12924663 51.93 118.356395  59.695347 28.782
 38   139.114 53548.12924728 52.76 118.354235  59.692177 28.782
 39   136.429 53583.12921264 22.39 118.364732  59.700551 13.854
 39   136.307 53583.12921328 23.98 118.362572  59.697381 13.854
 39   136.086 53583.12921393 28.20 118.360412  59.694201 13.854
 39   136.285 53583.12921457 33.67 118.358252  59.691031 13.854
 40   135.615 53618.12916984 47.74 118.350107  59.696090 21.565
 40   135.525 53618.12917048 43.85 118.347947  59.692920 21.565
 40   135.499 53618.12917113 45.55 118.345797  59.689750 21.565
 41   135.013 53653.12918836 46.21 118.376133  59.705632 14.731
 41   135.115 53653.12918900 40.36 118.373973  59.702462 14.731
 41   135.024 53653.12918965 36.47 118.371813  59.699282 14.731
 41   135.009 53653.12919029 37.45 118.369653  59.696112 14.731
 43   134.682 53723.12911541 28.27 118.357959  59.698411 17.041
 43   134.773 53723.12911605 28.24 118.355799  59.695231 17.041
 43   134.675 53723.12911670 27.53 118.353649  59.692061 17.041
 44   133.890 53758.12904876 25.98 118.391353  59.710818 10.821
 44   133.905 53758.12904940 25.07 118.389183  59.707638 10.821
 44   133.941 53758.12905005 24.49 118.387023  59.704468 10.821
 44   133.881 53758.12905069 20.11 118.384863  59.701298 10.821
 45   133.601 53793.12907295 22.57 118.371291  59.704472 12.429
 45   133.646 53793.12907360 24.03 118.369131  59.701302 12.429
 45   133.562 53793.12907424 23.64 118.366971  59.698122 12.429
 45   133.541 53793.12907488 22.58 118.364811  59.694952 12.429
 45   133.610 53793.12907553 23.05 118.362651  59.691782 12.429
 46   133.524 53828.12904059 19.81 118.390699  59.710384 11.587
 46   133.531 53828.12904124 20.67 118.388539  59.707214 11.587
 46   133.484 53828.12904188 19.74 118.386379  59.704044 11.587
 46   133.416 53828.12904252 18.53 118.384219  59.700864 11.587
 47   191.161 53863.12912601 10.29 118.374623  59.706245  6.190
 47   188.536 53863.12912666 10.49 118.372463  59.703075  6.190
 47   175.090 53863.12912730 12.02 118.370303  59.699895  6.190
 47   184.819 53863.12912794  8.68 118.368143  59.696725  6.190
 48   143.761 53898.12914910 30.12 118.375193  59.706149 11.839
 48   143.697 53898.12914975 31.40 118.373033  59.702979 11.839
 48   143.678 53898.12915039 33.72 118.370873  59.699799 11.839
 48   143.859 53898.12915104 35.26 118.368713  59.696629 11.839
 49   136.849 53933.12919801 51.31 118.354989  59.696816 23.617
 49   136.754 53933.12919865 49.20 118.352829  59.693646 23.617
 49   136.687 53933.12919930 50.45 118.350669  59.690476 23.617
 50   138.009 53968.12917063 30.70 118.356810  59.698174 21.513
 50   137.690 53968.12917127 23.31 118.354650  59.694994 21.513
 50   137.958 53968.12917192 25.03 118.352500  59.691824 21.513
 51   138.905 54003.12913594 37.30 118.390337  59.709342 15.861
 51   138.899 54003.12913659 37.82 118.388177  59.706172 15.861
 51   138.556 54003.12913723 40.81 118.386007  59.703002 15.861
 52   134.654 54038.12917263 49.01 118.380162  59.707313 23.647
 52   134.648 54038.12917327 47.93 118.378002  59.704143 23.647
 52   134.617 54038.12917392 44.40 118.375842  59.700973 23.647
 52   134.595 54038.12917456 41.09 118.373682  59.697793 23.647
 53   136.092 54073.12916802 18.65 118.370669  59.704381 14.733
 53   136.165 54073.12916866 20.93 118.368509  59.701201 14.733
 53   136.081 54073.12916931 22.94 118.366359  59.698031 14.733
 53   136.087 54073.12916995 21.74 118.364199  59.694861 14.733
 53   136.149 54073.12917059 21.53 118.362039  59.691691 14.733
 54   135.971 54108.12911790 16.90 118.351141  59.696022  8.355
 54   135.970 54108.12911855 17.41 118.348991  59.692852  8.355
 54   135.810 54108.12911919 19.34 118.346831  59.689682  8.355
 55   135.020 54143.12910305 16.72 118.378096  59.706769  8.192
 55   135.091 54143.12910370 14.85 118.375936  59.703599  8.192
 55   135.052 54143.12910434 13.71 118.373776  59.700419  8.192
 55   134.931 54143.12910498 14.00 118.371616  59.697249  8.192
 56   134.293 54178.12910074 12.78 118.357652  59.697834  7.902
 56   134.215 54178.12910138 14.95 118.355492  59.694664  7.902
 56   134.293 54178.12910203 15.55 118.353342  59.691494  7.902
 57   134.436 54213.12911071 31.37 118.375237  59.706091 21.708
 57   134.629 54213.12911136 33.89 118.373077  59.702921 21.708
 57   134.445 54213.12911200 32.26 118.370917  59.699741 21.708
 57   136.500 54213.12911265 24.50 118.368757  59.696571 21.708
 58   142.960 54248.12913928 43.14 118.373343  59.705454 15.479
 58   142.699 54248.12913993 45.45 118.371183  59.702284 15.479
 58   143.154 54248.12914057 44.57 118.369023  59.699114 15.479
 60   136.100 54318.12914680 51.29 118.369459  59.702826 25.099
 60   135.973 54318.12914745 48.31 118.367299  59.699656 25.099
 60   136.015 54318.12914809 50.48 118.365139  59.696476 25.099
 60   135.950 54318.12914874 51.25 118.362979  59.693306 25.099
 61   135.386 54353.12911276 20.60 118.359829  59.698582  5.949
 61   135.507 54353.12911340 21.15 118.357669  59.695402  5.949
 61   135.513 54353.12911405 20.02 118.355509  59.692232  5.949
 62   135.353 54388.12908603 16.38 118.374508  59.705607  5.702
 62   135.506 54388.12908667 15.71 118.372348  59.702437  5.702
 62   135.737 54388.12908732 16.25 118.370188  59.699257  5.702
 62   136.004 54388.12908796 16.18 118.368028  59.696087  5.702
 63   134.991 54423.12906202 28.47 118.363718  59.701681 17.794
 63   134.853 54423.12906267 26.16 118.361558  59.698511 17.794
 63   134.909 54423.12906331 24.14 118.359408  59.695331 17.794
 63   134.803 54423.12906396 21.87 118.357248  59.692161 17.794
 64   136.019 54458.12905949 26.83 118.383571  59.709096  9.849
 64   136.016 54458.12906014 25.77 118.381411  59.705926  9.849
 64   136.054 54458.12906078 22.41 118.379251  59.702756  9.849
 64   135.976 54458.12906143 21.19 118.377091  59.699576  9.849
 65   135.318 54493.12906547 15.23 118.365061  59.701184  6.218
 65   135.377 54493.12906612 14.38 118.362901  59.698004  6.218
 65   135.312 54493.12906676 14.92 118.360741  59.694834  6.218
 65   135.216 54493.12906741 13.64 118.358581  59.691664  6.218
 66   134.381 54528.12907258 18.49 118.380123  59.708029  7.144
 66   134.369 54528.12907323 17.76 118.377963  59.704859  7.144
 66   134.458 54528.12907387 16.38 118.375803  59.701689  7.144
 66   134.410 54528.12907452 13.84 118.373643  59.698509  7.144
 67   144.327 54563.12907340  2.42 118.359235  59.699473 10.828
 67   142.513 54563.12907405  2.60 118.357075  59.696293 10.828
 67   142.208 54563.12907469  3.01 118.354915  59.693123 10.828
 67   142.574 54563.12907533  2.88 118.352755  59.689953 10.828
 68   137.378 54598.12906871 20.73 118.372331  59.705548 15.280
 68   137.407 54598.12906935 20.69 118.370171  59.702378 15.280
 68   137.788 54598.12906999 22.84 118.368011  59.699208 15.280
 68   138.150 54598.12907064 31.03 118.365851  59.696028 15.280
 68   137.261 54598.12907128 37.71 118.363691  59.692858 15.280
 69   142.324 54633.12908223 53.93 118.369998  59.704373 26.608
 69   142.340 54633.12908288 51.17 118.367838  59.701203 26.608
 69   142.310 54633.12908352 51.17 118.365678  59.698023 26.608
 69   142.466 54633.12908417 50.24 118.363518  59.694853 26.608
 69   142.531 54633.12908481 51.00 118.361358  59.691683 26.608
 70   137.658 54668.12908769 51.00 118.367908  59.703760 27.875
 70   137.705 54668.12908833 52.94 118.365748  59.700590 27.875
 70   137.758 54668.12908898 50.64 118.363588  59.697410 27.875
 70   137.862 54668.12908962 49.60 118.361428  59.694240 27.875
 71   137.009 54703.12905388 52.52 118.362346  59.700585 25.206
 71   136.951 54703.12905453 51.01 118.360186  59.697415 25.206
 71   136.942 54703.12905517 50.30 118.358026  59.694235 25.206
 71   136.982 54703.12905581 51.95 118.355866  59.691065 25.206
 72   137.048 54738.12904824 47.60 118.378960  59.706670 17.811
 72   136.978 54738.12904889 45.93 118.376800  59.703500 17.811
 72   136.880 54738.12904953 42.97 118.374640  59.700330 17.811
 72   136.947 54738.12905018 46.97 118.372480  59.697160 17.811
 73   135.403 54773.12903496 49.81 118.365479  59.701309 26.323
 73   135.301 54773.12903561 49.76 118.363319  59.698129 26.323
 73   135.399 54773.12903625 48.99 118.361159  59.694959 26.323
 73   135.429 54773.12903690 45.40 118.358999  59.691789 26.323
 74   136.174 54808.12904159 23.32 118.380293  59.707746  8.361
 74   136.265 54808.12904224 21.10 118.378133  59.704576  8.361
 74   136.248 54808.12904288 20.07 118.375973  59.701406  8.361
 74   136.295 54808.12904353 18.12 118.373813  59.698226  8.361
 75   135.721 54843.12903174 14.53 118.367315  59.702774  5.692
 75   136.331 54843.12903238 13.57 118.365155  59.699604  5.692
 75   136.380 54843.12903303 13.16 118.362995  59.696424  5.692
 75   136.258 54843.12903367 12.97 118.360835  59.693254  5.692
 76   134.616 54878.12904520 14.28 118.372340  59.703900  5.649
 76   134.553 54878.12904585 13.03 118.370180  59.700720  5.649
 76   136.595 54878.12904649 11.07 118.368020  59.697550  5.649
 76   136.661 54878.12904714 10.71 118.365860  59.694380  5.649
 77   136.197 54913.12903726  8.66 118.357647  59.699033  4.693
 77   136.320 54913.12903790  9.59 118.355487  59.695863  4.693
 77   134.290 54913.12903855 10.44 118.353337  59.692693  4.693
 77   135.388 54913.12903919 10.17 118.351177  59.689513  4.693
 78   137.365 54948.12903701 25.70 118.373535  59.705502 18.591
 78   138.873 54948.12903766 22.70 118.371375  59.702332 18.591
 78   138.530 54948.12903830 23.84 118.369215  59.699162 18.591
 78   138.679 54948.12903894 23.08 118.367055  59.695992 18.591
 79   142.678 54983.12906300 28.12 118.369341  59.703632  9.338
 79   143.050 54983.12906364 28.07 118.367181  59.700462  9.338
 79   143.076 54983.12906429 28.46 118.365021  59.697282  9.338
 79   143.378 54983.12906493 30.40 118.362861  59.694112  9.338
 80   138.678 55018.12906126 29.38 118.370033  59.703052 12.960
 80   138.731 55018.12906190 29.06 118.367873  59.699882 12.960
 80   138.813 55018.12906255 31.44 118.365713  59.696702 12.960
 80   138.911 55018.12906319 36.36 118.363553  59.693532 12.960
 81   137.492 55053.12905636 28.42 118.370001  59.704825 16.534
 81   137.265 55053.12905700 25.83 118.367841  59.701655 16.534
 81   137.301 55053.12905764 25.79 118.365681  59.698485 16.534
 81   137.486 55053.12905829 29.31 118.363521  59.695305 16.534
 81   137.521 55053.12905893 32.18 118.361361  59.692135 16.534
 82   138.796 55088.12902020 38.95 118.357254  59.698508 19.166
 82   138.639 55088.12902084 32.15 118.355094  59.695328 19.166
 82   138.771 55088.12902149 35.33 118.352934  59.692158 19.166
 83   135.662 55123.12899217 14.09 118.377368  59.705775  5.234
 83   135.708 55123.12899281 14.92 118.375208  59.702605  5.234
 83   146.056 55123.12899346 14.82 118.373048  59.699425  5.234
 83   141.613 55123.12899410 15.86 118.370888  59.696255  5.234
 84   135.548 55158.12898051 19.97 118.362090  59.700734 10.091
 84   135.619 55158.12898115 21.09 118.359930  59.697554 10.091
 84   135.608 55158.12898180 21.75 118.357770  59.694384 10.091
 84   135.640 55158.12898244 20.72 118.355610  59.691214 10.091
 85   136.166 55193.12898149 22.99 118.380073  59.707016  7.968
 85   136.157 55193.12898214 21.03 118.377913  59.703846  7.968
 85   136.143 55193.12898278 19.24 118.375753  59.700676  7.968
 85   136.187 55193.12898342 18.25 118.373593  59.697496  7.968
 86   134.755 55228.12898259  9.93 118.359785  59.698516  4.522
 86   135.978 55228.12898323  9.36 118.357625  59.695346  4.522
 86   134.796 55228.12898388  9.39 118.355475  59.692176  4.522
 87   134.485 55263.12897727  9.58 118.374653  59.706719  4.396
 87   134.360 55263.12897791  9.75 118.372493  59.703549  4.396
 87   134.455 55263.12897856  8.99 118.370333  59.700369  4.396
 87   136.233 55263.12897920  8.53 118.368173  59.697199  4.396
 87   136.155 55263.12897985  8.73 118.366013  59.694029  4.396
 88   156.482 55298.12896619  6.57 118.359645  59.698089  4.105
 88   162.589 55298.12896683  6.21 118.357485  59.694909  4.105
 88   163.298 55298.12896748  6.61 118.355325  59.691739  4.105
 89   143.915 55333.12895689 46.38 118.366188  59.701867 24.500
 89   143.863 55333.12895753 44.70 118.364028  59.698697 24.500
 89   144.006 55333.12895818 44.59 118.361868  59.695517 24.500
 89   144.048 55333.12895882 39.50 118.359708  59.692347 24.500
 90   137.604 55368.12894883 53.36 118.367172  59.701993 26.476
 90   137.602 55368.12894948 50.86 118.365012  59.698823 26.476
 90   137.508 55368.12895012 51.79 118.362852  59.695643 26.476
 90   137.567 55368.12895077 51.35 118.360692  59.692473 26.476
 91   135.976 55403.12896305 39.65 118.378506  59.706302 18.873
 91   136.030 55403.12896370 42.64 118.376346  59.703132 18.873
 91   136.076 55403.12896434 41.89 118.374186  59.699962 18.873
 91   136.033 55403.12896499 44.57 118.372026  59.696782 18.873
 92   138.291 55438.12896672 45.96 118.366914  59.701397 21.756
 92   138.188 55438.12896737 43.37 118.364754  59.698227 21.756
 92   138.260 55438.12896801 47.17 118.362594  59.695047 21.756
 92   138.287 55438.12896866 48.25 118.360434  59.691877 21.756
 93   136.028 55473.12891604 52.62 118.358049  59.698664 22.239
 93   136.030 55473.12891668 50.79 118.355889  59.695484 22.239
 93   135.880 55473.12891733 51.15 118.353729  59.692314 22.239
