-153314.842   213.217     0.00   19.16
-152933.876   204.294   -23.42   17.99
-152552.991   195.632   -22.74   15.15
-152172.187   185.828   -25.75    9.60
-151791.464   181.244   -12.04    5.92
-151410.820   189.118    20.69   18.73
-151030.258   198.093    23.59   21.28
-150649.775   205.511    19.50   17.93
-150269.373   208.488     7.83   13.04
-149889.052   214.457    15.69   15.14
-149508.810   229.284    39.00   23.60
-149128.649   244.585    40.25   27.73
-148748.568   259.378    38.92   23.30
-148368.566   271.298    31.37   17.11
-147988.645   286.211    39.26   20.84
-147608.804   306.598    53.68   29.98
-147229.043   335.429    75.93   34.54
-146849.362   371.892    96.05   45.33
-146469.760   415.750   115.55   58.36
-146090.238   463.817   126.67   64.76
-145710.797   528.556   170.63   63.95
-145331.434   579.723   134.89   60.70
-144952.152   623.889   116.46   48.59
-144572.949   640.851    44.74   35.38
-144193.825   636.211   -12.24   40.71
-143814.781   615.796   -53.87   53.19
-143435.816   601.544   -37.61   54.55
-143056.931   592.598   -23.62   54.39
-142678.125   583.589   -23.78   58.83
-142299.399   580.172    -9.02   63.16
-141920.751   577.956    -5.85   54.74
-141542.183   586.677    23.04   49.21
-141163.694   608.322    57.19   51.95
-140785.284   639.731    83.01   58.43
-140406.953   688.228   128.20   71.65
-140028.701   727.516   103.88   67.10
-139650.528   744.870    45.89   48.42
-139272.434   744.237    -1.67   47.26
-138894.419   723.315   -55.35   56.52
-138516.482   694.151   -77.18   61.32
-138138.625   668.120   -68.90   59.02
-137760.846   643.957   -63.96   54.78
-137383.145   617.326   -70.52   41.84
-137005.524   597.370   -52.85   43.00
-136627.980   568.033   -77.71   43.82
-136250.516   544.582   -62.13   45.34
-135873.130   514.065   -80.87   40.70
-135495.822   492.637   -56.80   26.48
-135118.592   487.109   -14.66   25.92
-134741.441   492.289    13.74   36.51
-134364.368   510.521    48.36   51.88
-133987.374   524.056    35.91   60.38
-133610.457   530.266    16.48   65.36
-133233.619   520.148   -26.85   61.92
-132856.859   506.207   -37.01   55.36
-132480.176   492.382   -36.70   41.84
-132103.572   486.076   -16.75   39.32
-131727.046   480.112   -15.84   36.88
-131350.597   472.609   -19.93   36.52
-130974.227   458.528   -37.42   33.16
-130597.934   442.341   -43.02   32.67
-130221.719   427.378   -39.78   29.35
-129845.581   413.272   -37.51   23.77
-129469.521   402.600   -28.38   19.75
-129093.539   395.301   -19.41   19.26
-128717.635   390.044   -13.99   18.18
-128341.807   386.720    -8.85   18.74
-127966.058   382.778   -10.49   17.41
-127590.385   378.032   -12.63   17.29
-127214.790   373.878   -11.06   15.40
-126839.273   371.301    -6.86   14.85
-126463.833   368.111    -8.50   13.07
-126088.469   362.925   -13.82   13.36
-125713.183   356.747   -16.46   13.59
-125337.975   351.516   -13.94   15.14
-124962.843   345.341   -16.46   15.39
-124587.788   338.774   -17.51   14.84
-124212.810   331.758   -18.71   12.34
-123837.909   325.077   -17.82   11.01
-123463.086   319.120   -15.90   10.00
-123088.338   317.033    -5.57   14.55
-122713.668   313.739    -8.79   17.95
-122339.075   310.700    -8.11   19.37
-121964.558   307.935    -7.38   18.26
-121590.118   306.742    -3.19   21.84
-121215.754   309.478     7.31   28.98
-120841.467   314.465    13.32   40.03
-120467.256   314.696     0.62   42.34
-120093.122   314.430    -0.71   40.70
-119719.065   311.946    -6.64   35.00
-119345.084   308.977    -7.94   31.10
-118971.179   302.065   -18.49   28.36
-118597.350   292.570   -25.40   23.32
-118223.598   284.391   -21.88   17.49
-117849.921   278.116   -16.79   11.04
-117476.321   276.247    -5.00    9.89
-117102.797   275.078    -3.13   10.07
-116729.349   271.409    -9.83   11.92
-116355.978   267.378   -10.80   12.92
-115982.682   263.435   -10.56   12.24
-115609.462   266.696     8.74   21.18
-115236.317   273.055    17.04   25.94
-114863.249   271.731    -3.55   26.65
-114490.257   283.133    30.57   37.44
-114117.340   299.269    43.27   59.98
-113744.499   322.156    61.39   75.52
-113371.733   342.130    53.59   77.57
-112999.043   341.101    -2.76   73.71
-112626.429   320.140   -56.26   64.33
-112253.890   298.159   -59.01   45.19
-111881.427   283.817   -38.51   33.93
-111509.039   275.182   -23.19   30.17
-111136.726   267.516   -20.59   26.30
-110764.489   260.517   -18.80   21.90
-110392.327   255.615   -13.17   18.68
-110020.240   252.721    -7.78   15.95
-109648.228   256.385     9.85   17.99
-109276.292   262.477    16.38   18.73
-108904.431   267.901    14.59   16.51
-108532.644   272.163    11.46   11.74
-108160.933   269.833    -6.27   10.14
-107789.297   265.506   -11.65    7.88
-107417.735   260.692   -12.96    5.85
-107046.249   257.523    -8.53    4.30
-106674.837   255.385    -5.76    5.16
-106303.500   253.943    -3.88    5.51
-105932.238   254.140     0.53    7.17
-105561.050   254.578     1.18    8.21
-105189.937   255.098     1.40    8.65
-104818.899   254.330    -2.07    8.05
-104447.935   255.000     1.81    9.37
-104077.046   258.935    10.61   11.36
-103706.231   263.798    13.12   10.83
-103335.491   270.761    18.78   11.49
-102964.825   278.598    21.14   10.29
-102594.234   283.457    13.11   11.04
-102223.716   285.393     5.23   10.21
-101853.273   269.652   -42.49   27.89
-101482.904   248.376   -57.45   33.40
-101112.610   228.250   -54.36   27.96
-100742.389   214.773   -36.41    9.89
-100372.243   220.228    14.74   16.22
-100002.170   232.068    32.00   20.57
 -99632.172   256.667    66.49   31.04
 -99262.247   274.967    49.47   27.50
 -98892.397   286.261    30.54   20.08
 -98522.620   286.644     1.04   18.99
 -98152.917   277.783   -23.97   16.78
 -97783.288   264.835   -35.03   14.45
 -97413.732   254.607   -27.68   13.87
 -97044.250   247.000   -20.59   12.25
 -96674.842   242.163   -13.10    8.71
 -96305.507   241.870    -0.79   11.41
 -95936.246   249.209    19.88   16.50
 -95567.059   255.880    18.07   16.68
 -95197.945   259.900    10.89   15.11
 -94828.904   266.391    17.59   12.68
 -94459.936   275.835    25.60   17.73
 -94091.042   287.352    31.22   22.59
 -93722.222   289.833     6.73   21.48
 -93353.474   287.739    -5.68   19.16
 -92984.800   284.758    -8.08   13.84
 -92616.199   287.044     6.20   16.77
 -92247.671   295.620    23.27   19.22
 -91879.216   306.586    29.77   18.96
 -91510.834   312.315    15.55   19.89
 -91142.525   314.302     5.40   20.92
 -90774.289   313.772    -1.44   19.31
 -90406.126   313.200    -1.55   16.20
 -90038.035   314.424     3.33   13.38
 -89670.018   320.312    16.00   13.09
 -89302.073   326.589    17.06   10.90
 -88934.201   330.264     9.99    8.89
 -88566.402   333.739     9.45    7.62
 -88198.675   336.692     8.03    6.75
 -87831.021   340.575    10.56    5.57
 -87463.440   345.527    13.47    9.51
 -87095.931   351.671    16.72   13.11
 -86728.494   357.154    14.92   12.92
 -86361.130   361.412    11.59    9.38
 -85993.838   361.424     0.03    7.92
 -85626.619   359.989    -3.91    6.01
 -85259.472   359.033    -2.60    5.67
 -84892.397   360.363     3.62    6.25
 -84525.394   362.811     6.67    7.30
 -84158.464   363.722     2.48    6.95
 -83791.606   365.636     5.22    5.75
 -83424.819   364.822    -2.22    5.52
 -83058.105   363.118    -4.65    4.72
 -82691.463   360.400    -7.41    6.72
 -82324.893   356.353   -11.04    8.96
 -81958.394   352.444   -10.67   10.47
 -81591.968   350.276    -5.92   10.96
 -81225.613   345.780   -12.27   11.65
 -80859.330   341.557   -11.53   12.08
 -80493.119   334.278   -19.88   12.16
 -80126.980   327.413   -18.75   12.01
 -79760.912   317.364   -27.45   13.07
 -79394.916   308.609   -23.92   16.39
 -79028.992   297.729   -29.73   17.26
 -78655.498   285.604   -32.47   19.04
 -78274.692   276.202   -24.69   17.80
 -77893.964   266.461   -25.59   18.19
 -77513.315   258.500   -20.91   13.05
 -77132.744   253.478   -13.20   10.50
 -76752.251   245.402   -21.22   10.56
 -76371.837   237.736   -20.15   12.44
 -75991.501   225.920   -31.07   13.73
 -75611.244   215.989   -26.12   12.63
 -75231.064   214.852    -2.99   13.46
 -74850.963   221.311    16.99   16.04
 -74470.940   235.111    36.32   16.32
 -74090.994   247.622    32.93   14.36
 -73711.127   260.867    34.87   15.36
 -73331.338   274.337    35.47   14.05
 -72951.626   288.378    36.98   12.96
 -72571.993   298.727    27.26   11.72
 -72192.437   306.593    20.73    7.30
 -71812.959   309.795     8.44    4.41
 -71433.559   309.363    -1.14    4.23
 -71054.236   307.163    -5.80    5.40
 -70674.991   305.098    -5.45    5.19
 -70295.823   306.773     4.42    7.40
 -69916.733   308.923     5.67    8.93
 -69537.721   311.287     6.24    9.23
 -69158.786   315.176    10.26    6.64
 -68779.928   316.895     4.54    5.56
 -68401.147   318.989     5.53    4.99
 -68022.444   321.198     5.83    4.71
 -67643.818   323.565     6.25    5.25
 -67265.269   325.058     3.94    4.51
 -66886.798   326.283     3.24    4.35
 -66508.403   326.048    -0.62    5.09
 -66130.086   324.692    -3.58    5.66
 -65751.845   323.294    -3.70    7.10
 -65373.681   321.880    -3.74    6.82
 -64995.595   319.655    -5.89    6.33
 -64617.585   316.955    -7.14    5.89
 -64239.652   312.353   -12.18    7.69
 -63861.796   308.528   -10.12    8.96
 -63484.016   304.558   -10.51   10.08
 -63106.313   299.422   -13.60   12.10
 -62728.687   294.337   -13.47   14.70
 -62351.137   289.352   -13.21   16.14
 -61973.664   283.227   -16.23   15.00
 -61596.268   277.582   -14.96   14.41
 -61218.948   270.348   -19.17   13.26
 -60841.704   263.505   -18.14   13.17
 -60464.536   255.674   -20.76   11.25
 -60087.445   247.378   -22.00   11.81
 -59710.430   238.966   -22.31   13.64
 -59333.492   230.633   -22.11   15.37
 -58956.629   221.910   -23.15   14.02
 -58579.843   215.527   -16.94   12.89
 -58203.132   206.632   -23.61   14.28
 -57826.498   198.703   -21.05   15.58
 -57449.940   187.954   -28.55   15.28
 -57073.457   179.933   -21.31   15.30
 -56697.051   167.966   -31.80   14.03
 -56320.720   156.200   -31.27   15.74
 -55944.465   140.241   -42.42   17.81
 -55568.286   126.527   -36.46   20.96
 -55192.183   109.563   -45.11   22.38
 -54816.155    94.573   -39.87   20.44
 -54440.203    80.966   -36.19   16.40
 -54064.327    73.389   -20.16   14.83
 -53688.526    71.656    -4.61   14.55
 -53312.800    68.522    -8.34   13.99
 -52937.150    62.822   -15.17   13.68
 -52561.575    61.767    -2.81   12.27
 -52186.076    62.011     0.65   12.80
 -51810.652    62.311     0.80   13.39
 -51435.303    66.494    11.15   11.78
 -51060.030    68.978     6.62    8.50
 -50684.831    69.149     0.46    7.97
 -50309.708    71.831     7.15    5.84
 -49934.660    73.471     4.37    5.37
 -49559.687    74.144     1.80    6.41
 -49184.789    77.419     8.73   10.15
 -48809.966    82.967    14.80   12.39
 -48435.217    92.034    24.20   14.58
 -48060.544    99.813    20.76   12.97
 -47685.945   104.375    12.18   10.00
 -47311.421   102.385    -5.31   11.28
 -46936.972    92.989   -25.09   16.13
 -46562.598    85.571   -19.81   15.89
 -46188.298    83.788    -4.76   16.95
 -45814.073    92.176    22.41   22.86
 -45439.922   106.341    37.86   21.24
 -45065.846   116.539    27.26   10.67
 -44691.844   120.500    10.59    6.67
 -44317.917   118.921    -4.22    8.25
 -43944.064   114.655   -11.41    9.68
 -43570.286   118.011     8.98   12.49
 -43196.581   119.614     4.29   12.85
 -42822.951   120.767     3.08   12.67
 -42449.395   119.679    -2.91   12.04
 -42075.914   119.626    -0.14   10.54
 -41702.506   121.353     4.62    9.62
 -41329.173   122.315     2.58    8.40
 -40955.913   117.506   -12.89   13.80
 -40582.727   110.989   -17.46   13.48
 -40209.616   110.816    -0.46   14.73
 -39836.578   116.211    14.46   17.23
 -39463.614   124.012    20.92   12.11
 -39090.724   126.444     6.52    9.83
 -38717.908   123.851    -6.96   11.50
 -38345.165   122.494    -3.64    9.83
 -37972.496   123.874     3.70    8.00
 -37599.901   125.157     3.45    6.82
 -37227.379   123.818    -3.59    6.37
 -36854.931   120.764    -8.20    6.87
 -36482.556   117.167    -9.66    5.69
 -36110.255   111.978   -13.94    6.62
 -35738.027   105.909   -16.30   10.52
 -35365.873    96.557   -25.13   13.81
 -34993.792    89.989   -17.65   11.44
 -34621.784    83.862   -16.47    7.55
 -34249.849    81.101    -7.42    6.55
 -33877.988    79.011    -5.62    7.80
 -33506.200    74.966   -10.88    8.22
 -33134.485    72.307    -7.15    7.30
 -32762.843    71.411    -2.41    6.60
 -32391.274    69.824    -4.27    5.05
 -32019.778    68.378    -3.89    4.66
 -31648.354    65.639    -7.38    4.10
 -31277.004    61.438   -11.31    6.15
 -30905.727    55.940   -14.81    9.41
 -30534.522    48.225   -20.79   11.94
 -30163.391    39.512   -23.48    9.80
 -29792.332    33.910   -15.10    7.63
 -29421.345    32.733    -3.17    8.11
 -29050.432    37.451    12.72   11.61
 -28679.590    41.091     9.82   12.64
 -28308.822    38.311    -7.50   16.76
 -27938.126    35.802    -6.77   17.60
 -27567.502    30.865   -13.32   17.56
 -27196.951    31.057     0.52   16.86
 -26826.472    37.591    17.64   15.27
 -26456.066    42.056    12.06   11.04
 -26085.732    43.011     2.58    6.19
 -25715.470    42.167    -2.28    4.25
 -25345.281    40.517    -4.46    2.48
 -24975.163    39.967    -1.49    1.76
 -24605.118    39.198    -2.08    2.68
 -24235.145    34.955   -11.47    8.81
 -23865.244    27.337   -20.59   14.11
 -23495.414    17.225   -27.34   13.65
 -23125.657     8.573   -23.40    6.89
 -22755.972     6.545    -5.49    2.96
 -22386.359     9.529     8.07   10.60
 -22016.817    17.422    21.36   17.96
 -21647.348    29.386    32.38   22.70
 -21277.950    41.778    33.55   22.27
 -20908.623    50.580    23.83   17.80
 -20539.369    54.382    10.30   13.40
 -20170.186    52.307    -5.62   17.91
 -19801.075    48.966    -9.05   21.91
 -19432.035    47.989    -2.65   24.21
 -19063.067    54.811    18.49   21.76
 -18694.170    60.438    15.25   16.78
 -18325.345    65.690    14.24    7.05
 -17956.591    65.730     0.11    3.65
 -17587.908    62.506    -8.75    5.68
 -17219.297    59.466    -8.25    5.55
 -16850.757    56.880    -7.02    4.25
 -16482.288    55.511    -3.71    4.46
 -16113.890    51.174   -11.77   15.04
 -15745.564    44.444   -18.27   22.24
 -15377.309    35.636   -23.92   26.57
 -15009.124    26.344   -25.24   27.78
 -14641.011    17.310   -24.54   25.43
 -14272.969     7.045   -27.89   17.00
 -13904.997     0.562   -17.62    3.40
 -13537.097     0.000    -1.53    0.00
 -13169.267     0.000     0.00    0.00
 -12801.508     0.057     0.16    0.54
 -12433.820     5.242    14.10   11.45
 -12066.203    14.631    25.54   17.80
 -11698.656    26.864    33.28   19.05
 -11331.180    38.940    32.86   12.34
 -10963.775    44.562    15.30    2.90
 -10596.440    45.035     1.29    2.40
 -10229.176    42.596    -6.64    4.38
  -9861.982    39.483    -8.48    4.92
  -9494.859    38.989    -1.35    5.31
  -9127.806    38.724    -0.72    7.65
  -8760.824    31.034   -20.95   18.28
  -8393.911    21.034   -27.26   21.33
  -8027.070     8.733   -33.53   16.82
  -7660.298     3.809   -13.42    7.99
  -7293.596     9.488    15.49   12.58
  -6926.965    14.815    14.53   14.50
  -6560.404    21.845    19.18   16.33
  -6193.913    26.663    13.15   15.22
  -5827.492    23.360    -9.01   17.51
  -5461.141    17.841   -15.07   18.86
  -5094.860    14.460    -9.23   16.75
  -4728.649    17.586     8.54   17.28
  -4362.508    28.157    28.87   16.38
  -3992.996    34.333    16.71    9.94
  -3612.348    27.193   -18.76   16.76
  -3231.775    15.261   -31.35   17.88
  -2851.279     8.092   -18.84   13.17
  -2470.860    12.584    11.81   16.20
  -2090.517    21.114    22.43   16.64
  -1710.250    24.345     8.50   16.60
  -1330.059    21.535    -7.39   18.58
   -949.944    12.393   -24.05   17.83
   -569.906     4.919   -19.67   12.13
   -189.943     3.213    -4.49    7.77
    189.943    10.565    19.35   15.23
    569.754    19.495    23.51   16.99
    949.488    28.024    22.46   14.75
   1329.147    35.767    20.39    6.70
   1708.730    37.831     5.44    3.65
   2088.237    32.931   -12.91   13.15
   2467.668    25.024   -20.84   17.65
   2847.023    19.091   -15.64   16.43
   3226.303    16.294    -7.37   14.21
   3605.508    18.854     6.75   14.49
   3984.636    22.070     8.48   14.43
   4363.689    21.674    -1.04   14.24
   4742.667    22.128     1.20   13.29
   5121.569    21.602    -1.39   14.25
   5500.396    24.460     7.54   14.44
   5879.148    31.816    19.42    5.70
   6257.824    33.023     3.19    3.36
   6636.425    30.989    -5.37    6.23
   7014.951    23.580   -19.57   14.01
   7393.401    15.841   -20.45   15.86
   7771.776     7.523   -21.98   12.41
   8150.077     7.256    -0.71   11.10
   8528.302    16.529    24.52   15.28
   8906.452    24.241    20.40   13.77
   9284.528    22.852    -3.67   15.13
   9662.528    14.860   -21.14   16.95
  10040.454    11.258    -9.53   13.42
  10418.305    14.360     8.21   13.55
  10796.081    17.273     7.71   13.03
  11173.782    16.190    -2.87   13.70
  11551.408     9.236   -18.42   13.40
  11928.960     1.929   -19.35    6.06
  12306.438     0.253    -4.44    1.20
  12683.841     3.821     9.46    7.35
  13061.169    14.066    27.15   15.54
  13438.423    24.964    28.89   14.90
  13815.602    29.444    11.88   12.42
  14192.707    27.293    -5.71   16.14
  14569.738    20.443   -18.17   16.68
  14946.694    16.843    -9.55   14.31
  15323.576    14.736    -5.59   12.62
  15700.384    13.634    -2.92   12.32
  16077.118    17.202     9.47   11.78
  16453.778    21.494    11.39   11.67
  16830.363    27.374    15.61   10.38
  17206.875    32.434    13.44    5.50
  17583.312    34.839     6.39    2.84
  17959.676    35.434     1.58    2.43
  18335.966    33.663    -4.71    3.74
  18712.182    31.667    -5.31    3.84
  19088.324    29.443    -5.91    3.58
  19464.392    27.835    -4.28    3.49
  19840.386    28.157     0.86    3.62
  20216.307    30.000     4.90    4.98
  20592.154    32.090     5.56    4.72
  20967.928    33.882     4.77    3.18
  21343.628    35.261     3.67    3.23
  21719.255    37.214     5.20    4.63
  22094.808    40.886     9.78    5.53
  22470.287    45.141    11.33    4.99
  22845.694    46.540     3.73    4.03
  23221.027    48.282     4.64    3.59
  23596.286    49.674     3.71    5.20
  23971.473    53.535    10.29    8.00
  24346.586    60.102    17.51   11.44
  24721.626    67.942    20.90   12.32
  25096.593    74.750    18.16    8.51
  25471.486    79.488    12.64    4.48
  25846.307    80.898     3.76    3.50
  26221.055    80.494    -1.08    3.76
  26595.729    79.011    -3.96    4.28
  26970.331    76.372    -7.05    4.88
  27344.860    74.170    -5.88    4.14
  27719.316    73.800    -0.99    4.01
  28093.700    75.648     4.94    4.30
  28468.010    77.558     5.10    3.61
  28842.248    79.011     3.88    2.45
  29216.413    79.682     1.79    2.88
  29590.506    79.455    -0.61    2.92
  29964.526    78.849    -1.62    3.37
  30338.473    76.841    -5.37    5.17
  30712.348    73.810    -8.11    5.30
  31086.151    70.807    -8.03    4.48
  31459.881    66.904   -10.44    5.87
  31833.539    68.943     5.46    9.09
  32207.124    72.735    10.15   11.52
  32580.637    78.189    14.60   10.81
  32954.078    84.289    16.33    2.45
  33327.447    84.333     0.12    2.64
  33700.743    83.500    -2.23    2.50
  34073.968    82.322    -3.16    2.81
  34447.120    81.354    -2.59    2.53
  34820.200    82.261     2.43    3.21
  35193.208    82.756     1.33    3.11
  35566.145    83.278     1.40    2.52
  35939.009    82.720    -1.50    2.56
  36311.802    81.897    -2.21    2.61
  36684.522    81.610    -0.77    2.56
  37057.171    82.092     1.29    2.28
  37429.748    81.890    -0.54    2.01
  37802.254    81.180    -1.91    2.02
  38174.687    81.807     1.68    2.50
  38547.050    82.402     1.60    2.74
  38919.340    83.536     3.04    3.19
  39291.559    86.057     6.77    4.38
  39663.707    87.250     3.21    4.34
  40035.783    87.136    -0.31    4.48
  40407.787    85.500    -4.40    5.24
  40779.721    82.386    -8.37    4.44
  41151.583    79.560    -7.60    4.63
  41523.373    76.136    -9.21    5.64
  41895.093    72.701    -9.24    5.43
  42266.741    70.465    -6.02    4.06
  42638.318    70.547     0.22    4.02
  43009.823    70.570     0.06    4.23
  43381.258    69.849    -1.94    4.19
  43752.622    68.239    -4.34    4.43
  44123.915    66.012    -6.00    3.71
  44495.136    64.386    -4.38    2.65
  44866.287    62.614    -4.78    3.41
  45237.367    61.635    -2.64    4.15
  45608.376    60.705    -2.51    4.78
  45979.314    59.663    -2.81    4.57
  46350.182    59.136    -1.42    4.13
  46720.978    57.250    -5.09    3.04
  47091.704    56.545    -1.90    3.31
  47462.360    55.583    -2.60    3.43
  47832.944    55.556    -0.07    3.89
  48203.459    55.720     0.44    5.01
  48573.902    56.534     2.20    5.41
  48944.275    59.927     9.16    7.32
  49314.578    63.837    10.56    8.77
  49684.810    68.642    12.98    9.89
  50054.972    76.276    20.62   11.42
  50425.064    83.119    18.49    9.49
  50795.085    87.816    12.69    5.15
  51165.036    89.212     3.77    2.89
  51534.917    88.193    -2.75    2.99
  51904.728    86.302    -5.11    2.58
  52274.469    85.012    -3.49    3.30
  52644.139    81.747    -8.83    6.80
  53013.739    76.534   -14.10    9.29
  53383.270    74.429    -5.70    9.42
  53752.730    76.977     6.90   12.78
  54122.121    83.239    16.95   15.40
  54491.441    92.169    24.18   13.14
  54860.692    98.591    17.39    8.90
  55229.873   100.571     5.36    7.03
  55598.984   102.034     3.96    4.46
  55968.026   102.159     0.34    3.40
  56336.998   102.874     1.94    3.92
  56705.900   103.321     1.21    5.05
  57074.732   103.420     0.27    5.46
  57443.495   102.494    -2.51    5.43
  57812.188   100.057    -6.61    4.77
  58180.812    98.583    -4.00    3.30
  58549.367    98.816     0.63    2.76
  58917.852   100.442     4.41    3.09
  59286.267   101.273     2.26    3.07
  59654.614   101.723     1.22    3.26
  60022.891   101.742     0.05    3.54
  60391.098   102.705     2.62    4.23
  60759.237   104.265     4.24    4.00
  61127.306   105.080     2.21    3.40
  61495.306   105.198     0.32    4.21
  61863.237   104.420    -2.11    5.67
  62231.099   103.905    -1.40    6.81
  62598.892   104.333     1.17    6.56
  62966.616   104.333     0.00    5.46
  63334.271   103.386    -2.58    4.61
  63701.857   100.877    -6.83    5.40
  64069.374    99.000    -5.11    4.41
  64436.823    99.262     0.71    5.21
  64804.202   102.575     9.02    6.95
  65171.513   106.207     9.89    5.81
  65538.755   108.534     6.34    3.50
  65905.928   108.687     0.42    2.49
  66273.033   108.455    -0.63    2.45
  66640.069   108.818     0.99    3.01
  67007.037   109.146     0.89    3.46
  67373.936   108.218    -2.53    4.59
  67740.766   106.590    -4.44    4.65
  68107.529   105.149    -3.93    3.46
  68474.222   104.568    -1.59    2.87
  68840.848   104.841     0.74    3.01
  69207.405   105.407     1.55    2.98
  69573.893   106.341     2.55    2.85
  69940.314   106.798     1.25    2.75
  70306.666   107.884     2.96    3.12
  70672.950   109.174     3.52    3.09
  71053.006   108.744    -1.13    3.55
  71433.425   108.333    -1.08    4.08
  71813.770   106.419    -5.03    5.11
  72194.040   103.000    -8.99    5.99
  72574.236   100.115    -7.59    5.40
  72954.358    98.630    -3.91    4.36
  73334.406    97.141    -3.92    5.30
  73714.379    97.232     0.24    5.72
  74094.278    94.713    -6.63    6.84
  74474.104    89.927   -12.60    9.42
  74853.855    86.930    -7.89    9.47
  75233.533    82.976   -10.41    7.15
  75613.136    81.621    -3.57    5.90
  75992.666    83.419     4.74    6.37
  76372.121    83.875     1.20    6.48
  76751.503    83.687    -0.50    7.20
  77130.811    80.364    -8.76    8.51
  77510.046    77.708    -7.00    7.60
  77889.206    77.361    -0.91    8.30
  78268.294    79.920     6.75    9.88
  78647.307    85.512    14.75   10.97
  79026.247    91.437    15.64    9.33
  79405.114    95.565    10.89    6.18
  79783.907    97.035     3.88    5.11
  80162.626    95.229    -4.77    5.13
  80541.272    87.872   -19.43   12.44
  80919.845    77.317   -27.88   16.26
  81298.345    67.081   -27.04   13.53
  81676.771    58.815   -21.84    3.96
  82055.124    58.511    -0.80    1.79
  82433.404    59.667     3.05    1.69
  82811.611    58.931    -1.94    4.03
  83189.745    56.840    -5.53    6.13
  83567.806    53.080    -9.94    6.79
  83945.793    49.298   -10.01    4.64
  84323.708    49.253    -0.12    4.25
  84701.550    51.988     7.24    5.97
  85079.319    54.977     7.91    6.08
  85457.015    57.756     7.36    4.78
  85834.639    59.706     5.16    3.39
  86212.189    61.616     5.06    2.19
  86589.667    63.035     3.76    1.98
  86967.073    63.738     1.86    1.45
  87344.405    63.875     0.36    1.39
  87721.665    62.941    -2.48    2.05
  88098.853    61.410    -4.06    2.64
  88475.968    60.625    -2.08    2.32
  88853.010    60.174    -1.19    1.74
  89229.981    60.671     1.32    1.72
  89606.878    61.267     1.58    1.17
  89983.704    60.837    -1.14    1.09
  90360.457    61.122     0.76    1.23
  90737.138    61.581     1.22    1.52
  91113.747    61.602     0.06    1.72
  91490.283    61.793     0.51    1.48
  91866.748    61.500    -0.78    1.44
  92243.140    63.163     4.42    3.42
  92619.460    65.537     6.31    3.74
  92995.709    67.279     4.63    3.32
  93371.885    68.827     4.12    1.89
  93747.990    70.070     3.30    3.21
  94124.022    73.383     8.81    5.26
  94499.983    76.920     9.41    5.83
  94875.872    76.827    -0.25    6.98
  95251.689    72.310   -12.02    9.52
  95627.434    66.134   -16.44    7.53
  96003.108    61.212   -13.10    4.42
  96378.710    58.074    -8.35    6.09
  96754.241    56.750    -3.53    6.17
  97129.700    56.074    -1.80    5.46
  97505.088    56.517     1.18    3.93
  97880.404    57.235     1.91    1.60
  98255.648    57.368     0.36    1.94
  98630.821    56.580    -2.10    3.19
  99005.923    54.244    -6.23    5.36
  99380.954    54.160    -0.22    5.84
  99755.913    55.802     4.38    6.09
 100130.801    58.819     8.05    5.10
 100505.618    61.908     8.24    3.71
 100880.364    64.744     7.57    4.37
 101255.039    68.244     9.34    5.51
 101629.642    71.904     9.77    4.80
 102004.175    75.930    10.75    4.42
 102378.637    78.167     5.97    3.90
 102753.027    80.161     5.33    3.85
 103127.347    82.790     7.02    3.42
 103501.596    84.082     3.45    3.47
 103875.774    83.732    -0.94    4.34
 104249.881    81.437    -6.13    5.33
 104623.918    77.869    -9.54    3.94
 104997.884    74.442    -9.16    4.10
 105371.779    71.145    -8.82    6.14
 105745.603    68.310    -7.58    6.80
 106119.357    66.634    -4.48    5.88
 106493.041    70.034     9.10    7.73
 106866.654    75.214    13.86    7.19
 107240.196    80.198    13.34    5.20
 107613.668    83.289     8.28    2.50
 107987.070    84.360     2.87    2.50
 108360.401    86.049     4.52    3.31
 108733.662    88.172     5.69    3.28
 109106.853    89.614     3.86    2.15
 109479.973    88.860    -2.02    2.75
 109853.024    88.123    -1.98    2.31
 110226.004    88.105    -0.05    6.27
 110598.914    90.337     5.99    9.76
 110971.754    95.744    14.50   11.26
 111344.524   102.650    18.52    9.20
 111717.224   104.259     4.32    9.33
 112089.854   101.200    -8.21   12.57
 112462.414    95.849   -14.36   13.83
 112834.904    89.562   -16.88   12.95
 113207.324    82.895   -17.90    9.54
 113579.675    78.312   -12.31    5.62
 113951.956    76.209    -5.65    4.32
 114324.167    75.100    -2.98    2.79
 114696.309    79.129    10.83    7.19
 115068.380    85.237    16.41    9.28
 115440.383    92.909    20.62    9.70
 115812.315    99.325    17.25    5.56
 116184.178   102.563     8.71    3.53
 116555.972   102.296    -0.72    5.09
 116927.696    95.744   -17.62   10.64
 117299.351    88.329   -19.95   10.38
 117670.937    81.835   -17.47    5.92
 118042.453    79.049    -7.50    0.27
 118413.900    79.000    -0.13    0.00
 118785.277    79.321     0.87    1.79
 119156.586    83.477    11.19    8.13
 119527.825    89.890    17.27   11.61
 119898.995    98.786    23.96   12.31
 120270.096   106.537    20.88    7.34
 120641.128   110.310    10.17    2.85
 121012.091   111.588     3.44    1.70
 121382.985   111.529    -0.16    1.81
 121753.810   110.205    -3.57    4.91
 122124.566   107.482    -7.34    5.87
 122495.253   103.733   -10.11    7.62
 122865.871   101.774    -5.28    9.07
 123236.421   103.571     4.85    9.37
 123606.902   106.849     8.85    7.49
 123977.314   108.060     3.27    5.08
 124347.657   104.639    -9.24    7.12
 124717.932   100.326   -11.65    7.89
 125088.138    98.639    -4.56    8.18
 125458.276   100.872     6.03    9.48
 125828.345   106.306    14.68    8.37
 126198.346   111.965    15.29    7.44
 126568.278   117.313    14.46    5.70
 126938.142   119.349     5.50    4.88
 127307.937   119.530     0.49    5.21
 127677.665   117.081    -6.62    5.94
 128047.323   114.762    -6.27    4.93
 128416.914   111.619    -8.50    4.20
 128786.436   109.012    -7.05    4.67
 129155.890   105.188   -10.35    5.29
 129525.276   101.395   -10.27    3.67
 129894.594    99.244    -5.82    2.12
 130263.844    98.914    -0.90    1.45
 130633.026    99.965     2.85    1.74
 131002.140   100.881     2.48    1.53
 131371.186   101.093     0.57    1.27
 131740.164   101.024    -0.19    1.28
 132109.074   101.233     0.57    1.43
 132477.916   102.229     2.70    2.20
 132846.690   105.345     8.45    4.32
 133215.397   108.302     8.02    4.71
 133584.036   111.639     9.05    3.97
 133952.607   113.723     5.65    2.82
 134321.111   115.435     4.65    3.68
 134689.547   118.812     9.16    5.92
 135057.915   123.110    11.67    6.90
 135426.216   127.506    11.93    6.01
 135794.449   131.566    11.03    2.67
 136162.615   134.291     7.40    3.36
 136530.714   137.088     7.60    4.02
 136898.745   138.762     4.55    3.87
 137266.708   139.850     2.96    3.24
 137634.605   138.247    -4.36    3.12
 138002.434   136.588    -4.51    2.35
 138370.196   134.988    -4.35    3.71
 138737.890   132.642    -6.38    5.31
 139105.518   128.659   -10.83    6.39
 139473.078   124.430   -11.50    5.77
 139840.571   120.929    -9.53    4.71
 140207.997   119.458    -4.00    5.08
 140575.356   118.709    -2.04    5.38
 140942.648   117.941    -2.09    4.81
 141309.873   117.434    -1.38    3.74
 141677.032   117.440     0.02    3.11
 142044.123   117.826     1.05    2.85
 142411.148   118.593     2.09    3.23
 142778.105   120.225     4.45    3.95
 143144.996   122.083     5.06    4.96
 143511.820   124.925     7.75    5.42
 143878.578   128.965    11.01    5.43
 144245.269   131.848     7.86    3.62
 144611.893   128.953    -7.90    9.84
 144978.450   126.679    -6.20   12.39
 145344.942   124.012    -7.28   12.35
 145721.259   124.395     1.02   12.75
 146101.527   129.047    12.23   10.28
 146481.723   131.562     6.62    6.92
 146861.846   131.788     0.59    7.11
 147241.897   131.295    -1.30    7.43
 147621.876   132.706     3.71    7.59
 148001.783   136.025     8.74    6.11
 148381.617   139.220     8.41    5.69
 148761.380   139.926     1.86    6.00
 149141.070   138.791    -2.99    5.67
 149520.688   138.365    -1.12    5.28
 149900.234   139.571     3.18    5.70
 150279.709   141.205     4.30    5.35
 150659.111   141.349     0.38    7.03
 151038.441   137.826    -9.29    9.99
 151417.700   134.469    -8.85   10.38
 151796.887   134.059    -1.08    9.27
 152176.001   135.709     4.35    9.75
 152555.045   142.529    17.99   12.24
 152934.016   150.778    21.76   10.39
 153312.916   157.071    16.61    7.41
 153691.744   162.300    13.80    4.33
 154070.501   166.471    11.01    4.14
 154449.186   169.887     9.02    4.55
 154827.800   172.405     6.65    4.12
 155206.342   174.312     5.04    2.85
 155584.813   174.391     0.21    2.44
 155963.212   172.659    -4.58    2.92
 156341.540   170.202    -6.49    3.47
 156719.797   166.683    -9.30    4.90
 157097.982   163.435    -8.59    5.37
 157476.097   159.647   -10.02    5.83
 157854.140   157.952    -4.48    5.06
 158232.112   156.952    -2.65    4.01
 158610.013   158.048     2.90    3.98
 158987.843   159.082     2.74    4.36
 159365.601   158.235    -2.24    4.15
 159743.289   158.600     0.97    3.93
 160120.906   160.376     4.70    5.34
 160498.452   163.614     8.58    5.70
 160875.927   166.458     7.53    3.64
 161253.332   168.459     5.30    2.76
 161630.665   168.901     1.17    2.87
 162007.928   168.221    -1.80    3.60
 162385.121   166.114    -5.59    5.70
 162762.242   161.250   -12.90    7.22
 163139.293   157.308   -10.45    6.27
 163516.273   156.282    -2.72    5.47
 163893.183   156.278    -0.01    5.14
 164270.023   156.405     0.34    4.51
 164646.791   156.481     0.20    4.28
 165023.490   155.759    -1.92    3.21
 165400.118   155.864     0.28    2.65
 165776.676   156.750     2.35    2.66
 166153.163   158.654     5.06    3.25
 166529.580   160.918     6.01    3.80
 166905.927   163.294     6.31    4.12
 167282.204   165.679     6.34    3.85
 167658.411   167.446     4.70    2.94
 168034.547   167.667     0.59    2.65
 168410.614   168.635     2.58    2.66
 168786.610   169.305     1.78    2.66
 169162.536   168.072    -3.28    3.57
 169538.393   167.174    -2.39    4.07
 169914.180   167.060    -0.31    4.59
 170289.896   167.157     0.26    4.66
 170665.543   169.500     6.24    4.62
 171041.120   171.826     6.19    4.05
 171416.628   173.512     4.49    2.90
 171792.065   174.778     3.37    2.89
 172167.433   175.783     2.68    2.57
 172542.732   175.667    -0.31    2.59
 172917.960   175.209    -1.22    3.06
 173293.119   175.235     0.07    3.10
 173668.209   175.378     0.38    2.99
 174043.229   176.062     1.82    2.66
 174418.180   176.506     1.18    2.44
 174793.061   176.247    -0.69    2.63
 175167.873   175.573    -1.80    3.57
 175542.616   175.188    -1.03    4.06
 175917.289   174.733    -1.21    3.79
 176291.893   174.570    -0.43    3.71
 176666.428   174.627     0.15    3.37
 177040.894   173.177    -3.87    3.33
 177415.290   173.407     0.61    3.18
 177789.618   173.910     1.34    2.93
 178163.876   174.349     1.17    3.48
 178538.066   176.000     4.41    3.89
 178912.186   176.894     2.39    4.04
 179286.238   177.287     1.05    3.52
 179660.220   176.381    -2.42    2.91
 180034.134   176.244    -0.37    2.71
 180407.979   176.565     0.86    2.67
 180781.755   177.633     2.86    3.11
 181155.462   178.506     2.34    2.81
 181529.101   178.141    -0.98    3.00
 181902.670   176.464    -4.49    3.35
 182276.172   174.359    -5.64    2.60
 182649.604   172.882    -3.95    2.50
 183022.968   172.062    -2.20    2.22
 183396.264   172.607     1.46    3.01
 183769.491   173.519     2.44    3.86
 184142.650   176.176     7.12    5.25
 184515.740   177.304     3.02    5.44
 184888.762   176.000    -3.49    5.13
 185261.715   175.101    -2.41    4.34
 185634.600   173.824    -3.43    3.53
 186007.417   174.139     0.85    3.82
 186380.166   176.179     5.47    4.93
 186752.846   177.899     4.61    5.24
 187125.459   179.635     4.66    4.06
 187498.003   181.474     4.94    4.93
 187870.479   180.036    -3.86    5.11
 188242.887   179.696    -0.91    5.52
 188615.227   178.294    -3.77    5.32
 188987.499   176.115    -5.85    3.99
 189359.704   176.313     0.53    4.38
 189731.840   175.821    -1.32    4.01
 190103.908   177.035     3.26    4.37
 190475.909   178.449     3.80    4.10
 190847.842   180.376     5.18    4.07
 191219.707   182.013     4.40    4.18
 191591.504   183.464     3.90    3.22
 191963.234   185.075     4.33    2.56
 192334.896   184.905    -0.46    2.69
 192706.491   184.538    -0.99    2.80
 193078.018   184.518    -0.05    2.92
 193449.477   184.734     0.58    2.66
 193820.869   185.329     1.60    2.28
 194192.193   186.205     2.36    1.91
 194563.450   187.000     2.14    2.84
 194934.640   188.899     5.11    4.14
 195305.762   191.694     7.53    4.75
 195676.817   193.762     5.57    3.21
 196047.805   195.642     5.07    2.44
 196418.726   196.432     2.13    2.85
 196789.579   196.259    -0.47    2.85
 197160.365   196.049    -0.56    2.59
 197531.084   194.790    -3.40    1.93
 197901.736   194.085    -1.90    1.63
 198272.321   193.882    -0.55    1.67
 198642.839   194.275     1.06    1.99
 199013.290   194.805     1.43    2.27
 199383.674   195.756     2.57    2.32
 199753.991   197.133     3.72    2.35
 200124.242   198.642     4.08    2.53
 200494.425   200.298     4.47    3.06
 200864.542   200.711     1.12    3.42
 201234.592   200.398    -0.85    3.29
 201604.575   200.439     0.11    3.25
 201974.491   200.655     0.58    2.73
 202344.341   201.651     2.69    2.68
 202714.124   203.354     4.60    2.94
 203083.841   204.798     3.90    2.87
 203453.491   207.107     6.25    4.07
 203823.075   208.417     3.54    3.48
 204192.592   210.312     5.13    3.41
 204562.043   211.036     1.96    3.36
 204931.427   211.549     1.39    3.95
 205300.745   211.711     0.44    3.89
 205669.996   211.438    -0.74    4.16
 206039.182   213.595     5.84    5.00
 206408.301   214.462     2.35    5.89
 206777.354   215.590     3.06    5.38
 207146.340   216.423     2.26    3.47
 207515.261   217.012     1.60    3.16
 207884.115   218.359     3.65    3.30
 208252.904   218.699     0.92    4.34
 208621.626   218.103    -1.62    5.32
 208990.282   216.643    -3.96    5.67
 209358.873   214.325    -6.29    5.19
 209727.397   214.036    -0.78    5.07
 210095.856   214.139     0.28    5.13
 210464.248   215.373     3.35    6.53
 210832.575   216.845     4.00    6.90
 211200.836   217.940     2.97    6.95
 211569.031   218.390     1.22    7.83
 211937.161   219.337     2.57    7.35
 212305.225   219.393     0.15    6.59
 212673.223   218.634    -2.06    5.46
 213041.156   219.542     2.47    5.69
 213409.023   220.975     3.90    6.00
 213776.824   222.000     2.79    6.05
 214144.560   223.085     2.95    5.41
 214512.231   224.529     3.93    4.24
 214879.836   226.457     5.24    4.53
 215247.375   228.585     5.79    4.75
 215614.849   231.075     6.77    4.51
 215982.258   233.106     5.53    3.46
 216349.602   234.692     4.32    3.17
 216716.880   236.337     4.48    3.54
 217084.094   238.538     5.99    4.25
 217451.242   240.753     6.03    4.00
 217818.324   243.788     8.27    4.80
 218185.342   246.963     8.65    4.83
 218552.295   250.829    10.53    5.19
 218919.182   254.714    10.59    5.33
 219286.005   257.802     8.42    5.78
 219652.762   261.614    10.39    5.53
 220019.455   265.695    11.13    6.18
 220392.343   269.963    11.44    6.83
 220772.463   273.780    10.04    5.72
 221152.512   275.463     4.43    4.20
 221532.491   273.157    -6.07    6.94
 221912.400   269.500    -9.62    8.29
 222292.238   265.051   -11.71    7.33
 222672.006   261.305    -9.86    5.37
 223051.704   258.654    -6.98    3.64
 223431.332   258.687     0.09    3.92
 223810.889   259.590     2.38    5.10
 224190.376   261.714     5.60    5.15
 224569.794   263.222     3.97    4.47
 224949.141   264.655     3.78    4.89
 225328.418   266.901     5.92    6.43
 225707.625   270.439     9.33    7.08
 226086.762   274.573    10.90    5.83
 226465.829   277.272     7.12    5.25
 226844.826   281.663    11.58    6.41
 227223.753   285.250     9.47    7.03
 227602.611   288.049     7.39    6.35
 227981.399   288.901     2.25    5.25
 228360.117   288.647    -0.67    6.65
 228738.765   285.208    -9.08   10.60
 229117.344   282.627    -6.82   11.26
 229495.853   283.474     2.24   12.31
 229874.292   285.812     6.18   12.05
 230252.662   289.526     9.81    8.33
 230630.963   288.321    -3.18    7.66
 231009.194   281.988   -16.74    9.13
 231387.356   275.679   -16.68    7.35
 231765.448   271.575   -10.85    3.50
 232143.471   273.774     5.82    8.71
 232521.424   283.659    26.15   16.70
 232899.309   295.939    32.49   16.96
 233277.124   306.277    27.36    9.23
 233654.870   308.296     5.34    6.02
 234032.546   301.642   -17.62   10.84
 234410.154   294.463   -19.01   11.88
 234787.692   290.233   -11.20    8.93
 235165.162   290.000    -0.62    7.03
 235542.562   293.183     8.43    6.64
 235919.894   298.795    14.87    6.09
 236297.156   304.988    16.41    7.79
 236674.350   306.564     4.18    8.54
 237051.475   303.524    -8.06   10.59
 237428.531   299.776    -9.94   10.10
 237805.518   299.146    -1.67    8.00
 238182.437   303.584    11.77    7.89
 238559.286   307.464    10.29    6.32
 238936.068   309.425     5.20    6.15
 239312.780   307.061    -6.27    7.30
 239689.424   304.700    -6.27    6.81
 240065.999   303.744    -2.54    6.69
 240442.506   303.444    -0.80    8.65
 240818.944   299.133   -11.45   11.93
 241195.314   295.683    -9.16   12.10
 241571.616   295.805     0.32   11.66
 241947.849   300.277    11.88   12.45
 242324.014   306.939    17.71   10.28
 242700.110   313.464    17.35    7.62
 243076.139   316.861     9.03    6.32
 243452.099   320.571     9.87    7.84
 243827.991   324.988    11.75    8.43
 244203.814   327.802     7.49    8.05
 244579.570   328.163     0.96    7.00
 244955.257   327.047    -2.97    6.91
 245330.877   324.087    -7.88    7.55
 245706.428   317.512   -17.50   10.20
 246081.912   309.923   -20.21    9.57
 246457.328   304.506   -14.43    8.90
 246832.675   299.684   -12.84    7.93
 247207.955   298.120    -4.17    7.89
 247583.167   298.833     1.90    7.57
 247958.312   301.381     6.79    5.98
 248333.388   304.468     8.23    4.03
 248708.397   307.610     8.38    4.05
 249083.338   309.519     5.09    4.31
 249458.212   308.798    -1.92    6.10
 249833.018   305.051   -10.00    9.92
 250207.756   298.341   -17.90   11.66
 250582.427   291.103   -19.32   10.72
 250957.031   285.889   -13.92    8.22
 251331.567   284.392    -3.99    6.36
 251706.035   285.675     3.42    5.24
 252080.437   288.506     7.56    5.64
 252454.770   292.889    11.71    5.55
 252829.037   296.753    10.32    3.68
 253203.236   298.012     3.36    3.49
 253577.368   298.000    -0.03    4.07
 253951.433   297.725    -0.74    3.54
 254325.431   296.827    -2.40    3.06
 254699.362   295.220    -4.30    3.30
 255073.225   293.646    -4.21    2.89
 255447.022   293.171    -1.27    3.08
 255820.751   292.695    -1.27    3.38
 256194.414   292.146    -1.47    5.15
 256568.009   285.926   -16.65   12.16
 256941.538   277.780   -21.80   15.26
 257315.000   265.222   -33.62   16.52
 257688.395   253.087   -32.49   12.97
 258061.723   244.951   -21.79    9.35
 258434.985   241.976    -7.97    6.19
 258808.179   242.205     0.61    5.56
 259181.307   244.235     5.44    5.87
 259554.369   245.506     3.41    6.00
 259927.364   244.432    -2.88    7.78
 260300.292   243.759    -1.80   10.40
 260673.153   244.556     2.14   14.00
 261045.949   243.469    -2.91   13.99
 261418.677   240.852    -7.02   11.75
 261791.339   237.524    -8.93    7.66
 262163.935   234.864    -7.14    4.22
 262536.465   233.488    -3.69    3.76
 262908.928   233.402    -0.23    3.72
 263281.325   234.651     3.35    5.45
 263653.655   239.675    13.49   10.57
 264025.920   243.901    11.35   10.92
 264398.118   245.825     5.17   10.25
 264770.250   247.542     4.61    9.84
 265142.316   250.532     8.03   11.34
 265514.316   256.422    15.83   12.12
 265886.249   263.225    18.29    9.21
 266258.117   268.481    14.13    6.22
 266629.919   269.163     1.83    6.46
 267001.655   267.530    -4.39    6.50
 267373.325   266.902    -1.69    6.17
 267744.929   267.375     1.27    5.73
 268116.467   269.732     6.34    5.44
 268487.940   273.133     9.15    4.36
 268859.346   275.550     6.51    3.19
 269230.687   274.889    -1.78    4.31
 269601.963   271.400    -9.39    6.67
 269973.172   265.819   -15.03    7.71
 270344.316   259.163   -17.93    7.76
 270715.395   253.183   -16.11    7.16
 271086.407   249.321   -10.41    5.26
 271457.355   246.605    -7.32    3.25
 271828.237   246.864     0.70    3.42
 272199.053   247.556     1.86    3.66
 272569.804   243.667   -10.49    8.75
 272940.490   235.250   -22.70   12.79
 273311.110   226.512   -23.57   12.49
 273681.665   218.841   -20.70    7.39
 274052.154   216.593    -6.07    4.67
 274422.579   215.914    -1.83    3.71
 274792.938   216.051     0.37    3.33
 275163.232   215.827    -0.61    3.77
 275533.461   215.805    -0.06    3.90
 275903.625   218.866     8.27    6.11
 276273.723   221.741     7.77    6.58
 276643.757   226.613    13.16    5.46
 277013.726   229.975     9.09    3.49
 277383.630   231.901     5.21    3.39
 277753.468   233.000     2.97    2.68
 278123.242   233.235     0.63    2.81
 278492.951   234.538     3.52    3.42
 278862.595   236.741     5.96    3.99
 279232.175   238.458     4.65    4.30
 279601.690   240.696     6.06    3.67
 279971.139   241.802     2.99    3.32
 280340.525   240.740    -2.87    5.35
 280709.845   239.732    -2.73    6.46
 281079.101   239.641    -0.25    6.63
 281448.293   240.841     3.25    6.27
 281817.419   242.390     4.19    6.52
 282186.482   245.988     9.75    7.89
 282555.479   250.000    10.87    9.32
 282924.413   256.929    18.78   11.08
 283293.282   264.211    19.74    8.93
 283662.086   270.169    16.15    7.83
 284030.826   274.092    10.64    5.34
 284399.502   276.790     7.32    4.88
 284768.114   279.662     7.79    4.54
 285136.661   278.110    -4.21    8.39
 285505.144   273.167   -13.41   13.55
 285873.563   263.395   -26.52   17.34
 286241.918   250.400   -35.27   15.99
 286610.209   239.726   -28.98   11.93
 286978.435   233.100   -17.99    9.06
 287346.598   227.275   -15.82    8.35
 287714.696   223.506   -10.24    7.66
 288082.731   221.049    -6.68    6.26
 288450.701   219.272    -4.83    5.01
 288818.608   218.383    -2.42    4.65
 289186.451   218.506     0.34    3.61
 289554.230   219.642     3.09    4.17
 289921.945   222.268     7.14    6.04
 290289.596   225.840     9.71    7.95
 290657.184   229.829    10.85    7.71
 291024.708   233.538    10.09    7.79
 291392.168   236.086     6.93    8.04
 291759.565   239.747     9.96    8.32
 292126.898   244.120    11.90   10.00
 292494.167   252.266    22.17   13.24
 292861.373   262.400    27.59   16.54
 293228.515   274.224    32.20   16.61
 293595.594   282.630    22.89   12.71
 293962.609   288.962    17.25    6.72
 294329.561   292.062     8.45    5.71
 294696.450   293.382     3.60    6.41
 295066.187   296.111     7.38    7.77
 295446.160   299.434     8.74   10.33
 295826.065   301.726     6.03   12.03
 296205.901   301.795     0.18   12.91
 296585.669   299.543    -5.93   12.87
 296965.368   296.127    -9.00   11.55
 297344.998   295.469    -1.73    9.96
 297724.561   301.198    15.09   12.79
 298104.055   309.293    21.33   14.43
 298483.480   320.125    28.54   13.40
 298862.838   328.038    20.86    9.05
 299242.127   330.975     7.74    7.26
 299621.348   330.329    -1.70    9.01
 300000.500   327.313    -7.95    9.27
 300379.585   325.147    -5.71    8.89
 300758.601   322.159    -7.88    9.60
 301137.550   316.093   -16.00   11.26
 301516.430   313.123    -7.84   11.11
 301895.242   310.538    -6.82   12.08
 302273.986   311.383     2.23   13.96
 302652.663   313.785     6.34   13.36
 303031.271   311.815    -5.20   13.03
 303409.812   309.951    -4.92   12.50
 303788.285   308.173    -4.70   11.95
 304166.690   309.667     3.95   13.70
 304545.027   313.625    10.46   14.25
 304923.297   317.625    10.57   11.16
 305301.498   317.570    -0.15    8.11
 305679.633   315.256    -6.12    7.08
 306057.699   311.949    -8.75    6.86
 306435.698   305.817   -16.22    7.83
 306813.630   298.855   -18.42    8.41
 307191.494   291.963   -18.24    8.64
 307569.291   286.130   -15.44    6.65
 307947.020   281.098   -13.32    5.73
 308324.682   277.696    -9.00    4.72
 308702.276   276.262    -3.80    3.34
 309079.803   273.450    -7.45    4.53
 309457.263   269.024   -11.72    8.47
 309834.656   261.873   -18.94   10.40
 310211.981   254.838   -18.64    9.30
 310589.239   248.121   -17.80    6.76
 310966.430   244.155   -10.51    6.07
 311343.554   244.396     0.64    7.41
 311720.611   243.977    -1.11    7.92
