# NaN NaN NaN ;Mean Elev.(m), Avg Gradient(m/km), RMS Gradient(m/km) - SRTM1     
#   10.010  -5.867  16.249 ;Mean Elev.(m), Avg Gradient(m/km), RMS Gradient(m/km) - ASTER GDEM
#   13.292  -8.185  16.503 ;Mean Elev.(m), Avg Gradient(m/km), RMS Gradient(m/km) - GMTED2010 
 10 125.908076  70.112417    15.013    14.114  5 52573.49917630 23.489
 11 125.921066  70.113336    12.126    12.178  7 52608.49913462 15.587
 12 125.906576  70.109991    12.455    12.995  7 52643.49912937 12.749
 13 125.924431  70.114344    13.972    13.914  8 52678.49911137 10.733
 17 125.939498  70.081212   139.581   139.581  2 52818.49918866  1.561
 18 125.904911  70.113028    14.498    14.576  4 52853.49924463 15.873
 20 125.926102  70.113531    11.617    10.209  8 52923.49923208 28.150
 21 125.921098  70.101918     9.560     9.473 12 52958.49919642 21.378
 22 125.903177  70.117301    11.483    11.483  2 52993.49922676  9.448
 23 125.917141  70.123055    19.026    19.026  2 53028.49919204  7.601
 24 125.906170  70.118193    13.493    13.493  2 53063.49919955  7.653
 25 125.918172  70.115753    14.530    14.145  5 53098.49921449  7.643
 29 125.930492  70.112799    15.676    15.485  9 53238.49923879 18.516
 31 125.919430  70.101069    11.570    11.611 12 53308.49925530 32.538
 33 125.904187  70.104946    13.077    12.796  9 53378.49916508 12.235
 34 125.923343  70.109463    13.993    13.598 10 53413.49919943  9.867
 35 125.894470  70.108717    15.220    14.837  6 53448.49918887  8.706
 36 125.901140  70.110371    16.702    15.831  5 53483.49927435  7.705
 37 125.911122  70.117206    53.191    47.401  3 53518.49927441  7.722
 38 125.932589  70.096875    15.642    15.692  7 53553.49929207 46.956
 41 125.918267  70.101318     9.322     9.334 13 53658.49924220 49.456
 42 125.911854  70.118589    10.800    10.545  3 53693.49922560 18.979
 43 125.937695  70.112209    11.761    11.007 11 53728.49914694 14.374
 44 125.909913  70.110725    12.705    12.646  7 53763.49910704 10.431
 45 125.935895  70.109701    14.990    14.733 11 53798.49911504  8.509
 47 125.918602  70.102635    13.860    13.635 12 53868.49917444 15.919
 50 125.917259  70.116031    14.048    13.983  6 53973.49920644 14.265
 51 125.890387  70.116045    21.176    21.176  2 54008.49919742  9.624
 52 125.923015  70.104040    10.235    10.232 12 54043.49921626 30.139
 53 125.929777  70.108038     9.699     9.659 11 54078.49921046 23.642
 54 125.937266  70.111519    11.159    11.350 10 54113.49914852 16.865
 58 125.905727  70.116431    45.182    45.182  2 54253.49919151  1.428
 59 125.922798  70.109783    18.563    17.680 10 54288.49919360 10.480
 60 125.909813  70.117299    38.544    35.856  4 54323.49919264 16.280
 61 125.922442  70.120931    35.955    34.260  5 54358.49914950 18.089
 62 125.914178  70.111396     9.774     9.681  4 54393.49913175 44.465
 63 125.916443  70.118200    11.786    11.421  4 54428.49909931 10.930
 64 125.904351  70.114192    13.224    13.208  5 54463.49911113  9.348
 65 125.922256  70.113330    14.824    14.902  7 54498.49910786  7.555
 68 125.926460  70.101858     9.325     9.229 10 54603.49911715 20.186
 70 125.908822  70.117292    16.237    16.261  4 54673.49913393 17.408
 71 125.911432  70.124075    18.538    18.538  2 54708.49909345 11.935
 72 125.921252  70.104774    13.102    13.275 12 54743.49909729 17.959
 73 125.929592  70.107359    10.792    10.790 11 54778.49907240 26.417
 74 125.913190  70.106459    11.649    11.778 10 54813.49909127 14.625
 75 125.931305  70.107722    11.415    11.065 11 54848.49907207 11.972
 76 125.899563  70.118297    11.933    11.933  2 54883.49909705  7.906
 77 125.920798  70.119588    12.430    12.361  4 54918.49907681  7.925
 80 125.928482  70.107663    15.406    14.934 11 55023.49910495 15.687
 81 125.907208  70.119880    13.705    13.654  3 55058.49910298 21.777
 82 125.924095  70.117469    13.347    13.152  6 55093.49905645 16.196
 83 125.923946  70.104341    10.467    10.434 12 55128.49904045 46.708
 84 125.929699  70.106895    10.632     9.169 11 55163.49901600 15.658
 85 125.919291  70.103759    11.919    10.624 12 55198.49903193 13.296
 86 125.922901  70.115428    11.198    11.137  6 55233.49902220 11.737
 87 125.908107  70.115561    11.105    10.941  4 55268.49902895  9.898
 88 125.925210  70.118383    11.517    11.090  6 55303.49900271  9.066
 90 125.909953  70.119189    19.170    19.382  3 55373.49899359 14.626
 91 125.905754  70.116090    16.326    15.983  3 55408.49901413 11.029
 92 125.912718  70.116880    39.368    39.247  4 55443.49901108  9.198
 93 125.936886  70.112630    12.162    12.093 11 55478.49894800 21.187
