-214251.233   335.645     0.00   10.24
-213879.500   337.143     4.03    9.03
-213507.709   337.954     2.18    7.76
-213135.859   340.727     7.46    6.79
-212763.951   343.907     8.55    7.22
-212391.985   348.281    11.76    7.16
-212019.960   352.527    11.41    7.36
-211647.878   357.013    12.06    7.31
-211275.737   360.734    10.00    6.12
-210903.537   362.284     4.16    5.66
-210531.280   360.008    -6.11    8.40
-210158.964   352.258   -20.81   12.11
-209786.589   341.967   -27.63   14.12
-209414.156   329.738   -32.83   14.41
-209041.665   324.309   -14.57   12.18
-208669.115   322.716    -4.27   13.64
-208296.506   326.434     9.98   14.89
-207923.839   330.108     9.86   11.78
-207551.113   328.921    -3.18   10.64
-207178.329   319.872   -24.27   14.60
-206805.486   311.972   -21.18   11.85
-206432.585   314.098     5.70   14.27
-206059.624   323.007    23.88   18.98
-205686.605   338.432    41.34   17.40
-205313.527   349.364    29.30    8.60
-204940.391   350.632     3.40    6.43
-204567.195   346.707   -10.51    8.65
-204193.941   339.378   -19.63    9.69
-203820.628   328.762   -28.43   11.93
-203447.256   317.132   -31.14   15.77
-203073.825   302.488   -39.21   18.08
-202700.335   293.378   -24.39   14.67
-202326.786   289.200   -11.18   12.83
-201953.178   292.018     7.54   16.90
-201579.511   299.992    21.33   18.85
-201205.784   300.824     2.23   22.00
-200831.999   297.832    -8.00   23.29
-200458.155   291.324   -17.40   20.35
-200084.251   286.352   -13.30   15.78
-199710.288   283.489    -7.65    9.79
-199336.266   286.812     8.88   11.80
-198962.185   294.940    21.72   17.50
-198588.045   308.431    36.05   20.36
-198213.845   322.684    38.08   13.30
-197839.586   327.912    13.97   10.62
-197465.267   327.267    -1.72   12.68
-197090.889   328.970     4.55   11.69
-196716.452   331.489     6.73   11.39
-196341.955   339.781    22.14   12.78
-195967.399   347.905    21.69   10.47
-195592.783   352.976    13.53    7.35
-195218.108   356.538     9.51    7.50
-194843.373   357.352     2.17    9.20
-194468.579   356.337    -2.71    9.77
-194093.725   353.689    -7.06   10.56
-193718.811   348.567   -13.66   10.72
-193343.837   344.899    -9.78   10.33
-192968.804   344.077    -2.19   10.48
-192593.711   346.781     7.21   10.81
-192218.559   351.693    13.09   10.07
-191843.346   355.082     9.03    8.12
-191468.074   357.112     5.41    7.39
-191092.742   355.964    -3.06    9.88
-190717.350   353.685    -6.07   11.00
-190341.898   352.509    -3.13   12.05
-189966.386   354.757     5.99   12.19
-189590.814   356.489     4.61   11.66
-189215.182   355.418    -2.85   11.07
-188839.490   349.578   -15.54   12.05
-188463.738   340.805   -23.34   13.54
-188087.926   331.986   -23.46   13.92
-187712.054   324.500   -19.91   14.66
-187336.122   316.978   -20.00   15.41
-186960.129   309.730   -19.28   17.13
-186584.076   302.589   -18.99   17.00
-186207.963   297.809   -12.71   13.65
-185831.790   295.248    -6.81   12.62
-185455.556   294.739    -1.35   12.26
-185079.263   298.378     9.67   13.62
-184702.908   302.984    12.24   14.74
-184326.494   312.098    24.21   14.80
-183950.019   321.118    23.95   10.99
-183573.483   328.207    18.82    8.11
-183196.887   334.486    16.67    7.16
-182820.231   338.592    10.90    6.72
-182443.514   339.765     3.11    8.25
-182066.736   338.260    -3.99   10.72
-181689.898   334.959    -8.76   10.71
-181312.999   333.447    -4.01   10.81
-180936.040   333.378    -0.18   11.07
-180559.020   332.787    -1.57   12.95
-180181.939   329.538    -8.61   13.84
-179804.797   326.064    -9.21   13.31
-179427.595   325.165    -2.38   10.99
-179050.332   325.308     0.38    8.93
-178673.008   327.165     4.92    8.95
-178295.623   329.838     7.08    8.91
-177918.177   333.792    10.47   10.65
-177540.670   340.632    18.12   13.33
-177163.102   348.284    20.26   12.99
-176785.474   356.498    21.75   11.19
-176407.784   362.067    14.74    8.35
-176030.034   364.102     5.38    6.42
-175652.222   363.189    -2.42    7.41
-175274.349   358.707   -11.86    8.72
-174896.415   355.017    -9.76    7.44
-174518.420   356.605     4.20    6.63
-174140.363   359.967     8.89    8.18
-173762.246   366.157    16.37    9.70
-173384.067   370.608    11.77    8.59
-173005.827   370.510    -0.26    9.30
-172627.525   366.658   -10.18    9.39
-172249.162   360.351   -16.67    9.30
-171870.738   351.954   -22.19   10.82
-171492.253   345.447   -17.19   10.95
-171113.706   339.205   -16.49   10.54
-170735.097   335.621    -9.46   11.47
-170356.427   332.445    -8.39   12.03
-169977.696   329.035    -9.00   11.57
-169598.902   324.538   -11.87   11.14
-169220.048   318.297   -16.47   10.46
-168841.131   311.326   -18.40   11.88
-168462.154   300.513   -28.53   14.59
-168083.114   293.965   -17.27   14.81
-167704.013   290.352    -9.53   16.53
-167324.849   291.474     2.96   20.90
-166945.625   295.105     9.57   21.91
-166566.338   295.600     1.30   20.61
-166186.989   293.168    -6.41   16.75
-165807.579   290.142    -7.97   13.85
-165428.107   291.885     4.59   16.97
-165058.722   296.310    11.98   21.78
-164691.112   307.458    30.32   20.76
-164323.445   314.830    20.05   13.25
-163955.721   315.298     1.27    9.83
-163587.938   310.267   -13.68   11.35
-163220.098   304.311   -16.19   13.02
-162852.200   297.998   -17.16   15.38
-162484.244   292.938   -13.75   18.19
-162116.230   292.491    -1.22   20.09
-161748.159   296.832    11.79   18.33
-161380.029   301.835    13.59   16.20
-161011.842   304.858     8.21   13.97
-160643.596   304.899     0.11   12.58
-160275.293   300.112   -13.00   13.90
-159906.931   296.533    -9.71   15.09
-159538.512   292.720   -10.35   17.01
-159170.034   292.823     0.28   16.87
-158801.499   293.935     3.02   13.22
-158432.905   292.906    -2.79   11.15
-158064.253   285.677   -19.61   17.67
-157695.543   275.809   -26.76   23.36
-157326.775   262.045   -37.32   27.65
-156957.948   252.237   -26.59   27.47
-156589.064   240.352   -32.22   23.01
-156220.120   235.735   -12.51   18.77
-155851.119   236.760     2.78   19.46
-155482.059   244.678    21.45   25.51
-155112.941   252.192    20.35   23.45
-154743.765   261.707    25.77   18.72
-154374.530   272.538    29.33   18.78
-154005.236   281.135    23.28   18.77
-153635.884   291.444    27.91   14.29
-153266.474   297.350    15.98   11.05
-152897.005   297.286    -0.17   12.35
-152527.477   299.251     5.32   11.54
-152157.891   301.485     6.04    8.98
-151788.246   303.114     4.41    5.79
-151418.543   300.006    -8.41    8.13
-151048.780   292.712   -19.73   13.13
-150678.960   284.998   -20.85   14.69
-150309.080   282.100    -7.83   13.38
-149939.141   285.786     9.96   13.34
-149569.144   292.716    18.73    8.95
-149199.088   295.085     6.40    6.85
-148828.973   290.597   -12.12   16.34
-148458.799   273.325   -46.65   28.52
-148088.567   251.251   -59.61   31.53
-147718.275   233.058   -49.13   28.78
-147347.924   215.561   -47.24   31.52
-146977.515   202.832   -34.36   41.95
-146607.046   185.954   -45.55   53.18
-146236.518   172.232   -37.03   53.82
-145865.931   162.255   -26.92   53.05
-145495.285   154.196   -21.74   49.68
-145124.580   148.515   -15.32   42.15
-144753.816   141.622   -18.59   36.31
-144382.992   132.241   -25.29   28.93
-144012.110   119.716   -33.77   20.58
-143641.168   110.716   -24.26   12.86
-143270.166   107.092    -9.77   10.22
-142899.106   111.312    11.37   17.51
-142527.986   125.510    38.25   28.21
-142156.806   147.102    58.16   33.88
-141785.567   169.536    60.42   28.69
-141414.269   188.458    50.96   18.39
-141042.911   200.311    31.91   14.54
-140671.494   208.562    22.21   14.75
-140300.017   214.885    17.02   14.40
-139928.481   221.273    17.19   13.28
-139556.885   227.456    16.64   12.80
-139185.230   236.681    24.82   13.93
-138813.515   246.778    27.16   15.99
-138441.740   255.839    24.37   13.67
-138069.905   257.658     4.89   13.30
-137698.011   246.599   -29.73   25.19
-137326.057   233.081   -36.34   26.94
-136954.043   224.080   -24.19   18.96
-136581.970   225.892     4.87   19.03
-136209.836   239.827    37.44   24.08
-135837.643   253.765    37.44   18.11
-135465.390   260.222    17.35   11.21
-135093.077   258.296    -5.17   13.39
-134720.704   246.498   -31.68   18.49
-134348.270   233.322   -35.37   18.57
-133975.777   223.525   -26.30   14.71
-133603.224   220.292    -8.68   11.29
-133230.611   228.391    21.73   17.78
-132857.937   239.600    30.07   18.81
-132485.204   253.957    38.51   18.18
-132112.410   265.309    30.45   13.23
-131739.556   273.220    21.22    9.98
-131366.642   276.948     9.99    7.31
-130993.668   278.516     4.20    8.86
-130620.633   284.176    15.17   12.36
-130247.538   292.583    22.53   14.94
-129874.382   301.036    22.65   14.54
-129501.167   307.041    16.09   13.76
-129127.890   308.032     2.65   16.57
-128754.554   307.405    -1.68   19.72
-128381.157   305.270    -5.72   20.15
-128007.699   304.872    -1.07   19.27
-127634.181   307.273     6.43   18.44
-127260.602   313.054    15.47   17.58
-126886.963   321.602    22.88   15.17
-126513.263   327.525    15.85   10.87
-126139.503   328.716     3.19    8.49
-125765.681   323.733   -13.33   15.15
-125391.799   313.963   -26.13   18.62
-125017.857   302.036   -31.89   19.06
-124643.853   288.019   -37.47   20.08
-124269.789   275.611   -33.17   19.19
-123895.664   265.456   -27.14   13.95
-123521.478   261.753    -9.89   11.65
-123147.231   266.523    12.74   17.04
-122772.923   273.837    19.54   18.74
-122398.555   274.891     2.82   18.45
-122024.125   270.921   -10.60   19.89
-121649.634   265.018   -15.76   18.03
-121275.083   262.392    -7.01   13.52
-120900.470   268.632    16.65   15.39
-120525.796   278.312    25.83   15.83
-120151.061   286.173    20.98   13.48
-119776.265   290.618    11.86   14.69
-119401.407   290.655     0.10   18.09
-119026.489   289.297    -3.62   19.59
-118651.509   284.365   -13.15   19.62
-118276.468   273.918   -27.85   19.43
-117901.365   266.010   -21.08   16.81
-117526.201   263.076    -7.82   14.01
-117150.976   264.216     3.04   15.10
-116775.689   268.072    10.27   16.40
-116400.341   270.519     6.52   17.36
-116024.932   272.445     5.13   14.96
-115649.461   275.635     8.50   13.53
-115273.928   283.576    21.14   15.72
-114898.334   294.100    28.02   17.41
-114522.679   307.562    35.83   21.38
-114146.961   320.323    33.96   20.92
-113771.182   330.720    27.66   17.93
-113395.342   339.253    22.70   10.54
-113019.439   341.547     6.10    7.50
-112643.475   339.365    -5.80   10.53
-112267.449   334.054   -14.12   13.32
-111891.361   324.957   -24.18   15.77
-111515.212   314.023   -29.07   20.04
-111139.001   297.525   -43.85   21.99
-110762.727   286.872   -28.31   17.34
-110386.392   284.203    -7.09   12.89
-110009.995   292.338    21.61   16.95
-109633.536   306.352    37.22   16.50
-109257.014   315.529    24.37    9.64
-108880.431   314.416    -2.96   11.28
-108503.786   306.531   -20.93   17.83
-108127.078   292.516   -37.20   20.57
-107750.309   278.693   -36.68   15.88
-107373.477   270.314   -22.23   12.44
-106996.583   265.220   -13.51   11.73
-106619.626   264.010    -3.21   11.77
-106242.608   261.781    -5.91   10.07
-105865.527   256.625   -13.67   11.23
-105488.384   246.085   -27.94   15.71
-105111.178   236.576   -25.21   15.95
-104733.910   230.685   -15.61   12.52
-104356.580   231.121     1.16   13.38
-103979.187   239.668    22.64   19.38
-103601.732   254.003    37.98   21.35
-103224.214   269.429    40.86   18.78
-102846.634   279.975    27.93   14.58
-102468.991   288.479    22.52   13.74
-102091.285   297.032    22.64   13.68
-101713.517   304.929    20.91   13.81
-101335.686   313.300    22.15   12.32
-100957.792   316.781     9.21   13.02
-100579.836   316.194    -1.55   17.63
-100201.816   313.632    -6.78   20.12
 -99823.734   311.725    -5.04   17.75
 -99445.590   313.725     5.29   15.44
 -99067.382   316.536     7.43   14.11
 -98689.111   316.614     0.21   15.33
 -98310.778   318.226     4.26   14.99
 -97932.381   320.781     6.75   13.80
 -97553.922   327.568    17.93   14.62
 -97175.399   331.112     9.36   12.84
 -96796.813   329.976    -3.00   14.70
 -96418.165   328.534    -3.81   16.09
 -96039.453   327.950    -1.54   15.64
 -95660.678   331.482     9.33   14.43
 -95281.840   334.738     8.59   11.35
 -94902.938   337.872     8.27   11.66
 -94523.974   339.765     5.00   13.19
 -94144.946   345.067    13.99   11.79
 -93765.854   347.920     7.53    9.50
 -93386.700   342.216   -15.04   14.67
 -93007.482   334.162   -21.24   17.86
 -92628.200   324.998   -24.16   17.43
 -92248.855   321.115   -10.24   14.10
 -91869.447   323.794     7.06   13.90
 -91489.975   327.010     8.47   11.04
 -91110.440   328.168     3.05    9.44
 -90730.841   325.981    -5.76   12.32
 -90358.446   320.312   -15.22   13.96
 -89991.021   312.586   -21.03   12.88
 -89623.537   307.418   -14.06   10.89
 -89255.993   305.288    -5.79   11.38
 -88888.390   306.168     2.39   14.50
 -88520.728   307.109     2.56   15.65
 -88153.007   304.965    -5.83   15.64
 -87785.227   297.677   -19.81   14.54
 -87417.387   292.733   -13.44   10.06
 -87049.488   294.664     5.25   11.96
 -86681.530   300.235    15.14   14.09
 -86313.512   308.690    22.97   15.23
 -85945.435   315.937    19.69   14.16
 -85577.298   322.209    17.04   11.47
 -85209.102   324.326     5.75   12.06
 -84840.846   322.605    -4.67   15.10
 -84472.531   318.602   -10.87   16.57
 -84104.157   314.445   -11.28   15.65
 -83735.722   317.002     6.94   15.03
 -83367.228   321.472    12.13   13.39
 -82998.675   326.248    12.96   10.68
 -82630.062   332.313    16.45    9.24
 -82261.389   335.431     8.46    9.10
 -81892.656   335.339    -0.25   11.21
 -81523.864   331.872    -9.40   13.37
 -81155.011   324.690   -19.47   13.41
 -80786.099   318.170   -17.67   11.58
 -80417.127   315.576    -7.03    9.90
 -80048.096   317.865     6.20   10.46
 -79679.004   323.824    16.14   11.07
 -79309.852   329.454    15.25    8.58
 -78940.641   332.944     9.45    6.30
 -78571.369   331.904    -2.82    7.46
 -78202.038   328.898    -8.14    6.70
 -77832.646   325.694    -8.67    7.07
 -77463.194   320.005   -15.40    9.75
 -77093.682   312.628   -19.96   11.90
 -76724.110   305.018   -20.59   10.10
 -76354.478   302.429    -7.00    7.59
 -75984.785   306.112     9.96   10.72
 -75615.033   315.391    25.09   13.53
 -75245.220   326.152    29.10   10.86
 -74875.347   332.074    16.01    7.26
 -74505.413   332.405     0.89    7.30
 -74135.419   326.994   -14.62   10.15
 -73765.365   323.898    -8.37    9.11
 -73395.250   325.986     5.64   11.11
 -73025.075   333.062    19.11   11.22
 -72654.839   337.786    12.76    7.48
 -72284.543   338.552     2.07    7.36
 -71914.186   334.994    -9.61    9.07
 -71543.769   328.852   -16.58    9.70
 -71173.291   325.212    -9.83    9.67
 -70802.752   322.115    -8.36    9.77
 -70432.153   321.006    -2.99    9.70
 -70061.493   322.918     5.16    9.67
 -69690.773   328.839    15.97   11.96
 -69319.991   337.891    24.41   14.06
 -68949.149   346.534    23.30   10.69
 -68578.246   350.131     9.70    6.86
 -68207.283   347.482    -7.14    9.49
 -67836.258   340.747   -18.15   11.61
 -67465.172   336.235   -12.16   10.92
 -67094.026   335.826    -1.10   10.08
 -66722.818   339.602    10.17    9.14
 -66351.550   343.605    10.78    8.30
 -65980.220   345.898     6.17    6.67
 -65608.830   344.235    -4.48    7.91
 -65237.378   340.378   -10.38    8.67
 -64865.866   334.222   -16.57    9.78
 -64494.292   329.250   -13.38   10.33
 -64122.657   326.729    -6.78   10.38
 -63750.960   329.952     8.67   11.99
 -63379.203   338.326    22.53   13.90
 -63007.384   347.978    25.96   11.67
 -62635.504   354.443    17.38    7.63
 -62263.563   356.115     4.49    6.61
 -61891.560   357.326     3.26    7.75
 -61519.496   357.470     0.39    9.01
 -61147.370   355.925    -4.15    9.22
 -60775.183   351.898   -10.82   10.34
 -60402.935   347.878   -10.80    9.17
 -60030.625   347.485    -1.06    7.21
 -59658.253   352.593    13.72   10.35
 -59285.820   359.094    17.45   10.08
 -58913.325   360.416     3.55    9.57
 -58540.769   355.676   -12.72   13.73
 -58168.151   348.677   -18.78   15.35
 -57795.471   342.284   -17.15   15.63
 -57422.729   336.274   -16.12   14.42
 -57049.926   333.059    -8.62   12.11
 -56677.061   331.878    -3.17    7.95
 -56304.134   333.662     4.78    6.83
 -55931.145   338.228    12.24    9.19
 -55558.095   346.392    21.88   12.68
 -55184.982   356.228    26.36   14.32
 -54811.808   364.447    22.02   11.79
 -54438.571   369.781    14.29    7.10
 -54065.273   369.959     0.48    6.40
 -53691.912   366.300    -9.80    8.46
 -53318.490   358.586   -20.66   11.02
 -52945.005   350.469   -21.73   13.79
 -52571.458   338.498   -32.05   17.74
 -52197.849   325.783   -34.03   17.03
 -51824.178   317.905   -21.08    9.62
 -51450.444   318.619     1.91    9.80
 -51076.649   325.970    19.67   12.61
 -50702.791   334.144    21.86   10.70
 -50328.870   340.609    17.29   10.11
 -49954.888   344.045     9.19   12.14
 -49580.842   345.981     5.18   14.23
 -49206.735   345.248    -1.96   14.32
 -48832.565   342.794    -6.56   13.43
 -48458.333   339.299    -9.34   11.24
 -48084.038   336.328    -7.94    8.58
 -47709.680   336.472     0.38    7.83
 -47335.260   339.733     8.71    7.84
 -46960.777   343.738    10.70    6.25
 -46586.232   345.312     4.20    4.14
 -46211.624   343.584    -4.61    5.94
 -45836.953   337.931   -15.09    9.31
 -45462.220   332.743   -13.84    9.66
 -45087.423   328.653   -10.91   11.18
 -44712.564   325.995    -7.09   12.38
 -44337.642   321.791   -11.21   14.44
 -43962.658   316.712   -13.54   15.00
 -43587.610   311.252   -14.56   15.96
 -43212.499   305.273   -15.94   15.33
 -42837.326   298.431   -18.24   15.71
 -42462.089   288.716   -25.89   15.31
 -42086.790   279.287   -25.12   15.14
 -41711.427   269.183   -26.92   13.62
 -41336.001   261.638   -20.10   13.09
 -40960.513   254.707   -18.46   10.83
 -40584.961   252.983    -4.59   10.45
 -40209.345   255.733     7.32   13.24
 -39833.667   260.618    13.00   16.50
 -39457.925   266.404    15.40   15.93
 -39082.120   270.173    10.03   14.44
 -38706.252   268.573    -4.26   12.40
 -38330.321   262.270   -16.77   13.93
 -37954.326   251.178   -29.50   17.20
 -37578.267   244.156   -18.67   14.43
 -37202.145   248.116    10.53   18.96
 -36825.960   259.392    29.97   22.57
 -36449.711   273.897    38.55   18.51
 -36073.399   282.432    22.68   17.09
 -35697.023   282.989     1.48   19.30
 -35320.583   282.109    -2.34   20.26
 -34944.080   285.196     8.20   19.60
 -34567.513   290.391    13.79   18.05
 -34190.883   296.339    15.79   13.79
 -33814.188   297.729     3.69   11.92
 -33437.430   295.076    -7.04   12.97
 -33060.608   290.301   -12.67   11.50
 -32683.722   287.023    -8.70    9.94
 -32306.773   284.521    -6.64    7.35
 -31929.759   279.168   -14.20    8.99
 -31552.682   269.260   -26.27   13.48
 -31175.540   255.703   -35.95   16.69
 -30798.335   241.403   -37.91   17.89
 -30421.066   228.295   -34.74   13.73
 -30043.732   218.116   -26.98   11.26
 -29666.334   210.672   -19.72    8.94
 -29288.873   206.417   -11.27    9.14
 -28911.347   203.083    -8.83   10.09
 -28533.757   198.378   -12.46   10.37
 -28156.102   193.891   -11.88    8.92
 -27778.384   194.352     1.22   10.54
 -27400.601   203.872    25.20   20.21
 -27022.753   216.776    34.15   22.84
 -26644.842   232.616    41.91   18.67
 -26266.866   243.852    29.73   12.86
 -25888.825   250.827    18.45   14.58
 -25510.720   256.017    13.73   15.29
 -25132.551   262.002    15.82   15.33
 -24754.317   271.013    23.83   13.40
 -24376.019   280.429    24.89   14.54
 -23997.656   289.925    25.10   12.06
 -23619.228   293.603     9.72    9.27
 -23240.735   291.391    -5.84   10.62
 -22862.178   284.212   -18.97   12.76
 -22483.556   274.853   -24.72   13.50
 -22104.870   266.327   -22.51   12.99
 -21726.118   259.212   -18.79   13.86
 -21347.302   250.672   -22.54   17.59
 -20968.421   240.091   -27.93   21.14
 -20589.475   225.531   -38.42   26.23
 -20210.464   205.091   -53.93   32.04
 -19831.388   188.067   -44.91   29.09
 -19452.247   180.314   -20.45   24.27
 -19073.041   179.118    -3.15   24.76
 -18693.770   186.087    18.37   22.22
 -18314.434   193.011    18.25   11.36
 -17935.033   195.442     6.41    6.33
 -17555.567   196.733     3.40    7.24
 -17176.035   196.840     0.28    7.57
 -16796.438   194.503    -6.16   10.77
 -16416.776   186.058   -22.24   16.50
 -16037.049   171.352   -38.73   21.78
 -15661.370   156.324   -40.00   23.92
 -15294.133   160.170    10.47   26.81
 -14926.836   169.959    26.65   29.69
 -14559.478   182.125    33.12   20.36
 -14192.059   184.091     5.35   19.91
 -13824.580   176.266   -21.29   25.99
 -13457.040   170.207   -16.48   27.40
 -13089.439   168.096    -5.74   26.96
 -12721.778   164.814    -8.93   32.14
 -12354.055   153.313   -31.28   39.16
 -11986.272   135.547   -48.31   46.95
 -11618.428   114.454   -57.34   51.38
 -11250.523    95.141   -52.49   50.10
 -10882.557    77.682   -47.45   44.03
 -10514.530    70.483   -19.56   37.97
 -10146.443    77.365    18.70   44.19
  -9778.294    89.353    32.56   50.76
  -9410.084   106.568    46.75   50.55
  -9041.813   120.479    37.77   46.88
  -8673.481   134.170    37.17   38.14
  -8305.088   141.273    19.28   28.70
  -7936.633   143.826     6.93   20.01
  -7568.118   132.558   -30.58   26.79
  -7199.541   103.456   -78.96   40.54
  -6830.903    76.053   -74.34   40.78
  -6462.203    50.391   -69.60   32.84
  -6093.442    39.442   -29.69   20.79
  -5724.620    44.054    12.50   26.85
  -5355.737    59.239    41.17   37.02
  -4986.792    74.781    42.12   37.36
  -4617.785    83.454    23.50   36.30
  -4248.718    91.609    22.10   34.09
  -3879.588    96.186    12.40   32.17
  -3510.397   102.049    15.88   31.18
  -3141.145   106.859    13.03   29.01
  -2771.831   104.431    -6.58   33.86
  -2402.455   100.278   -11.24   38.31
  -2033.017    85.807   -39.17   39.86
  -1663.518    75.277   -28.50   35.99
  -1293.957    65.312   -26.96   23.19
   -924.335    50.517   -40.03   28.97
   -554.650    33.935   -44.86   35.60
   -184.904    16.724   -46.55   32.43
    184.904     1.352   -41.57   10.62
    554.774     1.078    -0.74    4.01
    924.706     2.483     3.80    5.60
   1294.700     7.528    13.63   12.00
   1664.756    14.925    19.99   15.61
   2034.874    23.314    22.67   14.47
   2405.054    25.673     6.37   13.49
   2775.296    17.942   -20.88   16.41
   3145.600     8.747   -24.83   13.33
   3515.966     2.153   -17.80    3.91
   3886.395     2.378     0.61    4.17
   4256.885    13.264    29.38   21.65
   4627.438    34.352    56.91   34.47
   4998.053    57.599    62.73   33.89
   5368.731    76.183    50.14   16.58
   5739.471    79.315     8.45   14.12
   6110.273    81.865     6.88   16.74
   6481.137    90.278    22.69   21.85
   6852.065   102.258    32.30   23.63
   7223.054   114.821    33.86   19.08
   7594.106   125.404    28.52    5.81
   7965.220   128.144     7.38    5.94
   8336.397   129.218     2.89    6.59
   8707.637   127.821    -3.76    7.44
   9078.939   125.218    -7.01    7.98
   9450.304   123.653    -4.21    7.38
   9821.732   123.931     0.75    7.58
  10193.222   125.788     5.00    7.18
  10564.775   129.239     9.29    6.61
  10936.391   131.593     6.34    6.66
  11308.070   133.510     5.16    8.46
  11679.811   135.517     5.40    9.82
  12051.616   136.981     3.94   10.83
  12423.483   139.078     5.64   11.13
  12795.413   141.905     7.60   10.37
  13167.406   145.840    10.58    8.76
  13539.463   148.366     6.79    6.24
  13911.582   149.686     3.55    4.75
  14283.764   150.002     0.85    4.50
  14656.010   148.986    -2.73    3.59
  15028.318   148.313    -1.81    2.57
  15400.690   149.032     1.93    3.07
  15773.125   149.644     1.64    3.55
  16145.623   151.716     5.56    4.63
  16518.184   152.866     3.09    4.65
  16890.809   152.019    -2.27    5.99
  17263.497   148.976    -8.17    8.03
  17636.249   145.062   -10.50    6.78
  18009.063   143.724    -3.59    5.80
  18381.942   145.366     4.40    7.28
  18754.883   144.166    -3.22   11.99
  19127.888   137.891   -16.82   18.29
  19500.957   125.664   -32.77   22.32
  19874.089   112.625   -34.95   18.82
  20247.285   102.578   -26.92   14.50
  20620.545    99.404    -8.50   13.17
  20993.868   101.986     6.92   17.40
  21367.255   109.417    19.90   20.69
  21740.705   120.566    29.85   20.26
  22114.220   132.041    30.72   16.42
  22487.798   143.341    30.25   13.35
  22861.440   151.576    22.04   10.15
  23235.146   156.003    11.85    6.85
  23608.915   158.272     6.07    6.19
  23982.749   158.783     1.37    6.82
  24356.646   160.155     3.67    7.37
  24730.608   163.878     9.96    7.62
  25104.634   168.608    12.65    7.63
  25478.723   172.866    11.38    7.43
  25852.877   177.230    11.66    9.56
  26227.095   186.491    24.75   17.28
  26601.377   194.500    21.40   19.97
  26975.723   199.326    12.89   18.55
  27350.133   201.165     4.91   16.58
  27724.608   195.041   -16.35   17.18
  28099.147   189.470   -14.87   18.02
  28473.750   182.803   -17.80   18.40
  28848.418   176.028   -18.08   15.29
  29223.150   175.827    -0.54   11.19
  29597.946   181.125    14.14   13.32
  29972.807   190.543    25.12   15.88
  30347.732   200.878    27.57   15.42
  30722.722   209.041    21.77   13.53
  31097.777   217.186    21.72    9.15
  31472.896   220.122     7.83    7.39
  31848.079   220.578     1.22    8.36
  32223.328   218.163    -6.44   10.79
  32598.641   215.049    -8.30   10.57
  32974.018   212.418    -7.01    7.92
  33349.461   210.878    -4.10    6.08
  33724.968   209.155    -4.59    6.26
  34100.540   203.966   -13.82    9.81
  34476.177   191.944   -32.00   19.00
  34851.879   173.157   -50.01   26.55
  35227.646   154.878   -48.65   20.98
  35603.477   148.203   -17.76   13.04
  35979.374   149.297     2.91   11.21
  36355.336   154.791    14.61   10.92
  36731.363   159.485    12.48    9.53
  37107.455   159.986     1.33   10.62
  37483.612   159.505    -1.28   10.19
  37859.834   164.252    12.62    7.12
  38236.121   170.924    17.73    9.39
  38612.474   177.328    17.02   12.77
  38988.892   184.173    18.18   14.19
  39365.375   188.366    11.14   13.83
  39741.923   190.391     5.38   14.69
  40118.537   187.479    -7.73   12.48
  40495.216   185.998    -3.93    8.88
  40871.961   189.006     7.98    9.99
  41248.771   194.178    13.73   10.31
  41625.647   198.339    11.04    9.49
  42002.588   199.429     2.89   10.02
  42379.595   199.181    -0.66   10.88
  42756.667   201.971     7.40   10.26
  43133.806   203.446     3.91    8.61
  43511.009   206.728     8.70    7.02
  43888.279   205.181    -4.10    9.93
  44265.614   193.866   -29.99   19.14
  44643.015   179.252   -38.72   21.17
  45020.482   169.553   -25.69   14.38
  45398.014   167.853    -4.50   11.56
  45775.613   175.776    20.98   16.76
  46153.277   189.690    36.84   15.19
  46531.008   198.201    22.53   10.59
  46908.804   201.003     7.42    9.59
  47286.667   199.087    -5.07   12.79
  47664.595   191.078   -21.19   16.06
  48042.590   183.141   -21.00   15.18
  48420.650   178.891   -11.24   11.45
  48798.777   176.230    -7.04    5.50
  49176.970   179.070     7.51    6.47
  49555.230   183.852    12.64    6.80
  49933.555   186.853     7.93    6.04
  50311.947   189.155     6.08    5.13
  50690.405   189.066    -0.23    5.58
  51068.930   191.054     5.25    6.43
  51447.521   195.622    12.07    9.01
  51826.178   205.078    24.97   11.95
  52204.902   214.526    24.95   12.48
  52583.693   222.353    20.66    9.33
  52962.550   225.635     8.66    6.04
  53341.473   225.503    -0.35    5.10
  53720.463   221.260   -11.20    6.26
  54099.520   216.193   -13.37    6.48
  54478.644   211.128   -13.36    6.24
  54857.834   205.860   -13.89    6.30
  55237.091   201.778   -10.76    4.59
  55616.415   199.253    -6.66    2.53
  55995.805   197.327    -5.08    3.09
  56375.263   195.163    -5.70    3.92
  56754.787   192.033    -8.25    4.03
  57134.379   189.328    -7.12    3.85
  57514.037   187.186    -5.64    3.63
  57893.762   185.135    -5.40    3.31
  58273.555   183.841    -3.41    2.51
  58653.414   183.247    -1.56    1.62
  59032.670   184.078     2.19    2.45
  59399.712   185.183     3.01    2.23
  59766.817   185.720     1.46    1.91
  60133.984   186.131     1.12    1.98
  60501.213   186.903     2.10    3.26
  60868.504   189.235     6.35    5.00
  61235.858   192.291     8.32    5.64
  61603.273   195.138     7.75    4.72
  61970.751   196.703     4.26    3.01
  62338.291   195.878    -2.24    3.15
  62705.894   194.903    -2.65    3.04
  63073.559   193.391    -4.11    3.30
  63441.287   191.703    -4.59    3.23
  63809.077   191.230    -1.29    3.29
  64176.929   189.935    -3.52    3.14
  64544.844   189.112    -2.24    3.23
  64912.821   189.250     0.37    3.63
  65280.861   189.366     0.31    3.66
  65648.964   190.404     2.82    4.15
  66017.129   191.391     2.68    3.41
  66385.357   191.239    -0.41    2.91
  66753.648   190.903    -0.91    2.59
  67122.001   190.260    -1.75    4.05
  67490.418   187.641    -7.11    7.45
  67858.897   183.924   -10.09   10.62
  68227.438   177.749   -16.76   13.07
  68596.043   171.352   -17.35   11.96
  68964.711   165.316   -16.37   11.05
  69333.441   159.510   -15.75    8.62
  69702.235   155.228   -11.61    6.85
  70071.091   152.852    -6.44    4.43
  70440.011   153.032     0.49    3.77
  70808.994   154.155     3.04    3.19
  71178.039   155.921     4.79    3.16
  71547.148   158.286     6.41    3.54
  71916.320   159.712     3.86    3.50
  72285.555   162.115     6.51    5.25
  72654.854   167.304    14.05    8.81
  73024.216   173.635    17.14   10.39
  73393.641   180.716    19.17    9.46
  73763.129   186.970    16.93    7.58
  74132.681   191.516    12.30    7.94
  74502.296   195.340    10.35    8.20
  74871.974   198.427     8.35    7.12
  75241.716   200.707     6.17    8.13
  75611.522   202.116     3.81    8.73
  75981.391   203.622     4.07    8.49
  76351.323   206.391     7.49    8.26
  76721.320   210.366    10.74    7.58
  77091.379   210.144    -0.60    7.28
  77461.503   208.429    -4.63    5.61
  77831.690   209.141     1.92    5.70
  78201.941   211.750     7.05    7.10
  78572.255   216.666    13.28    6.76
  78942.634   220.678    10.83    6.42
  79313.076   224.921    11.46    7.02
  79683.582   228.278     9.06    7.12
  80054.152   232.128    10.39    7.00
  80424.786   233.673     4.17    6.26
  80795.484   234.753     2.91    4.47
  81166.246   232.304    -6.61    5.47
  81537.072   226.378   -15.98    9.50
  81907.961   218.303   -21.77   11.53
  82278.915   210.841   -20.12    8.92
  82649.934   206.468   -11.79    4.80
  83021.016   204.749    -4.63    3.50
  83392.162   204.131    -1.66    3.96
  83763.373   202.230    -5.12    4.58
  84134.648   200.847    -3.73    5.35
  84505.987   196.478   -11.76    7.85
  84877.391   190.847   -15.16   10.08
  85248.859   182.860   -21.50   11.92
  85620.391   176.354   -17.51   10.12
  85991.988   175.724    -1.69    8.95
  86363.649   179.917    11.28   11.37
  86735.375   186.028    16.44    9.81
  87107.165   189.916    10.46    7.41
  87479.020   188.242    -4.50    9.47
  87850.939   184.230   -10.79   10.11
  88222.923   180.541    -9.92    9.05
  88594.972   178.763    -4.78    8.97
  88967.085   181.753     8.04   11.80
  89339.264   186.125    11.75   11.79
  89711.506   191.033    13.18   10.33
  90083.814   195.116    10.97    8.21
  90456.187   201.028    15.88    8.54
  90828.624   206.032    13.44    9.18
  91201.126   212.853    18.31   10.47
  91573.694   218.315    14.66   10.57
  91946.326   222.378    10.91   10.81
  92319.023   224.935     6.86   10.28
  92691.785   227.616     7.19    9.26
  93064.612   230.695     8.26    9.85
  93437.505   235.753    13.57    9.97
  93810.462   239.998    11.38    8.11
  94183.485   242.267     6.08    5.82
  94556.573   242.224    -0.11    5.15
  94929.726   239.966    -6.05    7.40
  95302.945   237.365    -6.97    8.58
  95676.228   233.070   -11.51    9.36
  96049.577   228.532   -12.15    9.26
  96422.992   222.427   -16.35    8.86
  96796.472   216.378   -16.20    6.36
  97170.017   212.703    -9.84    3.82
  97543.628   211.852    -2.28    3.82
  97917.304   214.025     5.81    5.49
  98291.046   218.115    10.95    6.20
  98664.854   220.744     7.03    7.11
  99038.727   222.918     5.81    8.69
  99412.666   223.008     0.24    9.57
  99786.670   221.747    -3.37    9.96
 100160.740   219.045    -7.22    9.66
 100534.876   214.352   -12.54    8.54
 100909.078   210.699    -9.76    8.33
 101283.346   207.285    -9.12    7.61
 101657.679   204.000    -8.78    6.22
 102032.078   200.417    -9.57    3.39
 102406.544   199.903    -1.37    3.12
 102781.075   200.950     2.80    4.47
 103155.672   202.616     4.45    5.81
 103530.336   204.303     4.50    6.61
 103905.065   204.258    -0.12    6.98
 104279.860   203.138    -2.99    6.42
 104654.722   202.477    -1.76    4.48
 105029.650   202.327    -0.40    2.82
 105404.644   203.253     2.47    2.81
 105779.704   204.650     3.72    3.06
 106154.831   205.921     3.39    3.37
 106530.024   208.033     5.63    4.66
 106905.283   211.378     8.92    6.77
 107280.609   217.116    15.29    9.13
 107656.001   223.168    16.12   11.51
 108031.459   227.094    10.46   12.75
 108406.984   227.087    -0.02   14.22
 108782.576   224.872    -5.90   13.59
 109158.234   220.989   -10.34   10.04
 109533.959   217.292    -9.84    5.73
 109909.750   217.378     0.23    5.15
 110285.608   218.613     3.28    6.32
 110661.533   219.525     2.43    7.54
 111037.525   218.488    -2.76    7.51
 111413.583   216.273    -5.89    7.11
 111789.708   211.218   -13.44    6.78
 112165.900   206.326   -13.00    4.80
 112542.159   203.854    -6.57    2.74
 112918.485   203.583    -0.72    2.30
 113294.878   206.255     7.10    4.65
 113671.338   211.214    13.17    6.65
 114047.865   213.511     6.10    6.83
 114424.458   212.033    -3.93    8.90
 114801.119   207.591   -11.79   10.68
 115177.848   199.682   -21.00    9.61
 115554.643   193.134   -17.38    8.19
 115931.505   188.045   -13.51    5.78
 116308.435   186.793    -3.32    5.47
 116685.432   186.541    -0.67    6.06
 117062.497   188.441     5.04    6.53
 117439.629   191.403     7.86    6.02
 117816.828   193.720     6.14    6.56
 118194.094   196.000     6.04    5.05
 118571.428   194.872    -2.99    4.64
 118948.830   192.489    -6.31    4.79
 119326.299   190.181    -6.12    3.71
 119703.836   189.342    -2.22    3.40
 120081.440   191.576     5.92    5.86
 120459.112   194.464     7.65    6.66
 120836.852   196.006     4.08    5.82
 121214.659   192.637    -8.92    7.94
 121592.534   185.277   -19.48    8.37
 121970.477   180.222   -13.38    6.94
 122348.488   177.353    -7.59    4.56
 122726.566   176.903    -1.19    3.82
 123104.713   176.958     0.15    4.47
 123482.927   175.761    -3.17    5.51
 123861.210   173.781    -5.24    5.82
 124239.560   171.563    -5.86    5.17
 124617.979   169.266    -6.07    3.40
 124996.465   167.791    -3.90    2.94
 125375.020   166.488    -3.44    3.24
 125753.643   163.742    -7.25    4.49
 126132.334   160.218    -9.31    5.06
 126511.094   157.010    -8.47    4.11
 126889.921   155.866    -3.02    3.22
 127268.817   155.606    -0.69    3.04
 127647.781   156.146     1.43    2.58
 128026.814   157.304     3.05    2.14
 128405.915   157.491     0.49    2.12
 128785.085   158.724     3.25    2.52
 129164.323   159.539     2.15    2.69
 129543.629   159.964     1.12    3.02
 129923.004   159.341    -1.64    3.23
 130302.448   158.378    -2.54    3.62
 130681.960   156.216    -5.70    4.46
 131061.541   153.475    -7.22    4.39
 131441.191   150.846    -6.93    3.82
 131820.910   148.330    -6.63    3.07
 132200.697   147.181    -3.03    2.53
 132580.553   146.488    -1.82    2.51
 132960.478   146.872     1.01    3.15
 133340.472   147.171     0.79    3.41
 133720.535   147.366     0.51    3.85
 134090.440   147.835     1.27    3.99
 134457.346   147.553    -0.77    3.73
 134824.317   147.837     0.77    3.58
 135191.351   149.761     5.24    3.23
 135558.449   152.366     7.10    2.98
 135925.610   154.628     6.16    3.48
 136292.836   156.403     4.83    3.54
 136660.125   157.353     2.59    3.11
 137027.478   156.193    -3.16    4.58
 137394.895   153.562    -7.16    5.97
 137762.376   149.439   -11.22    6.77
 138129.921   145.891    -9.65    5.15
 138497.530   143.113    -7.56    4.00
 138865.203   141.078    -5.54    3.05
 139232.940   139.678    -3.81    2.50
 139600.742   139.205    -1.29    2.14
 139968.607   138.475    -1.99    2.40
 140336.537   137.341    -3.08    3.32
 140704.530   134.908    -6.61    4.78
 141072.588   131.691    -8.74    5.65
 141440.711   127.671   -10.92    5.51
 141808.897   124.650    -8.21    4.41
 142177.148   122.354    -6.24    3.46
 142545.463   121.107    -3.39    3.64
 142913.843   120.600    -1.37    3.91
 143282.287   120.872     0.74    4.21
 143650.796   121.998     3.06    5.25
 144019.369   124.134     5.80    5.30
 144388.007   126.083     5.29    3.53
 144756.709   126.835     2.04    2.54
 145125.476   127.616     2.12    2.64
 145494.308   128.354     2.00    2.78
 145863.204   129.302     2.57    3.23
 146232.165   130.166     2.34    3.31
 146601.191   130.651     1.32    3.59
 146970.281   130.712     0.16    3.40
 147339.437   130.742     0.08    3.45
 147708.657   131.195     1.23    3.67
 148077.942   131.589     1.07    3.90
 148447.292   131.526    -0.17    3.77
 148816.707   130.635    -2.41    4.21
 149186.187   129.159    -4.00    4.04
 149555.732   127.102    -5.57    3.25
 149925.342   125.662    -3.90    2.58
 150295.017   124.720    -2.55    2.55
 150664.758   124.426    -0.80    3.32
 151034.563   125.416     2.68    5.12
 151404.434   128.491     8.31    7.14
 151774.370   131.946     9.34    6.77
 152144.371   134.812     7.75    4.71
 152514.437   136.953     5.79    2.63
 152884.569   138.279     3.58    2.87
 153254.766   139.082     2.17    2.78
 153625.029   141.426     6.33    3.44
 153995.357   144.530     8.38    5.33
 154365.751   149.065    12.24    6.91
 154736.210   153.205    11.18    5.39
 155106.734   156.318     8.40    2.15
 155477.325   156.403     0.23    1.62
 155847.980   154.756    -4.44    2.49
 156218.702   153.637    -3.02    3.39
 156589.489   152.491    -3.09    3.70
 156960.342   151.976    -1.39    3.88
 157331.261   150.598    -3.72    4.23
 157702.245   148.646    -5.26    4.29
 158073.295   147.098    -4.17    3.63
 158444.411   146.939    -0.43    3.30
 158815.594   146.122    -2.20    4.08
 159186.841   144.342    -4.80    5.22
 159558.155   141.000    -9.00    5.77
 159929.535   137.653    -9.01    5.97
 160300.981   133.230   -11.91    3.68
 160672.493   130.781    -6.59    2.68
 161044.072   128.232    -6.86    3.20
 161415.716   125.983    -6.05    3.99
 161787.427   123.033    -7.94    4.63
 162159.203   121.427    -4.32    4.68
 162531.046   120.086    -3.61    4.70
 162902.956   119.197    -2.39    5.11
 163274.931   117.890    -3.51    5.58
 163646.973   115.414    -6.66    5.26
 164019.081   113.279    -5.74    4.71
 164391.256   111.207    -5.57    5.30
 164763.498   107.699    -9.43    6.27
 165135.805   103.768   -10.56    8.88
 165508.180    98.662   -13.71    8.79
 165880.620    94.659   -10.75    6.19
 166253.128    91.650    -8.08    3.49
 166625.702    89.502    -5.77    3.10
 166998.343    86.489    -8.08    4.04
 167371.050    83.426    -8.22    4.72
 167743.825    80.563    -7.68    4.08
 168116.666    78.279    -6.13    2.94
 168489.574    77.641    -1.71    4.23
 168862.549    77.854     0.57    6.30
 169235.590    79.573     4.61    7.62
 169608.699    82.318     7.36    7.74
 169981.874    85.366     8.17    5.41
 170355.117    87.049     4.51    3.64
 170728.427    88.244     3.20    2.80
 171101.803    88.695     1.21    3.03
 171475.247    88.934     0.64    2.74
 171848.758    88.512    -1.13    2.64
 172222.336    88.329    -0.49    2.70
 172595.982    87.805    -1.40    2.66
 172969.694    87.146    -1.76    2.76
 173343.474    86.847    -0.80    3.05
 173717.321    86.842    -0.02    3.39
 174091.236    86.378    -1.24    3.76
 174465.218    85.957    -1.13    3.95
 174839.268    84.854    -2.95    4.11
 175213.385    83.962    -2.39    4.26
 175587.569    82.625    -3.57    4.89
 175961.821    80.997    -4.35    5.13
 176336.141    80.415    -1.56    4.35
 176710.528    80.817     1.08    3.50
 177084.983    81.366     1.46    2.72
 177459.506    83.176     4.83    3.31
 177834.096    84.267     2.91    3.96
 178208.754    83.860    -1.09    3.84
 178583.480    83.971     0.30    3.55
 178958.274    83.790    -0.48    3.47
 179333.135    83.205    -1.56    3.64
 179708.065    81.279    -5.14    4.29
 180083.062    78.821    -6.56    4.43
 180458.128    76.625    -5.86    3.42
 180833.262    75.494    -3.02    2.50
 181208.463    76.283     2.10    2.95
 181583.733    77.160     2.34    3.04
 181959.071    77.025    -0.36    3.50
 182334.477    76.729    -0.79    3.87
 182709.951    75.896    -2.22    3.67
 183085.494    75.083    -2.17    3.58
 183461.104    77.271     5.83    7.16
 183836.784    78.968     4.52    8.16
 184212.531    79.477     1.35    8.08
 184588.347    79.144    -0.89    7.28
 184964.231    78.200    -2.51    4.44
 185340.184    78.253     0.14    2.47
 185716.205    79.195     2.51    2.57
 186092.295    80.744     4.12    3.70
 186468.454    81.497     2.00    4.33
 186844.681    81.207    -0.77    5.07
 187220.977    79.378    -4.86    5.51
 187597.341    75.700    -9.78    5.60
 187973.774    71.122   -12.16    6.73
 188350.276    65.499   -14.94    9.23
 188726.847    59.098   -17.00   10.94
 189103.487    50.951   -21.63    7.57
 189480.195    47.500    -9.16    3.29
 189856.973    46.902    -1.59    2.63
 190233.819    46.934     0.08    3.07
 190610.735    46.662    -0.72    3.25
 190987.719    47.514     2.26    3.67
 191364.773    48.872     3.60    4.05
 191741.896    50.596     4.57    4.83
 192119.088    57.610    18.60   10.51
 192496.349    67.994    27.53   15.97
 192873.679    79.108    29.46   16.26
 193251.078    87.635    22.60   10.86
 193628.547    89.000     3.62   10.48
 194006.085    86.528    -6.55   11.42
 194383.693    82.931    -9.53    9.85
 194761.370    80.181    -7.28    8.18
 195139.117    78.610    -4.16    7.88
 195516.933    78.439    -0.45    8.47
 195894.818    77.807    -1.67    6.91
 196272.773    77.598    -0.55    4.81
 196650.798    78.571     2.57    4.86
 197028.892    83.210    12.27    8.84
 197407.056    88.464    13.90    9.92
 197785.290    94.366    15.61    9.23
 198163.594    98.586    11.16    7.07
 198541.967   101.927     8.83    6.49
 198920.410   104.613     7.10    9.90
 199298.923   108.696    10.79   12.93
 199677.506   113.315    12.20   13.36
 200056.159   117.259    10.42   11.76
 200434.882   119.045     4.72   10.23
 200813.675   118.202    -2.23    9.93
 201192.538   117.128    -2.83    8.97
 201571.471   116.049    -2.85    7.16
 201950.475   115.613    -1.15    7.73
 202329.548   115.084    -1.39    8.23
 202708.692   112.695    -6.30    8.95
 203087.906   107.329   -14.15   12.04
 203467.191    97.537   -25.82   13.98
 203846.545    90.234   -19.25   12.33
 204225.970    85.057   -13.65    6.70
 204605.466    85.950     2.35    7.59
 204985.032    89.390     9.07    8.03
 205364.669    92.998     9.51    6.50
 205744.376    92.926    -0.19    6.12
 206124.153    90.716    -5.82    6.77
 206504.002    89.098    -4.26    7.25
