# NaN NaN NaN ;Mean Elev.(m), Avg Gradient(m/km), RMS Gradient(m/km) - SRTM1     
#   80.713  -2.473   6.206 ;Mean Elev.(m), Avg Gradient(m/km), RMS Gradient(m/km) - ASTER GDEM
#   72.397  -4.128   9.129 ;Mean Elev.(m), Avg Gradient(m/km), RMS Gradient(m/km) - GMTED2010 
  8 129.701326  61.851211    88.626    88.587  9 52496.51138479 47.662
  9 129.695669  61.826981    89.731    89.111 12 52531.51136667 27.328
 10 129.701867  61.839190    87.758    87.802 12 52566.51139046 41.176
 11 129.702634  61.840316    88.623    89.155 13 52601.51140238 25.164
 12 129.697299  61.831174    88.754    88.935 12 52636.51136545 19.722
 13 129.702576  61.840661    88.980    89.057 12 52671.51137217 18.738
 14 129.699872  61.835639    88.230    88.459 13 52706.51136937 15.923
 15 129.701442  61.841390    88.690    88.655 13 52741.51140304 14.117
 16 129.703952  61.858960    86.594    86.226  7 52776.51134979 28.605
 17 129.696700  61.829754    91.389    91.620 11 52811.51142215 22.200
 18 129.698256  61.831387    88.067    88.047 12 52846.51147750 44.954
 19 129.700279  61.837825    91.138    91.024 12 52881.51151555 19.613
 20 129.702335  61.852975    87.553    87.581  9 52916.51147539 50.785
 21 129.698572  61.833743    87.903    87.262 12 52951.51143274 27.781
 23 129.702681  61.851246    87.581    87.487 10 53021.51144329 22.591
 26 129.699460  61.836466    93.070    92.952 12 53126.51143917 14.436
 27 129.699248  61.833572    91.853    91.901 12 53161.51150121 24.805
 28 129.702325  61.841758    90.142    90.138 12 53196.51150089 44.282
 29 129.702327  61.851752    89.778    89.791  9 53231.51148469 47.533
 30 129.703628  61.855330    89.369    89.390  9 53266.51145489 35.995
 31 129.691972  61.832042    88.789    88.755  9 53301.51150243 47.549
 32 129.702858  61.841235    90.938    90.925 12 53336.51147424 18.302
 33 129.702336  61.859362    88.918    89.090  8 53371.51141415 18.728
 34 129.700071  61.838237    91.404    91.406 13 53406.51144640 12.746
 35 129.703563  61.854126    89.757    89.835  9 53441.51143529 13.154
 36 129.696840  61.832958    92.424    92.435 12 53476.51149975  4.862
 37 129.701673  61.838747    92.413    92.423 13 53511.51151430 51.364
 38 129.701269  61.839699    90.963    90.982 12 53546.51153164 49.092
 39 129.701443  61.847373    90.441    90.447 10 53581.51150527 46.714
 40 129.702403  61.851662    88.312    88.358 10 53616.51146121 41.322
 41 129.700935  61.836252    87.129    87.141 12 53651.51147346 49.119
 42 129.700916  61.837521    88.452    88.017 13 53686.51147939 24.234
 43 129.704158  61.856246    88.440    88.559  9 53721.51140853 19.580
 44 129.701795  61.838566    89.999    89.841 13 53756.51133531 16.536
 45 129.700939  61.850972    90.100    90.296 10 53791.51136394 16.071
 46 129.699485  61.833021    90.766    90.958 12 53826.51132277 13.113
 47 129.698329  61.833430    86.253    86.199 11 53861.51141249 34.102
 48 129.701035  61.838210    94.736    94.813 13 53896.51143369 33.294
 49 129.697824  61.834170    91.887    92.050 12 53931.51148349 22.132
 50 129.701208  61.839040    90.876    90.683 13 53966.51145996 46.155
 51 129.696018  61.831068    90.152    90.096 12 54001.51142065 41.310
 52 129.701386  61.839242    87.043    87.077 12 54036.51146200 43.492
 53 129.701846  61.843928    90.573    90.506 12 54071.51145705 20.196
 54 129.703298  61.854978    89.058    89.209  9 54106.51141053 20.407
 55 129.699982  61.834894    90.391    90.485 12 54141.51138922 15.418
 56 129.701103  61.850352    90.194    90.192 10 54176.51139111 15.575
 57 129.700405  61.834572    93.322    93.247 12 54211.51139610 11.864
 58 129.701446  61.838060    92.725    92.613 13 54246.51142650 39.883
 60 129.701164  61.847226    89.824    89.850 11 54316.51143689 28.428
 61 129.702657  61.850783    88.316    88.315 10 54351.51140453 49.501
 62 129.694566  61.847702    89.069    88.535  8 54386.51137634 41.775
 63 129.702541  61.847539    89.958    90.104 10 54421.51135358 30.317
 64 129.698308  61.833230    90.246    90.534 12 54456.51134656 19.915
 65 129.701919  61.848165    90.181    90.307 10 54491.51135539 17.488
 66 129.700477  61.838899    90.330    90.168 12 54526.51136031 14.721
 67 129.702216  61.849781    90.247    90.245  9 54561.51136414 12.679
 68 129.701777  61.840374    87.153    87.161 12 54596.51135655 36.063
 69 129.701340  61.839831    92.615    92.409 13 54631.51136995 29.089
 70 129.700858  61.840103    90.571    90.589 12 54666.51137612 26.072
 71 129.702124  61.853707    90.332    90.353  9 54701.51134676 34.806
 72 129.698993  61.834302    90.494    90.141 13 54736.51133509 24.080
 73 129.700757  61.849022    87.736    87.724 10 54771.51132639 48.474
 74 129.699514  61.832022    88.844    88.239 12 54806.51132830 21.828
 75 129.702368  61.842694    88.967    89.252 12 54841.51132134 19.707
 76 129.700878  61.836285    88.908    89.102 12 54876.51133045 17.312
 77 129.700972  61.851179    88.160    88.109 10 54911.51132799 17.518
 78 129.699325  61.835360    86.733    86.661 13 54946.51132320 44.113
 79 129.701702  61.839645    92.176    92.135 12 54981.51134988 24.043
 80 129.701787  61.841272    91.299    91.308 13 55016.51135073 37.590
 81 129.701462  61.844435    88.877    88.952 12 55051.51134621 44.478
 82 129.703047  61.852442    89.357    89.374  9 55086.51131230 29.047
 83 129.700445  61.836526    89.827    90.103 13 55121.51127886 28.043
 84 129.700439  61.848191    87.739    87.692 10 55156.51127166 26.434
 85 129.697838  61.834652    88.419    88.160 12 55191.51126823 21.834
 86 129.700838  61.847530    87.565    87.254 11 55226.51127223 18.048
 87 129.702137  61.839650    87.743    87.293 12 55261.51126452 14.810
 88 129.702071  61.850992    87.791    87.939  9 55296.51125798 13.586
 89 129.701670  61.839921    89.154    89.171 13 55331.51124514 45.442
 90 129.701090  61.847835    90.203    90.250 11 55366.51123929 36.724
 91 129.698814  61.835548    88.407    88.391 12 55401.51125050 42.543
 92 129.700261  61.849138    89.297    89.327 10 55436.51125699 35.328
 93 129.702559  61.855680    88.048    88.072  9 55471.51120923 49.251
