# NaN NaN NaN ;Mean Elev.(m), Avg Gradient(m/km), RMS Gradient(m/km) - SRTM1     
#   50.102  -2.506  10.403 ;Mean Elev.(m), Avg Gradient(m/km), RMS Gradient(m/km) - ASTER GDEM
#   44.371  -1.639  13.726 ;Mean Elev.(m), Avg Gradient(m/km), RMS Gradient(m/km) - GMTED2010 
  8 129.202235  63.534863    70.931    70.390  5 52499.10636066 28.351
 10 129.212745  63.533545    69.058    69.106  5 52569.10637664 43.883
 11 129.199726  63.536312    91.468    92.079  5 52604.10636257 21.705
 12 129.214561  63.533186    93.295    93.560  5 52639.10634208 16.736
 13 129.202430  63.534806    91.770    91.913  5 52674.10633889 13.264
 14 129.213791  63.533321    93.873    94.024  5 52709.10635231 10.806
 15 129.199058  63.536999    92.770    92.900  5 52744.10638147 10.096
 17 129.215220  63.532564    84.617    84.529  4 52814.10640138 18.757
 18 129.213856  63.531237    73.036    72.994  5 52849.10645470 20.063
 19 129.204776  63.535796    71.161    71.218  5 52884.10648979 36.955
 20 129.201425  63.535474    85.451    83.979  5 52919.10644639 21.075
 21 129.222094  63.531327    68.399    68.452  5 52954.10640962 31.796
 22 129.216457  63.531588    85.635    91.091  5 52989.10641785 20.516
 23 129.207667  63.534007    91.953    92.769  5 53024.10640260 15.458
 24 129.217518  63.531367    92.615    93.145  5 53059.10639936 15.559
 25 129.193327  63.537586    92.276    92.409  5 53094.10643681 11.732
 26 129.217848  63.530851    91.320    90.948  5 53129.10640885  9.779
 28 129.208576  63.533367    73.071    72.862  5 53199.10647744 41.568
 29 129.210545  63.533274    85.609    89.170  5 53234.10644759 25.407
 30 129.192915  63.537163    86.640    87.152  5 53269.10641446 25.752
 31 129.207062  63.533767    70.163    70.137  4 53304.10647516 44.500
 32 129.203295  63.535593    88.472    90.514  5 53339.10644394 14.610
 33 129.197934  63.536094    91.901    92.025  5 53374.10637619 12.107
 35 129.194967  63.536476    92.030    92.215  5 53444.10640144 10.060
 36 129.207741  63.533967    91.909    92.093  4 53479.10647891  1.761
 37 129.206526  63.533415    74.140    74.090  5 53514.10648712 40.562
 38 129.199749  63.535792    72.856    72.903  4 53549.10650563 41.468
 39 129.203365  63.533808    83.228    87.108  5 53584.10646988 21.929
 40 129.192398  63.538169    85.783    90.501  5 53619.10642589 21.953
 41 129.212203  63.533979    70.233    70.234  5 53654.10645067 32.647
 42 129.202539  63.534419    69.087    69.150  5 53689.10644757 23.827
 43 129.197120  63.535889    85.222    89.846  4 53724.10637207 20.651
 44 129.221300  63.529574    73.463    69.778  5 53759.10631321 19.389
 45 129.205152  63.533560    84.270    84.160  5 53794.10633300 17.817
 46 129.221214  63.530171    84.623    85.284  5 53829.10630696 14.891
 47 129.210752  63.533639    87.633    87.533  4 53864.10638749 21.594
 48 129.210131  63.534536    76.138    76.128  5 53899.10641214 25.948
 50 129.198999  63.536684    78.507    74.026  4 53969.10642753 18.117
 51 129.222055  63.530825    73.249    73.319  4 54004.10640020 47.900
 52 129.214432  63.532154    68.549    68.573  5 54039.10643363 35.701
 53 129.206736  63.535311    70.045    68.955  5 54074.10642788 24.147
 54 129.192978  63.537029    91.721    91.911  4 54109.10637372 15.691
 55 129.212985  63.532864    93.013    93.438  5 54144.10636532 12.834
 57 129.211425  63.533987    86.470    91.709  5 54214.10637287  7.777
 58 129.208745  63.533378    81.051    76.141  5 54249.10640084 25.976
 59 129.207125  63.534497    79.218    74.250  5 54284.10640876 20.807
 60 129.206324  63.533417    73.653    73.753  5 54319.10640656 20.226
 61 129.200416  63.536690    72.668    72.710  5 54354.10636977 24.394
 62 129.209863  63.534306    69.837    69.887  5 54389.10634649 37.053
 63 129.202749  63.535257    78.840    71.244  5 54424.10631994 23.168
 64 129.215010  63.531593    92.467    92.721  5 54459.10632202 15.186
 65 129.202683  63.534109    92.934    93.104  5 54494.10632459 12.302
 66 129.213346  63.532409    93.401    93.801  5 54529.10633475 10.147
 67 129.198176  63.535941    93.073    93.256  5 54564.10633131  8.364
 68 129.207803  63.533312    71.597    71.155  5 54599.10633013 32.138
 69 129.206118  63.533936    78.280    74.165  5 54634.10634292 21.194
 70 129.203935  63.534053    85.449    87.242  5 54669.10634779 19.311
 71 129.201104  63.534914    73.060    72.984  3 54704.10631168 39.015
 72 129.212947  63.532757    72.222    72.257  4 54739.10631003 39.491
 73 129.203650  63.534952    69.479    69.485  4 54774.10629298 44.631
 74 129.214424  63.531748    69.158    69.211  5 54809.10630369 24.129
 75 129.204529  63.535925    69.033    69.143  5 54844.10629068 21.118
 76 129.210149  63.534778    68.669    68.663  5 54879.10630661 18.305
 77 129.198014  63.536667    76.079    71.004  5 54914.10629489 14.734
 78 129.208348  63.533104    68.680    68.718  5 54949.10629898 39.842
 79 129.207379  63.534893    75.043    75.072  5 54984.10632390 34.661
 80 129.207395  63.534381    73.116    73.105  4 55019.10632051 49.005
 81 129.206332  63.535535    82.921    86.969  5 55054.10631625 17.730
 82 129.198876  63.537039    74.713    73.242  5 55089.10627708 21.057
 83 129.211475  63.533002    70.877    70.848  5 55124.10625372 49.868
 84 129.201810  63.536047    69.373    69.369  4 55159.10623824 27.005
 85 129.215807  63.533698    69.481    69.493  5 55194.10624336 22.632
 87 129.209337  63.533532    73.703    68.512  5 55264.10623898 17.008
 88 129.200797  63.536589    83.336    81.413  5 55299.10622311 14.518
 89 129.205040  63.535514    72.606    72.678  5 55334.10621627 33.329
 90 129.205966  63.534900    85.144    83.504  4 55369.10620777 16.657
 91 129.213085  63.532724    87.624    87.654  5 55404.10622451 22.571
 92 129.204812  63.534791    86.944    86.858  5 55439.10622594 19.017
 93 129.199147  63.536768    92.308    92.696  4 55474.10617256 20.037
