# NaN NaN NaN ;Mean Elev.(m), Avg Gradient(m/km), RMS Gradient(m/km) - SRTM1     
#   98.557 -10.581  45.961 ;Mean Elev.(m), Avg Gradient(m/km), RMS Gradient(m/km) - ASTER GDEM
#   85.071  -9.601  46.416 ;Mean Elev.(m), Avg Gradient(m/km), RMS Gradient(m/km) - GMTED2010 
  8   103.985 52502.51922910 11.61 127.373633  61.122959  6.659
  8   105.036 52502.51922974 13.21 127.371303  61.126119  6.659
  8   104.487 52502.51923038 14.66 127.368963  61.129279  6.659
  8   104.190 52502.51923103 15.89 127.366633  61.132439  6.659
  8   103.921 52502.51923167 18.19 127.364293  61.135599  6.659
 10    98.228 52572.51925024 29.31 127.375024  61.110019  7.479
 10    97.601 52572.51925088 40.98 127.372684  61.113169  7.479
 10    98.152 52572.51925153 44.29 127.370350  61.116332 11.341
 10    98.335 52572.51925217 46.27 127.368020  61.119492 11.341
 10    98.400 52572.51925282 45.26 127.365680  61.122652 11.341
 10    98.184 52572.51925346 30.83 127.363340  61.125802 11.341
 10    98.076 52572.51925410 29.59 127.361010  61.128962 11.341
 10    98.039 52572.51925475 29.16 127.358670  61.132122 11.341
 10    98.082 52572.51925539 28.04 127.356330  61.135282 11.341
 11    98.194 52607.51920783 15.71 127.385300  61.112541  5.305
 11    98.343 52607.51920847 16.85 127.382960  61.115701  5.305
 11    98.641 52607.51920912 16.73 127.380630  61.118861  5.305
 11    97.911 52607.51921041 17.46 127.375960  61.125171  5.305
 11    98.313 52607.51921105 16.29 127.373620  61.128331  5.305
 11    98.386 52607.51921169 16.60 127.371290  61.131491  5.305
 11    98.817 52607.51921234 15.17 127.368950  61.134651  5.305
 11    98.624 52607.51921298 15.27 127.366610  61.137811  5.305
 12    97.812 52642.51920598 12.22 127.370397  61.111151  4.675
 12    98.094 52642.51920662 12.46 127.368057  61.114311  4.675
 12    98.429 52642.51920727 12.74 127.365727  61.117471  4.675
 12    98.035 52642.51920791 13.62 127.363387  61.120631  4.675
 12    98.344 52642.51920856 12.96 127.361057  61.123781  4.675
 12    98.506 52642.51920920 12.86 127.358717  61.126941  4.675
 12    98.662 52642.51920985 12.83 127.356374  61.130099  2.910
 12    98.775 52642.51921049 12.20 127.354044  61.133259  2.910
 13    97.720 52677.51919087  9.18 127.386389  61.112496  4.606
 13    98.345 52677.51919152  9.56 127.384049  61.115656  4.606
 13    98.226 52677.51919216 10.20 127.381719  61.118816  4.606
 13    99.622 52677.51919345  9.27 127.377049  61.125126  4.606
 13    98.834 52677.51919410  9.56 127.374719  61.128286  4.606
 13    99.230 52677.51919474  9.26 127.372379  61.131446  4.606
 13    99.195 52677.51919539  9.13 127.370039  61.134606  4.606
 13    99.073 52677.51919603  8.51 127.367709  61.137766  4.606
 14    98.319 52712.51922424  7.39 127.371135  61.109190  8.950
 14    98.970 52712.51922489  8.11 127.368805  61.112350  8.950
 14    99.828 52712.51922553  8.00 127.366465  61.115510  8.950
 14    99.968 52712.51922617  8.14 127.364135  61.118660  8.950
 14   100.459 52712.51922682  7.54 127.361793  61.121822  4.690
 14   100.673 52712.51922746  8.20 127.359463  61.124982  4.690
 14    99.956 52712.51922811  8.83 127.357123  61.128142  4.690
 14   100.772 52712.51922875  7.23 127.354783  61.131292  4.690
 14   100.160 52712.51922940  7.74 127.352453  61.134452  4.690
 15   101.817 52747.51925411 23.02 127.364919  61.126529 12.968
 15    99.735 52747.51925476 26.62 127.362589  61.129679 12.968
 15   100.463 52747.51925540 23.86 127.360249  61.132839 12.968
 15   100.794 52747.51925605 21.64 127.357919  61.135999 12.968
 16   104.943 52782.51919077 40.01 127.365332  61.109469 13.096
 16   105.350 52782.51919142 20.66 127.362992  61.112629 13.096
 16   104.939 52782.51919206 15.41 127.360652  61.115789 13.096
 16   106.386 52782.51919271 16.42 127.358322  61.118949 13.096
 16   107.088 52782.51919335 19.12 127.355982  61.122099 13.096
 16   107.139 52782.51919399 23.39 127.353642  61.125259 13.096
 16   105.438 52782.51919464 21.60 127.351308  61.128417  6.701
 16   105.921 52782.51919528 17.94 127.348968  61.131577  6.701
 17   102.288 52817.51926919 36.02 127.366648  61.107950  8.984
 17   100.660 52817.51926983 37.79 127.364318  61.111110  8.984
 17   100.651 52817.51927048 37.78 127.361978  61.114270  8.984
 17   100.460 52817.51927112 38.69 127.359648  61.117420  8.984
 17   100.157 52817.51927177 41.57 127.357308  61.120580  8.984
 17   100.656 52817.51927241 45.08 127.354969  61.123739  9.211
 17   100.703 52817.51927306 43.30 127.352639  61.126899  9.211
 17   100.602 52817.51927370 47.14 127.350299  61.130059  9.211
 17   100.365 52817.51927434 50.17 127.347959  61.133219  9.211
 18    98.406 52852.51931963 23.25 127.374195  61.110096 10.789
 18    99.087 52852.51932027 22.32 127.371855  61.113256 10.789
 18    98.483 52852.51932091 23.77 127.369525  61.116416 10.789
 18    99.111 52852.51932156 26.58 127.367185  61.119576 10.789
 18    99.220 52852.51932220 32.57 127.364845  61.122726 10.789
 18    99.852 52852.51932285 35.17 127.362514  61.125887  8.328
 18    99.757 52852.51932349 36.67 127.360174  61.129047  8.328
 18    98.197 52852.51932414 40.30 127.357834  61.132207  8.328
 18    98.261 52852.51932478 29.32 127.355504  61.135357  8.328
 20   100.150 52922.51930835 23.09 127.386615  61.111175  9.682
 20    99.584 52922.51930899 25.16 127.384275  61.114325  9.682
 20    99.586 52922.51930963 26.05 127.381945  61.117485  9.682
 20   100.935 52922.51931028 25.92 127.379615  61.120645  9.682
 20   104.276 52922.51931157 25.95 127.374945  61.126965  9.682
 20   102.970 52922.51931221 27.30 127.372605  61.130125  9.682
 20   101.283 52922.51931286 42.87 127.370275  61.133275  9.682
 20   104.855 52922.51931350 42.68 127.367933  61.136439  6.437
 21    97.723 52957.51927426 19.54 127.375229  61.111456  7.770
 21    97.806 52957.51927490 22.91 127.372889  61.114616  7.770
 21    98.180 52957.51927555 24.09 127.370559  61.117776  7.770
 21    98.330 52957.51927619 28.62 127.368219  61.120936  7.770
 21    98.219 52957.51927684 23.87 127.365879  61.124086  7.770
 21    98.144 52957.51927748 19.92 127.363539  61.127246  7.770
 21    98.475 52957.51927813 18.61 127.361210  61.130404  3.133
 21    98.358 52957.51927877 17.32 127.358870  61.133564  3.133
 22    98.225 52992.51929669 14.68 127.379546  61.110691  4.550
 22    98.294 52992.51929733 15.17 127.377216  61.113853  3.282
 22    98.432 52992.51929798 15.61 127.374876  61.117013  3.282
 22    98.694 52992.51929862 15.43 127.372546  61.120173  3.282
 22    98.322 52992.51929927 15.68 127.370206  61.123323  3.282
 22    98.323 52992.51929991 14.80 127.367876  61.126483  3.282
 22    98.319 52992.51930055 14.76 127.365536  61.129643  3.282
 22    98.778 52992.51930120 14.20 127.363196  61.132803  3.282
 22    98.748 52992.51930184 13.33 127.360866  61.135963  3.282
 24    97.803 53062.51927133  9.43 127.380787  61.113359  4.373
 24    98.737 53062.51927197  9.44 127.378457  61.116509  4.373
 24    99.009 53062.51927262  9.18 127.376122  61.119671  2.729
 24    99.262 53062.51927326 10.32 127.373782  61.122831  2.729
 24    99.760 53062.51927391  9.72 127.371442  61.125991  2.729
 24    99.459 53062.51927455  8.84 127.369112  61.129141  2.729
 24    99.794 53062.51927520  8.42 127.366772  61.132301  2.729
 24    99.521 53062.51927584  8.48 127.364432  61.135461  2.729
 25    97.962 53097.51929246  6.77 127.380440  61.112944  3.909
 25    98.411 53097.51929310  6.91 127.378110  61.116104  3.909
 25    98.503 53097.51929375  7.35 127.375770  61.119254  3.909
 25    98.273 53097.51929439  7.33 127.373440  61.122414  3.909
 25    99.436 53097.51929504  7.17 127.371110  61.125574  3.909
 25    99.827 53097.51929568  6.37 127.368770  61.128734  3.909
 25    99.875 53097.51929633  6.16 127.366430  61.131894  3.909
 25    99.383 53097.51929697  5.92 127.364100  61.135054  3.909
 26   176.047 53132.51926839  0.38 127.381900  61.111884  3.268
 26   176.975 53132.51926904  0.00 127.379570  61.115044  3.268
 26   170.150 53132.51926968  1.46 127.377240  61.118204  3.268
 26   176.486 53132.51927032  1.29 127.374900  61.121364  3.268
 26   183.130 53132.51927097  1.12 127.372560  61.124514  3.268
 26   101.062 53132.51927355 27.79 127.363218  61.137145  9.483
 28    99.954 53202.51934516 31.82 127.376843  61.110517  9.012
 28    99.510 53202.51934580 32.65 127.374503  61.113677  9.012
 28    99.527 53202.51934645 33.86 127.372173  61.116837  9.012
 28    99.402 53202.51934709 33.65 127.369833  61.119997  9.012
 28    99.846 53202.51934774 34.79 127.367503  61.123147  9.012
 28   100.040 53202.51934838 36.88 127.365163  61.126310 10.255
 28    99.621 53202.51934903 49.01 127.362833  61.129470 10.255
 28    99.816 53202.51934967 50.28 127.360493  61.132630 10.255
 28    99.877 53202.51935032 49.43 127.358153  61.135780 10.255
 29   103.432 53237.51931761 30.79 127.378084  61.130183 16.504
 29   104.996 53237.51931825 38.05 127.375744  61.133343 16.504
 29   105.021 53237.51931890 37.09 127.373414  61.136493 16.504
 30   103.135 53272.51927443 20.27 127.357126  61.123555  5.568
 30   101.359 53272.51927508 25.01 127.354786  61.126715  5.568
 30   102.585 53272.51927572 19.42 127.352442  61.129871 11.685
 30   102.444 53272.51927636 14.00 127.350112  61.133031 11.685
 31    98.657 53307.51933422 30.31 127.370625  61.108147 14.539
 31    98.785 53307.51933487 34.33 127.368295  61.111307 14.539
 31    98.845 53307.51933551 39.96 127.365955  61.114457 14.539
 31    99.116 53307.51933616 44.02 127.363625  61.117617 14.539
 31    98.579 53307.51933680 43.50 127.361285  61.120777 14.539
 31    98.936 53307.51933745 37.63 127.358955  61.123937 14.539
 31    98.549 53307.51933809 33.33 127.356615  61.127097 14.539
 31    98.668 53307.51933873 33.79 127.354275  61.130257 14.539
 31    98.789 53307.51933938 35.19 127.351945  61.133407 14.539
 32    97.592 53342.51930134 12.72 127.383404  61.110975  4.548
 32    98.142 53342.51930199 12.97 127.381074  61.114135  4.548
 32    97.885 53342.51930263 13.94 127.378744  61.117295  4.548
 32    98.590 53342.51930328 13.08 127.376404  61.120445  4.548
 32    98.845 53342.51930392 13.40 127.374074  61.123605  4.548
 32    99.182 53342.51930457 13.40 127.371734  61.126765  4.548
 32    99.192 53342.51930521 13.40 127.369404  61.129925  4.548
 32    99.438 53342.51930586 13.03 127.367064  61.133085  4.548
 32    99.493 53342.51930650 13.07 127.364724  61.136245  4.548
 33    98.099 53377.51923826  9.86 127.368240  61.110352  3.814
 33    98.585 53377.51923891  9.29 127.365900  61.113512  3.814
 33    98.444 53377.51923955 10.80 127.363570  61.116672  3.814
 33    98.530 53377.51924020 10.97 127.361230  61.119832  3.814
 33    98.930 53377.51924084 10.63 127.358890  61.122992  3.814
 33    99.059 53377.51924149 10.60 127.356550  61.126142  3.814
 33    99.361 53377.51924213 10.23 127.354220  61.129302  3.814
 33    99.170 53377.51924277 10.08 127.351879  61.132457  3.124
 34    98.367 53412.51927755  8.35 127.380853  61.113381  4.087
 34    98.308 53412.51927819  9.10 127.378523  61.116541  4.087
 34    98.815 53412.51927884  8.52 127.376183  61.119691  4.087
 34    99.336 53412.51927948  8.86 127.373853  61.122851  4.087
 34    98.965 53412.51928013  8.71 127.371513  61.126011  4.087
 34    99.790 53412.51928077  8.28 127.369173  61.129171  4.087
 34    99.560 53412.51928142  8.95 127.366843  61.132331  4.087
 34    99.697 53412.51928206  8.75 127.364503  61.135491  4.087
 36   102.710 53482.51934921  1.20 127.364249  61.113547  6.117
 36   102.209 53482.51934985  1.93 127.361909  61.116707  6.117
 36   102.576 53482.51935050  1.75 127.359579  61.119867  6.117
 36   101.856 53482.51935114  1.87 127.357239  61.123027  6.117
 36   102.869 53482.51935179  0.67 127.354899  61.126177  6.117
 36   102.670 53482.51935243  0.99 127.352569  61.129337  6.117
 36   102.795 53482.51935308  0.23 127.350232  61.132496  3.865
 37   188.918 53517.51934962  1.28 127.381210  61.111492  2.331
 37   189.814 53517.51935026  2.22 127.378870  61.114642  2.331
 38   102.057 53552.51937072 37.62 127.374221  61.110959 10.757
 38   102.519 53552.51937137 40.39 127.371881  61.114119 10.757
 38   102.330 53552.51937201 41.96 127.369551  61.117269 10.757
 38   101.989 53552.51937265 39.47 127.367211  61.120429 10.757
 38   101.806 53552.51937330 36.17 127.364881  61.123589 10.757
 38   101.484 53552.51937394 35.16 127.362541  61.126749 10.757
 38   100.959 53552.51937459 33.18 127.360211  61.129909 10.757
 38   100.091 53552.51937523 32.58 127.357871  61.133059 10.757
 39    98.203 53587.51932309 25.72 127.386847  61.113387 13.964
 39    98.946 53587.51932373 23.87 127.384517  61.116547 13.964
 39    99.515 53587.51932438 24.20 127.382187  61.119707 13.964
 39   100.021 53587.51932567 37.53 127.377517  61.126017 13.964
 39   100.331 53587.51932631 41.12 127.375177  61.129177 13.964
 39   100.138 53587.51932696 37.42 127.372837  61.132337 13.964
 39    99.298 53587.51932760 47.09 127.370507  61.135497 13.964
 39    99.356 53587.51932825 44.26 127.368167  61.138657 13.964
 40   104.939 53622.51929058 20.64 127.362482  61.106532 14.590
 40   103.772 53622.51929122 17.76 127.360152  61.109682 14.590
 40   100.512 53622.51929186 15.51 127.357812  61.112842 14.590
 40    99.579 53622.51929251 19.63 127.355482  61.116002 14.590
 40    99.975 53622.51929315 24.07 127.353142  61.119162 14.590
 40   100.142 53622.51929380 30.84 127.350802  61.122322 14.590
 40   100.561 53622.51929444 38.62 127.348472  61.125472 14.590
 40    99.228 53622.51929509 38.00 127.346132  61.128632 14.590
 40   100.145 53622.51929573 25.02 127.343788  61.131788  7.386
 41    97.658 53657.51931869 32.19 127.371183  61.110280 10.822
 41    97.860 53657.51931933 34.92 127.368843  61.113440 10.822
 41    97.940 53657.51931997 35.60 127.366503  61.116600 10.822
 41    98.260 53657.51932062 35.27 127.364173  61.119760 10.822
 41    98.142 53657.51932126 38.08 127.361833  61.122920 10.822
 41    97.848 53657.51932191 34.07 127.359503  61.126080 10.822
 41    97.712 53657.51932255 33.75 127.357163  61.129230 10.822
 41    98.057 53657.51932320 50.62 127.354823  61.132390 10.822
 42    98.783 53692.51930276 14.09 127.380891  61.112453  8.205
 42    98.972 53692.51930340 14.05 127.378561  61.115613  8.205
 42    98.653 53692.51930405 14.07 127.376221  61.118773  8.205
 42    99.639 53692.51930469 14.57 127.373891  61.121923  8.205
 42   100.202 53692.51930534 13.94 127.371561  61.125083  8.205
 42   100.800 53692.51930598 13.92 127.369221  61.128243  8.205
 42    99.592 53692.51930663 13.83 127.366881  61.131403  8.205
 42    99.913 53692.51930727 14.45 127.364551  61.134563  8.205
 43    97.796 53727.51922598  9.49 127.393113  61.113190  4.683
 43    98.095 53727.51922663  9.27 127.390773  61.116350  4.683
 43    98.845 53727.51922727  9.57 127.388443  61.119510  4.683
 43    98.239 53727.51922921  9.31 127.381443  61.128980  4.683
 43    98.784 53727.51922985  9.32 127.379103  61.132140  4.683
 43    99.304 53727.51923050  8.98 127.376773  61.135300  4.683
 43   112.528 53727.51923114  7.92 127.374433  61.138460  4.683
 44    97.473 53762.51918150  7.74 127.376841  61.111449  3.049
 44    97.907 53762.51918215  7.73 127.374511  61.114609  3.049
 44    97.838 53762.51918279  8.16 127.372171  61.117769  3.049
 44    97.832 53762.51918344  8.31 127.369841  61.120929  3.049
 44    98.056 53762.51918408  7.98 127.367501  61.124089  3.049
 44    98.254 53762.51918473  7.86 127.365161  61.127249  3.049
 44    98.711 53762.51918537  7.06 127.362831  61.130399  3.049
 44    98.985 53762.51918602  6.80 127.360491  61.133559  3.049
 45    97.621 53797.51919294  6.82 127.389063  61.113731  3.598
 45    98.046 53797.51919358  7.13 127.386733  61.116891  3.598
 45    98.265 53797.51919423  6.58 127.384393  61.120041  3.598
 45    98.978 53797.51919616  6.64 127.377393  61.129521  3.598
 45    99.331 53797.51919681  5.94 127.375053  61.132681  3.598
 45    99.864 53797.51919745  5.81 127.372723  61.135841  3.598
 45    99.415 53797.51919810  5.79 127.370383  61.138991  3.598
 48   107.622 53902.51928424 13.11 127.370492  61.119300  4.768
 48   106.632 53902.51928489 18.27 127.368162  61.122460  4.768
 48   106.817 53902.51928553 19.50 127.365822  61.125620  4.768
 49   100.353 53937.51932423 26.66 127.353043  61.130627 14.824
 49    99.362 53937.51932487 36.36 127.350713  61.133787 14.824
 50   101.906 53972.51928394 12.88 127.380820  61.112596  7.785
 50   102.325 53972.51928459 13.55 127.378480  61.115756  7.785
 50   102.003 53972.51928523 16.04 127.376150  61.118916  7.785
 50   102.731 53972.51928588 18.83 127.373810  61.122076  7.785
 50   101.462 53972.51928652 25.24 127.371480  61.125236  7.785
 50   101.587 53972.51928717 19.20 127.369140  61.128396  7.785
 50   101.380 53972.51928781 14.85 127.366810  61.131546  7.785
 50   102.835 53972.51928846 14.04 127.364470  61.134706  7.785
 51   105.208 54007.51926990 23.78 127.370008  61.109411 14.301
 51   101.380 54007.51927054 23.92 127.367668  61.112571 14.301
 51   100.745 54007.51927119 25.35 127.365338  61.115731 14.301
 51   101.834 54007.51927183 25.52 127.362998  61.118891 14.301
 51   102.978 54007.51927248 26.79 127.360658  61.122041 14.301
 51   103.030 54007.51927312 27.15 127.358328  61.125201 14.301
 51   101.492 54007.51927377 27.47 127.355988  61.128361 14.301
 51   101.749 54007.51927441 25.58 127.353648  61.131521 14.301
 52    98.380 54042.51929452 21.73 127.377348  61.111817  7.439
 52    98.481 54042.51929516 22.93 127.375008  61.114967  7.439
 52    98.810 54042.51929581 25.42 127.372678  61.118127  7.439
 52    99.019 54042.51929645 28.23 127.370338  61.121287  7.439
 52    98.530 54042.51929710 27.53 127.368008  61.124447  7.439
 52    98.712 54042.51929774 27.24 127.365668  61.127597  7.439
 52    98.897 54042.51929839 31.64 127.363328  61.130757  7.439
 52    99.129 54042.51929903 30.13 127.360988  61.133917  7.439
 53    98.153 54077.51928866 10.76 127.382630  61.113712  3.706
 53    98.084 54077.51928930 11.42 127.380290  61.116872  3.706
 53    98.106 54077.51928995 11.68 127.377960  61.120032  3.706
 53    98.623 54077.51929123 11.20 127.373290  61.126352  3.706
 53    98.537 54077.51929188 11.21 127.370950  61.129502  3.706
 53    98.613 54077.51929252 11.26 127.368620  61.132662  3.706
 53    98.970 54077.51929317 10.65 127.366280  61.135822  3.706
 54    96.413 54112.51922805 10.30 127.389683  61.114840  3.913
 54    98.025 54112.51922869  9.69 127.387353  61.118000  3.913
 54    98.735 54112.51923127  9.56 127.378023  61.130640  3.913
 54    98.901 54112.51923191  9.31 127.375683  61.133790  3.913
 54    99.188 54112.51923256  9.11 127.373343  61.136950  3.913
 55    97.681 54147.51923138  6.96 127.374903  61.109512  2.915
 55    97.903 54147.51923203  7.10 127.372573  61.112672  2.915
 55    97.891 54147.51923267  7.55 127.370233  61.115832  2.915
 55    97.950 54147.51923332  7.93 127.367893  61.118992  2.915
 55    98.819 54147.51923396  7.64 127.365563  61.122152  2.915
 55    99.027 54147.51923461  7.75 127.363223  61.125312  2.915
 55    98.941 54147.51923525  7.74 127.360893  61.128462  2.915
 55    99.244 54147.51923590  7.54 127.358553  61.131622  2.915
 55    99.127 54147.51923654  7.31 127.356213  61.134782  2.915
 56    97.311 54182.51921581  8.44 127.389516  61.113002  4.420
 56    96.942 54182.51921645  9.17 127.387178  61.116160  3.079
 56    98.427 54182.51921710  8.46 127.384848  61.119320  3.079
 56    99.142 54182.51921903  8.92 127.377848  61.128790  3.079
 56    99.129 54182.51921968  8.87 127.375508  61.131950  3.079
 56   100.178 54182.51922032  7.92 127.373178  61.135110  3.079
 56    99.886 54182.51922097  7.48 127.370838  61.138270  3.079
 59   121.665 54287.51927066  0.93 127.381892  61.112445  9.091
 59   109.808 54287.51927259  5.67 127.374892  61.121915  9.091
 59   110.746 54287.51927324  7.19 127.372562  61.125075  9.091
 59   112.310 54287.51927517 17.56 127.365552  61.134545  9.091
 60    98.909 54322.51926774 28.67 127.380746  61.111777  9.689
 60    98.770 54322.51926838 28.91 127.378416  61.114927  9.689
 60    98.536 54322.51926903 31.49 127.376086  61.118087  9.689
 60    98.203 54322.51926967 32.29 127.373746  61.121247  9.689
 60   100.051 54322.51927032 33.26 127.371406  61.124407  9.689
 60   100.371 54322.51927096 34.43 127.369076  61.127567  9.689
 60    98.771 54322.51927161 47.50 127.366736  61.130727  9.689
 60    98.814 54322.51927225 42.21 127.364406  61.133877  9.689
 60    98.886 54322.51927290 40.35 127.362066  61.137037  9.689
 61   101.206 54357.51922608 16.56 127.390607  61.112939  6.664
 61   101.931 54357.51922672 17.72 127.388277  61.116099 13.770
 61   101.475 54357.51922737 19.65 127.385937  61.119249 13.770
 61   103.000 54357.51922930 28.97 127.378937  61.128729 13.770
 61   100.938 54357.51922995 34.36 127.376597  61.131889 13.770
 61   101.650 54357.51923059 44.70 127.374267  61.135049 13.770
 61   103.779 54357.51923124 40.30 127.371927  61.138199 13.770
 62    98.207 54392.51920822 17.40 127.378392  61.111754  5.266
 62    98.132 54392.51920886 19.99 127.376062  61.114914  5.266
 62    97.332 54392.51920951 21.74 127.373722  61.118074  5.266
 62    97.630 54392.51921015 23.49 127.371392  61.121234  5.266
 62    97.921 54392.51921080 26.26 127.369052  61.124394  5.266
 62    98.195 54392.51921144 29.28 127.366712  61.127544  5.266
 62    98.340 54392.51921209 43.92 127.364381  61.130706  8.509
 62    98.971 54392.51921273 44.10 127.362041  61.133866  8.509
 63    96.007 54427.51917632 17.11 127.384019  61.113109  6.660
 63    96.755 54427.51917696 17.78 127.381679  61.116259  6.660
 63    97.100 54427.51917761 18.37 127.379349  61.119419  6.660
 63    97.998 54427.51917890 18.50 127.374679  61.125739  6.660
 63    98.435 54427.51917954 18.00 127.372349  61.128899  6.660
 63    98.793 54427.51918019 17.67 127.370009  61.132059  6.660
 63    98.844 54427.51918083 17.05 127.367669  61.135209  6.660
 64    98.120 54462.51918610 13.13 127.374786  61.111242  5.008
 64    98.250 54462.51918675 13.34 127.372446  61.114402  5.008
 64    98.320 54462.51918739 14.11 127.370116  61.117562  5.008
 64    98.414 54462.51918803 14.21 127.367776  61.120712  5.008
 64    98.352 54462.51918868 15.82 127.365436  61.123872  5.008
 64    98.699 54462.51918932 14.79 127.363105  61.127032  4.402
 64    99.073 54462.51918997 14.43 127.360765  61.130192  4.402
 64    98.923 54462.51919061 14.72 127.358425  61.133352  4.402
 66    97.528 54532.51919911  9.77 127.379298  61.110088  3.804
 66    97.671 54532.51919975  9.90 127.376958  61.113248  3.804
 66    97.698 54532.51920040 11.22 127.374628  61.116408  3.804
 66    97.779 54532.51920104 10.94 127.372288  61.119558  3.804
 66    98.540 54532.51920168 10.76 127.369956  61.122719  3.704
 66    98.696 54532.51920233 11.78 127.367616  61.125879  3.704
 66    99.161 54532.51920297 11.16 127.365286  61.129039  3.704
 66    99.556 54532.51920362 10.30 127.362946  61.132189  3.704
 66    99.197 54532.51920426 11.06 127.360606  61.135349  3.704
 68   166.488 54602.51919916 11.88 127.360901  61.132663  5.253
 68   163.822 54602.51919980 12.58 127.358561  61.135823  5.253
 69   101.167 54637.51920557 19.33 127.380202  61.110080  8.719
 69   102.550 54637.51920621 17.95 127.377872  61.113240  8.719
 69   101.990 54637.51920686 19.57 127.375532  61.116400  8.719
 69   102.123 54637.51920750 20.44 127.373202  61.119560  8.719
 69   102.316 54637.51920815 20.42 127.370862  61.122710  8.719
 69   102.317 54637.51920879 20.58 127.368531  61.125873  5.172
 69   102.223 54637.51920944 21.14 127.366191  61.129033  5.172
 69   102.171 54637.51921008 20.40 127.363861  61.132183  5.172
 69   112.396 54637.51921073 20.16 127.361521  61.135343  5.172
 70   101.174 54672.51920916 36.98 127.380082  61.111536 17.273
 70   103.091 54672.51920981 32.87 127.377752  61.114696 17.273
 70   100.673 54672.51921045 32.12 127.375412  61.117856 17.273
 70   100.801 54672.51921110 30.99 127.373082  61.121016 17.273
 70   100.867 54672.51921174 34.86 127.370742  61.124176 17.273
 70   101.080 54672.51921239 32.83 127.368409  61.127330 10.252
 70   101.039 54672.51921303 44.64 127.366069  61.130490 10.252
 70   101.613 54672.51921368 46.49 127.363739  61.133640 10.252
 70   101.567 54672.51921432 43.80 127.361399  61.136800 10.252
 71   100.436 54707.51916843 39.82 127.387712  61.111926 12.142
 71   101.599 54707.51916907 41.15 127.385372  61.115086 12.142
 71   101.227 54707.51916972 39.25 127.383042  61.118246 12.142
 71   101.084 54707.51917036 42.31 127.380712  61.121406 12.142
 71   100.885 54707.51917165 48.21 127.376032  61.127726 12.142
 71   101.282 54707.51917230 48.57 127.373702  61.130886 12.142
 71   101.025 54707.51917294 49.77 127.371363  61.134041  7.549
 71   101.049 54707.51917359 50.25 127.369033  61.137201  7.549
 73    97.750 54777.51914978 27.21 127.384946  61.111487 10.113
 73    98.129 54777.51915042 31.04 127.382616  61.114647 10.113
 73    98.096 54777.51915107 34.83 127.380286  61.117807 10.113
 73    98.371 54777.51915171 36.25 127.377946  61.120967 10.113
 73    98.333 54777.51915236 34.20 127.375616  61.124127 10.113
 73    98.094 54777.51915300 29.11 127.373276  61.127277 10.113
 73    97.618 54777.51915365 27.30 127.370941  61.130439  4.110
 73    98.054 54777.51915429 22.32 127.368601  61.133599  4.110
 73    98.227 54777.51915494 21.96 127.366271  61.136759  4.110
 74    98.731 54812.51916759 16.43 127.373231  61.109597  5.390
 74    98.982 54812.51916823 16.84 127.370891  61.112757  5.390
 74    99.011 54812.51916888 17.14 127.368561  61.115917  5.390
 74    98.899 54812.51916952 17.87 127.366221  61.119077  5.390
 74    98.525 54812.51917017 20.60 127.363881  61.122227  5.390
 74    98.554 54812.51917081 18.05 127.361550  61.125387  5.312
 74    98.726 54812.51917146 18.16 127.359210  61.128547  5.312
 74    98.568 54812.51917210 24.68 127.356870  61.131707  5.312
 74    98.993 54812.51917275 23.67 127.354540  61.134867  5.312
 75    98.189 54847.51915032 12.92 127.384357  61.112611  4.602
 75    98.499 54847.51915096 13.70 127.382027  61.115771  4.602
 75    98.580 54847.51915161 13.12 127.379697  61.118931  4.602
 75    98.165 54847.51915290 13.94 127.375027  61.125251  4.602
 75    98.682 54847.51915354 13.20 127.372687  61.128411  4.602
 75    98.966 54847.51915419 12.84 127.370352  61.131565  2.906
 75    98.988 54847.51915483 12.53 127.368012  61.134725  2.906
 75    99.077 54847.51915548 11.99 127.365682  61.137875  2.906
 76    97.995 54882.51917089  9.37 127.375512  61.110423  4.329
 76    98.549 54882.51917153  9.96 127.373172  61.113583  4.329
 76    98.461 54882.51917218 10.30 127.370842  61.116743  4.329
 76    98.307 54882.51917282 11.13 127.368502  61.119893  4.329
 76    98.155 54882.51917347 11.42 127.366168  61.123054  2.471
 76    98.349 54882.51917411 10.69 127.363828  61.126214  2.471
 76    99.084 54882.51917475  9.80 127.361498  61.129374  2.471
 76    98.817 54882.51917540  9.64 127.359158  61.132524  2.471
 76    99.125 54882.51917604  9.27 127.356818  61.135684  2.471
 77    97.905 54917.51915305  8.56 127.386866  61.113037  4.254
 77    98.111 54917.51915369  9.32 127.384526  61.116197  4.254
 77    97.922 54917.51915434  9.57 127.382196  61.119357  4.254
 77    98.128 54917.51915563  9.85 127.377526  61.125677  4.254
 77    98.526 54917.51915627  9.94 127.375196  61.128827  4.254
 77    98.827 54917.51915692  8.79 127.372854  61.131991  2.558
 77    99.329 54917.51915756  8.69 127.370524  61.135151  2.558
 77    99.271 54917.51915821  8.26 127.368184  61.138301  2.558
 78   187.555 54952.51916596  0.33 127.372903  61.114558  2.809
 78   190.644 54952.51916725  0.66 127.368233  61.120878  2.809
 78   187.350 54952.51916789  6.64 127.365893  61.124028  2.809
 78   197.231 54952.51916854  3.02 127.363563  61.127188  2.809
 80   101.089 55022.51918193 30.52 127.382281  61.113118  5.829
 80   100.723 55022.51918257 31.18 127.379941  61.116278  5.829
 80   100.561 55022.51918321 31.85 127.377611  61.119438  5.829
 80   100.863 55022.51918450 40.47 127.372944  61.125752 10.021
 80   100.909 55022.51918515 44.75 127.370604  61.128912 10.021
 80   100.720 55022.51918579 49.02 127.368274  61.132062 10.021
 80   100.774 55022.51918644 49.83 127.365934  61.135222 10.021
 82   107.571 55092.51913398 28.03 127.386546  61.114300 18.710
 82   107.167 55092.51913462 25.74 127.384206  61.117460 18.710
 82   107.557 55092.51913527 25.48 127.381876  61.120620 18.710
 82   103.539 55092.51913656 27.18 127.377206  61.126940 18.710
 82   104.513 55092.51913720 26.75 127.374866  61.130100 18.710
 82   103.869 55092.51913785 30.58 127.372536  61.133260 18.710
 82   104.051 55092.51913849 41.10 127.370197  61.136416  8.657
 83    97.907 55127.51911757 45.42 127.377963  61.111008  9.535
 83    99.201 55127.51911822 47.21 127.375623  61.114168  9.535
 83    99.272 55127.51911886 44.78 127.373293  61.117328  9.535
 83    99.084 55127.51911951 40.87 127.370953  61.120478  9.535
 83    98.937 55127.51912015 46.00 127.368621  61.123639 10.828
 83    98.615 55127.51912080 34.94 127.366281  61.126799 10.828
 83    98.810 55127.51912144 33.72 127.363951  61.129959 10.828
 83    98.701 55127.51912209 37.97 127.361611  61.133109 10.828
 83    98.854 55127.51912273 33.11 127.359271  61.136269 10.828
 84    97.981 55162.51909494 22.98 127.383221  61.111718  6.879
 84    98.323 55162.51909558 22.96 127.380891  61.114878  6.879
 84    98.312 55162.51909623 24.76 127.378561  61.118038  6.879
 84    98.379 55162.51909687 24.71 127.376221  61.121198  6.879
 84    98.260 55162.51909752 23.82 127.373891  61.124358  6.879
 84    98.028 55162.51909816 23.62 127.371551  61.127518  6.879
 84    98.194 55162.51909881 22.86 127.369221  61.130668  6.879
 84    98.391 55162.51909945 22.71 127.366877  61.133829  3.431
 84    98.537 55162.51910009 21.17 127.364547  61.136989  3.431
 85    98.108 55197.51910859 18.19 127.374479  61.109366  5.492
 85    98.613 55197.51910923 18.91 127.372139  61.112526  5.492
 85    98.788 55197.51910988 19.51 127.369799  61.115686  5.492
 85    98.689 55197.51911052 20.42 127.367469  61.118836  5.492
 85    98.808 55197.51911117 20.43 127.365130  61.121998  3.473
 85    98.909 55197.51911181 20.11 127.362800  61.125158  3.473
 85    98.679 55197.51911246 19.91 127.360460  61.128318  3.473
 85    98.702 55197.51911310 19.41 127.358120  61.131468  3.473
 85    98.983 55197.51911375 18.56 127.355790  61.134628  3.473
 86    97.954 55232.51909898 17.93 127.385929  61.112843  5.900
 86    98.401 55232.51909963 17.53 127.383589  61.116003  5.900
 86    98.514 55232.51910027 18.22 127.381259  61.119163  5.900
 86    98.285 55232.51910156 18.13 127.376589  61.125483  5.900
 86    98.105 55232.51910221 18.11 127.374249  61.128633  5.900
 86    98.024 55232.51910285 17.29 127.371921  61.131797  3.215
 86    98.260 55232.51910350 17.27 127.369581  61.134957  3.215
 86    98.147 55232.51910414 16.38 127.367241  61.138107  3.215
 87    97.493 55267.51910331 13.94 127.378892  61.110181  6.385
 87    97.851 55267.51910396 13.76 127.376552  61.113341  6.385
 87    98.041 55267.51910460 14.15 127.374222  61.116501  6.385
 87    98.128 55267.51910525 15.13 127.371882  61.119651  6.385
 87    98.118 55267.51910589 14.97 127.369553  61.122812  3.059
 87    98.037 55267.51910654 14.10 127.367213  61.125972  3.059
 87    98.228 55267.51910718 13.23 127.364873  61.129132  3.059
 87    98.323 55267.51910782 13.50 127.362543  61.132282  3.059
 87    98.768 55267.51910847 12.59 127.360203  61.135442  3.059
 88   100.760 55302.51907928 10.43 127.390422  61.112289 12.091
 88   101.224 55302.51907992 11.65 127.388092  61.115439 12.091
 88   102.008 55302.51908057 12.01 127.385752  61.118599 12.091
 88   102.560 55302.51908250 16.97 127.378752  61.128079 12.091
 88   104.254 55302.51908314 16.29 127.376412  61.131239 12.091
 88   102.589 55302.51908379 13.92 127.374082  61.134399 12.091
 88   101.637 55302.51908443 12.68 127.371742  61.137555  5.043
 89   200.068 55337.51908196  1.91 127.365659  61.131654  4.709
 89   202.288 55337.51908260  4.13 127.363319  61.134814  4.709
 90   104.831 55372.51906784 29.36 127.382168  61.112124  9.005
 90   103.828 55372.51906848 28.66 127.379838  61.115284  9.005
 90   103.540 55372.51906913 28.19 127.377498  61.118444  9.005
 90   103.770 55372.51906977 29.09 127.375168  61.121604  9.005
 91    98.755 55407.51908818 21.27 127.377470  61.111410 13.672
 91    97.946 55407.51908882 23.98 127.375130  61.114570 13.672
 91    99.417 55407.51908947 25.13 127.372790  61.117730 13.672
 91    98.397 55407.51909011 35.60 127.370460  61.120880 13.672
 91    98.421 55407.51909076 41.01 127.368121  61.124042 10.461
 91   100.449 55407.51909140 35.02 127.365791  61.127202 10.461
 91    98.684 55407.51909205 42.01 127.363451  61.130362 10.461
 91    98.712 55407.51909269 30.35 127.361111  61.133512 10.461
 93    96.842 55477.51902702 30.45 127.391344  61.113326  9.266
 93    97.371 55477.51902766 31.69 127.389014  61.116486  9.266
 93    97.657 55477.51902831 32.85 127.386674  61.119636  9.266
 93   100.683 55477.51903024 32.74 127.379674  61.129116  9.266
 93    98.447 55477.51903089 29.79 127.377344  61.132276  9.266
 93    98.004 55477.51903153 38.43 127.375004  61.135436  9.266
 93    99.033 55477.51903218 42.84 127.372667  61.138591  6.682
