# NaN NaN NaN ;Mean Elev.(m), Avg Gradient(m/km), RMS Gradient(m/km) - SRTM1     
#  116.996     NaN     NaN ;Mean Elev.(m), Avg Gradient(m/km), RMS Gradient(m/km) - ASTER GDEM
#  100.764  -5.696  53.896 ;Mean Elev.(m), Avg Gradient(m/km), RMS Gradient(m/km) - GMTED2010 
  7   120.034 52476.53111682 28.89 123.444569  60.585193 16.927
  7   121.143 52476.53111746 25.70 123.442299  60.588363 16.927
  7   121.465 52476.53111811 29.02 123.440029  60.591523 16.927
  7   122.050 52476.53111875 34.57 123.437769  60.594683 16.927
  8   118.404 52511.53106656 33.20 123.461515  60.588454 16.507
  8   118.717 52511.53106721 34.79 123.459255  60.591614 16.507
  8   118.558 52511.53106785 32.24 123.456985  60.594774 16.507
  8   115.920 52511.53106850 24.62 123.454715  60.597944 16.507
 10   110.457 52581.53111007 25.56 123.447941  60.585148 16.534
 10   111.022 52581.53111071 26.82 123.445671  60.588318 16.534
 10   111.189 52581.53111136 27.69 123.443411  60.591478 16.534
 10   110.806 52581.53111200 24.31 123.441141  60.594638 16.534
 11   112.402 52616.53108057  8.78 123.455214  60.585506  9.321
 11   113.021 52616.53108121  9.10 123.452954  60.588676  9.321
 11   113.218 52616.53108186  7.80 123.450684  60.591836  9.321
 11   113.055 52616.53108250  8.61 123.448426  60.594994  5.158
 12   112.453 52651.53105719  5.86 123.451363  60.586465  9.149
 12   112.695 52651.53105783  5.71 123.449093  60.589625  9.149
 12   113.726 52651.53105848  5.00 123.446833  60.592795  9.149
 12   114.241 52651.53105912  5.69 123.444563  60.595955  9.149
 13   112.925 52686.53104942  3.67 123.459533  60.587009  5.127
 13   112.789 52686.53105007  3.58 123.457263  60.590179  5.127
 13   112.900 52686.53105071  4.38 123.455003  60.593339  5.127
 13   115.007 52686.53105136  3.27 123.452733  60.596499  5.127
 14   111.881 52721.53109824  4.18 123.448784  60.584714 10.971
 14   116.025 52721.53109889  2.63 123.446517  60.587880  9.420
 14   117.185 52721.53109953  2.41 123.444247  60.591040  9.420
 14   116.832 52721.53110017  1.83 123.441987  60.594200  9.420
 18   120.836 52861.53118630 22.51 123.447052  60.586619  6.002
 18   120.714 52861.53118694 22.73 123.444785  60.589784 16.566
 18   120.003 52861.53118759 23.42 123.442515  60.592944 16.566
 18   118.905 52861.53118823 23.34 123.440245  60.596104 16.566
 19   120.466 52896.53121618 14.51 123.450615  60.585810  4.377
 19   119.092 52896.53121682 10.72 123.448345  60.588970  4.377
 19   121.682 52896.53121747 10.09 123.446077  60.592138 12.980
 19   122.610 52896.53121811 15.28 123.443807  60.595298 12.980
 20   112.081 52931.53116391 33.11 123.456659  60.587955 19.226
 20   112.575 52931.53116455 31.95 123.454399  60.591125 19.226
 20   111.793 52931.53116520 35.90 123.452129  60.594285 19.226
 20   111.707 52931.53116584 27.98 123.449870  60.597445  8.539
 21   112.449 52966.53116283 15.27 123.442813  60.586065  8.347
 21   112.205 52966.53116348 16.04 123.440543  60.589225  8.347
 21   111.911 52966.53116412 15.31 123.438273  60.592385  8.347
 23   117.633 53036.53114089  4.25 123.455659  60.587322  8.351
 23   117.755 53036.53114153  4.68 123.453394  60.590482 10.800
 23   116.862 53036.53114218  4.40 123.451124  60.593652 10.800
 23   116.712 53036.53114282  5.53 123.448864  60.596812 10.800
 24   115.504 53071.53116348  1.50 123.448862  60.586207 11.653
 24   116.164 53071.53116413  2.97 123.446592  60.589367 11.653
 24   116.180 53071.53116477  2.69 123.444332  60.592527 11.653
 24   116.400 53071.53116542  3.09 123.442062  60.595697 11.653
 28   120.698 53211.53121898 24.51 123.447944  60.587586 19.413
 28   119.469 53211.53121963 24.80 123.445674  60.590756 19.413
 28   121.147 53211.53122027 24.71 123.443404  60.593916 19.413
 29   118.395 53246.53118694 22.55 123.456063  60.586911 14.365
 29   119.253 53246.53118758 19.78 123.453793  60.590081 14.365
 29   118.716 53246.53118823 18.55 123.451533  60.593241 14.365
 29   118.731 53246.53118887 17.82 123.449263  60.596411 14.365
 30   121.477 53281.53117318 18.29 123.438899  60.583405 17.306
 30   122.802 53281.53117383 20.32 123.436639  60.586565 17.306
 30   118.853 53281.53117447 17.71 123.434369  60.589735 17.306
 30   122.321 53281.53117511 18.39 123.432099  60.592895 17.306
 31   111.548 53316.53118264 32.86 123.448503  60.585618 20.988
 31   111.563 53316.53118329 39.43 123.446233  60.588778 20.988
 31   113.537 53316.53118393 38.44 123.443973  60.591938 20.988
 31   112.538 53316.53118458 33.26 123.441703  60.595108 20.988
 36   287.071 53491.53122906  5.17 123.440609  60.585230  5.005
 36   290.241 53491.53122970  4.08 123.438349  60.588390  5.005
 36   291.890 53491.53123035  5.44 123.436079  60.591550  5.005
 36   293.927 53491.53123099  6.52 123.433809  60.594720  5.005
 38   120.229 53561.53123949 17.98 123.446674  60.586642 19.462
 38   121.771 53561.53124013 16.72 123.444404  60.589812 19.462
 38   120.594 53561.53124078 17.22 123.442144  60.592972 19.462
 39   121.781 53596.53117833 10.19 123.461083  60.588032 16.720
 39   120.960 53596.53117897 13.61 123.458813  60.591202 16.720
 39   120.807 53596.53117962 15.55 123.456553  60.594362 16.720
 39   121.378 53596.53118026 14.72 123.454283  60.597532 16.720
 41   112.334 53666.53119562 31.61 123.444689  60.585619 18.951
 41   112.456 53666.53119626 32.42 123.442419  60.588789 18.951
 41   111.424 53666.53119691 34.42 123.440159  60.591949 18.951
 41   111.491 53666.53119755 30.07 123.437889  60.595109 18.951
 42   117.459 53701.53114522  6.20 123.456483  60.588101 12.050
 42   118.552 53701.53114586  6.83 123.454213  60.591261 12.050
 42   118.380 53701.53114651  5.99 123.451943  60.594421 12.050
 42   118.455 53701.53114715  6.47 123.449683  60.597591 12.050
 45   116.943 53806.53105156  4.36 123.461717  60.587774 11.410
 45   118.356 53806.53105220  3.46 123.459457  60.590934 11.410
 45   116.981 53806.53105285  1.66 123.457187  60.594104 11.410
 45   117.400 53806.53105349  0.40 123.454927  60.597264 11.410
 48   131.675 53911.53116931 13.53 123.441353  60.585353 21.712
 48   131.578 53911.53116996 20.97 123.439083  60.588513 21.712
 48   126.140 53911.53117060 32.03 123.436823  60.591673 21.712
 48   126.492 53911.53117125 35.58 123.434553  60.594843 21.712
 49   121.735 53946.53118694  7.66 123.442890  60.587011 10.363
 49   121.185 53946.53118759  8.95 123.440620  60.590181 10.363
 49   122.231 53946.53118823  9.13 123.438350  60.593341 10.363
 51   125.398 54016.53115421 10.25 123.442558  60.584287 15.445
 51   122.654 54016.53115486  9.65 123.440288  60.587457 15.445
 51   125.271 54016.53115550  8.78 123.438018  60.590617 15.445
 51   125.200 54016.53115615 11.51 123.435748  60.593777 15.445
 52   116.963 54051.53115292  7.10 123.455091  60.588533 14.638
 52   117.232 54051.53115356  6.27 123.452821  60.591693 14.638
 52   117.328 54051.53115421  5.10 123.450561  60.594853 14.638
 53   118.178 54086.53114478  1.62 123.454702  60.587594 11.119
 53   118.842 54086.53114542  1.32 123.452442  60.590754 11.119
 53   119.097 54086.53114606  2.32 123.450172  60.593914 11.119
 53   120.113 54086.53114671  3.15 123.447902  60.597084 11.119
 57   287.100 54226.53111616  3.62 123.447847  60.585160  4.897
 57   289.080 54226.53111681  6.17 123.445577  60.588330  4.897
 57   291.763 54226.53111745  7.54 123.443317  60.591490  4.897
 57   293.255 54226.53111809  8.01 123.441047  60.594650  4.897
 58   287.767 54261.53113575  0.87 123.450207  60.584940  5.375
 58   290.188 54261.53113640  2.60 123.447937  60.588100  5.375
 58   292.150 54261.53113704  1.23 123.445667  60.591270  5.375
 58   294.202 54261.53113769  2.47 123.443407  60.594430  5.375
 59   120.769 54296.53114017 30.75 123.452200  60.586046 15.639
 59   120.538 54296.53114082 22.55 123.449930  60.589216 15.639
 59   120.477 54296.53114146 18.88 123.447670  60.592376 15.639
 59   121.104 54296.53114211 20.00 123.445400  60.595546 15.639
 60   120.689 54331.53113128 25.86 123.457535  60.585653 19.127
 60   122.240 54331.53113193 25.21 123.455275  60.588813 19.127
 60   122.021 54331.53113257 25.62 123.453005  60.591983 19.127
 60   122.847 54331.53113322 27.26 123.450745  60.595143 19.127
 62   119.762 54401.53107392 33.74 123.452144  60.586873 21.723
 62   114.430 54401.53107456 33.53 123.449884  60.590033 21.723
 62   112.693 54401.53107521 35.29 123.447614  60.593193 21.723
 62   111.834 54401.53107585 28.36 123.445344  60.596363 21.723
 63   114.269 54436.53103109 10.19 123.457627  60.587461  8.814
 63   113.230 54436.53103173 10.70 123.455357  60.590621  8.814
 63   114.064 54436.53103238  9.97 123.453097  60.593781  8.814
 63   112.885 54436.53103302  9.41 123.450827  60.596951  8.814
 64   117.377 54471.53105872  5.97 123.446562  60.587345 12.664
 64   117.069 54471.53105937  6.27 123.444292  60.590505 12.664
 64   117.608 54471.53106001  5.88 123.442022  60.593665 12.664
 69   122.358 54646.53107161 21.27 123.451458  60.584853 17.230
 69   122.769 54646.53107226 18.66 123.449188  60.588013 17.230
 69   121.364 54646.53107290 18.79 123.446918  60.591183 17.230
 69   126.718 54646.53107354 23.03 123.444648  60.594343 17.230
 70   123.759 54681.53107297 35.75 123.452636  60.586702 20.704
 70   122.427 54681.53107362 37.08 123.450376  60.589862 20.704
 70   125.509 54681.53107426 35.43 123.448106  60.593032 20.704
 70   120.771 54681.53107491 36.86 123.445836  60.596192 20.704
 72   122.211 54751.53104436  5.97 123.446576  60.585587 11.391
 72   122.509 54751.53104501  5.19 123.444306  60.588757 11.391
 72   121.351 54751.53104565  6.83 123.442046  60.591917 11.391
 72   121.949 54751.53104630  8.76 123.439776  60.595077 11.391
 73   110.752 54786.53101166 21.81 123.456665  60.588141 10.725
 73   110.282 54786.53101230 21.08 123.454395  60.591301 10.725
 73   111.549 54786.53101295 18.66 123.452135  60.594471 10.725
 73   110.316 54786.53101359 18.48 123.449865  60.597631 10.725
 74   112.090 54821.53103831 12.88 123.446304  60.586423  8.169
 74   112.343 54821.53103896 12.58 123.444034  60.589583  8.169
 74   112.790 54821.53103960 12.58 123.441774  60.592743  8.169
 74   111.782 54821.53104025 11.95 123.439504  60.595913  8.169
 75   116.602 54856.53100772  5.21 123.457632  60.587016  8.466
 75   115.796 54856.53100836  4.85 123.455362  60.590186  8.466
 75   117.814 54856.53100901  5.61 123.453102  60.593346  8.466
 75   116.113 54856.53100965  5.72 123.450832  60.596516  8.466
 76   114.659 54891.53104129  5.10 123.451820  60.585810  8.945
 76   115.854 54891.53104194  4.17 123.449560  60.588980  8.945
 76   117.215 54891.53104258  4.36 123.447290  60.592140  8.945
 76   117.617 54891.53104322  4.15 123.445030  60.595300  8.945
 77   117.038 54926.53100758  4.96 123.455637  60.594133 10.803
 77   116.841 54926.53100822  5.28 123.453377  60.597293 10.803
 80   119.905 55031.53105108 21.82 123.451491  60.586135 17.403
 80   118.527 55031.53105173 21.52 123.449231  60.589305 17.403
 80   117.505 55031.53105237 21.11 123.446961  60.592465 17.403
 80   118.428 55031.53105302 22.33 123.444701  60.595625 17.403
 81   120.766 55066.53104093 20.99 123.455295  60.587785 15.178
 81   121.136 55066.53104157 21.87 123.453035  60.590945 15.178
 81   123.091 55066.53104222 21.67 123.450765  60.594115 15.178
 81   121.672 55066.53104286 21.67 123.448495  60.597275 15.178
 82   123.917 55101.53098185 21.13 123.460432  60.588844  3.495
 82   121.208 55101.53098250 28.68 123.458172  60.592005 18.451
 82   121.037 55101.53098314 28.93 123.455902  60.595175 18.451
 82   120.659 55101.53098379 28.80 123.453642  60.598335 18.451
 83   111.101 55136.53098662 36.29 123.447641  60.586767 18.997
 83   112.150 55136.53098726 41.51 123.445371  60.589937 18.997
 83   114.756 55136.53098791 38.76 123.443111  60.593097 18.997
 84   112.796 55171.53094908 14.57 123.457896  60.588599 10.401
 84   113.369 55171.53094973 14.28 123.455626  60.591759 10.401
 84   113.172 55171.53095037 13.85 123.453366  60.594929 10.401
 84   113.269 55171.53095102 14.20 123.451096  60.598089 10.401
 85   113.800 55206.53098016  7.85 123.447774  60.584950  6.654
 85   113.809 55206.53098081  8.35 123.445504  60.588120  6.654
 85   114.580 55206.53098145  7.10 123.443244  60.591280  6.654
 85   113.336 55206.53098210  9.35 123.440974  60.594440  6.654
 86   113.552 55241.53095441  6.79 123.458525  60.588607  5.943
 86   113.919 55241.53095506  6.42 123.456255  60.591777  5.943
 86   113.819 55241.53095570  6.74 123.453995  60.594937  5.943
 86   113.822 55241.53095635  5.84 123.451725  60.598107  5.943
 87   114.591 55276.53097393  5.52 123.454459  60.585330  6.312
 87   114.110 55276.53097458  5.00 123.452199  60.588500  6.312
 87   113.379 55276.53097522  7.25 123.449929  60.591660  6.312
 87   113.551 55276.53097587  5.65 123.447659  60.594820  6.312
 88   114.569 55311.53093898 16.98 123.460560  60.586618 10.782
 88   114.146 55311.53093962 18.45 123.458290  60.589788 10.782
 88   115.427 55311.53094027 18.55 123.456020  60.592948 10.782
 88   113.063 55311.53094091 25.69 123.453760  60.596108 10.782
 90   120.993 55381.53093612 43.71 123.454046  60.588370 15.733
 90   119.447 55381.53093677 45.80 123.451786  60.591540 15.733
 90   119.604 55381.53093741 44.90 123.449516  60.594700 15.733
 91   121.773 55416.53096340  5.13 123.445878  60.586940 12.548
 91   122.096 55416.53096405  6.23 123.443618  60.590100 12.548
 91   124.287 55416.53096469  6.26 123.441348  60.593260 12.548
 92   125.373 55451.53094716  2.17 123.455672  60.590161 12.672
 92   121.656 55451.53094781 11.81 123.453412  60.593321 12.672
 92   120.270 55451.53094845 19.78 123.451142  60.596491 12.672
 93   118.994 55486.53086953 33.98 123.465068  60.586933 12.914
 93   119.724 55486.53087017 32.45 123.462798  60.590093 12.914
 93   119.422 55486.53087082 33.49 123.460537  60.593254 17.729
 93   118.686 55486.53087146 34.19 123.458267  60.596424 17.729
