-209978.788   100.227     0.00   25.29
-209608.903   102.521     6.20   19.02
-209239.085   101.386    -3.07   12.75
-208869.333   103.908     6.82   10.29
-208499.647   107.710    10.28    8.88
-208130.028   110.265     6.91    5.93
-207760.475   111.159     2.42    4.25
-207390.989   110.842    -0.86    4.61
-207021.568   109.373    -3.98    3.81
-206652.214   108.877    -1.34    2.94
-206282.926   109.119     0.65    3.31
-205913.705   108.241    -2.38    3.74
-205544.549   107.716    -1.42    4.27
-205175.459   109.810     5.67    6.26
-204806.436   112.256     6.63    6.08
-204437.478   115.336     8.35    3.89
-204068.587   117.304     5.33    3.33
-203699.761   117.216    -0.24    3.82
-203331.001   116.806    -1.11    4.43
-202962.307   116.991     0.50    5.28
-202593.679   116.915    -0.21    6.17
-202225.117   117.127     0.57    5.35
-201856.621   115.972    -3.13    5.99
-201488.190   114.190    -4.84    5.73
-201119.825   112.108    -5.65    5.76
-200751.526   110.061    -5.56    5.84
-200383.292   110.127     0.18    5.47
-200015.124   111.382     3.41    5.66
-199647.021   115.143    10.22    5.69
-199278.984   117.147     5.45    3.80
-198911.012   117.387     0.65    3.23
-198543.106   116.546    -2.29    3.29
-198175.265   115.849    -1.90    2.60
-197807.490   115.789    -0.16    3.54
-197439.780   116.155     1.00    4.24
-197072.135   116.324     0.46    4.47
-196704.555   115.087    -3.37    4.65
-196337.041   112.789    -6.25    3.90
-195969.592   111.033    -4.78    4.01
-195602.208   112.306     3.46    5.26
-195234.889   114.310     5.46    5.79
-194867.636   116.246     5.27    5.31
-194500.447   116.533     0.78    4.32
-194133.323   114.410    -5.78    4.23
-193766.265   111.382    -8.25    4.00
-193399.271   108.496    -7.86    3.64
-193032.342   105.920    -7.02    4.26
-192665.479   103.726    -5.98    4.41
-192298.680   103.835     0.30    4.16
-191919.576   106.261     6.40    3.28
-191539.370   109.215     7.77    3.96
-191159.234   112.033     7.41    4.16
-190779.169   113.719     4.44    3.08
-190399.174   113.814     0.25    2.67
-190019.249   113.972     0.42    2.62
-189639.394   115.633     4.37    3.50
-189259.610   119.277     9.60    4.97
-188879.895   121.972     7.10    3.46
-188500.251   122.211     0.63    3.36
-188120.677   121.509    -1.85    3.59
-187741.172   119.497    -5.30    2.41
-187361.738   118.510    -2.60    1.92
-186982.374   118.806     0.78    1.89
-186603.079   118.485    -0.85    2.35
-186223.855   117.388    -2.89    2.66
-185844.700   115.638    -4.62    2.22
-185465.615   113.367    -5.99    2.95
-185086.599   113.535     0.44    3.84
-184707.653   114.682     3.03    4.40
-184328.777   114.585    -0.26    4.82
-183949.971   113.449    -3.00    5.46
-183571.234   110.744    -7.14    4.83
-183192.567   109.143    -4.23    3.05
-182813.969   108.131    -2.67    2.90
-182435.441   106.843    -3.40    2.95
-182056.982   105.592    -3.31    2.50
-181678.592   104.314    -3.38    2.11
-181300.272   103.875    -1.16    2.64
-180922.021   103.459    -1.10    3.00
-180543.839   104.282     2.18    3.31
-180165.727   106.369     5.52    3.47
-179787.684   108.009     4.34    3.34
-179409.710   110.100     5.53    2.25
-179031.805   111.437     3.54    2.03
-178653.969   111.908     1.25    1.81
-178276.202   111.892    -0.04    2.00
-177898.504   110.535    -3.59    2.65
-177520.876   110.461    -0.19    3.16
-177143.316   113.238     7.36    6.34
-176765.825   118.015    12.66    8.37
-176388.402   123.991    15.83    5.69
-176011.049   126.546     6.77    3.45
-175633.765   127.131     1.55    2.65
-175256.549   126.863    -0.71    2.42
-174879.402   126.641    -0.59    2.23
-174502.323   126.312    -0.87    2.35
-174125.313   125.680    -1.68    2.51
-173748.372   123.411    -6.02    4.02
-173371.499   119.966    -9.14    4.36
-172994.695   117.509    -6.52    3.38
-172617.959   115.285    -5.91    1.99
-172241.292   112.244    -8.07    5.71
-171864.693   108.326   -10.41    6.36
-171488.163   106.331    -5.30    5.54
-171111.701   107.913     4.20    6.99
-170735.307   112.831    13.07    8.08
-170358.981   118.667    15.51    6.37
-169982.724   123.640    13.22    5.30
-169606.534   125.762     5.64    4.05
-169230.413   127.164     3.73    2.67
-168854.360   127.594     1.14    2.23
-168478.375   126.805    -2.10    1.93
-168102.459   125.781    -2.72    3.00
-167726.610   124.244    -4.09    3.19
-167350.829   122.027    -5.90    3.31
-166975.116   118.917    -8.28    4.54
-166599.471   115.769    -8.38    5.95
-166223.893   110.114   -15.06    6.65
-165848.384   105.570   -12.10    6.07
-165472.942   103.704    -4.97    5.21
-165097.568   102.722    -2.62    4.35
-164722.262   101.558    -3.10    5.43
-164347.023    98.777    -7.41    7.90
-163971.852    92.485   -16.78   10.79
-163596.749    83.917   -22.84   12.28
-163221.713    79.769   -11.06   10.70
-162846.745    79.164    -1.61    9.54
-162471.844    80.605     3.85    8.81
-162097.011    80.991     1.03    8.71
-161722.245    77.633    -8.96    9.30
-161347.546    72.238   -14.40    9.19
-160972.915    66.894   -14.27    7.60
-160598.351    64.010    -7.70    5.88
-160223.854    68.633    12.35   12.62
-159849.425    78.254    25.70   18.29
-159475.062    90.424    32.51   18.02
-159100.767   100.783    27.68   11.76
-158726.539   107.619    18.27    5.85
-158352.378   111.300     9.84    4.14
-157978.284   113.960     7.11    4.45
-157604.258   115.939     5.29    3.15
-157230.298   116.877     2.51    2.41
-156856.405   116.754    -0.33    2.65
-156482.579   117.814     2.84    2.93
-156108.819   119.985     5.81    3.14
-155735.127   121.343     3.64    2.56
-155361.501   122.524     3.16    1.85
-154987.943   121.850    -1.80    2.12
-154614.450   121.485    -0.98    2.01
-154241.025   121.139    -0.93    2.03
-153867.666   121.074    -0.17    1.88
-153494.374   122.021     2.54    1.80
-153121.149   122.919     2.41    1.97
-152747.990   123.289     0.99    1.74
-152374.897   122.574    -1.92    2.35
-152001.871   121.461    -2.99    2.39
-151628.911   120.331    -3.03    2.00
-151256.018   120.897     1.52    2.46
-150883.191   121.902     2.70    2.66
-150510.431   123.738     4.92    3.58
-150137.736   127.662    10.53    5.84
-149765.108   132.497    12.98    7.00
-149392.547   137.181    12.57    5.36
-149020.051   139.520     6.28    2.96
-148647.622   140.369     2.28    2.37
-148275.258   141.472     2.96    2.77
-147902.961   142.497     2.75    3.09
-147530.730   144.719     5.97    3.12
-147158.565   146.864     5.76    2.92
-146786.466   148.675     4.87    2.75
-146414.432   149.635     2.58    1.99
-146042.465   149.272    -0.97    2.17
-145670.564   148.360    -2.45    2.40
-145298.728   146.906    -3.91    2.75
-144926.958   144.155    -7.40    5.34
-144555.254   139.151   -13.46    8.43
-144183.616   134.010   -13.84    8.56
-143812.043   130.472    -9.52    6.66
-143440.536   128.666    -4.86    5.87
-143069.095   129.655     2.66    6.65
-142697.719   130.933     3.44    6.89
-142326.409   130.596    -0.91    6.50
-141955.164   129.856    -1.99    5.21
-141583.985   128.810    -2.82    5.21
-141212.871   128.472    -0.91    5.65
-140841.823   129.077     1.63    5.30
-140470.840   130.116     2.80    4.41
-140099.922   131.608     4.02    3.53
-139729.070   133.640     5.48    3.10
-139358.283   135.631     5.37    3.58
-138987.561   137.616     5.36    2.94
-138616.905   138.594     2.64    2.31
-138246.313   139.264     1.81    2.19
-137875.787   139.834     1.54    2.10
-137505.326   140.037     0.55    1.74
-137134.930   139.814    -0.60    1.60
-136764.599   139.939     0.34    1.85
-136394.333   139.911    -0.07    2.13
-136024.132   139.601    -0.84    2.32
-135653.995   139.546    -0.15    2.33
-135283.924   139.366    -0.48    2.47
-134913.918   140.070     1.90    2.48
-134543.976   141.369     3.51    2.93
-134174.099   142.544     3.18    3.01
-133804.287   143.254     1.92    3.01
-133434.540   143.560     0.83    3.21
-133064.858   143.297    -0.71    3.30
-132695.240   142.617    -1.84    3.40
-132325.686   142.092    -1.42    2.98
-131956.198   141.485    -1.64    2.24
-131586.774   141.295    -0.51    1.97
-131217.414   141.789     1.34    2.96
-130848.119   142.130     0.92    3.43
-130478.888   141.960    -0.46    3.79
-130109.722   141.310    -1.76    4.02
-129740.620   139.185    -5.76    2.87
-129371.582   138.372    -2.20    2.39
-129002.609   138.818     1.21    2.54
-128633.700   139.631     2.20    3.14
-128264.856   141.398     4.79    3.49
-127896.075   143.647     6.10    3.05
-127527.359   146.272     7.12    3.09
-127158.707   148.131     5.04    3.50
-126790.119   149.072     2.55    3.25
-126421.595   149.633     1.52    2.90
-126053.135   149.687     0.15    2.50
-125684.739   149.485    -0.55    2.66
-125316.407   149.295    -0.52    3.41
-124948.140   148.906    -1.05    3.54
-124579.936   147.856    -2.85    3.50
-124211.795   147.347    -1.38    4.09
-123843.719   147.274    -0.20    4.74
-123475.707   146.521    -2.05    5.47
-123107.758   146.472    -0.13    6.62
-122739.873   146.546     0.20    6.98
-122372.052   146.866     0.87    7.40
-122004.294   146.948     0.22    7.09
-121636.601   147.190     0.66    6.56
-121268.970   148.015     2.24    5.29
-120901.404   149.700     4.58    5.33
-120533.901   152.622     7.95    5.80
-120166.461   156.072     9.39    6.17
-119799.085   159.870    10.34    6.50
-119431.772   161.877     5.46    4.93
-119064.523   163.058     3.22    3.94
-118697.337   163.369     0.85    4.55
-118330.215   162.547    -2.24    5.24
-117963.155   162.558     0.03    5.83
-117596.159   162.299    -0.70    5.62
-117220.503   163.571     3.39    5.79
-116840.436   164.953     3.64    5.82
-116460.438   166.434     3.90    4.90
-116080.508   167.102     1.76    4.45
-115700.646   167.434     0.87    4.68
-115320.853   169.972     6.68    3.95
-114941.128   172.578     6.86    3.56
-114561.472   174.863     6.02    3.66
-114181.884   177.419     6.73    2.96
-113802.364   180.094     7.05    3.40
-113422.912   182.776     7.07    3.99
-113043.528   184.275     3.95    3.45
-112664.213   182.433    -4.85    6.12
-112284.965   178.756    -9.70    7.66
-111905.786   176.275    -6.54    7.70
-111526.674   175.806    -1.24    8.43
-111147.631   179.472     9.67    8.05
-110768.655   184.485    13.23    7.55
-110389.748   187.102     6.91    7.97
-110010.908   185.510    -4.20   10.02
-109632.136   182.460    -8.05   10.01
-109253.432   178.406   -10.71    8.74
-108874.795   178.533     0.34    7.57
-108496.227   181.978     9.10    7.12
-108117.726   184.021     5.40    5.22
-107739.292   184.472     1.19    3.22
-107360.926   185.620     3.04    3.97
-106982.628   187.910     6.05    4.00
-106604.397   189.147     3.27    3.80
-106226.234   191.597     6.48    4.65
-105848.138   194.410     7.44    4.95
-105470.110   194.657     0.65    5.09
-105092.149   191.147    -9.29    9.17
-104714.255   183.535   -20.15   11.38
-104336.429   177.331   -16.42    8.46
-103958.670   171.435   -15.61    6.40
-103580.978   170.173    -3.34    6.80
-103203.354   175.052    12.92   11.28
-102825.796   180.871    15.41   13.83
-102448.306   189.070    21.72   11.32
-102070.883   196.485    19.65    3.99
-101693.527   198.911     6.43    3.85
-101316.238   200.010     2.91    3.88
-100939.015   201.460     3.84    4.00
-100561.860   202.715     3.33    3.31
-100184.772   204.102     3.68    3.52
 -99807.751   205.097     2.64    3.81
 -99430.796   204.719    -1.00    4.43
 -99053.908   202.781    -5.14    5.47
 -98677.087   195.805   -18.51   10.01
 -98300.333   186.772   -23.98   12.48
 -97923.646   180.897   -15.60   10.78
 -97547.025   174.855   -16.04    7.95
 -97170.470   171.966    -7.67    9.21
 -96793.983   167.731   -11.25   10.60
 -96417.562   161.524   -16.49    8.95
 -96041.207   154.201   -19.46   10.57
 -95664.919   147.420   -18.02   11.68
 -95288.698   141.324   -16.20   11.89
 -94912.542   135.669   -15.04    8.99
 -94536.454   134.373    -3.44    7.30
 -94160.431   136.064     4.49    9.82
 -93784.475   144.326    21.98   16.40
 -93408.585   155.030    28.48   18.84
 -93032.762   168.917    36.95   20.70
 -92657.004   184.134    40.50   16.98
 -92281.313   195.285    29.68   13.08
 -91905.688   203.953    23.08    7.74
 -91530.129   208.361    11.74    5.12
 -91154.636   211.168     7.48    2.99
 -90779.209   211.806     1.70    2.20
 -90403.848   211.215    -1.57    2.47
 -90028.553   209.282    -5.15    4.45
 -89653.324   204.349   -13.15    7.01
 -89278.161   198.522   -15.53    9.36
 -88903.064   192.534   -15.96    8.88
 -88528.032   190.810    -4.60    7.68
 -88153.067   194.172     8.97   10.09
 -87778.167   200.510    16.91   10.95
 -87403.332   207.110    17.61    8.13
 -87028.564   211.345    11.30    4.11
 -86653.861   211.485     0.37    4.55
 -86279.224   208.985    -6.67    5.43
 -85904.652   206.085    -7.74    5.48
 -85530.146   204.394    -4.52    4.37
 -85155.706   207.094     7.21    6.64
 -84781.330   211.208    10.99    6.71
 -84407.021   213.843     7.04    4.39
 -84032.776   214.498     1.75    3.58
 -83658.598   213.558    -2.51    3.35
 -83284.484   212.214    -3.59    3.12
 -82910.436   210.707    -4.03    4.49
 -82536.453   208.892    -4.85    5.05
 -82162.535   205.830    -8.19    5.76
 -81788.682   200.565   -14.09    7.26
 -81414.895   193.910   -17.81    9.19
 -81041.173   185.129   -23.50   10.96
 -80667.516   176.164   -24.00   11.33
 -80293.923   170.333   -15.61    7.74
 -79920.396   171.028     1.86    7.32
 -79546.934   175.757    12.66    7.90
 -79173.537   180.160    11.79    5.58
 -78800.205   181.147     2.64    4.34
 -78426.938   178.997    -5.76    4.09
 -78053.735   177.295    -4.56    4.46
 -77680.598   176.022    -3.41    4.87
 -77307.525   173.831    -5.87    5.73
 -76934.517   171.097    -7.33    5.88
 -76561.573   167.410    -9.89    5.44
 -76188.695   162.855   -12.22    6.73
 -75815.881   156.947   -15.85    8.54
 -75443.131   151.110   -15.66    8.97
 -75070.447   144.895   -16.68    6.89
 -74697.826   141.953    -7.90    4.71
 -74325.271   142.210     0.69    4.63
 -73952.779   144.299     5.61    5.18
 -73580.353   147.497     8.59    6.15
 -73207.990   152.472    13.36    8.30
 -72835.692   160.524    21.63   10.69
 -72463.459   167.844    19.67   11.10
 -72091.289   177.003    24.61    8.44
 -71719.184   182.324    14.30    5.16
 -71347.144   185.139     7.57    3.29
 -70975.167   185.781     1.73    2.77
 -70603.255   185.728    -0.14    2.83
 -70231.406   184.779    -2.55    2.76
 -69859.622   183.559    -3.28    2.48
 -69487.902   183.892     0.90    2.90
 -69116.246   184.485     1.59    3.10
 -68744.654   185.596     2.99    3.59
 -68373.126   185.472    -0.33    3.99
 -68001.662   184.356    -3.00    3.85
 -67630.262   182.347    -5.41    3.69
 -67258.926   181.015    -3.59    4.15
 -66887.654   179.546    -3.96    4.83
 -66516.445   177.814    -4.67    4.53
 -66145.301   177.036    -2.10    3.93
 -65774.220   177.113     0.21    4.05
 -65403.202   176.890    -0.60    4.53
 -65032.249   177.447     1.50    4.46
 -64661.359   178.559     3.00    4.98
 -64290.532   180.660     5.67    4.46
 -63919.770   182.946     6.17    4.88
 -63549.070   182.195    -2.03    6.23
 -63178.435   180.636    -4.21    7.13
 -62807.863   178.847    -4.83    6.37
 -62437.354   177.102    -4.71    3.55
 -62066.909   178.322     3.29    3.01
 -61696.527   179.877     4.20    2.14
 -61326.208   181.588     4.62    3.32
 -60955.953   185.143     9.60    6.33
 -60585.761   190.047    13.25    8.03
 -60215.632   196.509    17.46    8.89
 -59845.567   201.897    14.56    8.37
 -59475.565   206.725    13.05    5.97
 -59105.626   209.649     7.90    4.72
 -58735.750   212.536     7.80    5.36
 -58365.937   215.085     6.89    5.24
 -57996.187   217.830     7.43    4.38
 -57626.500   220.397     6.94    3.83
 -57256.876   221.792     3.77    3.06
 -56887.316   221.797     0.01    3.22
 -56517.818   220.561    -3.34    4.46
 -56148.383   218.712    -5.01    5.83
 -55779.011   214.395   -11.69    7.28
 -55409.701   209.349   -13.66    8.57
 -55040.455   204.600   -12.86    7.95
 -54671.271   198.035   -17.78    8.81
 -54302.150   190.050   -21.63    8.68
 -53933.092   184.010   -16.37    8.46
 -53564.096   179.074   -13.38    7.00
 -53195.163   175.810    -8.85    7.01
 -52826.293   173.895    -5.19    6.33
 -52457.485   177.485     9.73    7.94
 -52088.740   184.998    20.38   14.20
 -51720.057   195.172    27.60   14.89
 -51351.437   201.822    18.04    9.52
 -50982.879   198.472    -9.09   12.78
 -50614.384   189.285   -24.93   14.05
 -50245.951   179.645   -26.16   11.38
 -49877.580   173.241   -17.38    5.18
 -49509.272   175.435     5.96    8.37
 -49141.026   182.998    20.54   13.56
 -48772.842   193.670    28.99   15.44
 -48404.721   201.669    21.73   11.22
 -48036.662   204.622     8.02    7.50
 -47668.664   205.064     1.20    6.08
 -47300.729   205.510     1.21    5.82
 -46932.857   207.116     4.37    6.79
 -46565.046   212.712    15.22    9.37
 -46197.297   219.715    19.04   11.54
 -45829.610   225.360    15.35   10.01
 -45461.985   229.561    11.43    7.14
 -45094.422   229.421    -0.38    7.96
 -44726.921   223.433   -16.30   10.69
 -44359.482   214.100   -25.40   12.66
 -43992.105   208.269   -15.87   11.47
 -43624.789   205.810    -6.70   10.44
 -43257.536   209.160     9.12   14.14
 -42890.344   217.023    21.42   15.42
 -42517.841   224.279    19.48   11.61
 -42137.915   227.056     7.31    7.79
 -41758.055   225.754    -3.43    8.73
 -41378.262   220.674   -13.37    8.38
 -40998.535   217.105    -9.40    7.80
 -40618.875   211.991   -13.47    9.25
 -40239.282   204.458   -19.85   11.73
 -39859.755   199.997   -11.75   13.46
 -39480.294   195.160   -12.75   16.11
 -39100.900   192.085    -8.11   17.46
 -38721.572   185.908   -16.28   18.10
 -38342.311   177.860   -21.22   14.09
 -37963.116   169.548   -21.92   12.69
 -37583.987   158.844   -28.23   13.99
 -37204.925   146.138   -33.52   17.27
 -36825.928   134.913   -29.62   13.99
 -36446.998   128.193   -17.73   11.41
 -36068.134   135.626    19.62   25.44
 -35689.336   162.459    70.84   46.61
 -35310.604   195.485    87.20   48.40
 -34931.938   209.110    35.98   33.69
 -34553.339   203.525   -14.75   39.11
 -34174.805   172.622   -81.64   48.63
 -33796.337   144.445   -74.45   29.53
 -33417.935   148.042     9.51   34.34
 -33039.599   159.864    31.25   37.55
 -32661.328   173.690    36.55   29.17
 -32283.124   180.779    18.75   21.49
 -31904.985   175.195   -14.77   19.35
 -31526.912   171.826    -8.91   17.87
 -31148.904   176.344    11.95   21.33
 -30770.963   186.561    27.03   28.00
 -30393.087   206.080    51.66   30.34
 -30015.276   228.262    58.72   19.98
 -29637.531   236.782    22.55   12.10
 -29259.852   235.398    -3.66   12.12
 -28882.238   229.701   -15.09   14.41
 -28504.689   224.310   -14.28   13.15
 -28127.206   215.666   -22.90   14.19
 -27749.788   211.750   -10.38   15.15
 -27372.436   207.225   -11.99   18.02
 -26995.149   197.244   -26.45   21.66
 -26617.927   190.446   -18.02   23.14
 -26240.770   185.369   -13.46   18.82
 -25863.679   184.318    -2.79   16.18
 -25486.653   189.547    13.87   16.13
 -25109.692   198.247    23.08   13.23
 -24732.796   204.203    15.80   13.40
 -24355.965   207.282     8.17   10.50
 -23979.199   203.103   -11.09    9.84
 -23602.498   197.235   -15.58    8.30
 -23225.862   191.539   -15.12    5.91
 -22849.291   187.810    -9.90    6.15
 -22472.785   184.174    -9.66    7.02
 -22096.344   181.797    -6.31    7.21
 -21719.968   180.431    -3.63    6.70
 -21343.656   180.085    -0.92    6.06
 -20967.410   177.261    -7.51   11.99
 -20591.228   167.649   -25.55   20.84
 -20215.110   154.173   -35.83   24.44
 -19839.058   145.672   -22.61   20.21
 -19463.070   141.396   -11.37   15.00
 -19087.146   142.574     3.13   14.18
 -18711.287   146.601    10.71   13.14
 -18335.493   147.735     3.02   11.09
 -17959.763   147.792     0.15    9.26
 -17584.098   149.087     3.45    8.81
 -17208.497   155.203    16.28    9.72
 -16832.960   162.231    18.72    7.22
 -16457.488   167.241    13.34    5.21
 -16082.080   170.945     9.87    4.50
 -15706.737   174.035     8.23    4.37
 -15331.458   176.197     5.76    3.26
 -14956.243   174.085    -5.63    6.00
 -14581.092   169.876   -11.22    7.85
 -14206.005   163.874   -16.00    8.29
 -13830.983   157.728   -16.39    6.83
 -13456.024   153.660   -10.85    5.69
 -13081.130   150.885    -7.40    4.78
 -12706.299   149.997    -2.37    4.91
 -12331.533   150.866     2.32    5.45
 -11956.831   152.677     4.83    5.35
 -11582.192   152.959     0.75    6.70
 -11207.618   145.409   -20.16   17.55
 -10833.107   132.908   -33.38   21.96
 -10458.660   123.877   -24.12   18.16
 -10084.277   121.077    -7.48   14.55
  -9709.958   127.818    18.01   15.84
  -9335.702   140.792    34.67   12.68
  -8961.511   149.472    23.20    8.37
  -8587.382   153.297    10.22    5.22
  -8213.318   152.922    -1.00    5.36
  -7839.317   149.004   -10.48    7.69
  -7465.380   145.024   -10.64    6.77
  -7091.506   143.097    -5.15    5.01
  -6717.696   144.090     2.66    4.71
  -6343.949   144.940     2.28    3.88
  -5970.265   143.920    -2.73    4.57
  -5596.645   135.082   -23.66   16.76
  -5223.089   120.485   -39.08   31.03
  -4849.596    93.978   -70.97   48.87
  -4476.166    63.539   -81.51   52.22
  -4102.799    35.735   -74.47   45.38
  -3729.496    10.444   -67.75   20.84
  -3356.255     2.035   -22.53    7.82
  -2983.078    -0.036    -5.55    2.54
  -2609.965     1.835     5.02    6.72
  -2236.914     5.336     9.38    9.28
  -1863.926     9.560    11.32   10.40
  -1491.002    11.937     6.37    9.92
  -1118.140    10.497    -3.86    9.96
   -745.341     6.579   -10.51    9.46
   -372.606     2.700   -10.41    6.67
      0.067    -0.342    -8.16    0.81
    372.677    -0.515    -0.47    0.00
    745.224     1.338     4.97    9.36
   1117.708    14.307    34.82   27.52
   1490.129    31.485    46.12   36.06
   1862.488    46.847    41.26   34.17
   2234.784    62.245    41.36   22.82
   2607.017    67.446    13.97   11.12
   2979.187    67.651     0.55    7.12
   3351.295    66.913    -1.98    7.02
   3723.340    73.095    16.62   18.65
   4095.323    93.674    55.32   42.11
   4467.243   126.485    88.22   53.97
   4839.101   155.210    77.25   49.65
   5210.896   187.616    87.16   26.47
   5582.629   198.562    29.45   10.79
   5954.299   202.624    10.93    6.45
   6325.907   205.004     6.40    5.28
   6697.452   206.818     4.88    4.03
   7068.936   207.796     2.63    3.25
   7440.357   206.757    -2.80    4.69
   7811.715   203.779    -8.02    6.49
   8183.012   200.142    -9.80    5.62
   8554.246   196.861    -8.84    3.78
   8925.418   193.624    -8.72    5.35
   9296.528   191.155    -6.65    5.54
   9667.576   189.890    -3.41    4.35
  10038.562   190.861     2.62    5.11
  10409.486   195.221    11.75    7.27
  10780.348   198.932    10.01    6.64
  11151.148   201.682     7.42    5.15
  11521.885   202.731     2.83    4.40
  11892.562   202.535    -0.53    4.37
  12263.176   200.080    -6.63    5.64
  12633.728   198.660    -3.83    5.37
  13004.218   198.446    -0.58    4.94
  13374.647   197.432    -2.74    4.27
  13745.014   196.642    -2.13    4.46
  14115.319   194.629    -5.44    5.15
  14485.563   193.991    -1.72    5.38
  14855.745   195.292     3.51    7.23
  15225.865   196.160     2.34    9.26
  15595.924   193.307    -7.71   11.56
  15965.921   187.882   -14.66   13.65
  16335.856   181.121   -18.28   11.45
  16705.730   177.651    -9.38    6.71
  17075.543   176.708    -2.55    5.08
  17445.294   177.100     1.06    5.51
  17814.984   175.394    -4.62    6.07
  18184.612   174.292    -2.98    5.99
  18554.179   175.972     4.55    6.26
  18923.685   180.383    11.94    8.82
  19293.129   188.303    21.44   11.62
  19662.512   194.575    16.98   10.76
  20031.834   198.653    11.04    7.64
  20401.095   198.636    -0.05    6.99
  20770.295   195.366    -8.86    7.99
  21139.433   192.108    -8.83    8.75
  21508.511   187.147   -13.44    9.45
  21877.527   183.257   -10.54    9.39
  22246.482   178.290   -13.46   12.81
  22615.376   170.523   -21.05   20.84
  22984.210   145.511   -67.81   49.09
  23352.982   116.410   -78.91   59.07
  23721.693    84.156   -87.48   51.52
  24090.344    66.598   -47.62   32.40
  24458.934    59.932   -18.09   20.78
  24827.462    66.043    16.58   24.33
  25195.930    71.408    14.56   30.01
  25564.338    78.169    18.35   33.32
  25932.684    88.085    26.92   32.68
  26300.970   102.747    39.81   34.71
  26669.195   126.430    64.31   29.86
  27037.360   149.647    63.06   28.16
  27405.464   170.768    57.38   18.66
  27773.507   182.869    32.88   14.47
  28141.490   190.950    21.96   13.62
  28509.412   201.004    27.33   16.22
  28877.274   213.768    34.70   15.90
  29245.075   226.797    35.42   15.62
  29612.816   238.444    31.67   14.18
  29980.497   245.185    18.33   13.02
  30348.117   247.334     5.85   16.53
  30715.677   244.573    -7.51   19.85
  31083.176   241.863    -7.37   18.34
  31450.615   242.340     1.30   15.06
  31817.994   244.614     6.19   16.54
  32187.595   247.327     7.34   18.59
  32567.385   250.252     7.70   20.29
  32947.111   253.047     7.36   17.62
  33326.772   255.748     7.12   14.29
  33706.368   261.297    14.62   12.35
  34085.900   267.903    17.41   12.30
  34465.366   276.164    21.77   13.87
  34844.768   287.715    30.45   15.45
  35224.105   298.434    28.26   13.69
  35603.378   304.744    16.64    8.78
  35982.585   305.342     1.58    8.30
  36361.729   300.946   -11.59   10.98
  36740.807   295.018   -15.64   11.45
  37119.822   289.597   -14.30   12.19
  37498.771   282.950   -17.54   13.34
  37877.656   274.890   -21.27   15.86
  38256.477   264.106   -28.46   16.99
  38635.234   252.787   -29.88   18.75
  39013.926   239.640   -34.72   19.12
  39392.553   229.913   -25.69   15.28
  39771.117   221.277   -22.81   13.20
  40149.616   216.911   -11.53   14.16
  40528.051   213.126   -10.00   17.65
  40906.421   205.406   -20.40   16.58
  41284.728   200.738   -12.34   13.62
  41662.970   204.831    10.82   18.96
  42041.149   221.511    44.10   27.92
  42419.263   242.929    56.64   27.04
  42797.313   266.445    62.20   25.74
  43175.299   285.169    49.54   22.82
  43553.222   297.164    31.74   19.13
  43931.080   303.925    17.89   16.27
  44308.874   303.219    -1.87   14.45
  44686.605   295.578   -20.23   19.78
  45064.272   281.043   -38.48   27.72
  45441.874   263.177   -47.31   27.25
  45819.414   255.677   -19.86   24.59
  46196.889   256.472     2.11   28.75
  46574.301   257.913     3.82   35.11
  46951.649   256.356    -4.13   39.79
  47328.933   248.390   -21.11   40.07
  47706.154   236.222   -32.26   31.89
  48083.311   227.957   -21.91   20.50
  48460.405   228.978     2.71   16.76
  48837.435   237.605    22.88   22.61
  49214.401   252.705    40.06   27.64
  49591.305   270.082    46.10   25.00
  49968.144   284.605    38.54   17.78
  50344.921   294.061    25.10   13.66
  50721.634   300.861    18.05   13.70
  51098.284   308.796    21.07   15.65
  51474.870   316.285    19.88   15.40
  51851.393   325.754    25.15   14.48
  52227.853   333.406    20.32   12.97
  52604.250   340.844    19.76   10.20
  52980.584   344.300     9.19    8.15
  53356.854   344.866     1.50    9.26
  53733.062   339.400   -14.53   15.46
  54109.206   329.392   -26.60   20.23
  54485.287   322.985   -17.04   18.41
  54861.306   328.257    14.02   20.19
  55237.261   337.389    24.29   20.37
  55613.154   346.897    25.29   17.89
  55988.983   352.765    15.61   15.35
  56364.750   359.254    17.27   17.19
  56740.454   364.738    14.60   15.18
  57116.095   365.511     2.06   12.00
  57491.673   356.651   -23.59   20.06
  57867.189   337.664   -50.56   27.97
  58242.642   309.254   -75.67   34.88
  58618.032   279.303   -79.78   39.82
  58993.359   251.664   -73.64   30.54
  59368.624   244.103   -20.15   23.70
  59743.826   265.636    57.39   43.60
  60118.966   299.498    90.26   45.73
  60494.044   328.203    76.53   32.91
  60869.058   346.066    47.63   16.77
  61244.011   358.669    33.61   16.98
  61618.901   366.756    21.57   16.04
  61993.728   369.340     6.89   14.85
  62368.493   360.567   -23.41   26.99
  62743.196   338.279   -59.48   38.08
  63117.837   316.552   -57.99   34.61
  63492.415   311.560   -13.33   28.48
  63866.931   318.741    19.18   29.93
  64241.385   330.953    32.61   28.72
  64615.776   341.738    28.81   20.88
  64990.106   346.017    11.43   18.20
  65364.373   348.394     6.35   16.98
  65738.578   354.485    16.28   15.26
  66112.722   362.848    22.35   12.30
  66486.803   364.356     4.03   13.07
  66860.822   358.965   -14.41   20.51
  67234.780   352.738   -16.65   21.23
  67608.675   352.395    -0.92   19.54
  67982.509   355.045     7.09   16.65
  68356.280   356.613     4.20   16.61
  68729.990   352.738   -10.37   21.99
  69103.638   344.900   -20.98   20.46
  69477.224   340.169   -12.66   17.50
  69850.749   339.446    -1.94   17.30
  70224.212   340.836     3.72   15.92
  70597.613   341.590     2.02   12.39
  70970.952   344.498     7.79   10.99
  71344.230   353.345    23.70   15.80
  71717.447   366.137    34.27   16.78
  72090.601   377.459    30.34   16.78
  72463.695   388.665    30.03   16.61
  72836.726   399.754    29.72   14.50
  73209.697   407.293    20.21   11.40
  73582.606   410.721     9.19    6.84
  73955.453   410.318    -1.08    5.18
  74328.239   409.485    -2.24    4.79
  74700.964   411.498     5.40    7.33
  75073.628   418.138    17.82   10.40
  75446.230   425.418    19.54    8.21
  75818.771   428.966     9.52    6.42
  76191.251   430.885     5.15    7.64
  76563.669   430.409    -1.28    9.48
  76936.027   429.392    -2.73    9.64
  77308.323   428.264    -3.03   10.56
  77680.558   425.900    -6.35   11.87
  78052.732   423.926    -5.30   12.35
  78424.846   424.264     0.91   12.32
  78796.898   424.264     0.00   11.09
  79168.889   425.818     4.18    9.07
  79540.819   428.277     6.61    7.43
  79912.689   430.366     5.62    6.39
  80284.497   432.138     4.76    5.75
  80656.245   432.853     1.92    6.54
  81027.931   432.485    -0.99    8.24
  81399.557   430.978    -4.05    9.91
  81771.123   429.248    -4.66   11.75
  82142.627   426.156    -8.32   13.33
  82514.071   422.564    -9.67   14.65
  82885.454   418.045   -12.17   14.73
  83256.777   413.774   -11.50   14.59
  83628.039   409.300   -12.05   13.57
  83999.240   404.965   -11.68   11.16
  84370.381   399.972   -13.45    9.57
  84741.461   396.111   -10.40    7.72
  85112.481   393.203    -7.84    6.15
  85483.441   390.931    -6.12    5.42
  85854.340   389.190    -4.69    6.03
  86225.178   387.845    -3.63    7.34
  86595.956   386.861    -2.65    8.10
  86966.674   385.765    -2.96    9.38
  87337.332   385.658    -0.29    9.95
  87707.929   385.228    -1.16    9.35
  88078.466   387.071     4.97    9.77
  88448.943   388.836     4.76   11.10
  88819.360   391.856     8.15   12.62
  89189.716   394.890     8.19   12.95
  89560.012   396.385     4.04   12.54
  89930.249   395.593    -2.14   10.85
  90300.425   391.345   -11.47   11.06
  90670.541   386.849   -12.15    9.29
  91040.597   385.156    -4.58    7.58
  91410.593   386.593     3.88    9.15
  91780.530   390.511    10.59   10.79
  92150.406   391.330     2.21   11.20
  92520.222   389.340    -5.38   10.29
  92889.979   388.147    -3.23   10.69
  93259.676   392.761    12.48   15.01
  93629.313   396.363     9.74   15.77
  93998.890   395.700    -1.79   16.09
  94368.407   394.120    -4.28   14.65
  94737.865   393.985    -0.37   14.58
  95107.263   396.728     7.43   15.96
  95476.602   402.703    16.18   16.77
  95845.880   409.566    18.58   17.40
  96215.100   417.805    22.31   19.81
  96584.259   426.066    22.38   19.16
  96953.359   434.138    21.87   16.15
  97322.400   437.896    10.18   12.15
  97691.381   438.471     1.56    7.18
  98060.303   436.349    -5.75    6.20
  98429.165   431.754   -12.46    6.09
  98797.968   427.201   -12.34    5.16
  99166.711   423.307   -10.56    4.09
  99535.395   420.498    -7.62    3.37
  99904.020   419.728    -2.09    3.99
 100272.586   418.818    -2.47    5.05
 100641.092   415.653    -8.59    8.16
 101009.539   410.445   -14.14   11.25
 101377.927   404.498   -16.14   11.80
 101746.256   398.858   -15.31   11.61
 102114.526   392.676   -16.78   14.23
 102482.736   388.039   -12.59   16.71
 102850.888   383.235   -13.05   19.34
 103218.980   381.156    -5.65   20.18
 103587.014   379.177    -5.38   20.27
 103954.988   379.751     1.56   19.40
 104322.904   378.238    -4.11   17.53
 104690.760   377.444    -2.16   16.11
 105058.558   374.037    -9.26   14.81
 105426.297   369.351   -12.74   15.01
 105793.977   362.848   -17.69   13.00
 106161.598   355.303   -20.52   15.20
 106529.160   343.030   -33.39   19.09
 106896.664   332.432   -28.84   18.78
 107275.767   323.818   -22.72   13.39
 107655.360   323.018    -2.11   11.77
 108034.889   327.685    12.29   17.74
 108414.355   336.567    23.40   23.81
 108793.758   340.090     9.28   23.28
 109173.098   343.151     8.07   21.97
 109552.375   343.285     0.35   18.36
 109931.589   344.985     4.48   18.01
 110310.740   350.715    15.11   20.63
 110689.828   353.685     7.83   21.22
 111068.853   356.251     6.77   20.43
 111447.816   354.642    -4.24   15.17
 111826.715   356.647     5.29   13.03
 112205.552   361.052    11.63   16.89
 112584.326   367.046    15.82   20.09
 112963.037   370.814     9.95   19.50
 113341.686   372.137     3.50   15.32
 113720.272   371.945    -0.51    9.73
 114098.795   377.128    13.69   11.24
 114477.256   385.933    23.26   17.34
 114855.654   396.658    28.34   18.54
 115233.989   407.251    28.00   16.47
 115612.262   417.174    26.23   14.12
 115990.473   424.338    18.94   13.52
 116368.621   432.303    21.06   15.21
 116746.707   438.991    17.69   15.13
 117124.730   446.778    20.60   13.14
 117502.691   453.896    18.83   12.47
 117880.589   465.735    31.33   16.26
 118258.426   477.170    30.26   16.15
 118636.200   487.445    27.19   13.04
 119013.912   495.593    21.57    6.90
 119391.561   495.800     0.55    7.31
 119769.149   493.031    -7.33    8.89
 120146.674   488.705   -11.46    8.74
 120524.137   483.431   -13.97    7.93
 120901.538   478.174   -13.93    7.83
 121278.878   472.056   -16.21    7.89
 121656.155   467.579   -11.86    7.44
 122033.370   463.613   -10.51    7.74
 122410.523   461.444    -5.75   10.87
 122787.614   456.978   -11.84   12.06
 123164.644   452.554   -11.73   12.32
 123541.611   446.616   -15.75   10.75
 123918.517   443.185    -9.10   11.18
 124295.361   439.511    -9.75   11.99
 124672.143   437.282    -5.92   15.28
 125048.863   434.085    -8.49   18.80
 125425.522   429.871   -11.18   21.46
 125802.119   425.274   -12.21   20.87
 126178.654   421.978    -8.75   20.57
 126555.128   423.071     2.90   21.76
 126931.540   427.251    11.10   24.27
 127307.891   435.106    20.87   27.99
 127684.180   446.074    29.14   31.40
 128060.407   453.745    20.39   31.36
 128436.574   459.300    14.77   28.66
 128812.678   456.865    -6.47   28.15
 129188.722   456.761    -0.28   25.93
 129564.704   454.570    -5.83   23.10
 129940.624   455.898     3.53   19.54
 130316.484   455.123    -2.06   18.15
 130692.282   456.471     3.59   16.76
 131068.018   454.676    -4.78   16.77
 131443.694   448.971   -15.18   19.54
 131819.308   431.391   -46.80   33.00
 132194.862   406.379   -66.59   42.92
 132570.354   376.327   -80.03   38.94
 132945.785   355.711   -54.91   24.36
 133321.155   346.212   -25.30    9.50
 133696.464   353.133    18.44   18.15
 134071.712   373.731    54.89   30.14
 134446.899   399.156    67.76   30.82
 134822.025   419.629    54.57   20.56
 135197.090   429.189    25.48   12.74
 135572.094   432.261     8.19   13.25
 135947.038   435.827     9.51   14.67
 136321.920   444.037    21.90   17.28
 136696.742   456.597    33.51   18.22
 137071.503   469.805    35.24   17.90
 137446.203   483.187    35.71   16.88
 137820.843   493.782    28.28   13.95
 138195.422   502.782    24.02   11.57
 138569.940   506.932    11.08    8.04
 138944.398   506.631    -0.80    6.42
 139318.795   503.221    -9.11    7.07
 139693.131   500.165    -8.17    6.80
 140067.407   500.403     0.64    8.72
 140441.623   503.537     8.37    9.52
 140815.778   507.606    10.87    8.94
 141189.873   512.614    13.39    8.18
 141563.907   517.079    11.94    6.78
 141937.881   519.848     7.40    5.69
 142311.794   519.525    -0.86    7.98
 142685.648   515.898    -9.70   11.61
 143059.441   510.213   -15.21   13.83
 143433.173   506.138   -10.90   14.09
 143806.846   500.070   -16.24   17.14
 144180.458   492.391   -20.55   19.54
 144554.010   481.713   -28.58   22.97
 144927.502   470.340   -30.45   24.75
 145300.934   459.651   -28.62   25.91
 145674.306   452.711   -18.59   25.08
 146047.617   444.958   -20.77   24.66
 146420.869   438.318   -17.79   20.92
 146794.061   430.755   -20.26   15.92
 147167.193   425.887   -13.04   12.14
 147540.265   424.390    -4.01   11.11
 147913.276   427.642     8.72   14.03
 148286.229   439.174    30.92   20.77
 148659.121   456.419    46.24   27.14
 149031.953   475.858    52.13   26.04
 149404.726   488.822    34.77   20.98
 149777.439   494.590    15.47   22.05
 150150.092   492.245    -6.29   25.67
 150522.685   492.579     0.90   23.42
 150895.219   498.390    15.60   20.89
 151267.693   506.594    22.02   16.12
 151640.108   510.876    11.50   10.87
 152012.463   506.676   -11.28   15.42
 152384.758   493.909   -34.29   23.33
 152756.994   474.005   -53.47   26.04
 153129.171   455.782   -48.96   22.44
 153501.288   441.898   -37.31   17.10
 153873.345   433.068   -23.73   10.81
 154245.344   429.564    -9.42    9.20
 154617.282   429.762     0.53   11.42
 154989.162   430.485     1.94   13.79
 155360.982   432.387     5.12   15.28
 155732.743   437.382    13.43   17.61
 156104.444   442.721    14.36   18.86
 156476.087   446.285     9.59   16.58
 156847.670   444.104    -5.87   17.96
 157219.194   444.111     0.02   16.40
 157590.659   443.832    -0.75   17.26
 157962.064   448.765    13.28   19.71
 158333.411   453.942    13.94   19.51
 158704.698   455.322     3.72   17.71
 159075.927   453.978    -3.62   16.34
 159447.097   451.854    -5.72   15.31
 159818.207   448.498    -9.04   16.33
 160189.259   444.539   -10.67   17.36
 160560.251   442.676    -5.02   20.86
 160931.185   443.085     1.10   23.99
 161302.060   445.349     6.11   26.59
 161672.876   452.238    18.57   27.59
 162043.634   463.938    31.55   26.89
 162414.332   476.238    33.18   22.31
 162784.972   485.539    25.09   15.08
 163155.553   484.840    -1.89   15.41
 163526.076   481.052   -10.22   15.60
 163896.539   479.485    -4.23   13.66
 164266.945   479.471    -0.04    9.70
 164637.291   478.524    -2.56    8.90
 165007.579   474.445   -11.02   10.68
 165377.809   467.458   -18.87   12.01
 165747.980   458.863   -23.22   14.01
 166118.092   450.340   -23.03   17.53
 166488.146   440.218   -27.35   20.84
 166858.141   433.353   -18.55   22.95
 167228.079   427.778   -15.07   26.68
 167597.957   423.111   -12.61   28.81
 167967.778   419.485    -9.81   30.53
 168337.540   414.765   -12.76   31.75
 168707.244   405.174   -25.94   33.81
 169076.889   394.485   -28.91   36.13
 169446.477   373.261   -57.42   42.37
 169816.006   348.336   -67.44   47.58
 170185.477   312.431   -97.16   51.73
 170554.889   279.863   -88.15   44.57
 170924.244   253.911   -70.25   25.24
 171293.541   250.471    -9.31   21.05
 171662.779   264.898    39.07   30.95
 172031.960   290.485    69.30   34.27
 172401.082   320.782    82.07   31.48
 172770.147   350.998    81.86   33.14
 173139.153   382.591    85.60   36.77
 173508.102   413.444    83.61   36.52
 173876.993   440.577    73.54   31.57
 174245.825   457.991    47.21   20.53
 174614.600   463.525    15.00   15.36
 174983.318   459.782   -10.15   22.73
 175351.977   452.248   -20.43   27.64
 175720.579   449.079    -8.59   28.93
 176089.122   453.012    10.67   23.50
 176457.609   456.327     9.00   16.27
 176826.037   453.444    -7.82   13.97
 177194.408   446.818   -17.98   18.03
 177562.721   431.845   -40.65   24.41
 177930.977   417.898   -37.87   26.65
 178299.175   399.931   -48.79   28.13
 178667.316   387.287   -34.34   29.16
 179035.399   374.178   -35.61   27.77
 179403.424   365.591   -23.33   27.79
 179771.392   366.958     3.71   37.48
 180139.303   370.191     8.79   41.41
 180507.156   365.349   -13.16   43.04
 180874.952   351.365   -38.02   46.12
 181242.691   327.849   -63.94   45.00
 181610.372   311.858   -43.49   38.67
 181986.733   304.958   -18.33   38.65
 182366.197   303.566    -3.67   44.76
 182745.601   299.642   -10.34   45.98
 183124.942   291.498   -21.47   41.56
 183504.223   280.103   -30.04   30.87
 183883.442   280.346     0.64   32.98
 184262.600   289.471    24.06   47.14
 184641.696   292.786     8.74   48.87
 185020.731   279.978   -33.79   52.49
 185399.705   262.498   -46.12   50.32
 185778.617   250.818   -30.82   46.27
 186157.469   251.485     1.76   51.67
 186536.259   261.133    25.47   60.93
 186914.988   270.224    24.00   62.14
 187293.656   268.456    -4.67   56.81
 187672.263   252.498   -42.14   49.32
 188050.808   232.599   -52.56   37.18
 188429.293   227.925   -12.35   31.33
 188807.717   248.780    55.10   52.64
 189186.080   293.443   118.02   66.35
 189564.382   345.334   137.14   52.65
 189942.623   377.525    85.09   39.95
 190320.803   403.005    67.36   31.96
 190698.922   417.890    39.36   26.36
 191076.980   427.231    24.70   17.53
 191454.978   427.978     1.97   15.00
 191832.915   415.045   -34.21   23.25
 192210.791   396.076   -50.19   22.45
 192588.607   387.445   -22.84   16.85
 192966.362   388.062     1.63   19.44
 193344.056   405.095    45.09   26.97
 193721.689   421.637    43.80   22.20
 194099.262   428.116    17.16   20.15
 194476.775   427.309    -2.14   20.71
 194854.227   423.160   -10.99   17.57
 195231.618   418.687   -11.85   18.12
 195608.949   415.579    -8.24   22.62
 195986.220   415.050    -1.40   22.74
 196363.430   416.375     3.51   21.76
 196740.580   424.831    22.42   17.02
 197117.670   428.963    10.96   14.68
 197494.699   426.471    -6.61   18.43
 197871.668   417.413   -24.02   19.35
 198248.576   410.165   -19.23   17.53
 198625.425   402.854   -19.39   16.81
 199002.213   398.079   -12.67   16.45
 199378.941   392.309   -15.31   15.50
 199755.609   393.606     3.44   19.60
 200132.217   398.606    13.27   21.97
 200508.765   401.841     8.59   19.80
 200885.253   399.526    -6.15   20.90
 201261.680   394.401   -13.61   21.56
 201638.048   393.944    -1.21   22.02
 202014.356   400.738    18.05   23.09
 202390.604   410.738    26.57   20.60
 202766.792   420.670    26.40   19.22
 203142.920   432.405    31.19   16.54
 203518.988   439.313    18.37   11.92
 203894.997   435.917    -9.03   13.37
 204270.945   422.759   -34.99   20.64
 204646.834   408.485   -37.97   22.57
 205022.663   396.457   -32.00   17.62
 205398.433   394.965    -3.97   17.73
 205774.143   399.978    13.34   17.96
 206149.793   402.265     6.09   16.18
 206525.384   399.458    -7.47   17.11
 206900.915   396.019    -9.16   17.08
 207276.386   400.524    12.00   18.96
 207651.798   407.582    18.80   15.11
 208027.151   407.858     0.74   15.46
 208402.444   400.401   -19.87   19.80
 208777.677   396.174   -11.26   21.87
 209152.851   390.679   -14.64   24.39
 209527.966   384.590   -16.23   21.26
 209903.022   373.207   -30.34   22.58
 210278.018   360.814   -33.04   21.78
 210652.955   355.917   -13.06   23.92
 211027.832   358.498     6.88   29.58
 211402.651   367.120    23.00   32.66
 211777.410   371.174    10.82   32.23
 212152.110   363.417   -20.70   31.24
 212526.750   354.608   -23.51   27.52
 212901.332   347.765   -18.27   24.17
 213275.855   341.046   -17.94   20.11
 213650.318   336.498   -12.14   18.26
 214024.723   334.597    -5.08   16.64
 214399.068   331.898    -7.21   13.18
 214773.355   333.338     3.85   12.24
 215147.583   340.658    19.56   18.88
 215521.751   349.132    22.64   20.40
 215895.861   355.738    17.66   20.61
 216269.912   360.093    11.64   20.69
 216643.904   361.620     4.08   20.75
 217017.838   363.985     6.32   21.02
 217391.712   364.800     2.18   20.35
 217765.528   367.717     7.80   18.38
 218139.285   367.663    -0.15   16.48
 218512.983   368.606     2.52   15.91
 218886.623   369.417     2.17   13.96
 219260.204   376.645    19.34   16.99
 219633.727   385.338    23.27   20.80
 220007.190   396.923    31.01   20.02
 220380.596   405.248    22.29   17.28
 220753.943   411.704    17.29   16.09
 221127.231   418.957    19.43   16.59
 221500.461   431.005    32.28   19.10
 221873.632   446.569    41.70   19.32
 222246.745   460.120    36.31   14.92
 222619.800   466.823    17.96    9.37
 222992.796   461.925   -13.13   15.23
 223365.734   450.808   -29.80   17.82
 223738.614   439.951   -29.11   17.12
 224111.435   428.661   -30.28   15.82
 224484.198   421.633   -18.85   14.80
 224856.903   414.385   -19.44   14.17
 225229.550   408.376   -16.12   13.03
 225602.139   399.175   -24.69   15.51
 225974.669   388.165   -29.55   18.10
 226347.141   374.137   -37.65   19.07
 226719.556   362.231   -31.96   15.39
 227091.912   354.169   -21.65    7.66
 227464.210   354.018    -0.41    8.67
 227836.450   363.156    24.54   21.56
 228208.633   375.579    33.37   27.13
 228580.757   388.238    34.01   27.75
 228952.823   394.553    16.97   27.92
 229324.832   393.539    -2.72   27.30
 229696.783   389.944    -9.66   22.97
 230068.676   392.741     7.52   19.42
 230440.511   404.931    32.77   25.02
 230812.288   427.858    61.66   31.31
 231184.008   449.039    56.97   27.79
 231555.669   467.565    49.84   17.74
 231927.274   472.179    12.42   12.86
 232298.820   459.565   -33.94   25.74
 232670.309   439.304   -54.53   29.40
 233041.740   417.965   -57.44   22.42
 233413.114   405.318   -34.05   10.31
 233784.430   407.620     6.20   14.04
 234155.689   416.054    22.71   15.32
 234526.890   423.998    21.40   13.13
 234898.033   428.582    12.35   14.09
 235269.119   430.836     6.07   16.45
 235640.148   438.346    20.24   17.32
 236011.120   443.525    13.96   15.96
 236382.034   444.766     3.35   20.66
 236752.890   429.631   -40.80   29.46
 237123.690   411.499   -48.89   31.70
 237494.432   389.751   -58.65   29.11
 237865.117   375.193   -39.27   25.94
 238235.744   365.938   -24.97   19.35
 238606.315   365.790    -0.40   16.41
 238976.828   378.106    33.23   26.45
 239347.284   397.137    51.36   30.15
 239717.683   416.791    53.05   27.97
 240088.025   433.332    44.65   17.81
 240458.310   436.031     7.29   13.02
 240828.538   429.818   -16.78   18.89
 241198.709   415.931   -37.51   24.61
 241568.823   401.949   -37.77   21.99
 241938.880   395.128   -18.43   21.85
 242308.880   395.860     1.98   24.94
 242678.823   397.183     3.58   24.25
 243048.709   401.721    12.26   19.79
 243418.538   404.526     7.58   15.14
 243788.311   412.165    20.66   14.95
 244158.027   422.854    28.91   18.76
 244527.686   436.471    36.83   19.30
 244897.288   449.635    35.61   19.98
 245266.834   462.896    35.87   18.54
 245636.322   471.128    22.28   13.27
 246005.755   473.151     5.47   14.13
 246375.130   467.676   -14.82   20.34
 246744.449   455.293   -33.52   22.77
 247113.712   443.087   -33.05   22.98
 247482.917   429.238   -37.50   21.00
 247852.067   419.248   -27.06   17.31
 248221.160   412.033   -19.55   13.29
 248590.196   408.818    -8.71   12.75
 248959.176   409.087     0.73   15.00
 249328.099   408.971    -0.32   16.37
 249696.966   407.772    -3.25   16.79
 250065.777   404.582    -8.65   16.43
 250434.531   397.375   -19.54   15.68
 250803.230   389.554   -21.21   14.79
 251171.871   381.923   -20.70   12.48
 251540.457   377.179   -12.87    9.97
 251908.986   372.964   -11.43    9.61
 252277.459   370.401    -6.95    9.72
 252645.876   366.701   -10.04    8.42
 253014.237   365.026    -4.54    8.23
 253382.542   364.620    -1.10   10.42
 253750.790   366.128     4.10   13.26
 254118.983   368.079     5.30   17.23
 254487.119   368.290     0.57   19.11
 254855.199   365.295    -8.13   19.41
 255223.224   360.943   -11.82   18.09
 255591.192   354.255   -18.17   16.04
 255959.105   350.304   -10.74   15.18
 256326.961   345.566   -12.88   14.29
 256700.823   342.005    -9.52   13.59
 257080.160   339.567    -6.43   15.67
 257459.438   339.556    -0.03   19.33
 257838.656   344.285    12.47   22.81
 258217.814   354.852    27.87   28.08
 258596.912   367.431    33.17   31.69
 258975.951   377.118    25.55   28.68
 259354.929   372.909   -11.10   29.82
 259733.849   363.635   -24.47   26.81
 260112.708   358.211   -14.32   24.52
 260491.508   361.985     9.96   25.92
 260870.248   369.679    20.31   25.35
 261248.929   380.265    27.95   22.97
 261627.550   393.818    35.79   22.68
 262006.112   413.911    53.07   27.34
 262384.614   434.617    54.69   25.76
 262763.057   447.377    33.71   19.72
