-121720.321    -3.193     0.00    0.94
-121350.775    -3.209    -0.04    0.94
-120981.326    -3.216    -0.02    0.94
-120611.974    -3.232    -0.04    0.94
-120242.719    -3.297    -0.18    0.92
-119873.561    -3.726    -1.16    0.63
-119504.499    -3.736    -0.03    0.61
-119135.534    -3.214     1.41    0.95
-118766.666    -2.625     1.60    0.92
-118397.894    -2.162     1.26    0.57
-118029.219    -1.964     0.54    0.00
-117660.639    -1.964     0.00    0.00
-117292.157    -1.964     0.00    0.00
-116923.770    -1.964     0.00    0.00
-116555.480    -1.964     0.00    0.00
-116187.285    -1.964     0.00    0.00
-115819.187    -1.964     0.00    0.00
-115451.184    -2.154    -0.52    0.59
-115083.278    -2.362    -0.57    0.79
-114715.467    -2.385    -0.06    0.80
-114347.751    -2.334     0.14    0.76
-113980.132    -2.233     0.28    0.69
-113612.607    -1.964     0.73    0.00
-113245.179    -1.964     0.00    0.00
-112877.845    -1.964     0.00    0.00
-112510.607    -1.964     0.00    0.00
-112143.464    -1.964     0.00    0.00
-111776.417    -2.113    -0.41    0.51
-111409.464    -2.543    -1.17    0.89
-111042.606    -2.940    -1.08    0.98
-110675.844    -3.408    -1.27    0.87
-110309.176    -3.706    -0.81    0.64
-109942.603    -3.883    -0.48    0.35
-109576.124    -3.907    -0.06    0.32
-109209.741    -3.507     1.09    0.83
-108843.451    -2.940     1.55    1.00
-108477.257    -2.387     1.51    0.81
-108111.156    -2.051     0.92    0.40
-107745.150    -1.964     0.24    0.00
-107379.239    -1.964     0.00    0.00
-107013.421    -1.956     0.02    0.09
-106647.698    -1.947     0.02    0.13
-106282.068    -1.948    -0.00    0.13
-105916.533    -1.948    -0.00    0.12
-105551.091    -1.956    -0.02    0.09
-105185.743    -1.964    -0.02    0.00
-104820.489    -1.964     0.00    0.00
-104455.329    -2.172    -0.57    0.59
-104090.262    -2.665    -1.35    0.95
-103725.289    -3.067    -1.10    0.98
-103360.409    -3.166    -0.27    0.97
-102995.623    -2.789     1.03    0.97
-102630.930    -2.436     0.97    0.81
-102266.330    -2.514    -0.21    0.87
-101901.823    -3.044    -1.45    0.98
-101537.410    -3.139    -0.26    0.95
-101173.089    -3.033     0.29    0.95
-100808.862    -2.639     1.08    0.87
-100444.727    -2.250     1.07    0.62
-100080.685    -2.131     0.33    0.51
 -99716.736    -2.075     0.15    0.42
 -99352.879    -2.052     0.06    0.40
 -98989.115    -1.972     0.22    0.09
 -98625.444    -2.177    -0.56    0.60
 -98261.865    -2.610    -1.19    0.91
 -97898.378    -3.176    -1.56    0.95
 -97534.984    -3.623    -1.23    0.72
 -97171.681    -3.718    -0.26    0.65
 -96803.352    -3.522     0.53    0.81
 -96420.417    -3.161     0.94    0.95
 -96037.588    -2.592     1.49    1.86
 -95654.865    -0.799     4.69    4.57
 -95272.248     1.746     6.65    6.57
 -94889.737     2.794     2.74    6.53
 -94507.331     2.980     0.49    6.74
 -94125.031     1.261    -4.50    6.03
 -93742.836    -0.901    -5.66    4.45
 -93360.747    -2.224    -3.46    3.33
 -92978.763    -3.444    -3.19    1.11
 -92596.884    -3.859    -1.09    0.42
 -92215.110    -3.964    -0.27    0.00
 -91833.442    -3.964     0.00    0.00
 -91451.878    -3.964     0.00    0.00
 -91070.419    -3.716     0.65    0.64
 -90689.065    -3.094     1.63    1.29
 -90307.816    -2.145     2.49    1.46
 -89926.671    -1.292     2.24    1.10
 -89545.631    -0.923     0.97    0.61
 -89164.695    -1.012    -0.23    0.65
 -88783.863    -0.989     0.06    0.75
 -88403.136    -0.852     0.36    1.27
 -88022.513     0.142     2.61    3.16
 -87641.994     1.891     4.60    4.87
 -87261.579     3.364     3.87    5.27
 -86881.268     5.129     4.64    5.07
 -86501.061     6.356     3.23    4.48
 -86120.958     6.646     0.76    4.21
 -85740.958     6.383    -0.69    4.36
 -85361.062     5.465    -2.42    4.06
 -84981.269     4.552    -2.40    3.37
 -84601.580     3.917    -1.67    2.27
 -84221.994     3.321    -1.57    1.65
 -83842.512     3.076    -0.65    2.01
 -83463.132     4.548     3.88    3.70
 -83083.856     8.165     9.54    5.96
 -82704.682    11.671     9.25    5.08
 -82325.612    14.591     7.70    3.04
 -81946.644    16.091     3.96    2.98
 -81567.779    16.078    -0.03    3.09
 -81189.017    15.532    -1.44    3.34
 -80810.357    15.238    -0.78    3.50
 -80431.800    15.095    -0.38    3.59
 -80053.346    15.138     0.11    4.09
 -79674.993    13.705    -3.79    5.01
 -79296.743     9.861   -10.16    6.05
 -78918.595     6.308    -9.40    3.94
 -78540.549     4.496    -4.79    2.21
 -78162.605     3.220    -3.38    2.51
 -77784.763     2.321    -2.38    2.90
 -77407.023     0.609    -4.53    2.27
 -77029.384    -0.284    -2.36    0.75
 -76651.847     0.069     0.93    0.92
 -76274.412     0.375     0.81    1.07
 -75897.079    -0.067    -1.17    1.67
 -75519.846    -0.567    -1.32    1.48
 -75142.715    -0.916    -0.92    1.10
 -74765.686    -1.012    -0.26    0.42
 -74388.757    -1.140    -0.34    0.65
 -74011.930    -1.862    -1.92    1.34
 -73635.203    -2.607    -1.98    1.44
 -73258.578    -2.890    -0.75    1.37
 -72882.053    -2.525     0.97    1.43
 -72505.629    -1.860     1.77    1.29
 -72129.306    -1.326     1.42    0.91
 -71753.084    -1.108     0.58    0.61
 -71376.962    -0.964     0.38    0.00
 -71000.940    -0.964     0.00    0.00
 -70625.019    -0.964     0.00    0.00
 -70249.198    -0.964     0.00    0.00
 -69873.477    -0.964     0.00    0.00
 -69497.857    -0.964     0.00    0.00
 -69122.336    -0.964     0.00    0.00
 -68746.916    -0.964     0.00    0.00
 -68371.595    -0.964     0.00    0.00
 -67996.374    -1.027    -0.17    0.30
 -67621.253    -1.708    -1.81    1.24
 -67246.231    -2.419    -1.90    1.41
 -66871.310    -2.468    -0.13    1.41
 -66496.487    -2.119     0.93    1.41
 -66121.764    -1.361     2.02    0.96
 -65747.140    -0.964     1.06    0.00
 -65372.616    -0.964     0.00    0.00
 -64998.191    -0.964     0.00    0.00
 -64623.865    -0.964     0.00    0.00
 -64249.637    -0.964     0.00    0.00
 -63875.509    -0.964     0.00    0.00
 -63501.480    -0.964     0.00    0.00
 -63127.549    -0.964     0.00    0.00
 -62753.717    -0.964     0.00    0.00
 -62379.984    -1.035    -0.19    0.38
 -62006.349    -1.530    -1.32    1.12
 -61632.813    -2.300    -2.06    1.45
 -61259.375    -3.084    -2.10    1.33
 -60886.036    -3.702    -1.65    0.82
 -60512.794    -3.964    -0.70    0.00
 -60139.651    -3.964     0.00    0.00
 -59766.606    -3.964     0.00    0.00
 -59393.659    -3.964     0.00    0.00
 -59020.810    -3.964     0.00    0.00
 -58648.059    -3.964     0.00    0.00
 -58275.405    -3.964     0.00    0.00
 -57902.849    -3.964     0.00    0.00
 -57530.391    -3.964     0.00    0.00
 -57158.030    -3.964     0.00    0.00
 -56785.767    -3.964     0.00    0.00
 -56413.601    -3.964     0.00    0.00
 -56041.533    -3.964     0.00    0.00
 -55669.561    -3.964     0.00    0.00
 -55297.687    -3.964     0.00    0.00
 -54925.910    -3.964     0.00    0.00
 -54554.230    -3.956     0.02    0.09
 -54182.647    -3.372     1.57    1.49
 -53811.161    -1.297     5.59    3.88
 -53439.771     2.332     9.77    6.24
 -53068.478     8.002    15.27    7.61
 -52697.282    14.711    18.08    8.31
 -52326.183    21.955    19.52    8.04
 -51955.179    30.903    24.12   12.01
 -51584.273    41.716    29.15   15.67
 -51213.462    52.053    27.88   15.37
 -50842.748    62.602    28.46   14.44
 -50472.130    72.812    27.55   16.35
 -50101.608    86.269    36.32   20.02
 -49731.182   103.191    45.68   23.88
 -49360.852   123.004    53.50   25.00
 -48990.618   146.419    63.25   29.09
 -48620.480   175.415    78.34   40.34
 -48250.437   208.367    89.05   50.75
 -47880.490   241.897    90.64   53.85
 -47510.639   266.630    66.87   48.85
 -47140.883   283.915    46.75   45.65
 -46771.222   293.776    26.68   40.68
 -46401.657   290.842    -7.94   41.08
 -46032.188   263.920   -72.87   48.94
 -45662.813   227.841   -97.68   50.68
 -45293.533   188.316  -107.04   41.44
 -44924.349   152.540   -96.91   31.17
 -44555.260   129.818   -61.56   24.94
 -44186.265   114.483   -41.56   15.89
 -43817.365   108.560   -16.06   16.67
 -43448.560   108.197    -0.98   17.38
 -43079.850   112.700    12.21   16.58
 -42711.234   119.592    18.70   14.31
 -42342.713   133.929    38.90   22.70
 -41974.287   161.223    74.09   38.76
 -41605.955   201.205   108.55   59.49
 -41237.717   251.489   136.56   68.15
 -40869.573   283.749    87.63   56.58
 -40501.523   296.004    33.30   46.20
 -40133.568   283.245   -34.68   48.64
 -39765.707   254.891   -77.08   40.23
 -39397.939   248.880   -16.34   35.86
 -39030.266   256.994    22.07   38.63
 -38662.686   266.323    25.38   32.65
 -38295.200   263.249    -8.36   36.99
 -37927.808   244.061   -52.23   46.77
 -37560.509   216.921   -73.89   38.37
 -37193.304   199.166   -48.35   19.30
 -36826.192   201.216     5.58   18.43
 -36459.174   207.036    15.86   19.26
 -36092.249   214.114    19.29   17.53
 -35725.417   219.757    15.38   15.63
 -35358.679   221.174     3.86   12.14
 -34992.033   223.261     5.69    9.18
 -34625.481   221.782    -4.04   12.22
 -34259.021   217.528   -11.61   15.37
 -33892.655   209.036   -23.18   17.07
 -33526.381   203.786   -14.33   17.64
 -33160.200   199.633   -11.34   18.45
 -32794.111   190.725   -24.33   21.03
 -32428.116   180.630   -27.58   22.54
 -32062.212   169.624   -30.08   21.00
 -31696.401   160.175   -25.83   26.70
 -31330.683   151.815   -22.86   30.53
 -30965.057   140.717   -30.35   29.70
 -30599.523   128.499   -33.42   24.25
 -30234.081   118.200   -28.18   18.25
 -29868.732   109.629   -23.46   13.11
 -29503.474   105.834   -10.39   11.69
 -29138.309   104.203    -4.47   14.31
 -28773.235   106.400     6.02   21.32
 -28408.253   105.971    -1.17   25.64
 -28043.363   100.372   -15.34   25.97
 -27678.565    95.267   -13.99   22.03
 -27313.858    89.581   -15.59   18.43
 -26949.243    88.088    -4.09   20.85
 -26584.719    87.117    -2.66   23.45
 -26220.287    84.499    -7.18   22.69
 -25855.946    79.834   -12.80   19.71
 -25491.696    72.446   -20.28   15.40
 -25127.538    63.458   -24.68   15.17
 -24763.470    52.880   -29.06   16.77
 -24399.494    40.334   -34.47   15.69
 -24035.609    28.462   -32.62   15.11
 -23671.814    17.638   -29.75   11.03
 -23308.111    13.117   -12.43    7.73
 -22944.498    10.565    -7.02    5.62
 -22580.976    10.675     0.30    6.00
 -22217.545    11.987     3.61    6.37
 -21836.645    12.338     0.92    6.96
 -21453.965    12.906     1.48    7.44
 -21071.389    14.011     2.89    7.99
 -20688.917    14.585     1.50    9.34
 -20306.548    15.606     2.67    9.64
 -19924.282    17.502     4.96   10.31
 -19542.120    20.962     9.05   11.63
 -19160.061    24.790    10.02   14.86
 -18778.106    30.573    15.14   19.87
 -18396.253    38.122    19.77   26.71
 -18014.503    46.286    21.39   32.31
 -17632.857    57.003    28.08   34.80
 -17251.313    70.153    34.46   35.18
 -16869.872    91.210    55.20   37.50
 -16488.533   113.968    59.68   39.23
 -16107.297   128.446    37.98   30.63
 -15726.164   129.518     2.81   26.61
 -15345.133   120.548   -23.54   30.95
 -14964.204   107.994   -32.96   33.40
 -14583.378    89.577   -48.36   35.58
 -14202.653    73.150   -43.15   35.97
 -13822.031    50.960   -58.30   30.59
 -13441.511    32.768   -47.81   24.76
 -13061.093    17.253   -40.78   13.32
 -12680.777     8.491   -23.04    8.77
 -12300.562     3.468   -13.21    5.77
 -11920.449     0.880    -6.81    4.47
 -11540.438    -1.022    -5.01    2.92
 -11160.528    -1.972    -2.50    0.90
 -10780.720    -1.997    -0.06    0.29
 -10401.013    -1.964     0.09    0.00
 -10021.407    -1.972    -0.02    0.09
  -9641.902    -1.913     0.16    0.57
  -9262.499    -1.589     0.85    1.11
  -8883.197    -1.253     0.89    1.44
  -8503.995    -0.998     0.67    1.69
  -8124.895    -1.243    -0.65    1.67
  -7745.895    -1.578    -0.88    1.40
  -7366.996    -2.087    -1.34    0.91
  -6988.198    -2.244    -0.41    0.70
  -6609.500    -2.031     0.56    0.85
  -6230.903    -2.046    -0.04    0.95
  -5852.406    -1.608     1.16    1.44
  -5474.009    -0.825     2.07    2.06
  -5095.713    -0.151     1.78    2.16
  -4717.517     0.394     1.44    1.98
  -4339.420     0.439     0.12    1.88
  -3961.424     0.569     0.34    2.20
  -3583.528     0.532    -0.10    2.69
  -3205.732     0.596     0.17    2.86
  -2828.035    -0.136    -1.94    2.07
  -2450.438    -0.697    -1.48    1.03
  -2072.941    -0.964    -0.71    0.00
  -1695.543    -0.964     0.00    0.00
  -1318.245    -0.786     0.47    0.38
   -941.046    -0.546     0.64    0.50
   -563.946    -0.271     0.73    0.46
   -186.946    -0.062     0.55    0.30
    189.955     0.036     0.26    0.00
    566.758     0.094     0.15    0.24
    943.461     0.317     0.59    0.47
   1320.065     0.942     1.66    2.14
   1696.571     3.274     6.19    9.14
   2072.977     7.271    10.62   16.37
   2449.285    12.253    13.24   22.60
   2825.495    19.628    19.60   28.62
   3201.606    27.607    21.22   33.95
   3577.618    34.361    17.96   35.73
   3953.532    41.054    17.80   36.45
   4329.348    48.953    21.02   36.27
   4705.066    61.019    32.12   40.14
   5080.685    78.853    47.48   41.64
   5456.207   102.144    62.02   37.72
   5831.630   128.171    69.33   23.80
   6206.956   144.929    44.65   22.10
   6582.184   161.172    43.29   25.09
   6957.314   176.448    40.72   22.96
   7332.346   180.383    10.49   20.36
   7707.281   173.867   -17.38   24.81
   8082.118   161.350   -33.39   24.55
   8456.857   150.174   -29.82   14.14
   8831.500   156.323    16.41   18.02
   9206.045   173.238    45.16   30.94
   9580.493   199.395    69.86   36.73
   9954.843   222.356    61.33   31.84
  10329.097   241.324    50.68   19.82
  10703.254   250.788    25.29   11.69
  11077.313   248.553    -5.98   15.02
  11451.276   240.153   -22.46   19.74
  11825.142   229.594   -28.24   22.27
  12198.912   216.332   -35.48   19.20
  12572.584   208.350   -21.36   15.30
  12946.160   203.036   -14.22    9.92
  13319.640   201.103    -5.18    5.92
  13693.024   201.069    -0.09    4.14
  14066.311   202.136     2.86    2.80
  14439.501   203.085     2.54    2.66
  14812.596   203.369     0.76    2.77
  15185.594   204.734     3.66    3.83
  15558.497   206.253     4.07    4.35
  15931.303   207.010     2.03    4.38
  16304.014   206.853    -0.42    4.32
  16676.629   206.282    -1.53    5.08
  17049.148   206.570     0.77    6.75
  17421.571   209.044     6.64    8.30
  17793.899   210.361     3.54    8.93
  18166.132   212.661     6.18    9.96
  18538.268   215.330     7.17   11.22
  18910.310   217.494     5.82    9.75
  19282.256   219.446     5.25   10.20
  19654.107   218.541    -2.43   11.66
  20025.863   216.607    -5.20   13.36
  20397.524   215.313    -3.48   14.20
  20769.090   214.394    -2.47   14.10
  21140.561   212.944    -3.91   12.85
  21511.937   207.290   -15.22   17.69
  21883.218   196.739   -28.42   25.11
  22254.405   177.624   -51.49   37.77
  22625.497   151.648   -70.00   45.48
  22996.494   130.028   -58.28   43.74
  23367.397   111.624   -49.62   29.61
  23738.205   107.570   -10.93   20.12
  24108.919   114.813    19.54   22.90
  24479.539   131.488    44.99   25.47
  24850.065   150.168    50.41   25.37
  25220.496   169.386    51.88   25.26
  25590.834   190.180    56.15   24.56
  25961.077   204.803    39.49   21.11
  26331.227   216.334    31.15   14.10
  26701.282   220.977    12.55   14.19
  27071.244   227.725    18.24   15.96
  27441.112   239.087    30.72   18.48
  27810.887   252.328    35.81   19.84
  28180.568   267.209    40.25   17.72
  28550.155   276.239    24.43   14.40
  28919.649   282.120    15.92   16.83
  29289.050   286.686    12.36   19.82
  29658.358   285.839    -2.29   19.34
  30027.572   273.183   -34.28   31.75
  30396.693   239.386   -91.56   50.99
  30765.721   212.466   -72.95   44.70
  31134.656   193.479   -51.46   23.40
  31503.498   201.256    21.09   24.93
  31872.248   221.465    54.80   30.28
  32240.904   245.720    65.79   31.25
  32609.468   267.532    59.18   34.51
  32977.939   290.663    62.78   31.82
  33346.318   308.028    47.14   25.51
  33714.604   321.903    37.67   20.46
  34082.797   333.062    30.31   20.79
  34450.898   337.375    11.72   22.02
  34818.907   336.752    -1.69   21.32
  35186.824   315.019   -59.07   39.66
  35554.649   277.917  -100.87   61.14
  35922.381   226.452  -139.95   64.84
  36290.022   182.519  -119.50   53.77
  36657.570   154.893   -75.16   35.36
  37025.027   136.624   -49.72   21.74
  37392.392   131.036   -15.21   16.43
  37759.665   132.424     3.78   15.41
  38126.846   143.322    29.68   20.86
  38493.936   159.557    44.23   22.40
  38860.934   177.227    48.15   20.35
  39227.841   193.969    45.63   21.32
  39594.656   205.557    31.59   19.19
  39961.380   219.686    38.53   19.16
  40328.013   230.767    30.22   21.18
  40694.555   240.803    27.38   21.74
  41061.005   253.511    34.68   21.08
  41427.364   265.767    33.45   22.96
  41793.633   281.806    43.79   24.37
  42159.810   295.544    37.52   21.29
  42525.897   304.053    23.24   14.84
  42891.893   305.470     3.87   13.19
  43257.798   297.044   -23.03   18.02
  43623.612   280.872   -44.21   23.80
  43989.336   263.760   -46.79   21.17
  44354.970   256.794   -19.05   15.29
  44720.512   255.372    -3.89   11.80
  45085.965   262.680    20.00   11.97
  45451.327   271.325    23.66    9.79
  45816.599   278.974    20.94   10.92
  46181.781   291.561    34.47   15.66
  46546.873   304.651    35.85   18.01
  46911.874   320.207    42.62   16.59
  47276.786   326.355    16.85   12.89
  47641.608   323.189    -8.68   17.99
  48006.339   309.248   -38.22   24.18
  48370.982   296.011   -36.30   21.44
  48735.534   283.763   -33.60   18.51
  49099.997   273.053   -29.39   22.64
  49464.370   269.737    -9.10   25.68
  49828.653   269.649    -0.24   28.23
  50192.847   264.794   -13.33   30.41
  50556.952   251.147   -37.48   38.24
  50920.968   222.745   -78.02   45.94
  51284.894   195.515   -74.82   37.14
  51648.731   180.404   -41.53   19.25
  52012.479   183.070     7.33   20.43
  52376.138   189.485    17.64   22.77
  52750.270   195.576    16.28   23.38
  53132.791   194.658    -2.40   23.59
  53515.211   193.840    -2.14   25.45
  53897.530   200.717    17.99   37.15
  54279.747   216.806    42.09   48.76
  54661.864   245.951    76.27   58.49
  55043.879   271.816    67.70   59.32
  55425.794   295.087    60.93   51.07
  55807.608   298.423     8.74   47.51
  56189.320   301.241     7.38   40.78
  56570.932   309.307    21.14   37.50
  56952.444   328.254    49.66   40.68
  57333.855   354.311    68.31   40.74
  57715.165   377.714    61.37   30.02
  58096.375   394.765    44.73   20.76
  58477.485   406.096    29.73   12.68
  58858.494   413.267    18.82   10.17
  59239.404   418.265    13.12    8.28
  59620.213   419.176     2.39    8.28
  60000.922   417.557    -4.25   10.98
  60381.532   412.974   -12.04   14.76
  60762.041   405.857   -18.70   21.92
  61142.451   390.260   -41.00   35.58
  61522.761   367.703   -59.31   45.79
  61902.971   346.386   -56.06   47.95
  62283.082   335.985   -27.36   45.85
  62663.093   332.342    -9.59   43.80
  63043.005   332.846     1.33   41.72
  63422.818   328.214   -12.20   41.07
  63802.531   321.981   -16.41   42.75
  64182.145   310.203   -31.03   44.45
  64561.660   295.691   -38.24   48.26
  64941.077   288.455   -19.07   51.87
  65320.394   288.786     0.87   55.05
  65699.612   307.523    49.41   60.07
  66078.732   333.010    67.23   59.05
  66457.753   356.883    62.98   44.70
  66836.675   364.926    21.23   34.01
  67215.499   358.748   -16.31   34.25
  67594.224   335.078   -62.50   38.77
  67972.851   312.421   -59.84   34.31
  68351.380   295.865   -43.73   26.99
  68729.810   289.404   -17.07   24.00
  69108.142   289.139    -0.70   24.82
  69486.376   291.421     6.03   23.15
  69864.512   296.703    13.97   22.85
  70242.550   306.857    26.86   24.74
  70620.491   321.453    38.62   25.10
  70998.333   336.458    39.71   22.85
  71376.078   347.146    28.29   19.53
  71753.725   355.881    23.13   17.33
  72131.275   361.633    15.23   15.21
  72508.727   366.991    14.19   10.04
  72886.082   362.507   -11.88   12.85
  73263.339   351.213   -29.93   20.93
  73640.499   332.421   -49.82   25.07
  74017.562   318.549   -36.79   20.21
  74394.528   308.443   -26.81   10.74
  74771.397   307.697    -1.98    7.42
  75148.169   312.210    11.98    9.79
  75524.843   320.858    22.96   11.91
  75901.422   330.871    26.59   12.44
  76277.903   340.532    25.66   11.19
  76654.288   346.165    14.97    9.43
  77030.576   352.113    15.81    6.58
  77406.767   353.250     3.02    7.24
  77782.863   352.412    -2.23   10.10
  78158.861   343.438   -23.87   20.07
  78534.764   328.443   -39.89   26.61
  78910.570   309.226   -51.13   24.84
  79286.280   297.053   -32.40   14.85
  79661.894   292.443   -12.27    8.60
  80037.412   296.903    11.88   11.51
  80412.835   304.554    20.38   13.33
  80788.161   307.660     8.27   14.64
  81163.391   305.267    -6.38   19.90
  81538.526   294.669   -28.25   25.37
  81913.565   282.484   -32.49   23.14
  82288.509   271.832   -28.41   12.73
  82663.357   270.288    -4.12    7.30
  83038.109   272.063     4.74    7.56
  83412.767   277.341    14.09   11.23
  83787.329   284.241    18.42   13.48
  84161.796   294.545    27.51   16.26
  84536.167   305.327    28.80   18.07
  84910.444   318.263    34.56   17.35
  85284.625   329.358    29.65   16.97
  85658.712   339.983    28.40   16.74
  86032.704   350.045    26.90   16.17
  86406.601   355.706    15.14   14.35
  86780.404   356.559     2.28   15.89
  87154.111   352.318   -11.35   17.11
  87527.724   347.935   -11.73   14.54
  87901.243   347.450    -1.30   11.17
  88274.668   349.510     5.52    7.75
  88647.997   352.941     9.19    6.49
  89021.233   354.165     3.28    6.68
  89394.375   353.366    -2.14    6.91
  89767.422   350.036    -8.93   10.48
  90140.375   342.735   -19.57   14.77
  90513.235   332.799   -26.65   15.89
  90886.000   324.968   -21.01   13.15
  91258.671   317.727   -19.43    8.28
  91631.249   316.621    -2.97    6.74
  92003.733   317.349     1.95    5.64
  92376.124   321.777    11.89    6.98
  92748.421   327.484    15.33    8.17
  93120.624   334.625    19.18    9.48
  93492.734   340.588    16.02    8.93
  93864.750   344.162     9.61    8.45
  94236.674   343.697    -1.25    8.75
  94608.504   343.105    -1.59    8.83
  94980.241   341.601    -4.04    8.30
  95351.884   344.728     8.41    9.56
  95723.435   348.559    10.31    8.50
  96094.893   350.295     4.67    6.27
  96466.258   348.566    -4.65    8.40
  96837.530   341.384   -19.34   12.64
  97208.710   332.765   -23.22   13.98
  97579.797   324.509   -22.25   12.52
  97950.791   318.700   -15.66    9.43
  98321.692   316.369    -6.28    6.38
  98692.502   315.766    -1.63    6.93
  99063.219   312.737    -8.17    9.07
  99433.843   307.721   -13.53   12.09
  99804.375   304.734    -8.06   11.19
 100174.816   305.514     2.11   11.71
 100545.164   312.518    18.91   14.40
 100915.419   322.502    26.96   13.70
 101285.583   332.128    26.00   10.85
 101655.655   335.968    10.38    8.77
 102025.636   334.470    -4.05    9.99
 102395.524   327.784   -18.07   13.27
 102765.321   315.404   -33.48   18.46
 103135.026   298.845   -44.79   23.90
 103504.640   285.445   -36.25   24.13
 103874.162   278.132   -19.79   19.98
 104243.592   279.523     3.77   20.43
 104612.932   289.933    28.18   16.12
 104982.180   299.644    26.30    8.47
 105351.336   304.217    12.39    5.32
 105720.402   304.558     0.92    5.13
 106089.376   302.253    -6.24    6.10
 106458.260   299.210    -8.25    6.85
 106827.052   294.863   -11.79    5.92
 107195.754   291.593    -8.87    7.58
 107564.365   288.691    -7.87   10.21
 107932.885   285.461    -8.77   12.98
 108301.314   282.985    -6.72   15.57
 108669.653   280.614    -6.44   18.92
 109037.901   281.880     3.44   21.08
 109406.058   284.554     7.26   21.58
 109774.126   292.991    22.92   18.45
 110142.103   299.120    16.65   14.71
 110509.989   302.224     8.44   10.83
 110877.785   299.262    -8.05   12.33
 111245.492   292.848   -17.44   14.44
 111613.108   283.354   -25.82   13.80
 111980.634   270.734   -34.34   23.79
 112348.070   250.594   -54.81   35.51
 112715.416   234.723   -43.20   39.56
 113082.672   226.502   -22.38   43.56
 113449.839   227.879     3.75   49.44
 113816.916   238.427    28.74   48.75
 114183.903   243.755    14.52   43.39
 114550.801   245.601     5.03   34.48
 114917.609   237.631   -21.73   31.69
 115284.328   221.164   -44.90   34.88
 115650.957   194.297   -73.28   37.99
 116017.497   173.706   -56.17   32.85
 116383.948   154.715   -51.82   23.50
 116750.310   143.545   -30.49   12.92
 117116.582   136.822   -18.35   11.85
 117482.766   130.019   -18.58   13.01
 117848.860   124.433   -15.26   11.82
 118214.866   118.453   -16.34   10.31
 118580.783   113.303   -14.07   10.18
 118946.611   109.299   -10.94    7.61
 119312.350   108.599    -1.92    7.51
 119678.000   111.122     6.90   10.63
 120043.562   113.831     7.41   11.50
 120409.036   114.766     2.56   11.80
 120774.421   113.366    -3.83   12.00
 121139.717   112.509    -2.35   10.78
 121504.926   111.700    -2.21   13.06
 121870.046   112.168     1.28   14.16
 122235.077   109.222    -8.07   12.80
 122600.021   106.384    -7.78   10.71
 122964.877   105.712    -1.84   10.22
 123329.644   108.375     7.30   11.58
 123694.324   113.906    15.16   12.57
 124058.915   119.081    14.20   12.50
 124423.419   121.752     7.32   11.85
 124787.835   121.682    -0.19   10.25
 125152.164   120.355    -3.64    6.81
 125516.404   120.216    -0.38    5.03
 125880.557   117.788    -6.66    5.69
 126244.623   114.280    -9.64    7.37
 126608.601   109.862   -12.14    9.92
 126972.492   105.749   -11.30    9.65
 127340.335   104.769    -2.66    9.14
 127722.689   105.118     0.91   10.10
 128104.944   104.183    -2.45    9.86
 128487.100   103.018    -3.05    9.26
 128869.157   102.845    -0.45    7.66
 129251.115   102.178    -1.75    5.09
 129632.975   101.920    -0.67    4.06
 130014.736   101.431    -1.28    4.74
 130396.399    99.939    -3.91    5.47
 130777.963    97.349    -6.79    5.50
 131159.428    96.265    -2.84    5.68
 131540.796    92.810    -9.06    9.30
 131922.065    87.693   -13.42   11.95
 132303.236    81.773   -15.53   11.71
 132684.309    70.171   -30.44   15.75
 133065.283    57.793   -32.49   16.07
 133446.160    49.928   -20.65   14.21
 133826.939    45.045   -12.82    8.02
 134207.621    46.819     4.66    6.86
 134588.204    49.089     5.97    5.20
 134968.690    52.062     7.81    6.20
 135349.078    55.162     8.15    9.03
 135729.369    60.010    12.75   10.16
 136109.562    65.155    13.53   10.47
 136489.658    72.983    20.59   13.49
 136869.657    79.577    17.35   14.49
 137249.559    87.975    22.11   13.35
 137629.363    91.874    10.26   10.21
 138009.070    95.755    10.22    6.72
 138388.681    96.186     1.14    5.81
 138768.194    91.744   -11.70    9.24
 139147.611    85.949   -15.27   12.25
 139526.931    79.842   -16.10   11.03
 139906.154    76.433    -8.99    8.69
 140285.280    76.136    -0.78    7.21
 140664.310    78.784     6.99    8.70
 141043.244    82.700    10.33    8.91
 141422.081    83.479     2.06   10.51
 141800.822    83.611     0.35   12.04
 142179.467    81.188    -6.40   11.80
 142558.015    78.610    -6.81   11.75
 142936.467    75.366    -8.57   12.20
 143314.823    70.306   -13.37   13.06
 143693.084    65.526   -12.63   11.29
 144071.248    63.280    -5.94   10.05
 144449.317    62.937    -0.91    8.78
 144827.290    63.700     2.02    7.73
 145205.167    63.824     0.33    7.72
 145582.948    62.602    -3.23    7.64
 145960.634    62.133    -1.24    5.91
 146338.225    60.865    -3.36    6.81
 146715.720    59.480    -3.67    7.49
 147093.120    57.141    -6.20    6.78
 147470.425    53.633    -9.30    5.66
 147847.634    51.550    -5.52    4.98
 148224.748    51.904     0.94    7.35
 148601.768    52.910     2.67    8.67
 148978.692    52.921     0.03    8.94
 149355.522    50.000    -7.75   10.16
 149732.256    46.889    -8.26    9.89
 150108.896    44.624    -6.01    7.94
 150485.441    47.522     7.70    9.88
 150861.892    51.650    10.96   11.55
 151238.248    53.891     5.95   13.10
 151614.510    57.571     9.78   12.40
 151990.677    57.204    -0.98   12.26
 152366.750    55.381    -4.85   11.73
 152742.728    53.904    -3.93   10.07
 153118.613    51.998    -5.07    8.14
 153494.403    51.234    -2.03    6.86
 153870.100    51.279     0.12    6.43
 154245.702    52.149     2.32    7.71
 154621.210    53.974     4.86    8.67
 154996.625    55.831     4.95   10.16
 155371.946    56.457     1.67   11.75
 155747.173    57.284     2.20   11.65
 156122.307    57.107    -0.47    9.70
 156497.347    54.457    -7.07    8.42
 156872.293    54.501     0.12    7.71
 157247.146    55.599     2.93    7.99
 157621.906    55.315    -0.76    8.83
 157996.572    54.536    -2.08    8.50
 158371.146    54.541     0.01    8.10
 158745.626    55.299     2.03    9.32
 159120.013    58.227     7.82    9.17
 159494.307    61.694     9.26    9.15
 159868.508    64.491     7.48    9.70
 160242.616    64.505     0.04   11.41
 160616.632    67.850     8.94   13.27
 160990.554    71.744    10.41   17.52
 161364.384    75.983    11.34   19.22
 161738.122    80.036    10.84   16.87
 162111.767    82.868     7.58   16.75
 162485.319    84.652     4.78   22.05
 162858.779    93.724    24.29   29.58
 163232.147   103.161    25.27   32.66
 163605.422   113.586    27.93   34.30
 163978.606   124.253    28.58   36.77
 164351.697   134.149    26.52   29.83
 164724.696   139.273    13.73   26.70
 165097.603   145.912    17.80   24.11
 165470.419   152.893    18.72   24.73
 165843.142   160.949    21.61   24.61
 166215.774   172.639    31.37   11.05
