# NaN NaN NaN ;Mean Elev.(m), Avg Gradient(m/km), RMS Gradient(m/km) - SRTM1     
#    9.540   0.092   1.118 ;Mean Elev.(m), Avg Gradient(m/km), RMS Gradient(m/km) - ASTER GDEM
#    1.000  -0.000   0.333 ;Mean Elev.(m), Avg Gradient(m/km), RMS Gradient(m/km) - GMTED2010 
 15 128.142759  72.212492     1.312     1.307  3 52736.48363666 24.706
 16 128.152668  72.212576     1.294     1.219  4 52771.48361107 34.901
 20 128.151685  72.213376     1.170     1.180  3 52911.48372086 39.458
 23 128.139804  72.213765     1.408     1.408  2 53016.48371038 28.199
 29 128.139217  72.213560     1.103     1.103  2 53226.48374537 40.291
 30 128.148140  72.212008     1.075     1.076  3 53261.48371864 43.254
 35 128.145881  72.213193     1.530     1.527  3 53436.48368785 28.688
 40 128.148252  72.213437     2.791     3.136  3 53611.48371760 15.736
 43 128.150088  72.212639     1.317     1.321  3 53716.48366544 22.301
 45 128.139438  72.213574     1.359     1.359  2 53786.48361447 21.677
 46 128.163887  72.212211     1.210     1.210  2 53821.48356965 21.913
 54 128.148194  72.212818     1.593     1.572  4 54101.48366877 25.989
 56 128.144442  72.212171     1.637     1.637  2 54171.48364519 18.699
 61 128.149810  72.212848     1.254     1.230  4 54346.48366156 35.145
 67 128.144054  72.212665     1.261     1.271  3 54556.48361769 15.981
 71 128.143532  72.213150     1.391     1.375  3 54696.48360348 27.478
 77 128.145411  72.213166     1.465     1.470  3 54906.48358234 22.262
 82 128.150481  72.212004     1.094     1.123  3 55081.48356932 32.637
 88 128.149157  72.211670     1.392     1.386  3 55291.48351374 21.503
 93 128.151949  72.213959     1.024     1.024  3 55466.48346748 42.364
