-104965.662   290.925     0.00   11.45
-104601.094   284.424   -17.83   16.20
-104236.614   274.019   -28.55   18.98
-103872.221   262.754   -30.92   19.05
-103507.917   257.452   -14.56   20.66
-103143.700   248.445   -24.73   22.96
-102779.570   238.572   -27.11   24.37
-102415.528   224.347   -39.08   25.82
-102051.574   207.598   -46.02   25.10
-101687.707   198.007   -26.36   21.69
-101306.277   194.154   -10.10   21.83
-100923.936   199.016    12.72   28.38
-100541.695   205.874    17.94   32.32
-100159.553   207.898     5.30   30.31
 -99777.509   205.856    -5.34   26.11
 -99395.564   202.303    -9.30   23.46
 -99013.718   201.692    -1.60   23.02
 -98631.971   203.572     4.93   22.28
 -98250.322   207.240     9.61   17.18
 -97868.772   203.864    -8.85   17.43
 -97487.320   193.190   -27.98   23.92
 -97105.967   176.418   -43.98   27.11
 -96724.711   152.590   -62.50   37.53
 -96343.554   117.668   -91.63   55.43
 -95962.495    87.485   -79.21   55.76
 -95581.535    61.700   -67.69   42.93
 -95200.672    52.112   -25.18   33.82
 -94819.907    49.040    -8.07   30.48
 -94439.240    48.616    -1.12   32.04
 -94058.670    57.293    22.80   43.40
 -93678.199    71.557    37.49   59.44
 -93297.825    95.703    63.48   67.51
 -92917.548   102.205    17.10   64.53
 -92537.369   100.059    -5.64   57.78
 -92157.287    89.801   -26.99   45.45
 -91777.303    77.051   -33.56   32.51
 -91397.416    70.833   -16.37   24.34
 -91017.626    79.355    22.44   25.65
 -90637.933    88.016    22.81   28.02
 -90258.337    99.712    30.81   29.24
 -89878.838   109.645    26.18   28.50
 -89499.436   118.934    24.49   29.92
 -89120.130   123.241    11.36   32.96
 -88740.922   124.067     2.18   34.09
 -88361.810   121.877    -5.78   29.23
 -87982.794   123.347     3.88   21.95
 -87603.875   127.165    10.08   17.86
 -87225.053   136.545    24.76   14.86
 -86846.327   143.952    19.56   15.70
 -86467.697   148.709    12.57   17.29
 -86089.164   155.231    17.23   19.28
 -85710.726   159.978    12.54   20.32
 -85332.385   168.998    23.84   20.97
 -84954.139   177.759    23.16   22.15
 -84575.990   190.157    32.79   20.35
 -84197.936   202.408    32.41   18.18
 -83819.978   213.842    30.25   13.59
 -83442.116   219.434    14.80   13.38
 -83064.350   221.302     4.95   15.55
 -82686.679   218.877    -6.42   15.79
 -82309.103   213.532   -14.16   17.41
 -81931.623   200.931   -33.39   26.00
 -81554.238   188.171   -33.81   26.48
 -81176.949   176.818   -30.09   18.93
 -80799.755   179.700     7.64   18.17
 -80422.656   191.022    30.03   21.67
 -80045.652   208.051    45.17   23.01
 -79668.742   224.463    43.55   21.70
 -79291.928   242.425    47.67   20.67
 -78915.209   253.936    30.56   14.56
 -78538.585   257.007     8.16   10.91
 -78162.055   248.692   -22.09   16.59
 -77785.620   235.494   -35.06   16.88
 -77409.279   221.522   -37.13   17.57
 -77033.033   208.756   -33.93   17.49
 -76656.881   194.794   -37.12   17.89
 -76280.824   181.240   -36.04   17.98
 -75904.861   167.249   -37.22   16.23
 -75528.992   158.803   -22.47   13.27
 -75153.217   153.424   -14.31    6.97
 -74777.536   155.355     5.14    8.43
 -74401.950   160.590    13.94    9.72
 -74026.457   165.712    13.64    9.60
 -73651.058   169.847    11.02   10.81
 -73275.753   174.391    12.11   12.36
 -72900.542   178.572    11.14   12.53
 -72525.424   181.439     7.64   12.81
 -72150.400   187.105    15.11   13.79
 -71775.470   194.597    19.98   18.96
 -71400.632   201.460    18.31   21.60
 -71025.889   206.418    13.23   23.41
 -70651.238   200.734   -15.17   27.70
 -70276.681   190.320   -27.80   27.67
 -69902.217   182.029   -22.14   25.18
 -69527.846   177.815   -11.25   23.60
 -69153.568   182.060    11.34   21.75
 -68779.383   193.688    31.08   23.05
 -68405.291   207.766    37.63   26.10
 -68031.292   221.088    35.62   22.36
 -67657.385   222.750     4.45   26.73
 -67283.572   217.453   -14.17   32.41
 -66909.850   181.920   -95.08   61.17
 -66536.222   128.644  -142.60   82.57
 -66162.686    68.559  -160.86   82.13
 -65789.242    22.887  -122.30   54.87
 -65415.890    -5.466   -75.95    4.87
 -65042.631    -6.662    -3.21    0.00
 -64669.464    -6.662     0.00    0.00
 -64296.390    -6.662     0.00    0.00
 -63923.407    -6.662     0.00    0.00
 -63550.516    -6.662     0.00    0.00
 -63177.718    -6.662     0.00    0.00
 -62805.011    -6.662     0.00    0.00
 -62432.396    -6.662     0.00    0.00
 -62059.872    -6.662     0.00    0.00
 -61687.441    -6.662     0.00    0.00
 -61315.101    -6.662     0.00    0.00
 -60942.852    -4.875     4.80    7.05
 -60570.695     1.188    16.29   16.23
 -60198.630    13.588    33.33   24.98
 -59826.655    34.028    54.95   33.92
 -59454.772    58.701    66.35   32.45
 -59082.981    82.364    63.65   20.54
 -58711.280    94.891    33.70   11.33
 -58339.670   100.058    13.91    4.30
 -57968.152   100.700     1.73    3.02
 -57596.724    99.328    -3.69    2.51
 -57225.387    98.444    -2.38    2.41
 -56854.141    98.483     0.11    2.77
 -56482.986    97.320    -3.13    3.38
 -56111.921    96.754    -1.53    3.84
 -55740.947    96.088    -1.80    4.27
 -55370.064    96.632     1.47    6.09
 -54999.271    99.741     8.39    9.89
 -54628.569   109.302    25.79   18.70
 -54257.956   120.427    30.02   22.12
 -53887.434   135.017    39.38   23.04
 -53517.003   146.855    31.96   20.80
 -53146.661   156.585    26.27   10.98
 -52776.410   160.346    10.16    7.21
 -52406.248   161.382     2.80    6.98
 -52036.177   161.806     1.15    5.86
 -51666.195   160.504    -3.52    8.70
 -51296.303   155.713   -12.95   14.47
 -50926.501   148.355   -19.90   19.17
 -50556.789   138.527   -26.59   22.00
 -50187.166   121.743   -45.41   24.87
 -49817.633   102.425   -52.28   29.76
 -49448.189    76.671   -69.71   30.16
 -49078.835    47.913   -77.86   34.89
 -48709.570    34.974   -35.04   25.51
 -48340.394    36.347     3.72   24.32
 -47971.308    47.899    31.30   27.67
 -47602.311    68.787    56.61   21.63
 -47233.403    83.523    39.95   22.74
 -46864.584   101.292    48.18   23.15
 -46495.854   120.515    52.13   22.06
 -46127.213   132.969    33.79   20.37
 -45758.661   145.017    32.69   11.27
 -45390.197   149.692    12.69    5.49
 -45021.822   151.383     4.59    3.83
 -44653.536   151.659     0.75    2.38
 -44285.339   150.285    -3.73    4.03
 -43917.230   145.732   -12.37   10.06
 -43549.209   139.975   -15.64   15.26
 -43181.277   132.383   -20.63   19.66
 -42813.434   123.178   -25.02   22.38
 -42445.678   117.472   -15.52   23.11
 -42078.011   112.180   -14.39   23.62
 -41710.432   104.662   -20.45   25.61
 -41342.941    98.301   -17.31   28.60
 -40975.538    86.864   -31.13   28.27
 -40608.223    69.311   -47.79   30.54
 -40240.996    54.588   -40.09   32.11
 -39873.857    41.417   -35.87   32.23
 -39506.805    25.439   -43.53   25.02
 -39139.841    12.622   -34.93   13.40
 -38772.965     6.049   -17.92    4.93
 -38406.177     3.356    -7.34    3.91
 -38039.476     2.757    -1.63    3.96
 -37672.862     2.902     0.40    4.02
 -37306.336     1.838    -2.91    4.68
 -36939.897     0.196    -4.48    4.95
 -36573.546    -2.191    -6.51    4.59
 -36207.282    -4.466    -6.21    2.08
 -35841.105    -4.855    -1.06    1.66
 -35475.015    -5.293    -1.20    1.19
 -35109.012    -5.662    -1.01    0.00
 -34743.096    -5.662     0.00    0.00
 -34377.266    -5.662     0.00    0.00
 -34011.524    -5.662     0.00    0.00
 -33645.869    -5.662     0.00    0.00
 -33280.300    -5.662     0.00    0.00
 -32914.818    -5.662     0.00    0.00
 -32549.422    -5.662     0.00    0.00
 -32184.113    -5.662     0.00    0.00
 -31818.891    -5.662     0.00    0.00
 -31453.755    -5.662     0.00    0.00
 -31088.705    -5.662     0.00    0.00
 -30723.742    -5.662     0.00    0.00
 -30358.865    -5.662     0.00    0.00
 -29994.074    -5.662     0.00    0.00
 -29629.369    -5.662     0.00    0.00
 -29264.750    -5.662     0.00    0.00
 -28900.217    -5.662     0.00    0.00
 -28535.770    -5.662     0.00    0.00
 -28171.409    -5.653     0.03    0.10
 -27807.134    -5.296     0.98    1.49
 -27442.944    -4.488     2.22    2.81
 -27078.840    -3.059     3.93    4.50
 -26703.678    -0.305     7.34    7.34
 -26321.505     3.136     9.00    9.57
 -25939.428     6.552     8.94   10.74
 -25557.449    10.059     9.18   11.33
 -25175.566    14.177    10.78   12.11
 -24793.779    17.270     8.10   12.20
 -24412.089    18.010     1.94   11.26
 -24030.495    17.847    -0.43   11.78
 -23648.997    15.623    -5.83   12.07
 -23267.595    13.152    -6.48   12.67
 -22886.290     9.706    -9.04   13.79
 -22505.080     6.365    -8.76   13.80
 -22123.967     1.292   -13.31   11.56
 -21742.949    -1.554    -7.47    7.71
 -21362.027    -1.781    -0.59    5.67
 -20981.201     0.855     6.92    7.26
 -20600.471     3.431     6.76    7.75
 -20219.836     4.463     2.71    7.19
 -19839.297     4.738     0.72    6.64
 -19458.853     7.152     6.35    6.98
 -19078.504     9.490     6.15    7.52
 -18698.251    10.438     2.49    6.61
 -18318.093    11.073     1.67    5.84
 -17938.030    10.454    -1.63    4.47
 -17558.062    10.521     0.18    2.84
 -17178.190    10.446    -0.20    2.77
 -16798.412     8.842    -4.22    3.45
 -16418.729     8.626    -0.57    3.74
 -16039.141     8.632     0.02    3.84
 -15659.648     8.671     0.10    3.38
 -15280.249     7.608    -2.80    3.99
 -14900.945     6.696    -2.40    3.71
 -14521.736     6.001    -1.83    2.92
 -14142.621     7.357     3.58    2.93
 -13763.600     7.187    -0.45    2.90
 -13384.674     6.412    -2.05    3.26
 -13005.842     6.761     0.92    3.54
 -12627.104     8.162     3.70    4.21
 -12248.461    10.722     6.76    3.15
 -11869.911    11.019     0.79    4.03
 -11491.455     8.457    -6.77    6.62
 -11113.094     4.347   -10.86    6.71
 -10734.826    -0.014   -11.53    3.60
 -10356.651    -1.262    -3.30    2.39
  -9978.571    -0.797     1.23    2.94
  -9600.584     0.472     3.36    4.55
  -9222.691     3.319     7.53    6.67
  -8844.891     5.257     5.13    7.65
  -8467.185     5.558     0.80    8.18
  -8089.572     3.585    -5.22    7.64
  -7712.052     1.038    -6.75    5.73
  -7334.626    -1.176    -5.87    2.23
  -6957.293    -1.368    -0.51    0.46
  -6580.053    -1.100     0.71    0.50
  -6202.905    -0.835     0.70    0.38
  -5825.851    -0.672     0.43    0.10
  -5448.890    -0.662     0.03    0.00
  -5072.021    -0.662     0.00    0.00
  -4695.246    -0.662     0.00    0.00
  -4318.563    -0.662     0.00    0.00
  -3941.972    -0.662     0.00    0.00
  -3565.474    -0.662     0.00    0.00
  -3189.069    -0.662     0.00    0.00
  -2812.756    -0.662     0.00    0.00
  -2436.535    -0.662     0.00    0.00
  -2060.407    -0.662     0.00    0.00
  -1684.371    -0.662     0.00    0.00
  -1308.427    -0.662     0.00    0.00
   -932.575    -0.635     0.07    0.29
   -556.815    -0.626     0.02    0.30
   -181.147    -0.662    -0.10    0.00
    194.429    -0.662     0.00    0.00
    569.914    -0.662     0.00    0.00
    945.306    -0.662     0.00    0.00
   1320.607    -0.662     0.00    0.00
   1695.816    -0.662     0.00    0.00
   2070.934    -0.707    -0.12    0.21
   2445.960    -0.717    -0.03    0.23
   2820.895    -0.727    -0.02    0.25
   3195.739    -0.708     0.05    0.21
   3570.491    -0.662     0.12    0.00
   3945.152    -0.662     0.00    0.00
   4319.722    -0.662     0.00    0.00
   4694.201    -0.662     0.00    0.00
   5068.588    -0.662     0.00    0.00
   5442.885    -0.662     0.00    0.00
   5817.091    -0.662     0.00    0.00
   6191.206    -0.662     0.00    0.00
   6565.231    -0.662     0.00    0.00
   6939.164    -0.662     0.00    0.00
   7313.007    -0.563     0.27    0.76
   7686.760     2.080     7.07   10.48
   8060.422    11.563    25.38   26.32
   8433.993    21.604    26.88   36.28
   8807.475    35.246    36.53   43.26
   9180.865    47.464    32.72   46.16
   9554.166    65.451    48.18   47.31
   9927.377    79.819    38.50   44.73
  10300.497    95.892    43.08   35.76
  10673.527   108.518    33.85   27.00
  11046.468   117.172    23.21   14.89
  11419.318   122.910    15.39   10.14
  11792.079   126.927    10.78    6.82
  12164.750   129.291     6.34    4.38
  12537.331   129.644     0.95    3.90
  12909.822   129.809     0.44    4.04
  13282.224   128.058    -4.70    4.19
  13654.536   127.227    -2.23    4.99
  14026.759   125.282    -5.23    5.60
  14398.893   122.856    -6.52    5.16
  14770.937   117.791   -13.61    8.96
  15142.892   110.062   -20.78   15.97
  15514.758    98.155   -32.02   21.15
  15886.534    85.677   -33.56   22.82
  16258.222    77.141   -22.96   22.52
  16629.820    65.556   -31.18   24.67
  17001.330    54.439   -29.92   26.30
  17372.750    39.913   -39.11   24.03
  17744.082    30.159   -26.27   16.91
  18115.325    22.918   -19.51    6.95
  18486.479    22.878    -0.11    5.78
  18857.545    22.411    -1.26    6.20
  19228.522    22.449     0.10    5.53
  19599.411    22.968     1.40    4.41
  19970.211    22.366    -1.62    3.58
  20340.923    22.192    -0.47    2.66
  20711.546    21.547    -1.74    2.63
  21082.081    20.692    -2.31    2.92
  21452.528    20.004    -1.86    3.13
  21822.887    19.450    -1.50    3.07
  22193.158    20.319     2.35    3.22
  22563.340    21.151     2.25    3.18
  22933.435    21.874     1.95    3.45
  23303.442    22.104     0.62    3.58
  23673.361    22.319     0.58    3.48
  24043.193    22.437     0.32    3.32
  24412.936    22.573     0.37    3.03
  24782.592    21.833    -2.00    3.26
  25152.161    20.107    -4.67    3.50
  25521.642    18.437    -4.52    3.32
  25891.035    18.254    -0.49    3.51
  26260.341    18.689     1.18    4.24
  26629.560    19.319     1.71    5.39
  26998.691    19.494     0.47    6.49
  27367.736    18.062    -3.88    7.28
  27736.693    16.534    -4.14    6.33
  28105.563    14.183    -6.37    4.60
  28474.346    11.031    -8.55    6.44
  28843.042     6.526   -12.22    8.57
  29211.651     4.156    -6.43    8.03
  29580.173     7.722     9.68   13.22
  29948.609    11.665    10.70   14.91
  30316.957    14.301     7.16   13.02
  30685.219    13.902    -1.08    8.89
  31053.395    12.494    -3.83    7.07
  31421.484    12.307    -0.51    6.88
  31789.487    11.653    -1.78    6.54
  32157.403     9.758    -5.15    4.99
  32525.232     9.458    -0.82    4.50
  32892.976     9.519     0.17    4.39
  33260.633    10.033     1.40    3.86
  33628.204    12.473     6.64    4.07
  33995.689    14.423     5.31    6.21
  34363.088    16.465     5.56    7.52
  34730.401    16.671     0.56    7.22
  35097.628    16.026    -1.76    6.45
  35464.769    13.695    -6.35    5.27
  35831.824    11.387    -6.29    3.39
  36198.793     9.356    -5.53    3.71
  36565.677     9.011    -0.94    4.88
  36932.475    13.749    12.92   13.02
  37299.188    21.538    21.24   20.12
  37665.815    33.503    32.63   23.01
  38032.357    45.910    33.85   22.40
  38398.813    51.801    16.07   19.32
  38765.184    53.898     5.73   13.75
  39131.469    50.787    -8.49   11.64
  39497.670    46.213   -12.49   10.05
  39863.785    42.154   -11.09    6.84
  40229.815    40.439    -4.68    6.49
  40595.760    42.861     6.62    8.53
  40961.620    46.429     9.75    9.22
  41327.395    49.268     7.76   10.53
  41693.086    50.692     3.89   12.96
  42058.691    48.847    -5.05   15.30
  42424.212    45.160   -10.09   16.71
  42789.648    40.172   -13.65   15.77
  43154.999    37.398    -7.59   13.69
  43520.266    36.583    -2.23   11.42
  43885.449    37.646     2.91    9.02
  44250.546    42.140    12.31    8.90
  44615.560    47.035    13.41   10.75
  44980.489    54.193    19.62   10.81
  45345.334    59.152    13.59   10.39
  45710.094    62.569     9.37    8.66
  46074.771    65.440     7.87    7.16
  46439.363    67.236     4.92    6.67
  46803.871    68.799     4.29    7.38
  47168.296    71.156     6.47    7.19
  47532.636    72.496     3.68    7.08
  47901.988    74.833     6.33    5.69
  48283.990    76.888     5.38    4.62
  48665.899    78.109     3.20    4.37
  49047.713    79.117     2.64    4.08
  49429.433    80.405     3.37    3.45
  49811.060    81.172     2.01    3.51
  50192.592    81.833     1.73    3.40
  50574.030    83.421     4.16    3.82
  50955.374    84.218     2.09    4.40
  51336.624    84.851     1.66    4.14
  51717.781    85.975     2.95    3.53
  52098.844    85.310    -1.74    4.14
  52479.813    83.602    -4.48    4.32
  52860.689    82.273    -3.49    4.82
  53241.471    82.130    -0.37    6.18
  53622.160    82.510     1.00    7.68
  54002.755    83.023     1.35    8.45
  54383.258    84.668     4.32    7.89
  54763.667    85.782     2.93    5.49
  55143.983    86.764     2.58    5.39
  55524.205    87.782     2.68    5.17
  55904.335    87.985     0.53    4.78
  56284.372    86.714    -3.35    7.26
  56664.316    82.871   -10.11    9.18
  57044.167    80.647    -5.86    7.59
  57423.926    77.588    -8.06    7.42
  57803.591    75.495    -5.51    9.26
  58183.164    73.623    -4.93    9.90
  58562.645    69.897    -9.82    9.24
  58942.033    66.439    -9.12    5.89
  59321.329    63.916    -6.65    4.78
  59700.532    59.030   -12.88    8.60
  60079.643    52.553   -17.09    9.41
  60458.662    49.665    -7.62    8.63
  60837.589    48.683    -2.59    8.20
  61216.424    50.227     4.07    8.41
  61595.166    51.413     3.13    8.74
  61973.817    50.576    -2.21    8.04
  62352.376    50.109    -1.23    6.15
  62730.843    50.494     1.02    4.60
  63109.218    49.934    -1.48    4.63
  63487.502    49.916    -0.05    4.98
  63865.694    49.770    -0.38    5.66
  64243.794    49.995     0.59    5.71
  64621.803    48.938    -2.80    6.09
  64999.721    47.310    -4.31    6.58
  65377.547    45.243    -5.47    6.87
  65755.282    42.874    -6.27    6.07
  66132.925    41.141    -4.59    5.39
  66510.478    39.272    -4.95    6.09
  66887.939    37.019    -5.97    6.84
  67265.310    34.904    -5.61    6.84
  67642.589    32.992    -5.07    6.43
  68019.778    29.738    -8.63    5.54
  68396.875    26.897    -7.53    5.11
  68773.882    24.299    -6.89    4.60
  69150.799    23.208    -2.89    4.98
  69527.624    22.636    -1.52    6.32
  69904.359    21.402    -3.27    7.97
  70281.004    18.166    -8.59    9.55
  70657.558    14.245   -10.41    8.67
  71034.021    10.930    -8.80    6.66
  71410.395     9.507    -3.78    6.37
  71786.678     9.182    -0.87    6.84
  72162.871     9.211     0.08    7.38
  72538.974     8.801    -1.09    7.81
  72914.986     8.125    -1.80    8.03
  73290.909     7.977    -0.40    8.08
  73666.742     7.406    -1.52    8.01
  74042.485     7.615     0.56    7.95
  74418.138     8.347     1.95    7.97
  74793.702     9.029     1.82    7.95
  75169.175     9.384     0.95    8.04
  75544.559    10.385     2.66    7.82
  75919.854    10.375    -0.03    7.63
  76295.059    10.775     1.07    6.92
  76670.175    10.739    -0.09    6.31
  77045.201    11.787     2.79    5.48
  77420.138    13.503     4.58    5.54
  77794.986    16.872     8.99    4.76
  78169.744    20.254     9.02    5.03
  78544.414    23.309     8.16    6.01
  78918.994    26.674     8.98    6.17
  79293.486    28.581     5.09    6.30
  79667.888    31.938     8.97    5.01
  80042.202    34.650     7.24    4.05
  80416.427    36.440     4.78    3.75
  80790.563    38.640     5.88    3.16
  81164.610    40.140     4.01    2.17
  81538.569    40.495     0.95    1.86
  81912.439    40.507     0.03    2.24
  82286.221    39.739    -2.05    3.46
  82659.914    37.908    -4.90    6.12
  83033.519    34.677    -8.65    9.13
  83407.036    29.851   -12.92   11.29
  83780.465    24.950   -13.13   11.72
  84153.805    21.234    -9.95    9.21
  84527.057    19.843    -3.73    6.99
  84900.221    20.069     0.61    5.71
  85273.297    20.319     0.67    5.93
  85646.286    19.749    -1.53    7.03
  86019.186    18.384    -3.66    7.85
  86391.999    17.483    -2.42    9.05
  86764.723    18.169     1.84    9.44
  87137.360    20.134     5.27    8.45
  87509.910    21.730     4.29    9.03
  87882.372    22.580     2.28    9.91
  88254.746    25.225     7.10   11.49
  88627.033    29.640    11.86   12.84
  88999.233    36.928    19.58   13.81
  89371.345    44.838    21.25   11.72
  89743.370    51.838    18.81    5.77
  90115.308    54.777     7.90    2.75
  90487.159    56.328     4.17    1.85
  90858.922    56.403     0.20    4.45
  91230.599    56.088    -0.85   10.79
  91602.189    57.852     4.75   14.23
  91973.691    60.904     8.21   14.51
  92345.107    64.347     9.27   11.07
  92716.437    65.674     3.57    5.46
  93087.679    62.988    -7.24    5.17
  93458.835    58.514   -12.05    6.47
  93829.904    53.095   -14.60   10.55
  94200.887    46.394   -18.06   14.70
  94571.783    42.908    -9.40   15.96
  94942.593    41.991    -2.47   16.05
  95313.316    45.423     9.25   15.97
  95683.953    52.192    18.26   15.03
  96054.504    60.169    21.53    8.57
  96424.969    63.347     8.58    3.67
  96795.347    62.721    -1.69    3.80
  97165.640    61.097    -4.38    3.89
  97535.846    58.857    -6.05    5.17
  97905.967    56.602    -6.09    7.28
  98276.002    54.857    -4.72    8.87
  98645.951    54.609    -0.67    9.06
  99015.814    55.405     2.15    8.89
  99385.591    54.964    -1.19    8.69
  99755.283    55.109     0.39   10.12
 100124.889    54.674    -1.18   11.48
 100494.410    55.525     2.30   13.34
 100863.845    54.818    -1.91   14.96
 101233.195    54.197    -1.68   13.73
 101602.460    52.857    -3.63   11.31
 101971.639    48.781   -11.04   10.09
 102340.733    45.856    -7.92    9.47
 102709.742    42.500    -9.10    8.88
 103078.665    40.599    -5.15    7.20
 103447.504    38.940    -4.50    7.40
 103816.257    35.902    -8.24    8.06
 104184.926    35.023    -2.38    9.72
 104553.510    38.982    10.74   12.73
 104922.009    43.833    13.16   15.88
 105290.423    53.357    25.85   16.44
 105658.753    59.913    17.80   14.43
 106026.998    68.164    22.40   12.08
 106395.158    73.526    14.56   11.45
 106763.234    74.790     3.43   11.43
 107131.225    73.757    -2.81   12.36
 107499.132    71.102    -7.22   12.23
 107866.954    67.878    -8.76   10.01
 108234.692    65.534    -6.37    6.59
 108602.346    66.949     3.85    6.87
 108969.916    70.753    10.35    7.86
 109337.402    72.241     4.05    9.64
 109704.803    71.969    -0.74   12.29
 110072.121    71.989     0.05   14.44
 110439.354    75.994    10.91   18.84
 110806.504    87.423    31.12   23.66
 111173.570    99.395    32.62   22.16
 111540.552   110.919    31.40   16.90
 111907.450   116.347    14.79   12.00
 112274.265   115.186    -3.16   13.90
 112640.996   104.627   -28.79   21.79
 113007.643    93.494   -30.36   24.85
 113374.207    88.149   -14.58   25.68
 113740.688    84.338   -10.40   25.04
 114107.085    79.625   -12.86   23.68
 114473.398    72.319   -19.94   19.58
 114839.629    62.419   -27.03   10.13
 115205.776    58.970    -9.42    4.06
 115571.840    65.281    17.24   17.21
 115937.821    77.174    32.49   24.25
 116303.719    90.166    35.50   23.18
 116669.534    98.205    21.97   18.44
 117035.266    92.861   -14.61   23.45
 117400.915    82.530   -28.25   25.67
 117766.482    78.107   -12.10   25.88
 118131.965    79.206     3.01   26.63
 118497.366    83.209    10.96   26.11
 118862.684    84.422     3.32   24.60
 119227.920    84.959     1.47   22.99
 119593.072    85.719     2.08   22.68
 119958.143    85.795     0.21   21.79
 120323.131    90.034    11.61   19.52
 120688.037    93.423     9.29   15.39
 121052.860    97.625    11.52    9.08
 121417.601    99.160     4.21    7.39
 121782.260    99.479     0.87    6.99
 122146.837    99.210    -0.74    9.29
 122511.331    98.422    -2.16   13.92
 122892.638    96.440    -5.20   16.26
 123274.376    95.757    -1.79   14.40
 123656.021    94.838    -2.41   12.27
 124037.574    94.017    -2.15    9.71
 124419.036    95.239     3.20   11.17
 124800.406    91.734    -9.19   12.86
 125181.684    87.961    -9.89   11.48
 125562.871    86.394    -4.11    9.19
 125943.966    84.220    -5.70    7.39
 126324.970    82.078    -5.62    8.02
 126705.882    77.998   -10.71   11.96
 127086.704    75.790    -5.80   12.35
 127467.433    75.930     0.37   10.05
 127848.072    73.507    -6.36    7.62
 128228.620    70.693    -7.39    8.47
 128609.077    66.196   -11.82   10.60
 128989.442    65.033    -3.06   10.48
 129369.717    68.538     9.22   11.90
 129749.901    73.061    11.90   11.06
 130129.994    75.030     5.18    8.47
 130509.996    75.722     1.82    8.97
 130889.908    74.612    -2.92   10.52
 131269.729    76.500     4.97   10.78
 131649.460    78.862     6.22   10.81
 132029.100    78.434    -1.13    9.90
 132408.650    74.100   -11.42    8.99
 132788.109    71.356    -7.23    8.33
 133167.478    69.021    -6.15    7.64
 133546.757    67.014    -5.29    7.59
 133925.946    67.093     0.21    8.12
 134305.045    69.728     6.95    8.09
 134684.054    73.654    10.36    8.20
 135062.972    76.690     8.01    8.54
 135441.801    80.602    10.33    9.75
 135820.540    82.347     4.61   10.41
 136199.189    82.922     1.52   11.78
 136577.749    79.471    -9.11   13.10
 136956.219    76.338    -8.28   13.52
 137334.599    74.668    -4.41   14.63
 137712.890    73.880    -2.08   15.64
 138091.091    74.520     1.69   17.41
 138469.203    75.894     3.63   16.86
 138847.226    75.707    -0.50   14.18
 139225.159    73.932    -4.70   12.94
 139603.003    68.575   -14.18   14.56
 139980.759    62.604   -15.81   13.33
 140358.424    57.970   -12.27   11.99
 140736.001    56.104    -4.94   13.21
 141113.489    67.024    28.93   20.79
 141490.888    78.804    31.21   22.69
 141868.199    88.991    27.00   18.03
 142245.420    89.693     1.86   18.05
 142622.553    86.842    -7.56   21.08
 142999.597    81.109   -15.20   23.89
 143376.553    80.930    -0.48   23.67
 143753.420    85.004    10.81   18.95
 144130.198    88.460     9.17   14.05
 144506.888    88.203    -0.68    9.69
 144883.490    88.623     1.12   10.09
 145260.004    92.191     9.47    9.81
 145636.429    94.696     6.66    8.00
 146012.766    94.519    -0.47    7.32
 146389.015    91.687    -7.53    7.91
 146765.176    87.144   -12.08    7.75
 147141.249    83.715    -9.12    7.49
 147517.234    80.209    -9.32    6.37
 147893.131    78.014    -5.84    5.32
 148268.941    77.124    -2.37    5.40
 148644.663    75.052    -5.51   11.54
 149020.297    70.580   -11.90   20.18
 149395.843    62.823   -20.65   29.06
 149771.302    51.969   -28.91   35.13
 150146.674    39.249   -33.88   38.06
 150521.958    27.088   -32.40   36.69
 150897.154    17.613   -25.25   31.66
 151272.264     5.163   -33.19   17.88
 151647.286     0.776   -11.70    8.61
 152022.221    -0.662    -3.84    0.00
 152397.069    -0.662     0.00    0.00
 152771.829    -0.662     0.00    0.00
 153146.503    -0.662     0.00    0.00
 153521.090    -0.662     0.00    0.00
 153895.590    -0.662     0.00    0.00
 154270.003    -0.662     0.00    0.00
 154644.329    -0.662     0.00    0.00
 155018.568    -0.662     0.00    0.00
 155392.721    -0.662     0.00    0.00
 155766.788    -0.662     0.00    0.00
 156140.767     0.004     1.78    3.46
 156514.661     1.813     4.84    6.91
 156888.468     4.014     5.89    9.60
 157262.188     6.386     6.35   11.47
 157635.823     9.063     7.16   12.43
 158009.371    11.910     7.62   13.00
 158382.832    14.930     8.08   13.09
 158756.208    17.895     7.94   11.90
 159129.498    18.868     2.61   10.86
 159502.701    19.623     2.02    8.30
 159875.819    19.511    -0.30    5.41
 160248.851    20.501     2.65    2.97
 160621.797    21.753     3.36    2.98
 160994.657    23.687     5.19    3.13
 161367.432    25.580     5.08    2.92
 161740.121    27.745     5.81    2.88
 162112.724    28.690     2.53    2.67
 162485.242    29.278     1.58    2.34
 162857.674    29.366     0.24    2.28
 163230.021    29.052    -0.84    2.17
 163602.283    28.623    -1.15    2.12
 163974.459    28.543    -0.21    2.51
 164346.550    28.978     1.17    2.89
 164718.556    28.857    -0.33    3.56
 165090.476    29.182     0.87    4.30
 165462.312    29.915     1.97    4.26
 165834.063    29.338    -1.55    4.33
 166205.728    28.616    -1.94    5.46
 166577.309    26.868    -4.70    6.12
 166948.805    26.661    -0.56    6.33
 167320.216    27.011     0.94    6.11
 167691.542    27.221     0.57    6.26
 168062.784    26.347    -2.35    6.53
 168433.941    23.813    -6.83    5.78
 168805.014    21.442    -6.39    4.36
 169176.002    20.773    -1.80    2.75
 169546.906    20.645    -0.34    2.20
 169917.725    21.154     1.37    2.53
 170288.460    22.540     3.74    3.08
 170659.111    23.694     3.11    3.43
 171029.677    24.828     3.06    3.50
 171400.159    26.338     4.07    3.49
 171770.558    27.932     4.30    3.71
 172140.872    29.934     5.41    5.47
 172511.102    30.399     1.26    6.76
 172881.248    28.493    -5.15    7.11
 173251.311    26.408    -5.63    5.90
 173621.289    24.799    -4.35    3.06
 173991.184    24.681    -0.32    3.84
 174360.995    26.681     5.41    5.27
 174730.723    27.838     3.13    5.29
 175100.366    26.724    -3.01    6.79
 175469.927    23.415    -8.95    8.20
 175839.404    21.174    -6.06    7.24
 176208.797    20.693    -1.30    7.51
 176578.107    21.417     1.96    9.37
 176947.334    22.975     4.22   10.08
 177316.478    22.648    -0.88   11.11
 177685.538    21.694    -2.59   11.66
 178054.515    20.290    -3.81    9.29
 178423.409    21.205     2.48    7.20
 178792.220    22.482     3.46    6.05
 179160.948    22.485     0.01    4.24
 179529.594    20.901    -4.30    4.66
 179898.156    20.406    -1.34    4.83
 180266.635    19.518    -2.41    6.77
 180635.032    18.790    -1.98    7.09
 181003.346    20.899     5.73    8.30
 181371.578    24.619    10.10    8.38
 181739.727    26.698     5.65    6.82
 182107.793    29.376     7.28    8.48
 182475.777    30.436     2.88   10.21
 182843.678    30.018    -1.14   10.48
 183211.497    28.934    -2.95   10.68
 183579.234    27.164    -4.81   10.10
 183946.888    23.842    -9.03   11.12
 184314.460    20.358    -9.48   12.23
 184681.951    17.891    -6.71   10.44
 185049.359    18.828     2.55    9.77
 185416.684    21.128     6.26    8.34
 185783.928    24.155     8.24    5.55
 186151.090    27.572     9.31    5.30
 186518.171    27.270    -0.82    6.79
 186885.169    27.896     1.71    7.65
 187252.086    31.024     8.52    9.26
 187618.920    33.299     6.20    9.10
 187985.674    37.568    11.64    7.63
 188352.345    34.595    -8.11   10.14
 188718.935    30.297   -11.72   10.29
 189085.444    27.881    -6.59    8.62
 189451.871    25.132    -7.50    4.36
 189818.217    26.100     2.64    4.75
 190184.481    25.940    -0.44    4.64
 190550.664    24.236    -4.65    4.18
 190916.766    24.852     1.68    5.38
 191282.786    27.108     6.16    6.98
 191648.726    28.828     4.70    6.43
 192014.584    29.976     3.14    6.30
 192380.362    30.031     0.15    4.32
 192746.058    28.934    -3.00    3.32
 193111.674    29.425     1.34    2.91
 193477.209    28.934    -1.34    3.40
 193842.663    29.034     0.27    4.41
 194208.036    29.347     0.86    6.61
 194573.328    26.741    -7.13    8.35
 194938.540    22.883   -10.56    8.77
 195303.671    22.366    -1.41    9.15
 195668.722    23.668     3.56   10.13
 196033.692    25.988     6.36    8.54
 196398.582    27.149     3.18    6.85
 196763.391    27.833     1.87    5.96
 197128.121    27.491    -0.94    6.69
 197503.999    25.885    -4.27    7.13
 197885.565    26.881     2.61    7.00
 198267.041    28.572     4.43    9.02
 198648.427    26.998    -4.13    9.76
 199029.725    25.654    -3.52   10.47
 199410.933    24.551    -2.89    9.36
 199792.051    23.083    -3.85    5.80
 200173.081    23.887     2.11    5.11
 200554.021    26.316     6.38    7.10
 200934.872    29.483     8.32    8.93
 201315.634    29.480    -0.01    9.75
 201696.307    30.199     1.89    9.72
 202076.891    26.817    -8.88    9.20
 202457.386    23.540    -8.61    5.81
 202837.793    22.616    -2.43    3.98
 203218.110    21.367    -3.28    3.34
 203598.339    22.509     3.00    5.31
 203978.480    28.707    16.30   11.50
 204358.531    36.928    21.63   13.62
 204738.495    48.328    30.00   14.24
 205118.369    57.838    25.03   13.51
 205498.156    62.730    12.88   10.64
 205877.854    63.308     1.52    9.50
 206257.464    60.524    -7.33    8.05
 206636.985    58.945    -4.16    7.61
 207016.419    61.740     7.36   10.29
 207395.764    64.191     6.46   12.36
 207775.021    65.912     4.54   13.76
 208154.191    63.833    -5.48   15.01
 208533.272    61.664    -5.72   14.59
 208912.266    58.182    -9.19   11.37
 209291.172    54.912    -8.63    9.97
 209669.990    49.991   -12.99   10.30
 210048.720    43.459   -17.25   10.27
 210427.363    38.953   -11.90    8.00
 210805.919    38.188    -2.02    8.31
 211184.386    39.769     4.18    9.00
 211562.767    42.411     6.98   10.29
 211941.060    46.697    11.33   12.79
 212319.266    49.699     7.94   13.05
 212697.384    52.503     7.41   11.93
 213075.415    53.776     3.37   11.74
 213453.360    50.512    -8.64   12.61
 213831.217    47.359    -8.35   12.64
 214208.987    44.181    -8.41   11.80
 214586.670    41.233    -7.80    9.82
 214964.266    40.779    -1.20    8.19
 215341.776    42.798     5.35    7.97
 215719.198    44.910     5.60    8.75
 216096.534    47.298     6.33   10.03
 216473.784    51.608    11.42   10.93
 216850.946    51.568    -0.11   10.43
 217228.023    52.328     2.02    9.49
 217605.012    55.693     8.93   11.47
 217981.916    54.508    -3.15   12.49
 218358.733    54.773     0.70   12.92
 218735.463    56.661     5.01   12.02
 219112.108    59.184     6.70   13.58
 219488.666    63.110    10.42   13.74
 219865.138    63.710     1.59   11.74
 220241.524    60.816    -7.69    9.44
 220617.824    57.585    -8.59   11.02
 220994.038    54.497    -8.21   10.70
 221370.166    51.416    -8.19   13.21
 221746.208    51.509     0.25   15.65
 222122.165    49.955    -4.13   16.42
 222498.036    48.711    -3.31   16.01
 222873.821    49.975     3.36   15.31
 223249.520    54.038    10.81   17.10
 223625.134    58.173    11.01   16.71
 224000.663    56.724    -3.86   15.81
 224376.106    49.526   -19.17   15.28
 224751.463    44.563   -13.22   11.88
 225126.736    43.287    -3.40    8.86
 225501.923    46.612     8.86    9.87
 225877.025    51.923    14.16    7.10
 226252.042    53.279     3.62    5.26
 226626.973    51.968    -3.50    3.89
 227001.820    49.406    -6.84    4.03
 227376.582    47.031    -6.33    3.25
 227751.258    48.654     4.33    6.10
 228125.850    53.610    13.23   10.71
 228500.357    59.734    16.35   10.51
 228874.780    59.546    -0.50   11.27
 229249.117    52.704   -18.27   16.03
 229623.370    43.093   -25.68   14.81
 229997.539    31.237   -31.68    8.77
 230371.623    25.181   -16.19    7.03
 230745.622    20.491   -12.54    5.86
 231119.537    17.955    -6.78    3.62
 231493.368    17.613    -0.92    3.30
 231867.114    21.258     9.75    6.93
 232240.777    24.497     8.67    7.86
 232614.355    22.661    -4.91    8.95
 232987.848    19.674    -8.00    8.70
 233361.258    16.749    -7.83    6.62
 233734.584    20.628    10.39   10.37
 234107.826    23.428     7.50    9.98
 234480.984    25.888     6.59    8.26
 234854.058    26.853     2.59    6.75
 235227.048    23.090   -10.09    5.10
 235599.955    21.728    -3.65    4.92
 235972.777    17.524   -11.27    5.90
 236345.517    13.109   -11.84    6.57
 236718.172    10.651    -6.59    5.87
 237090.745    11.075     1.14    7.47
 237463.233    14.338     8.76    9.60
 237835.639    17.008     7.17    8.98
 238207.961    19.868     7.68    7.89
 238580.199    20.358     1.32    8.42
 238952.355    21.530     3.15    9.37
 239324.427    19.843    -4.53    7.93
 239696.416    15.254   -12.33    5.73
 240068.322    15.171    -0.22    7.64
 240440.145    17.001     4.92   10.45
 240811.885    21.823    12.97   11.07
 241183.542    25.721    10.49    9.82
 241555.117    23.602    -5.70    9.15
 241926.608    20.456    -8.47    9.61
 242298.017    15.178   -14.21    8.66
 242669.343    10.536   -12.50    4.37
 243040.587     8.429    -5.67    4.00
 243411.748     8.406    -0.06    4.89
 243782.826     9.499     2.94    5.15
 244153.822    11.867     6.38    5.35
 244524.735    12.654     2.12    5.07
 244895.566    11.843    -2.19    4.68
 245266.315     9.247    -7.00    5.06
 245636.982     7.288    -5.28    4.33
 246007.566     8.942     4.46    6.04
 246378.068    10.075     3.06    6.88
 246748.489    11.508     3.87    6.71
 247118.827    11.453    -0.15    6.81
 247489.083    12.563     3.00    7.36
 247859.257    13.656     2.95    7.22
 248229.349    15.590     5.23    5.67
 248599.360    15.538    -0.14    4.24
 248969.289    14.603    -2.53    3.37
