# NaN NaN NaN ;Mean Elev.(m), Avg Gradient(m/km), RMS Gradient(m/km) - SRTM1     
#   59.104  -0.926   3.890 ;Mean Elev.(m), Avg Gradient(m/km), RMS Gradient(m/km) - ASTER GDEM
#   36.111  -2.134   7.159 ;Mean Elev.(m), Avg Gradient(m/km), RMS Gradient(m/km) - GMTED2010 
  8    67.521 52496.51172518 33.16 128.348555  63.508982 26.307
  8    67.386 52496.51172583 34.25 128.345855  63.512112 26.307
  8    67.327 52496.51172647 40.36 128.343165  63.515242 26.307
  8    67.202 52496.51172712 30.95 128.340465  63.518372 26.307
  8    67.363 52496.51172776 26.03 128.337765  63.521502 26.307
  8    67.247 52496.51172841 35.99 128.335065  63.524632 26.307
  8    67.225 52496.51172905 33.82 128.332365  63.527762 26.307
  8    67.182 52496.51172970 32.89 128.329665  63.530892 26.307
  8    67.028 52496.51173034 32.17 128.326965  63.534012 26.307
  8    66.947 52496.51173099 25.65 128.324265  63.537142 26.307
  8    66.754 52496.51173163 25.04 128.321568  63.540270 32.920
  8    66.820 52496.51173227 34.42 128.318868  63.543400 32.920
  8    66.848 52496.51173292 38.99 128.316168  63.546530 32.920
  8    66.923 52496.51173679 31.45 128.299938  63.565300 32.920
  8    66.989 52496.51173743 36.33 128.297228  63.568430 32.920
  8    66.789 52496.51173808 33.38 128.294528  63.571550 32.920
  8    66.494 52496.51174066 39.22 128.283688  63.584060 32.920
  8    66.608 52496.51174130 40.87 128.280988  63.587190 32.920
  8    66.524 52496.51174194 33.78 128.278268  63.590320 32.920
  8    66.349 52496.51174259 34.27 128.275558  63.593450 32.920
  8    66.155 52496.51174323 28.22 128.272848  63.596580 32.920
  8    66.194 52496.51174388 26.59 128.270138  63.599700 32.920
  8    66.295 52496.51174452 32.51 128.267424  63.602830 40.065
  8    66.264 52496.51174517 33.03 128.264714  63.605960 40.065
  8    66.322 52496.51174581 43.33 128.262004  63.609090 40.065
  8    66.640 52496.51174646 35.70 128.259284  63.612210 40.065
  8    66.223 52496.51174710 34.22 128.256574  63.615340 40.065
  8    65.953 52496.51174775 35.02 128.253854  63.618470 40.065
  8    65.970 52496.51174839 43.10 128.251144  63.621600 40.065
 10    66.426 52566.51173407 27.67 128.335870  63.512544 18.548
 10    66.063 52566.51173472 29.19 128.333170  63.515664 18.548
 10    66.237 52566.51173665 29.59 128.325066  63.525051 20.050
 10    66.363 52566.51173923 48.02 128.314266  63.537561 20.050
 10    66.248 52566.51173987 43.21 128.311556  63.540691 20.050
 10    66.281 52566.51174052 45.95 128.308856  63.543821 20.050
 10    66.256 52566.51174116 44.91 128.306156  63.546951 20.050
 10    66.041 52566.51174568 32.70 128.287206  63.568841 20.050
 10    65.739 52566.51175212 47.51 128.260106  63.600121 24.250
 10    65.562 52566.51175277 42.11 128.257386  63.603251 24.250
 10    65.595 52566.51175341 37.69 128.254676  63.606371 24.250
 10    69.725 52566.51175664 29.46 128.241096  63.622011 24.250
 11    65.344 52601.51174600 22.43 128.337400  63.513798  7.827
 11    65.359 52601.51174664 22.89 128.334700  63.516928  7.827
 11    65.215 52601.51174729 22.77 128.332010  63.520058  7.827
 11    65.978 52601.51174793 22.19 128.329310  63.523188  7.827
 11    65.899 52601.51174858 22.91 128.326610  63.526318  7.827
 11    65.380 52601.51174987 25.57 128.321210  63.532578  7.827
 11    65.430 52601.51175051 28.33 128.318510  63.535708  7.827
 11    65.544 52601.51175115 29.89 128.315810  63.538828  7.827
 11    65.561 52601.51175180 33.84 128.313110  63.541958  7.827
 11    65.483 52601.51175244 33.32 128.310411  63.545085  5.605
 11    65.444 52601.51175309 28.12 128.307701  63.548215  5.605
 11    71.392 52601.51175760 21.57 128.288771  63.570115  5.605
 11    69.065 52601.51176276 20.41 128.267101  63.595135  5.605
 11    68.423 52601.51176340 20.90 128.264391  63.598265  5.605
 11    68.651 52601.51176405 20.61 128.261681  63.601385  5.605
 11    69.351 52601.51176469 19.78 128.258971  63.604515  5.605
 11    70.224 52601.51176792 22.26 128.245395  63.620153  6.707
 11    69.774 52601.51176856 20.67 128.242685  63.623283  6.707
 11    69.145 52601.51176921 20.68 128.239965  63.626413  6.707
 13    66.816 52671.51171546 19.70 128.338417  63.512550  4.130
 13    66.618 52671.51171611 20.03 128.335727  63.515680  4.130
 13    66.818 52671.51171675 18.87 128.333027  63.518810  4.130
 13    66.593 52671.51171740 18.47 128.330327  63.521940  4.130
 13    66.602 52671.51171804 18.35 128.327627  63.525070  4.130
 13    66.778 52671.51171869 18.16 128.324927  63.528190  4.130
 13    66.829 52671.51171998 18.31 128.319525  63.534448  2.755
 13    66.635 52671.51172062 18.27 128.316825  63.537578  2.755
 13    66.378 52671.51172126 18.40 128.314125  63.540708  2.755
 13    66.100 52671.51172191 18.56 128.311425  63.543838  2.755
 13    65.728 52671.51172255 18.37 128.308715  63.546968  2.755
 13    65.694 52671.51172707 17.53 128.289785  63.568858  2.755
 13    68.763 52671.51173287 14.45 128.265407  63.597009  3.201
 13    68.372 52671.51173351 14.23 128.262687  63.600139  3.201
 13    68.650 52671.51173416 13.98 128.259977  63.603269  3.201
 13    69.471 52671.51173480 13.87 128.257267  63.606389  3.201
 13    70.221 52671.51173738 15.89 128.246407  63.618899  3.201
 13    70.149 52671.51173803 15.08 128.243687  63.622029  3.201
 13    69.667 52671.51173867 14.19 128.240977  63.625159  3.201
 14    66.464 52706.51171879 17.71 128.309773  63.537221  3.520
 14    66.129 52706.51171943 17.80 128.307073  63.540341  3.520
 14    66.118 52706.51172008 17.56 128.304363  63.543471  3.520
 14    65.820 52706.51172072 17.40 128.301663  63.546601  3.520
 14    65.388 52706.51172137 17.01 128.298963  63.549731  3.520
 14    69.324 52706.51173233 12.21 128.252894  63.602895  2.079
 14    69.757 52706.51173297 12.00 128.250184  63.606025  2.079
 15    68.487 52741.51174600 16.57 128.338688  63.511718  3.797
 15    66.912 52741.51174665 17.16 128.335988  63.514851  3.557
 15    66.767 52741.51174729 17.48 128.333288  63.517981  3.557
 15    66.750 52741.51174794 17.57 128.330588  63.521111  3.557
 15    67.974 52741.51174858 17.43 128.327888  63.524241  3.557
 15    67.254 52741.51174923 17.18 128.325188  63.527361  3.557
 15    66.980 52741.51175052 17.81 128.319798  63.533621  3.557
 15    66.690 52741.51175116 17.37 128.317088  63.536751  3.557
 15    66.409 52741.51175180 17.19 128.314388  63.539881  3.557
 15    66.086 52741.51175245 16.52 128.311688  63.543011  3.557
 15    65.949 52741.51175309 16.31 128.308988  63.546131  3.557
 15    65.647 52741.51175761 13.98 128.290058  63.568031  3.557
 15    68.136 52741.51176341 10.84 128.265671  63.596178  2.145
 15    68.251 52741.51176405 10.67 128.262961  63.599308  2.145
 15    68.204 52741.51176470 11.15 128.260251  63.602438  2.145
 15    69.174 52741.51176534 10.94 128.257541  63.605568  2.145
 15    69.847 52741.51176857 10.55 128.243971  63.621198  2.145
 15    69.628 52741.51176921 10.04 128.241251  63.624328  2.145
 16    66.850 52776.51169018 38.28 128.351141  63.516794 29.581
 16    66.226 52776.51169082 38.21 128.348451  63.519924 29.581
 16    66.108 52776.51169146 40.77 128.345751  63.523054 29.581
 16    66.320 52776.51169211 33.84 128.343051  63.526184 29.581
 16    66.101 52776.51169275 37.98 128.340356  63.529309 35.512
 16    66.191 52776.51169340 39.61 128.337656  63.532439 35.512
 16    66.041 52776.51169404 37.53 128.334956  63.535569 35.512
 16    65.805 52776.51169469 35.89 128.332256  63.538699 35.512
 16    65.828 52776.51169533 44.51 128.329556  63.541819 35.512
 16    65.904 52776.51169598 41.80 128.326856  63.544949 35.512
 16    65.975 52776.51169662 38.56 128.324156  63.548079 35.512
 16    65.944 52776.51169727 40.16 128.321456  63.551209 35.512
 16    65.952 52776.51169791 36.03 128.318746  63.554339 35.512
 16    69.424 52776.51169856 35.83 128.316046  63.557469 35.512
 16    65.898 52776.51169920 35.72 128.313346  63.560589 35.512
 16    65.845 52776.51169985 32.74 128.310636  63.563719 35.512
 16    65.821 52776.51170049 35.51 128.307936  63.566849 35.512
 16    65.810 52776.51170113 40.11 128.305226  63.569979 35.512
 16    65.810 52776.51170178 45.57 128.302526  63.573109 35.512
 16    65.812 52776.51170242 43.78 128.299816  63.576239 35.512
 16    65.810 52776.51170307 41.66 128.297116  63.579359 35.512
 16    65.748 52776.51170371 34.93 128.294406  63.582489 35.512
 16    65.677 52776.51170436 35.80 128.291696  63.585619 35.512
 16    65.585 52776.51170500 38.05 128.288986  63.588749 35.512
 16    65.527 52776.51170565 44.30 128.286275  63.591877 29.381
 16    65.476 52776.51170629 42.22 128.283565  63.594997 29.381
 16    65.448 52776.51170694 43.71 128.280855  63.598127 29.381
 16    65.437 52776.51170758 46.30 128.278145  63.601257 29.381
 16    65.412 52776.51170823 43.98 128.275435  63.604387 29.381
 16    65.313 52776.51170887 38.56 128.272725  63.607517 29.381
 16    65.258 52776.51170952 38.68 128.270015  63.610637 29.381
 19    70.276 52881.51185948 28.10 128.333414  63.512849 25.618
 19    67.198 52881.51186464 20.57 128.311814  63.537870 21.203
 19    67.125 52881.51186528 18.63 128.309114  63.541000 21.203
 19    67.026 52881.51186593 18.24 128.306414  63.544130 21.203
 19    69.491 52881.51186657 17.82 128.303714  63.547260 21.203
 19    69.409 52881.51187753 23.89 128.257668  63.600433 29.712
 19    66.756 52881.51187818 26.19 128.254958  63.603553 29.712
 19    70.770 52881.51187882 27.78 128.252248  63.606683 29.712
 20    67.979 52916.51181513 51.23 128.352354  63.507640 37.817
 20    67.880 52916.51181578 51.40 128.349654  63.510770 37.817
 20    67.884 52916.51181642 48.89 128.346954  63.513900 37.817
 20    67.733 52916.51181707 50.44 128.344264  63.517030 37.817
 20    67.669 52916.51181771 53.13 128.341564  63.520160 37.817
 20    67.783 52916.51181835 44.31 128.338864  63.523280 37.817
 20    67.777 52916.51181900 51.45 128.336165  63.526413 42.142
 20    67.763 52916.51181964 47.56 128.333465  63.529543 42.142
 20    67.511 52916.51182029 52.47 128.330765  63.532673 42.142
 20    67.444 52916.51182093 48.50 128.328065  63.535803 42.142
 20    67.472 52916.51182158 51.10 128.325365  63.538923 42.142
 20    67.426 52916.51182222 46.74 128.322665  63.542053 42.142
 20    67.420 52916.51182287 45.77 128.319965  63.545183 42.142
 20    67.436 52916.51182351 48.38 128.317265  63.548313 42.142
 20    67.392 52916.51182674 52.17 128.303745  63.563953 42.142
 20    67.370 52916.51182738 51.54 128.301035  63.567083 42.142
 20    67.270 52916.51182803 49.52 128.298335  63.570213 42.142
 20    67.313 52916.51182867 52.44 128.295625  63.573333 42.142
 20    67.143 52916.51182996 51.10 128.290205  63.579593 42.142
 20    67.018 52916.51183060 50.18 128.287505  63.582723 42.142
 20    66.979 52916.51183125 53.73 128.284795  63.585853 42.142
 20    66.935 52916.51183189 53.40 128.282088  63.588978 42.232
 20    67.044 52916.51183254 52.15 128.279378  63.592108 42.232
 20    67.029 52916.51183318 50.47 128.276668  63.595228 42.232
 20    67.000 52916.51183383 52.90 128.273958  63.598358 42.232
 20    66.951 52916.51183447 48.22 128.271238  63.601488 42.232
 20    66.917 52916.51183512 48.02 128.268528  63.604618 42.232
 20    66.863 52916.51183576 52.91 128.265818  63.607738 42.232
 20    66.828 52916.51183641 50.12 128.263108  63.610868 42.232
 20    66.787 52916.51183705 50.63 128.260388  63.613998 42.232
 20    66.732 52916.51183770 50.44 128.257678  63.617128 42.232
 20    66.518 52916.51183834 52.35 128.254958  63.620248 42.232
 23    65.502 53021.51178336 14.96 128.351341  63.507459  3.216
 23    65.393 53021.51178400 14.55 128.348651  63.510589  3.216
 23    65.352 53021.51178465 15.61 128.345951  63.513709  3.216
 23    65.797 53021.51178529 15.17 128.343251  63.516839  3.216
 23    65.719 53021.51178594 14.77 128.340561  63.519969  3.216
 23    66.434 53021.51178658 14.42 128.337861  63.523099  3.216
 23    66.539 53021.51178723 14.13 128.335161  63.526229  3.216
 23    66.548 53021.51178787 13.95 128.332461  63.529359  3.216
 23    66.310 53021.51178852 14.53 128.329761  63.532489  3.216
 23    66.102 53021.51178916 14.51 128.327061  63.535609  3.216
 23    66.164 53021.51178980 14.61 128.324361  63.538739  3.216
 23    66.014 53021.51179045 15.10 128.321661  63.541869  3.216
 23    65.435 53021.51179109 15.00 128.318961  63.544996  2.769
 23    65.082 53021.51179174 14.66 128.316251  63.548126  2.769
 23    65.239 53021.51179496 14.62 128.302731  63.563766  2.769
 23    65.278 53021.51179561 14.50 128.300031  63.566896  2.769
 23    65.544 53021.51179625 14.12 128.297321  63.570026  2.769
 23    66.077 53021.51179690 13.98 128.294611  63.573156  2.769
 23    66.768 53021.51179883 16.00 128.286491  63.582536  2.769
 23    67.121 53021.51179947 14.97 128.283781  63.585666  2.769
 23    68.464 53021.51180012 14.41 128.281071  63.588796  2.769
 23    68.225 53021.51180076 14.55 128.278361  63.591916  2.769
 23    68.454 53021.51180141 14.53 128.275651  63.595046  2.769
 23    69.274 53021.51180205 14.04 128.272941  63.598176  2.769
 23    69.262 53021.51180270 14.16 128.270231  63.601306  2.769
 23    69.358 53021.51180334 13.68 128.267511  63.604426  2.769
 23    69.473 53021.51180399 13.80 128.264804  63.607554  2.884
 23    69.804 53021.51180463 13.70 128.262094  63.610684  2.884
 23    69.923 53021.51180528 13.87 128.259374  63.613814  2.884
 23    69.997 53021.51180592 14.33 128.256664  63.616934  2.884
 23    70.026 53021.51180657 14.00 128.253944  63.620064  2.884
 26    66.922 53126.51178826 22.26 128.310591  63.536442  5.315
 26    66.750 53126.51178891 17.87 128.307881  63.539572  5.315
 26    66.164 53126.51178955 17.36 128.305181  63.542702  5.315
 26    65.599 53126.51179020 17.24 128.302471  63.545822  5.315
 26    65.306 53126.51179084 16.21 128.299771  63.548952  5.315
 26    68.087 53126.51180180 10.37 128.253706  63.602119  6.268
 26    67.940 53126.51180244  9.50 128.250996  63.605249  6.268
 26    67.384 53126.51180309 10.12 128.248276  63.608379  6.268
 28    69.600 53196.51184418 50.24 128.337856  63.513652 34.084
 28    69.574 53196.51184482 48.58 128.335156  63.516772 34.084
 28    69.525 53196.51184547 42.34 128.332455  63.519905 32.967
 28    69.443 53196.51184611 40.11 128.329755  63.523035 32.967
 28    69.194 53196.51184676 51.29 128.327055  63.526165 32.967
 28    69.182 53196.51184805 50.28 128.321655  63.532415 32.967
 28    69.170 53196.51184869 53.19 128.318955  63.535545 32.967
 28    69.147 53196.51184934 52.10 128.316255  63.538675 32.967
 28    69.029 53196.51184998 50.29 128.313555  63.541805 32.967
 28    69.027 53196.51185063 53.70 128.310855  63.544935 32.967
 28    69.037 53196.51185127 51.37 128.308145  63.548065 32.967
 28    68.946 53196.51185578 51.50 128.289205  63.569955 32.967
 28    68.668 53196.51186094 52.73 128.267528  63.594979 42.770
 28    68.695 53196.51186159 52.76 128.264818  63.598109 42.770
 28    68.708 53196.51186223 50.95 128.262108  63.601229 42.770
 28    68.695 53196.51186288 52.19 128.259398  63.604359 42.770
 28    68.303 53196.51186610 50.81 128.245818  63.619999 42.770
 28    68.304 53196.51186674 53.46 128.243108  63.623119 42.770
 28    68.175 53196.51186739 50.75 128.240388  63.626249 42.770
 29    68.956 53231.51182443 46.12 128.352106  63.506383 23.504
 29    68.966 53231.51182508 48.38 128.349406  63.509503 23.504
 29    69.089 53231.51182572 47.87 128.346716  63.512633 23.504
 29    68.971 53231.51182637 47.48 128.344016  63.515763 23.504
 29    68.910 53231.51182701 48.92 128.341316  63.518893 23.504
 29    68.872 53231.51182765 45.77 128.338616  63.522023 23.504
 29    69.045 53231.51182830 30.01 128.335916  63.525153 23.504
 29    69.022 53231.51182894 26.96 128.333216  63.528283 23.504
 29    68.356 53231.51182959 26.35 128.330516  63.531413 23.504
 29    68.316 53231.51183023 25.32 128.327816  63.534533 23.504
 29    68.025 53231.51183088 25.62 128.325116  63.537663 23.504
 29    67.528 53231.51183152 25.99 128.322413  63.540791 32.430
 29    67.808 53231.51183217 25.73 128.319713  63.543921 32.430
 29    68.042 53231.51183281 25.24 128.317013  63.547051 32.430
 29    68.416 53231.51183668 50.73 128.300783  63.565821 32.430
 29    68.379 53231.51183733 44.29 128.298073  63.568951 32.430
 29    68.269 53231.51183797 36.81 128.295373  63.572071 32.430
 29    68.369 53231.51183990 48.47 128.287243  63.581461 32.430
 29    68.336 53231.51184055 48.88 128.284533  63.584581 32.430
 29    68.290 53231.51184119 50.54 128.281823  63.587711 32.430
 29    68.284 53231.51184184 50.92 128.279113  63.590841 32.430
 29    68.271 53231.51184248 52.42 128.276403  63.593971 32.430
 29    68.213 53231.51184313 51.19 128.273693  63.597101 32.430
 29    68.187 53231.51184377 50.26 128.270983  63.600221 32.430
 29    68.198 53231.51184442 49.06 128.268273  63.603350 44.538
 29    68.113 53231.51184506 47.07 128.265553  63.606480 44.538
 29    68.036 53231.51184571 53.59 128.262843  63.609610 44.538
 29    67.990 53231.51184635 54.97 128.260123  63.612730 44.538
 29    67.884 53231.51184700 50.48 128.257413  63.615860 44.538
 29    67.834 53231.51184764 55.20 128.254703  63.618990 44.538
 30    69.463 53266.51179593 23.19 128.348555  63.516318 12.780
 30    69.069 53266.51179657 24.96 128.345855  63.519448 12.780
 30    68.779 53266.51179722 25.69 128.343155  63.522578 12.780
 30    68.307 53266.51179786 26.30 128.340465  63.525708 12.780
 30    68.170 53266.51179851 25.02 128.337765  63.528838 12.780
 30    68.194 53266.51179915 23.46 128.335065  63.531968 12.780
 30    68.123 53266.51179980 22.93 128.332365  63.535098 12.780
 30    67.862 53266.51180044 20.44 128.329665  63.538228 12.780
 30    67.705 53266.51180108 21.74 128.326965  63.541348 12.780
 30    68.166 53266.51180173 20.74 128.324263  63.544480 13.582
 30    68.016 53266.51180237 28.53 128.321563  63.547610 13.582
 30    68.428 53266.51180302 26.15 128.318863  63.550740 13.582
 30    70.262 53266.51180366 28.89 128.316163  63.553870 13.582
 30    70.323 53266.51180431 29.92 128.313453  63.556990 13.582
 30    70.246 53266.51180495 26.55 128.310753  63.560120 13.582
 30    69.727 53266.51180560 22.38 128.308053  63.563250 13.582
 30    69.505 53266.51180624 21.70 128.305343  63.566380 13.582
 30    69.758 53266.51180689 20.61 128.302643  63.569510 13.582
 30    68.697 53266.51180753 22.49 128.299933  63.572640 13.582
 30    67.939 53266.51180818 24.52 128.297233  63.575760 13.582
 30    67.984 53266.51180882 26.28 128.294523  63.578890 13.582
 30    67.932 53266.51180947 26.06 128.291813  63.582020 13.582
 30    67.902 53266.51181011 27.82 128.289113  63.585150 13.582
 30    67.792 53266.51181076 26.59 128.286403  63.588280 13.582
 30    69.100 53266.51181140 23.14 128.283693  63.591400 13.582
 30    68.652 53266.51181204 23.31 128.280983  63.594530 13.582
 30    67.776 53266.51181269 22.48 128.278273  63.597660 13.582
 30    70.253 53266.51181333 22.71 128.275563  63.600790 13.582
 30    70.386 53266.51181398 22.06 128.272853  63.603920 13.582
 30    69.986 53266.51181462 26.88 128.270144  63.607044 29.549
 30    70.490 53266.51181527 25.68 128.267424  63.610174 29.549
 30    70.484 53266.51181591 25.27 128.264714  63.613294 29.549
 30    71.150 53266.51181656 22.95 128.262004  63.616424 29.549
 32    67.170 53336.51181753 12.07 128.338627  63.513120  2.344
 32    66.917 53336.51181818 12.23 128.335937  63.516250  2.344
 32    66.582 53336.51181882 13.10 128.333237  63.519380  2.344
 32    66.333 53336.51181947 13.24 128.330537  63.522500  2.344
 32    66.140 53336.51182011 13.29 128.327837  63.525630  2.344
 32    66.177 53336.51182140 14.33 128.322434  63.531889  3.634
 32    66.367 53336.51182204 14.57 128.319734  63.535019  3.634
 32    66.640 53336.51182269 14.77 128.317034  63.538149  3.634
 32    66.418 53336.51182333 15.01 128.314334  63.541279  3.634
 32    66.466 53336.51182398 14.94 128.311634  63.544399  3.634
 32    66.204 53336.51182462 15.87 128.308924  63.547529  3.634
 32    66.161 53336.51182914 16.91 128.289994  63.569429  3.634
 32    68.487 53336.51183429 15.36 128.268324  63.594451  2.758
 32    68.624 53336.51183494 15.02 128.265604  63.597581  2.758
 32    68.544 53336.51183558 15.29 128.262894  63.600701  2.758
 32    69.076 53336.51183623 14.90 128.260184  63.603831  2.758
 32    70.238 53336.51183945 14.24 128.246614  63.619471  2.758
 32    69.959 53336.51184010 14.60 128.243894  63.622591  2.758
 32    69.581 53336.51184074 13.74 128.241174  63.625721  2.758
 33    67.123 53371.51175486 11.08 128.348165  63.518734  2.133
 33    66.925 53371.51175550 11.21 128.345465  63.521864  2.133
 33    66.944 53371.51175615 11.20 128.342765  63.524994  2.133
 33    66.601 53371.51175679 11.36 128.340075  63.528124  2.133
 33    66.380 53371.51175744 11.66 128.337375  63.531244  2.133
 33    66.633 53371.51175808 11.89 128.334674  63.534377  2.804
 33    66.794 53371.51175872 11.69 128.331974  63.537507  2.804
 33    66.769 53371.51175937 12.15 128.329274  63.540637  2.804
 33    66.885 53371.51176001 12.17 128.326574  63.543767  2.804
 33    66.649 53371.51176066 12.26 128.323874  63.546887  2.804
 33    66.519 53371.51176130 12.15 128.321174  63.550017  2.804
 33    68.931 53371.51176195 12.33 128.318464  63.553147  2.804
 33    66.343 53371.51176259 12.72 128.315764  63.556277  2.804
 33    68.881 53371.51176324 13.02 128.313064  63.559407  2.804
 33    68.791 53371.51176388 13.30 128.310354  63.562537  2.804
 33    66.695 53371.51176453 13.21 128.307654  63.565657  2.804
 33    66.576 53371.51176517 13.79 128.304944  63.568787  2.804
 33    67.091 53371.51176582 13.51 128.302244  63.571917  2.804
 33    67.043 53371.51176646 13.23 128.299534  63.575047  2.804
 33    67.329 53371.51176711 13.26 128.296824  63.578177  2.804
 33    67.811 53371.51176775 12.80 128.294124  63.581297  2.804
 33    67.824 53371.51176839 13.04 128.291414  63.584427  2.804
 33    69.389 53371.51176904 12.46 128.288704  63.587557  2.804
 33    69.170 53371.51176968 12.98 128.285994  63.590687  2.804
 33    68.399 53371.51177033 12.65 128.283284  63.593817  2.804
 33    68.821 53371.51177097 12.59 128.280576  63.596942  2.197
 33    69.434 53371.51177162 12.70 128.277866  63.600072  2.197
 33    69.655 53371.51177226 12.47 128.275156  63.603192  2.197
 33    69.866 53371.51177291 12.41 128.272446  63.606322  2.197
 33    70.071 53371.51177355 12.26 128.269736  63.609452  2.197
 33    69.943 53371.51177420 12.38 128.267016  63.612582  2.197
 34    66.770 53406.51179517  9.85 128.312606  63.536656  2.323
 34    66.766 53406.51179581 10.06 128.309896  63.539786  2.323
 34    66.981 53406.51179646 10.15 128.307196  63.542906  2.323
 34    67.666 53406.51179710 10.57 128.304496  63.546036  2.323
 34    68.241 53406.51179775 10.89 128.301786  63.549166  2.323
 34    68.804 53406.51180870 11.89 128.255730  63.602335  2.522
 34    69.650 53406.51180935 11.79 128.253020  63.605465  2.522
 35    68.278 53441.51177632  8.96 128.348410  63.515084  2.018
 35    67.993 53441.51177697  9.01 128.345710  63.518214  2.018
 35    67.802 53441.51177761  9.09 128.343020  63.521344  2.018
 35    67.644 53441.51177826  9.18 128.340320  63.524474  2.018
 35    67.412 53441.51177890  9.20 128.337620  63.527594  2.018
 35    67.364 53441.51177955  9.52 128.334919  63.530727  2.567
 35    67.062 53441.51178019  9.81 128.332219  63.533857  2.567
 35    66.846 53441.51178083 10.20 128.329519  63.536987  2.567
 35    66.904 53441.51178148 10.08 128.326819  63.540117  2.567
 35    66.960 53441.51178212 10.32 128.324119  63.543237  2.567
 35    66.080 53441.51178277 10.34 128.321419  63.546367  2.567
 35    67.847 53441.51178341  9.69 128.318719  63.549497  2.567
 35    66.246 53441.51178599 10.37 128.307909  63.562007  2.567
 35    66.434 53441.51178664 10.95 128.305199  63.565137  2.567
 35    66.093 53441.51178728 11.16 128.302499  63.568267  2.567
 35    66.886 53441.51178793 10.70 128.299789  63.571397  2.567
 35    66.914 53441.51178857 10.81 128.297089  63.574527  2.567
 35    67.484 53441.51178986 11.41 128.291669  63.580777  2.567
 35    68.060 53441.51179050 11.02 128.288959  63.583907  2.567
 35    69.801 53441.51179115 10.68 128.286259  63.587037  2.567
 35    69.458 53441.51179179 10.22 128.283549  63.590167  2.567
 35    68.985 53441.51179244 10.37 128.280841  63.593293  2.247
 35    68.815 53441.51179308 10.94 128.278131  63.596423  2.247
 35    69.287 53441.51179373 10.56 128.275421  63.599543  2.247
 35    69.566 53441.51179437 10.71 128.272711  63.602673  2.247
 35    69.724 53441.51179502 10.47 128.269991  63.605803  2.247
 35    70.098 53441.51179566 10.30 128.267281  63.608933  2.247
 35    70.196 53441.51179631 10.28 128.264571  63.612053  2.247
 35    70.114 53441.51179695 10.83 128.261861  63.615183  2.247
 35    70.023 53441.51179760 10.24 128.259141  63.618313  2.247
 37    71.043 53511.51185791 46.36 128.336043  63.512226 41.383
 37    71.025 53511.51185855 49.11 128.333343  63.515356 41.383
 37    70.807 53511.51186049 49.78 128.325253  63.524746 41.383
 37    70.645 53511.51186307 52.62 128.314443  63.537256 41.383
 37    70.649 53511.51186371 51.94 128.311743  63.540386 41.383
 37    70.646 53511.51186435 51.02 128.309039  63.543512 37.720
 37    70.652 53511.51186500 54.40 128.306339  63.546642 37.720
 37    70.125 53511.51187596 52.07 128.260299  63.599812 37.720
 37    70.053 53511.51187660 53.86 128.257589  63.602942 37.720
 37    70.053 53511.51187725 49.61 128.254877  63.606070 38.726
 37    69.942 53511.51188047 51.67 128.241297  63.621710 38.726
 38    70.030 53546.51187493 42.26 128.337236  63.511669 19.506
 38    69.978 53546.51187558 48.01 128.334536  63.514799 19.506
 38    69.909 53546.51187622 43.46 128.331846  63.517929 19.506
 38    69.669 53546.51187751 44.91 128.326451  63.524182 21.883
 38    69.549 53546.51187815 48.26 128.323751  63.527312 21.883
 38    69.243 53546.51188009 34.97 128.315641  63.536692 21.883
 38    69.021 53546.51188073 35.24 128.312941  63.539822 21.883
 38    69.135 53546.51188138 33.13 128.310241  63.542952 21.883
 38    69.369 53546.51188202 32.50 128.307541  63.546082 21.883
 38    69.436 53546.51188267 33.37 128.304841  63.549212 21.883
 38    69.141 53546.51189298 51.81 128.261510  63.599258 41.461
 38    69.058 53546.51189363 49.94 128.258800  63.602388 41.461
 38    68.982 53546.51189427 51.84 128.256090  63.605508 41.461
 38    68.759 53546.51189749 50.58 128.242520  63.621148 41.461
 38    68.715 53546.51189814 52.28 128.239800  63.624278 41.461
 39    70.365 53581.51184727 27.39 128.342310  63.513006 15.369
 39    70.357 53581.51184791 25.43 128.339610  63.516136 15.369
 39    70.294 53581.51184856 25.03 128.336920  63.519266 15.369
 39    70.237 53581.51184920 26.44 128.334220  63.522396 15.369
 39    70.296 53581.51184984 28.08 128.331520  63.525516 15.369
 39    69.981 53581.51185049 27.66 128.328820  63.528646 15.369
 39    69.723 53581.51185113 23.52 128.326115  63.531776 28.953
 39    68.879 53581.51185178 24.28 128.323415  63.534906 28.953
 39    68.423 53581.51185242 25.76 128.320715  63.538036 28.953
 39    68.903 53581.51185307 25.54 128.318015  63.541166 28.953
 39    69.305 53581.51185371 26.29 128.315315  63.544286 28.953
 39    69.709 53581.51185436 26.12 128.312615  63.547416 28.953
 39    70.151 53581.51185823 45.31 128.296385  63.566186 28.953
 39    69.963 53581.51185887 49.15 128.293675  63.569316 28.953
 39    69.949 53581.51185951 41.98 128.290975  63.572446 28.953
 39    69.823 53581.51186274 46.63 128.277435  63.588086 28.953
 39    69.812 53581.51186338 50.59 128.274725  63.591206 28.953
 39    69.797 53581.51186403 50.50 128.272013  63.594339 47.607
 39    69.764 53581.51186467 48.29 128.269303  63.597469 47.607
 39    69.722 53581.51186532 51.64 128.266583  63.600589 47.607
 39    69.675 53581.51186596 49.84 128.263873  63.603719 47.607
 39    69.626 53581.51186661 49.59 128.261163  63.606849 47.607
 39    69.481 53581.51186854 48.80 128.253023  63.616229 47.607
 39    69.402 53581.51186918 50.59 128.250303  63.619359 47.607
 39    69.335 53581.51186983 53.48 128.247593  63.622489 47.607
 40    70.036 53616.51180128 22.05 128.351501  63.507966 12.069
 40    69.945 53616.51180193 23.54 128.348811  63.511096 12.069
 40    69.611 53616.51180257 24.34 128.346111  63.514226 12.069
 40    69.492 53616.51180322 23.07 128.343411  63.517356 12.069
 40    69.658 53616.51180386 22.66 128.340721  63.520486 12.069
 40    69.498 53616.51180450 25.81 128.338021  63.523616 12.069
 40    69.528 53616.51180515 26.56 128.335321  63.526736 12.069
 40    69.284 53616.51180579 25.18 128.332622  63.529871 14.254
 40    69.039 53616.51180644 19.15 128.329922  63.533001 14.254
 40    68.748 53616.51180708 16.61 128.327222  63.536131 14.254
 40    68.547 53616.51180773 16.10 128.324522  63.539251 14.254
 40    68.779 53616.51180837 15.49 128.321822  63.542381 14.254
 40    69.177 53616.51180902 15.87 128.319122  63.545511 14.254
 40    69.806 53616.51180966 16.40 128.316422  63.548641 14.254
 40    69.599 53616.51181289 20.31 128.302902  63.564281 14.254
 40    69.281 53616.51181353 21.16 128.300202  63.567411 14.254
 40    68.776 53616.51181417 22.61 128.297492  63.570541 14.254
 40    68.927 53616.51181482 26.83 128.294792  63.573671 14.254
 40    68.851 53616.51181611 32.90 128.289372  63.579921 14.254
 40    68.643 53616.51181675 33.18 128.286672  63.583051 14.254
 40    68.637 53616.51181740 28.72 128.283962  63.586181 14.254
 40    68.646 53616.51181804 26.02 128.281252  63.589311 14.254
 40    69.595 53616.51181869 19.85 128.278547  63.592438 24.800
 40    69.565 53616.51181933 21.57 128.275837  63.595568 24.800
 40    69.300 53616.51181998 22.40 128.273127  63.598688 24.800
 40    69.852 53616.51182062 20.62 128.270407  63.601818 24.800
 40    69.919 53616.51182127 21.06 128.267697  63.604948 24.800
 40    70.539 53616.51182191 21.20 128.264987  63.608078 24.800
 40    70.796 53616.51182256 23.14 128.262277  63.611198 24.800
 40    70.546 53616.51182320 27.02 128.259567  63.614328 24.800
 40    68.278 53616.51182384 29.74 128.256847  63.617458 24.800
 40    68.381 53616.51182449 35.16 128.254137  63.620588 24.800
 41    67.076 53651.51182255 24.22 128.312312  63.536253 12.383
 41    66.659 53651.51182319 23.55 128.309612  63.539373 12.383
 41    66.921 53651.51182384 25.25 128.306902  63.542503 12.383
 41    66.985 53651.51182448 30.64 128.304202  63.545633 12.383
 41    66.887 53651.51182513 28.67 128.301502  63.548763 12.383
 41    68.897 53651.51183609 22.80 128.255448  63.601934 20.797
 41    66.841 53651.51183673 27.55 128.252728  63.605054 20.797
 42    66.279 53686.51182365 20.62 128.332891  63.514106 11.139
 42    66.143 53686.51182816 22.61 128.313992  63.536005  4.584
 42    66.293 53686.51182881 22.76 128.311292  63.539135  4.584
 42    66.234 53686.51182945 25.80 128.308592  63.542265  4.584
 42    66.173 53686.51183010 21.39 128.305892  63.545385  4.584
 42    66.035 53686.51183074 20.75 128.303192  63.548515  4.584
 42    67.303 53686.51184170 19.79 128.257147  63.601686  3.586
 42    67.470 53686.51184235 19.79 128.254437  63.604816  3.586
 43    66.107 53721.51174957 16.67 128.348803  63.517179  3.044
 43    65.831 53721.51175021 16.70 128.346103  63.520309  3.044
 43    65.806 53721.51175086 16.76 128.343403  63.523439  3.044
 43    65.885 53721.51175150 16.21 128.340713  63.526569  3.044
 43    65.887 53721.51175215 16.08 128.338013  63.529689  3.044
 43    65.721 53721.51175279 16.05 128.335313  63.532822  3.223
 43    66.088 53721.51175344 16.10 128.332613  63.535952  3.223
 43    66.270 53721.51175408 15.66 128.329913  63.539082  3.223
 43    66.434 53721.51175472 15.63 128.327213  63.542212  3.223
 43    66.239 53721.51175537 16.14 128.324513  63.545332  3.223
 43    66.208 53721.51175601 15.86 128.321813  63.548462  3.223
 43    66.078 53721.51175666 16.32 128.319103  63.551592  3.223
 43    66.020 53721.51175730 16.75 128.316403  63.554722  3.223
 43    66.017 53721.51175795 17.38 128.313703  63.557852  3.223
 43    65.957 53721.51175859 16.56 128.310993  63.560982  3.223
 43    66.061 53721.51175924 16.56 128.308293  63.564102  3.223
 43    66.090 53721.51175988 17.01 128.305583  63.567232  3.223
 43    66.180 53721.51176053 17.13 128.302883  63.570362  3.223
 43    66.309 53721.51176117 17.14 128.300173  63.573492  3.223
 43    66.695 53721.51176182 17.12 128.297463  63.576622  3.223
 43    66.331 53721.51176246 17.03 128.294763  63.579742  3.223
 43    67.568 53721.51176311 16.12 128.292053  63.582872  3.223
 43    68.436 53721.51176375 15.74 128.289343  63.586002  3.223
 43    69.062 53721.51176439 15.34 128.286633  63.589132  3.223
 43    69.152 53721.51176504 15.39 128.283923  63.592262  3.223
 43    68.771 53721.51176568 15.94 128.281217  63.595387  2.865
 43    68.683 53721.51176633 16.23 128.278507  63.598517  2.865
 43    69.370 53721.51176697 15.63 128.275797  63.601637  2.865
 43    69.613 53721.51176762 15.22 128.273087  63.604767  2.865
 43    69.939 53721.51176826 15.38 128.270377  63.607897  2.865
 43    69.792 53721.51176891 15.27 128.267657  63.611027  2.865
 43    69.883 53721.51176955 15.42 128.264947  63.614147  2.865
 44    66.663 53756.51167892 14.19 128.335645  63.511904  2.758
 44    66.508 53756.51167957 14.41 128.332945  63.515024  2.758
 44    66.059 53756.51168408 14.44 128.314035  63.536930  2.626
 44    66.236 53756.51168473 14.45 128.311335  63.540050  2.626
 44    66.176 53756.51168537 14.45 128.308635  63.543180  2.626
 44    65.926 53756.51168601 14.60 128.305925  63.546310  2.626
 44    65.715 53756.51168666 14.62 128.303225  63.549440  2.626
 44    68.132 53756.51169697 15.64 128.259868  63.599478  2.664
 44    68.712 53756.51169762 15.14 128.257158  63.602608  2.664
 44    69.179 53756.51169826 15.10 128.254438  63.605728  2.664
 44    70.060 53756.51170149 15.25 128.240858  63.621368  2.664
 45    66.103 53791.51170466 12.30 128.346755  63.510284  2.502
 45    66.351 53791.51170530 12.26 128.344055  63.513414  2.502
 45    66.107 53791.51170595 13.27 128.341365  63.516544  2.502
 45    65.841 53791.51170659 12.88 128.338665  63.519674  2.502
 45    65.900 53791.51170723 12.65 128.335965  63.522794  2.502
 45    65.771 53791.51170788 13.22 128.333265  63.525924  2.502
 45    65.712 53791.51170852 13.29 128.330564  63.529054  2.612
 45    66.119 53791.51170917 12.86 128.327864  63.532184  2.612
 45    66.111 53791.51170981 13.15 128.325164  63.535314  2.612
 45    66.288 53791.51171046 13.04 128.322464  63.538444  2.612
 45    66.330 53791.51171110 13.27 128.319764  63.541564  2.612
 45    66.175 53791.51171175 13.10 128.317064  63.544694  2.612
 45    65.935 53791.51171239 13.21 128.314354  63.547824  2.612
 45    65.123 53791.51171626 14.16 128.298124  63.566594  2.612
 45    65.513 53791.51171690 14.12 128.295424  63.569724  2.612
 45    66.182 53791.51171755 13.62 128.292714  63.572854  2.612
 45    67.291 53791.51172013 13.79 128.281884  63.585364  2.612
 45    67.835 53791.51172077 13.72 128.279174  63.588484  2.612
 45    67.584 53791.51172142 13.90 128.276465  63.591616  2.746
 45    68.787 53791.51172206 13.97 128.273755  63.594746  2.746
 45    68.868 53791.51172271 13.70 128.271035  63.597876  2.746
 45    68.815 53791.51172335 13.41 128.268325  63.600996  2.746
 45    69.102 53791.51172400 13.83 128.265615  63.604126  2.746
 45    69.329 53791.51172464 13.40 128.262905  63.607256  2.746
 45    69.785 53791.51172529 13.49 128.260185  63.610386  2.746
 45    70.175 53791.51172593 13.35 128.257475  63.613506  2.746
 45    70.213 53791.51172657 13.34 128.254755  63.616636  2.746
 45    70.210 53791.51172722 14.00 128.252045  63.619766  2.746
 45    69.969 53791.51172786 13.62 128.249325  63.622886  2.746
 48    72.123 53896.51177795 20.83 128.332579  63.514756 22.251
 48    70.725 53896.51178246 18.53 128.313685  63.536656 24.383
 48    71.012 53896.51178311 19.69 128.310975  63.539786 24.383
 48    71.380 53896.51178375 21.79 128.308275  63.542916 24.383
 48    71.775 53896.51178440 24.14 128.305575  63.546046 24.383
 48    71.963 53896.51178504 32.60 128.302865  63.549176 24.383
 48    71.478 53896.51179536 32.09 128.259524  63.599218 31.064
 48    71.365 53896.51179600 28.29 128.256814  63.602348 31.064
 48    71.215 53896.51179665 30.01 128.254104  63.605468 31.064
 50    69.307 53966.51180357 36.89 128.335967  63.512563 23.796
 50    68.696 53966.51180422 36.92 128.333267  63.515693 23.796
 50    69.432 53966.51180615 31.20 128.325167  63.525083 23.796
 50    68.086 53966.51180873 51.41 128.314367  63.537593 23.796
 50    68.123 53966.51180938 52.59 128.311668  63.540721 31.911
 50    68.179 53966.51181002 50.76 128.308968  63.543851 31.911
 50    68.202 53966.51181066 51.96 128.306268  63.546981 31.911
 50    68.143 53966.51181518 46.66 128.287328  63.568881 31.911
 50    67.793 53966.51182162 52.14 128.260238  63.600151 31.911
 50    67.755 53966.51182227 52.78 128.257523  63.603283 41.827
 50    67.609 53966.51182291 51.95 128.254813  63.606413 41.827
 50    67.279 53966.51182614 49.81 128.241243  63.622043 41.827
 52    66.371 54036.51180593 24.70 128.334156  63.514223 18.531
 52    66.240 54036.51180658 24.43 128.331456  63.517353 18.531
 52    64.987 54036.51180787 26.14 128.326056  63.523613 18.531
 52    65.107 54036.51180851 27.52 128.323356  63.526733 18.531
 52    65.966 54036.51181045 36.98 128.315246  63.536123 18.531
 52    66.079 54036.51181109 48.04 128.312547  63.539248 17.276
 52    66.222 54036.51181174 42.64 128.309847  63.542378 17.276
 52    66.127 54036.51181238 37.41 128.307137  63.545508 17.276
 52    66.233 54036.51181303 46.59 128.304437  63.548638 17.276
 52    65.824 54036.51182334 34.08 128.261097  63.598678 17.276
 52    65.829 54036.51182399 25.62 128.258382  63.601805  6.523
 52    65.583 54036.51182463 24.36 128.255672  63.604935  6.523
 52    69.999 54036.51182785 22.70 128.242092  63.620565  6.523
 53    66.112 54071.51179970 16.43 128.340042  63.512628  3.369
 53    66.180 54071.51180034 16.84 128.337342  63.515758  3.369
 53    65.758 54071.51180099 17.67 128.334642  63.518888  3.369
 53    65.508 54071.51180163 17.68 128.331942  63.522018  3.369
 53    65.220 54071.51180228 17.87 128.329242  63.525148  3.369
 53    65.314 54071.51180292 17.48 128.326542  63.528278  3.369
 53    65.627 54071.51180357 17.32 128.323842  63.531398  3.369
 53    65.811 54071.51180421 17.51 128.321142  63.534528  3.369
 53    65.989 54071.51180485 17.48 128.318442  63.537658  3.369
 53    66.038 54071.51180550 17.79 128.315745  63.540783  2.954
 53    65.979 54071.51180614 17.25 128.313035  63.543913  2.954
 53    66.169 54071.51180679 17.48 128.310335  63.547043  2.954
 53    69.059 54071.51181130 15.07 128.291395  63.568943  2.954
 53    69.044 54071.51181646 15.17 128.269725  63.593963  2.954
 53    68.610 54071.51181710 15.92 128.267015  63.597093  2.954
 53    68.652 54071.51181775 15.37 128.264305  63.600213  2.954
 53    68.961 54071.51181839 15.52 128.261591  63.603340  3.096
 53    70.376 54071.51181904 14.94 128.258871  63.606470  3.096
 53    70.447 54071.51182162 15.96 128.248021  63.618980  3.096
 53    70.327 54071.51182226 14.58 128.245301  63.622110  3.096
 53    70.128 54071.51182291 13.87 128.242581  63.625230  3.096
 54    65.970 54106.51175156 14.65 128.348190  63.515947  2.951
 54    65.951 54106.51175221 14.98 128.345490  63.519077  2.951
 54    65.742 54106.51175285 15.11 128.342790  63.522207  2.951
 54    65.675 54106.51175350 14.21 128.340100  63.525337  2.951
 54    65.711 54106.51175414 13.69 128.337400  63.528467  2.951
 54    65.773 54106.51175478 13.59 128.334700  63.531597  2.951
 54    65.860 54106.51175543 13.90 128.332000  63.534727  2.951
 54    66.102 54106.51175607 14.15 128.329300  63.537847  2.951
 54    66.099 54106.51175672 13.92 128.326600  63.540977  2.951
 54    66.175 54106.51175736 14.30 128.323897  63.544108  2.480
 54    66.111 54106.51175801 13.28 128.321197  63.547238  2.480
 54    68.973 54106.51175865 13.40 128.318497  63.550368  2.480
 54    69.505 54106.51175930 13.10 128.315797  63.553498  2.480
 54    68.772 54106.51176123 12.94 128.307687  63.562878  2.480
 54    68.312 54106.51176188 12.84 128.304977  63.566008  2.480
 54    68.018 54106.51176252 12.69 128.302277  63.569138  2.480
 54    68.128 54106.51176317 13.03 128.299567  63.572268  2.480
 54    67.244 54106.51176381 13.13 128.296867  63.575388  2.480
 54    70.836 54106.51176446 13.21 128.294157  63.578518  2.480
 54    70.410 54106.51176510 12.97 128.291447  63.581648  2.480
 54    70.169 54106.51176574 12.54 128.288737  63.584778  2.480
 54    69.919 54106.51176639 12.43 128.286037  63.587898  2.480
 54    69.547 54106.51176703 12.34 128.283327  63.591028  2.480
 54    68.943 54106.51176768 12.84 128.280617  63.594158  2.480
 54    68.937 54106.51176832 13.21 128.277907  63.597288  2.480
 54    69.319 54106.51176897 13.03 128.275197  63.600418  2.480
 54    69.623 54106.51176961 12.47 128.272487  63.603538  2.480
 54    69.942 54106.51177026 14.33 128.269777  63.606670  2.747
 54    70.171 54106.51177090 13.01 128.267057  63.609800  2.747
 54    70.308 54106.51177155 13.25 128.264347  63.612930  2.747
 54    70.388 54106.51177219 12.94 128.261637  63.616050  2.747
 55    65.588 54141.51173896 11.90 128.308680  63.538053  2.421
 55    65.614 54141.51173960 12.60 128.305980  63.541183  2.421
 55    65.393 54141.51174024 12.36 128.303280  63.544313  2.421
 55    69.410 54141.51174089 12.02 128.300570  63.547443  2.421
 55    69.577 54141.51175249 10.39 128.251805  63.603741  2.592
 55    70.348 54141.51175314 10.86 128.249095  63.606861  2.592
 56    66.721 54176.51173182 11.29 128.347310  63.509700  2.452
 56    66.606 54176.51173246 11.84 128.344610  63.512830  2.452
 56    66.415 54176.51173311 12.02 128.341910  63.515960  2.452
 56    66.063 54176.51173375 12.36 128.339210  63.519090  2.452
 56    65.725 54176.51173440 12.51 128.336520  63.522220  2.452
 56    65.598 54176.51173504 12.12 128.333820  63.525350  2.452
 56    65.235 54176.51173569 12.03 128.331120  63.528480  2.452
 56    65.469 54176.51173633 11.61 128.328420  63.531600  2.452
 56    66.222 54176.51173698 11.57 128.325720  63.534730  2.452
 56    66.589 54176.51173762 11.65 128.323020  63.537860  2.452
 56    66.904 54176.51173827 11.79 128.320320  63.540990  2.452
 56    66.114 54176.51173891 11.77 128.317620  63.544120  2.452
 56    69.003 54176.51173956 12.05 128.314920  63.547250  2.452
 56    68.789 54176.51174342 10.67 128.298695  63.566012  2.192
 56    68.614 54176.51174407 10.92 128.295985  63.569142  2.192
 56    68.255 54176.51174471 10.81 128.293275  63.572272  2.192
 56    70.668 54176.51174729 10.40 128.282445  63.584782  2.192
 56    71.028 54176.51174794 10.51 128.279735  63.587912  2.192
 56    69.702 54176.51174858 10.42 128.277025  63.591042  2.192
 56    69.237 54176.51174923 10.33 128.274315  63.594162  2.192
 56    69.247 54176.51174987 10.09 128.271605  63.597292  2.192
 56    69.449 54176.51175052 10.27 128.268895  63.600422  2.192
 56    69.571 54176.51175116 10.48 128.266185  63.603552  2.192
 56    69.832 54176.51175180 11.06 128.263475  63.606672  2.192
 56    70.317 54176.51175245 10.98 128.260765  63.609802  2.192
 56    70.561 54176.51175309 11.10 128.258045  63.612932  2.192
 56    70.699 54176.51175374 10.87 128.255335  63.616062  2.192
 56    70.516 54176.51175438 11.20 128.252615  63.619182  2.192
 56    70.384 54176.51175503 10.53 128.249905  63.622312  2.192
 57    67.214 54211.51174584 14.52 128.309254  63.537700  6.620
 57    66.758 54211.51174648 11.65 128.306554  63.540830  6.620
 57    66.067 54211.51174712 10.82 128.303854  63.543950  6.620
 57    65.627 54211.51174777 11.06 128.301144  63.547080  6.620
 57    68.621 54211.51175937  5.48 128.252386  63.603378  2.975
 57    70.804 54211.51176002  5.00 128.249676  63.606508  2.975
 58    72.629 54246.51177076 46.43 128.333110  63.514674 42.113
 58    72.322 54246.51177527 54.94 128.314210  63.536574 42.113
 58    72.360 54246.51177592 51.68 128.311500  63.539704 42.113
 58    72.404 54246.51177656 49.84 128.308800  63.542834 42.113
 58    72.439 54246.51177721 52.96 128.306100  63.545954 42.113
 58    72.445 54246.51177785 49.30 128.303390  63.549084 42.113
 58    71.861 54246.51178817 51.32 128.260061  63.599136 46.240
 58    71.867 54246.51178881 51.70 128.257341  63.602256 46.240
 58    71.890 54246.51178946 53.88 128.254631  63.605386 46.240
 58    71.798 54246.51179268 52.14 128.241054  63.621020 43.134
 60    69.680 54316.51177857 38.75 128.343212  63.511261 21.004
 60    69.571 54316.51177922 43.46 128.340512  63.514391 21.004
 60    69.574 54316.51177986 45.75 128.337822  63.517521 21.004
 60    69.468 54316.51178051 47.13 128.335122  63.520651 21.004
 60    69.384 54316.51178115 46.85 128.332422  63.523781 21.004
 60    69.125 54316.51178180 29.35 128.329722  63.526911 21.004
 60    69.196 54316.51178244 28.28 128.327022  63.530031 21.004
 60    69.171 54316.51178309 42.69 128.324322  63.533161 21.004
 60    69.097 54316.51178373 38.70 128.321622  63.536291 21.004
 60    68.451 54316.51178437 26.71 128.318922  63.539421 21.004
 60    68.511 54316.51178502 27.32 128.316222  63.542551 21.004
 60    68.555 54316.51178566 28.78 128.313512  63.545681 21.004
 60    69.006 54316.51178631 29.42 128.310812  63.548801 21.004
 60    69.018 54316.51179018 47.64 128.294578  63.567572 42.297
 60    69.011 54316.51179082 46.65 128.291878  63.570702 42.297
 60    68.857 54316.51179469 46.94 128.275618  63.589472 42.297
 60    68.855 54316.51179533 44.99 128.272908  63.592592 42.297
 60    68.788 54316.51179598 42.63 128.270198  63.595722 42.297
 60    68.688 54316.51179662 44.55 128.267488  63.598852 42.297
 60    68.653 54316.51179727 39.94 128.264778  63.601982 42.297
 60    68.631 54316.51179791 42.27 128.262068  63.605102 42.297
 60    68.428 54316.51180049 47.18 128.251208  63.617612 42.297
 60    68.358 54316.51180114 50.06 128.248488  63.620742 42.297
 60    68.316 54316.51180178 49.37 128.245776  63.623866 32.916
 61    68.408 54351.51174459 44.02 128.351540  63.507041 37.174
 61    68.310 54351.51174524 39.46 128.348840  63.510171 37.174
 61    68.214 54351.51174588 43.31 128.346150  63.513301 37.174
 61    68.164 54351.51174653 46.09 128.343450  63.516431 37.174
 61    68.138 54351.51174717 45.16 128.340750  63.519561 37.174
 61    67.999 54351.51174782 45.22 128.338060  63.522691 37.174
 61    68.053 54351.51174846 38.51 128.335360  63.525821 37.174
 61    67.980 54351.51174911 40.58 128.332660  63.528951 37.174
 61    67.986 54351.51174975 48.04 128.329960  63.532071 37.174
 61    67.953 54351.51175039 51.04 128.327260  63.535201 37.174
 61    67.903 54351.51175104 52.31 128.324560  63.538331 37.174
 61    67.786 54351.51175168 46.09 128.321860  63.541461 37.174
 61    67.874 54351.51175233 51.34 128.319160  63.544591 37.174
 61    67.853 54351.51175297 48.21 128.316450  63.547721 37.174
 61    67.903 54351.51175620 51.18 128.302934  63.563364 47.048
 61    67.899 54351.51175684 51.24 128.300234  63.566484 47.048
 61    67.817 54351.51175749 51.40 128.297524  63.569614 47.048
 61    67.713 54351.51175813 49.09 128.294824  63.572744 47.048
 61    67.631 54351.51176006 50.12 128.286694  63.582124 47.048
 61    67.576 54351.51176071 51.49 128.283984  63.585254 47.048
 61    67.583 54351.51176135 51.90 128.281274  63.588384 47.048
 61    67.559 54351.51176200 55.28 128.278574  63.591514 47.048
 61    67.543 54351.51176264 52.92 128.275864  63.594634 47.048
 61    67.515 54351.51176329 51.71 128.273144  63.597764 47.048
 61    67.484 54351.51176393 49.54 128.270434  63.600894 47.048
 61    67.464 54351.51176458 51.25 128.267724  63.604024 47.048
 61    67.436 54351.51176522 51.51 128.265014  63.607144 47.048
 61    67.327 54351.51176587 53.06 128.262304  63.610274 47.048
 61    67.174 54351.51176651 52.31 128.259584  63.613404 47.048
 61    67.230 54351.51176716 53.10 128.256874  63.616534 47.048
 61    67.219 54351.51176780 50.60 128.254154  63.619654 47.048
 62    67.499 54386.51171834 38.55 128.334824  63.513249 13.405
 62    67.744 54386.51171898 34.03 128.332124  63.516379 13.405
 62    66.791 54386.51172092 28.24 128.324024  63.525769 13.405
 62    67.125 54386.51172350 31.11 128.313224  63.538279 13.405
 62    67.041 54386.51172414 27.32 128.310514  63.541409 13.405
 62    66.900 54386.51172479 27.52 128.307814  63.544539 13.405
 62    66.890 54386.51172543 36.01 128.305114  63.547659 13.405
 62    66.583 54386.51173639 46.38 128.259066  63.600837 33.061
 62    66.619 54386.51173703 45.67 128.256356  63.603967 33.061
 62    66.581 54386.51173768 47.57 128.253636  63.607087 33.061
 63    66.260 54421.51169494 20.82 128.346196  63.510045  7.128
 63    66.345 54421.51169558 24.07 128.343496  63.513165  7.128
 63    66.203 54421.51169623 23.68 128.340796  63.516295  7.128
 63    66.054 54421.51169687 23.32 128.338106  63.519425  7.128
 63    65.806 54421.51169752 23.53 128.335406  63.522555  7.128
 63    65.629 54421.51169816 22.40 128.332706  63.525685  7.128
 63    65.410 54421.51169880 21.35 128.330006  63.528815  7.128
 63    65.202 54421.51169945 22.16 128.327306  63.531945  7.128
 63    65.517 54421.51170009 21.33 128.324606  63.535065  7.128
 63    65.843 54421.51170074 21.69 128.321906  63.538195  7.128
 63    65.810 54421.51170138 25.59 128.319206  63.541325  7.128
 63    65.810 54421.51170203 32.51 128.316506  63.544455  7.128
 63    65.983 54421.51170267 25.44 128.313796  63.547585  7.128
 63    66.073 54421.51170654 20.18 128.297576  63.566356  6.440
 63    66.107 54421.51170719 18.05 128.294866  63.569476  6.440
 63    66.139 54421.51170783 17.96 128.292166  63.572606  6.440
 63    66.251 54421.51171041 19.35 128.281336  63.585116  6.440
 63    66.488 54421.51171105 18.23 128.278626  63.588246  6.440
 63    69.321 54421.51171170 18.36 128.275916  63.591376  6.440
 63    65.844 54421.51171234 21.35 128.273206  63.594506  6.440
 63    65.627 54421.51171299 24.81 128.270486  63.597626  6.440
 63    65.633 54421.51171363 25.29 128.267776  63.600756  6.440
 63    65.421 54421.51171428 25.61 128.265066  63.603886  6.440
 63    68.333 54421.51171492 22.83 128.262356  63.607016  6.440
 63    70.607 54421.51171686 18.60 128.254216  63.616396  6.440
 63    70.046 54421.51171750 20.34 128.251496  63.619526  6.440
 63    64.940 54421.51171814 24.60 128.248786  63.622646  6.440
 65    65.912 54491.51169675 16.95 128.345409  63.510639  4.037
 65    66.232 54491.51169739 16.73 128.342719  63.513769  4.037
 65    66.039 54491.51169804 16.65 128.340019  63.516899  4.037
 65    65.897 54491.51169868 17.13 128.337319  63.520019  4.037
 65    65.874 54491.51169933 16.47 128.334623  63.523151  2.924
 65    65.606 54491.51169997 16.49 128.331923  63.526281  2.924
 65    65.586 54491.51170062 15.95 128.329223  63.529411  2.924
 65    65.412 54491.51170126 16.07 128.326523  63.532541  2.924
 65    65.438 54491.51170191 16.30 128.323823  63.535661  2.924
 65    65.785 54491.51170255 16.46 128.321123  63.538791  2.924
 65    65.819 54491.51170320 16.38 128.318423  63.541921  2.924
 65    65.731 54491.51170384 15.62 128.315723  63.545051  2.924
 65    65.674 54491.51170449 15.91 128.313013  63.548181  2.924
 65    65.928 54491.51170835 13.17 128.296793  63.566951  2.924
 65    66.208 54491.51170900 12.53 128.294083  63.570071  2.924
 65    66.563 54491.51170964 11.95 128.291373  63.573201  2.924
 65    70.120 54491.51171222 11.53 128.280541  63.585715  2.203
 65    69.389 54491.51171287 11.13 128.277831  63.588845  2.203
 65    69.182 54491.51171351 11.26 128.275121  63.591975  2.203
 65    69.171 54491.51171416 10.96 128.272411  63.595095  2.203
 65    68.914 54491.51171480 11.64 128.269701  63.598225  2.203
 65    69.236 54491.51171545 11.49 128.266991  63.601355  2.203
 65    69.553 54491.51171609 11.15 128.264281  63.604485  2.203
 65    69.678 54491.51171674 11.70 128.261561  63.607605  2.203
 65    70.700 54491.51171802 10.93 128.256141  63.613865  2.203
 65    70.726 54491.51171867 11.21 128.253421  63.616985  2.203
 65    70.344 54491.51171931 11.00 128.250711  63.620115  2.203
 65    70.047 54491.51171996 10.74 128.247991  63.623245  2.203
 66    65.601 54526.51170424 13.36 128.333275  63.513833  4.746
 66    65.311 54526.51170875 14.66 128.314373  63.535732  3.052
 66    65.436 54526.51170940 14.45 128.311673  63.538862  3.052
 66    65.606 54526.51171004 14.34 128.308973  63.541992  3.052
 66    65.643 54526.51171069 14.15 128.306263  63.545122  3.052
 66    65.321 54526.51171133 13.93 128.303563  63.548242  3.052
 66    68.970 54526.51172229 10.08 128.257515  63.601414  2.158
 66    70.133 54526.51172294 10.00 128.254795  63.604544  2.158
 66    70.736 54526.51172358  9.88 128.252085  63.607674  2.158
 67    67.441 54561.51170453 10.62 128.349816  63.507610  2.375
 67    67.385 54561.51170517 10.34 128.347116  63.510740  2.375
 67    67.357 54561.51170582 10.54 128.344416  63.513870  2.375
 67    67.954 54561.51170646 10.88 128.341726  63.517000  2.375
 67    67.868 54561.51170711 10.69 128.339026  63.520130  2.375
 67    68.022 54561.51170775 10.83 128.336326  63.523250  2.375
 67    68.052 54561.51170840 10.72 128.333627  63.526384  2.243
 67    67.575 54561.51170904 10.69 128.330927  63.529514  2.243
 67    67.394 54561.51170969 10.93 128.328227  63.532644  2.243
 67    66.633 54561.51171033 10.64 128.325527  63.535764  2.243
 67    66.257 54561.51171098 10.83 128.322827  63.538894  2.243
 67    66.408 54561.51171162 10.84 128.320127  63.542024  2.243
 67    66.242 54561.51171227 10.85 128.317427  63.545154  2.243
 67    65.988 54561.51171291 10.60 128.314727  63.548284  2.243
 67    66.121 54561.51171613  9.80 128.301207  63.563924  2.243
 67    68.812 54561.51171678  9.58 128.298497  63.567054  2.243
 67    68.342 54561.51171742  9.36 128.295797  63.570184  2.243
 67    68.194 54561.51171807  9.12 128.293087  63.573304  2.243
 67    71.142 54561.51172000  8.95 128.284967  63.582694  2.243
 67    71.118 54561.51172065  8.91 128.282257  63.585824  2.243
 67    71.091 54561.51172129  8.56 128.279551  63.588949  2.179
 67    69.913 54561.51172194  8.57 128.276841  63.592079  2.179
 67    69.496 54561.51172258  8.85 128.274131  63.595199  2.179
 67    69.402 54561.51172322  8.77 128.271411  63.598329  2.179
 67    69.749 54561.51172387  8.50 128.268701  63.601459  2.179
 67    69.957 54561.51172451  8.91 128.265991  63.604589  2.179
 67    70.136 54561.51172516  9.75 128.263281  63.607709  2.179
 67    70.598 54561.51172580  9.14 128.260571  63.610839  2.179
 67    70.754 54561.51172645  9.27 128.257851  63.613969  2.179
 67    70.701 54561.51172709  9.48 128.255141  63.617099  2.179
 67    70.516 54561.51172774  9.27 128.252421  63.620219  2.179
 68    71.034 54596.51169984 31.61 128.337425  63.512306 19.432
 68    66.965 54596.51170048 32.70 128.334725  63.515426 19.432
 68    68.925 54596.51170113 31.30 128.332029  63.518560 22.149
 68    69.337 54596.51170177 31.66 128.329329  63.521690 22.149
 68    69.077 54596.51170242 34.31 128.326629  63.524820 22.149
 68    68.503 54596.51170435 33.36 128.318529  63.534200 22.149
 68    65.854 54596.51170500 40.80 128.315829  63.537330 22.149
 68    66.013 54596.51170564 45.39 128.313129  63.540460 22.149
 68    65.900 54596.51170629 44.39 128.310419  63.543590 22.149
 68    65.857 54596.51170693 38.09 128.307719  63.546720 22.149
 68    71.785 54596.51171144 31.45 128.288789  63.568610 22.149
 68    65.496 54596.51171725 46.02 128.264397  63.596766 28.025
 68    65.546 54596.51171789 45.20 128.261687  63.599886 28.025
 68    65.803 54596.51171853 41.34 128.258977  63.603016 28.025
 68    65.606 54596.51171918 37.63 128.256257  63.606146 28.025
 68    65.423 54596.51172240 40.45 128.242687  63.621776 28.025
 68    65.333 54596.51172305 34.44 128.239967  63.624906 28.025
 69    70.635 54631.51171356 39.67 128.335715  63.513290 33.593
 69    70.704 54631.51171421 36.44 128.333015  63.516410 33.593
 69    70.617 54631.51171550 39.83 128.327617  63.522672 18.660
 69    70.376 54631.51171614 42.03 128.324917  63.525802 18.660
 69    69.775 54631.51171872 26.05 128.314117  63.538312 18.660
 69    69.464 54631.51171937 25.61 128.311417  63.541442 18.660
 69    68.798 54631.51172001 25.95 128.308707  63.544572 18.660
 69    68.899 54631.51172066 27.00 128.306007  63.547702 18.660
 69    70.121 54631.51172517 41.70 128.287067  63.569592 18.660
 69    69.831 54631.51173162 33.28 128.259972  63.600867 22.826
 69    69.899 54631.51173226 37.18 128.257252  63.603997 22.826
 69    69.829 54631.51173290 38.60 128.254542  63.607127 22.826
 69    69.708 54631.51173548 39.03 128.243682  63.619637 22.826
 69    69.608 54631.51173613 43.26 128.240972  63.622757 22.826
 70    68.541 54666.51171941 41.44 128.336580  63.511988 25.836
 70    68.482 54666.51172005 42.94 128.333890  63.515118 25.836
 70    68.402 54666.51172070 38.66 128.331190  63.518238 25.836
 70    68.464 54666.51172199 32.32 128.325787  63.524500 24.728
 70    68.110 54666.51172456 39.60 128.314987  63.537010 24.728
 70    67.972 54666.51172521 35.93 128.312287  63.540140 24.728
 70    67.797 54666.51172585 30.81 128.309587  63.543270 24.728
 70    67.960 54666.51172650 39.56 128.306877  63.546400 24.728
 70    67.574 54666.51173746 38.10 128.260847  63.599574 34.817
 70    67.520 54666.51173810 37.89 128.258137  63.602694 34.817
 70    67.475 54666.51173875 44.35 128.255417  63.605824 34.817
 70    67.249 54666.51174197 51.23 128.241847  63.621464 34.817
 71    69.749 54701.51168586 22.89 128.354832  63.505287 11.925
 71    69.788 54701.51168650 22.86 128.352142  63.508417 11.925
 71    69.424 54701.51168779 22.70 128.346752  63.514677 11.925
 71    69.394 54701.51168844 23.24 128.344052  63.517807 11.925
 71    69.339 54701.51168908 23.04 128.341352  63.520937 11.925
 71    69.323 54701.51168972 26.33 128.338652  63.524067 11.925
 71    69.410 54701.51169037 24.76 128.335962  63.527187 11.925
 71    69.534 54701.51169101 20.92 128.333261  63.530321 15.134
 71    69.383 54701.51169166 22.37 128.330561  63.533451 15.134
 71    69.309 54701.51169230 19.04 128.327861  63.536581 15.134
 71    69.031 54701.51169295 18.66 128.325161  63.539701 15.134
 71    68.745 54701.51169359 18.24 128.322461  63.542831 15.134
 71    68.818 54701.51169424 19.03 128.319751  63.545961 15.134
 71    69.447 54701.51169488 18.59 128.317051  63.549091 15.134
 71    69.220 54701.51169811 21.99 128.303531  63.564731 15.134
 71    68.956 54701.51169875 20.32 128.300831  63.567861 15.134
 71    68.847 54701.51169940 20.85 128.298121  63.570991 15.134
 71    69.062 54701.51170004 25.97 128.295411  63.574121 15.134
 71    69.034 54701.51170133 31.29 128.290001  63.580371 15.134
 71    68.974 54701.51170197 30.23 128.287291  63.583501 15.134
 71    68.918 54701.51170262 32.02 128.284581  63.586631 15.134
 71    68.892 54701.51170326 27.83 128.281871  63.589761 15.134
 71    68.647 54701.51170391 27.02 128.279164  63.592887 27.991
 71    68.801 54701.51170455 28.11 128.276454  63.596017 27.991
 71    68.815 54701.51170520 28.55 128.273744  63.599137 27.991
 71    68.684 54701.51170584 28.60 128.271034  63.602267 27.991
 71    69.731 54701.51170649 27.27 128.268324  63.605397 27.991
 71    70.312 54701.51170713 24.23 128.265604  63.608527 27.991
 71    70.771 54701.51170778 23.84 128.262894  63.611647 27.991
 71    70.629 54701.51170842 27.24 128.260184  63.614777 27.991
 71    68.558 54701.51170907 35.74 128.257464  63.617907 27.991
 73    67.059 54771.51166775 33.93 128.344155  63.511451 19.804
 73    67.069 54771.51166839 37.55 128.341455  63.514581 19.804
 73    67.080 54771.51166904 37.62 128.338755  63.517711 19.804
 73    66.762 54771.51166968 32.53 128.336065  63.520841 19.804
 73    66.467 54771.51167033 28.22 128.333365  63.523961 19.804
 73    66.521 54771.51167097 26.90 128.330664  63.527091 19.433
 73    66.284 54771.51167162 28.00 128.327964  63.530221 19.433
 73    66.405 54771.51167226 31.64 128.325264  63.533351 19.433
 73    66.372 54771.51167291 39.00 128.322564  63.536481 19.433
 73    66.484 54771.51167355 50.22 128.319864  63.539611 19.433
 73    66.535 54771.51167420 48.59 128.317164  63.542731 19.433
 73    66.486 54771.51167484 43.19 128.314454  63.545861 19.433
 73    66.503 54771.51167935 30.57 128.295524  63.567761 19.433
 73    66.439 54771.51168000 30.99 128.292814  63.570891 19.433
 73    66.197 54771.51168322 29.34 128.279274  63.586521 19.433
 73    66.267 54771.51168387 30.12 128.276567  63.589653 13.211
 73    66.139 54771.51168451 34.42 128.273857  63.592783 13.211
 73    66.102 54771.51168516 38.18 128.271147  63.595903 13.211
 73    66.207 54771.51168580 37.13 128.268437  63.599033 13.211
 73    66.096 54771.51168644 37.72 128.265727  63.602163 13.211
 73    66.086 54771.51168709 30.96 128.263007  63.605293 13.211
 73    69.589 54771.51168902 27.85 128.254867  63.614673 13.211
 73    66.155 54771.51168967 28.09 128.252157  63.617803 13.211
 73    66.094 54771.51169031 32.28 128.249437  63.620923 13.211
 73    66.215 54771.51169096 28.92 128.246727  63.624053 13.211
 75    63.828 54841.51166398 19.85 128.340664  63.511464  4.289
 75    62.868 54841.51166463 20.07 128.337964  63.514594  4.289
 75    62.424 54841.51166527 20.15 128.335274  63.517724  4.289
 75    62.265 54841.51166592 20.53 128.332574  63.520844  4.289
 75    62.389 54841.51166656 20.44 128.329875  63.523975  3.530
 75    63.251 54841.51166721 19.30 128.327175  63.527105  3.530
 75    65.380 54841.51166849 19.14 128.321775  63.533365  3.530
 75    65.555 54841.51166914 18.97 128.319075  63.536495  3.530
 75    65.970 54841.51166978 18.26 128.316365  63.539615  3.530
 75    65.899 54841.51167043 18.16 128.313665  63.542745  3.530
 75    65.992 54841.51167107 18.39 128.310965  63.545875  3.530
 75    65.810 54841.51167172 17.95 128.308265  63.549005  3.530
 75    62.904 54841.51167559 16.70 128.292025  63.567775  3.530
 75    62.608 54841.51167623 15.88 128.289325  63.570895  3.530
 75    66.944 54841.51168074 12.82 128.270360  63.592789  1.933
 75    67.828 54841.51168139 12.14 128.267650  63.595919  1.933
 75    68.402 54841.51168203 11.98 128.264940  63.599049  1.933
 75    68.543 54841.51168268 11.85 128.262220  63.602179  1.933
 75    68.894 54841.51168332 11.26 128.259510  63.605299  1.933
 75    70.171 54841.51168590 10.64 128.248650  63.617809  1.933
 75    70.074 54841.51168655 10.33 128.245940  63.620939  1.933
 75    69.792 54841.51168719 10.14 128.243220  63.624069  1.933
 76    65.356 54876.51167955 16.92 128.312397  63.536291  3.580
 76    65.315 54876.51168019 17.34 128.309687  63.539421  3.580
 76    65.570 54876.51168084 16.57 128.306987  63.542551  3.580
 76    65.649 54876.51168148 16.64 128.304287  63.545671  3.580
 76    65.666 54876.51168213 16.33 128.301577  63.548801  3.580
 76    68.226 54876.51169308 10.35 128.255532  63.601974  1.965
 76    67.562 54876.51169373 10.10 128.252822  63.605104  1.965
 77    65.787 54911.51166805 14.06 128.349922  63.507387  3.831
 77    65.866 54911.51166870 14.25 128.347222  63.510517  3.831
 77    62.793 54911.51166934 15.30 128.344532  63.513647  3.831
 77    61.589 54911.51166999 16.82 128.341832  63.516777  3.831
 77    61.263 54911.51167063 16.51 128.339132  63.519907  3.831
 77    61.187 54911.51167128 16.29 128.336432  63.523027  3.831
 77    63.370 54911.51167192 15.49 128.333739  63.526159  2.707
 77    65.172 54911.51167256 15.02 128.331039  63.529289  2.707
 77    65.673 54911.51167321 14.18 128.328339  63.532419  2.707
 77    65.450 54911.51167385 14.21 128.325639  63.535549  2.707
 77    65.562 54911.51167450 14.09 128.322939  63.538669  2.707
 77    65.811 54911.51167514 13.67 128.320239  63.541799  2.707
 77    65.717 54911.51167579 13.76 128.317539  63.544929  2.707
 77    65.742 54911.51167643 13.72 128.314839  63.548059  2.707
 77    65.703 54911.51167966 12.58 128.301319  63.563699  2.707
 77    65.448 54911.51168030 12.70 128.298609  63.566829  2.707
 77    65.807 54911.51168095 12.58 128.295909  63.569959  2.707
 77    65.964 54911.51168159 12.72 128.293199  63.573079  2.707
 77    66.658 54911.51168352 12.09 128.285079  63.582469  2.707
 77    66.835 54911.51168417 11.18 128.282369  63.585599  2.707
 77    67.094 54911.51168481 10.54 128.279659  63.588723  1.880
 77    67.205 54911.51168546 10.05 128.276949  63.591853  1.880
 77    67.242 54911.51168610  9.93 128.274239  63.594973  1.880
 77    68.557 54911.51168675 10.03 128.271529  63.598103  1.880
 77    69.039 54911.51168739  9.61 128.268819  63.601233  1.880
 77    69.257 54911.51168804  9.47 128.266109  63.604363  1.880
 77    69.272 54911.51168868  9.63 128.263399  63.607483  1.880
 77    69.575 54911.51168933  9.26 128.260679  63.610613  1.880
 77    69.997 54911.51168997  9.33 128.257969  63.613743  1.880
 77    70.123 54911.51169062  9.53 128.255259  63.616873  1.880
 77    69.960 54911.51169126  9.41 128.252539  63.619993  1.880
 78    68.384 54946.51167262 32.32 128.309421  63.536975 19.031
 78    65.587 54946.51167326 38.20 128.306711  63.540105 19.031
 78    65.895 54946.51167391 35.78 128.304011  63.543225 19.031
 78    65.849 54946.51167455 40.03 128.301311  63.546355 19.031
 78    65.745 54946.51167520 41.54 128.298601  63.549485 19.031
 78    65.729 54946.51168616 28.35 128.252548  63.602659 25.231
 78    65.923 54946.51168680 32.52 128.249838  63.605789 25.231
 79    71.270 54981.51169317 45.79 128.337450  63.511587 23.082
 79    71.119 54981.51169382 50.29 128.334760  63.514707 23.082
 79    71.211 54981.51169446 49.00 128.332058  63.517841 31.113
 79    71.077 54981.51169575 46.23 128.326658  63.524101 31.113
 79    70.883 54981.51169640 49.20 128.323958  63.527231 31.113
 79    70.878 54981.51169833 44.24 128.315858  63.536611 31.113
 79    70.861 54981.51169897 48.37 128.313158  63.539741 31.113
 79    70.870 54981.51169962 46.23 128.310448  63.542871 31.113
 79    70.838 54981.51170026 45.35 128.307748  63.546001 31.113
 79    70.806 54981.51170091 47.40 128.305048  63.549121 31.113
 79    70.444 54981.51171122 54.08 128.261720  63.599167 40.346
 79    70.418 54981.51171187 52.34 128.259000  63.602297 40.346
 79    70.395 54981.51171251 52.19 128.256290  63.605427 40.346
 79    70.044 54981.51171574 52.94 128.242720  63.621067 40.346
 79    70.007 54981.51171638 52.71 128.240000  63.624187 40.346
 80    69.906 55016.51169370 48.27 128.338785  63.511586 37.538
 80    69.830 55016.51169434 49.19 128.336085  63.514716 37.538
 80    69.834 55016.51169499 51.58 128.333385  63.517846 37.538
 80    69.890 55016.51169563 49.91 128.330695  63.520966 37.538
 80    69.843 55016.51169628 48.86 128.327993  63.524097 30.754
 80    69.720 55016.51169692 47.05 128.325293  63.527227 30.754
 80    69.490 55016.51169821 39.71 128.319893  63.533487 30.754
 80    69.407 55016.51169886 46.94 128.317193  63.536617 30.754
 80    69.426 55016.51169950 46.92 128.314483  63.539737 30.754
 80    69.470 55016.51170015 48.24 128.311783  63.542867 30.754
 80    69.484 55016.51170079 46.89 128.309083  63.545997 30.754
 80    69.488 55016.51170144 44.73 128.306383  63.549127 30.754
 80    69.309 55016.51170530 50.95 128.290143  63.567897 30.754
 80    69.048 55016.51171111 50.70 128.265764  63.596039 41.522
 80    69.141 55016.51171175 49.77 128.263054  63.599169 41.522
 80    69.118 55016.51171240 49.98 128.260334  63.602299 41.522
 80    69.091 55016.51171304 50.33 128.257624  63.605429 41.522
 80    68.710 55016.51171626 52.31 128.244054  63.621059 41.522
 80    68.605 55016.51171691 49.24 128.241334  63.624189 41.522
 81    68.969 55051.51168885 25.69 128.339598  63.513206 20.140
 81    68.494 55051.51168950 27.94 128.336908  63.516326 20.140
 81    68.683 55051.51169014 26.53 128.334208  63.519456 20.140
 81    68.818 55051.51169079 32.36 128.331504  63.522588 21.849
 81    68.416 55051.51169143 38.63 128.328804  63.525718 21.849
 81    68.432 55051.51169208 39.15 128.326104  63.528848 21.849
 81    68.605 55051.51169272 38.08 128.323404  63.531978 21.849
 81    68.524 55051.51169337 28.71 128.320704  63.535098 21.849
 81    68.166 55051.51169401 29.41 128.318004  63.538228 21.849
 81    67.906 55051.51169466 32.90 128.315304  63.541358 21.849
 81    67.981 55051.51169530 37.78 128.312604  63.544488 21.849
 81    67.944 55051.51169595 46.70 128.309894  63.547618 21.849
 81    69.040 55051.51169981 27.05 128.293674  63.566388 21.849
 81    67.910 55051.51170046 35.02 128.290964  63.569508 21.849
 81    67.740 55051.51170497 44.09 128.272003  63.591403 39.366
 81    67.633 55051.51170562 45.86 128.269293  63.594533 39.366
 81    67.504 55051.51170626 49.16 128.266573  63.597663 39.366
 81    67.591 55051.51170691 50.08 128.263863  63.600793 39.366
 81    67.535 55051.51170755 47.99 128.261153  63.603913 39.366
 81    67.185 55051.51171077 48.12 128.247583  63.619553 39.366
 81    67.237 55051.51171142 50.77 128.244863  63.622683 39.366
 82    69.290 55086.51165140 22.61 128.355998  63.504051 14.969
 82    68.935 55086.51165205 20.63 128.353298  63.507181 14.969
 82    68.519 55086.51165269 24.49 128.350608  63.510311 14.969
 82    68.478 55086.51165334 25.81 128.347908  63.513441 14.969
 82    68.232 55086.51165398 26.29 128.345218  63.516571 14.969
 82    68.074 55086.51165463 27.82 128.342518  63.519701 14.969
 82    68.172 55086.51165527 28.93 128.339818  63.522821 14.969
 82    68.196 55086.51165591 30.62 128.337118  63.525951 14.969
 82    67.952 55086.51165656 32.24 128.334428  63.529081 14.969
 82    68.148 55086.51165720 27.99 128.331728  63.532211 14.969
 82    67.904 55086.51165785 26.07 128.329028  63.535341 14.969
 82    67.819 55086.51165849 23.66 128.326328  63.538471 14.969
 82    67.935 55086.51165914 21.00 128.323628  63.541601 14.969
 82    67.721 55086.51165978 20.46 128.320918  63.544731 14.969
 82    67.501 55086.51166043 20.38 128.318218  63.547851 14.969
 82    69.519 55086.51166365 17.34 128.304701  63.563499 14.985
 82    68.479 55086.51166430 21.02 128.302001  63.566629 14.985
 82    67.790 55086.51166494 22.41 128.299291  63.569749 14.985
 82    67.697 55086.51166558 25.21 128.296591  63.572879 14.985
 82    70.005 55086.51166687 21.38 128.291171  63.579139 14.985
 82    71.124 55086.51166752 24.43 128.288461  63.582269 14.985
 82    67.743 55086.51166816 26.66 128.285761  63.585389 14.985
 82    67.182 55086.51166881 30.88 128.283051  63.588519 14.985
 82    67.133 55086.51166945 28.25 128.280341  63.591649 14.985
 82    67.157 55086.51167010 25.09 128.277631  63.594779 14.985
 82    67.094 55086.51167074 25.99 128.274921  63.597909 14.985
 82    67.138 55086.51167139 25.85 128.272211  63.601029 14.985
 82    67.151 55086.51167203 25.12 128.269501  63.604159 14.985
 82    69.948 55086.51167268 23.61 128.266781  63.607289 14.985
 82    70.454 55086.51167332 25.15 128.264071  63.610419 14.985
 82    70.562 55086.51167397 26.86 128.261361  63.613539 14.985
 82    70.289 55086.51167461 28.76 128.258647  63.616669 34.392
 82    69.943 55086.51167525 31.56 128.255927  63.619799 34.392
 83    67.765 55121.51162828 29.24 128.310391  63.538054  6.802
 83    67.771 55121.51162892 39.82 128.307682  63.541176 20.424
 83    67.709 55121.51162957 37.69 128.304982  63.544306 20.424
 83    67.746 55121.51163021 38.89 128.302282  63.547436 20.424
 83    68.307 55121.51164117 24.25 128.256232  63.600606 20.424
 83    70.357 55121.51164181 23.01 128.253515  63.603730 21.688
 83    70.270 55121.51164246 27.77 128.250795  63.606860 21.688
 84    66.246 55156.51161302 21.52 128.343987  63.510653  9.441
 84    65.979 55156.51161366 22.49 128.341287  63.513783  9.441
 84    65.787 55156.51161431 23.53 128.338597  63.516913  9.441
 84    65.717 55156.51161495 23.83 128.335897  63.520033  9.441
 84    65.624 55156.51161560 23.87 128.333197  63.523163  9.441
 84    65.535 55156.51161624 23.65 128.330497  63.526293  9.441
 84    65.360 55156.51161689 23.68 128.327807  63.529423  9.441
 84    65.388 55156.51161753 23.27 128.325097  63.532553  9.441
 84    65.462 55156.51161818 23.97 128.322397  63.535683  9.441
 84    65.665 55156.51161882 25.04 128.319697  63.538803  9.441
 84    65.605 55156.51161947 26.76 128.316997  63.541933  9.441
 84    65.669 55156.51162011 27.83 128.314297  63.545063  9.441
 84    65.793 55156.51162075 27.67 128.311597  63.548193  9.441
 84    65.692 55156.51162462 23.05 128.295366  63.566967  5.955
 84    65.575 55156.51162527 23.28 128.292666  63.570087  5.955
 84    65.913 55156.51162914 24.64 128.276416  63.588857  5.955
 84    65.587 55156.51162978 25.10 128.273706  63.591987  5.955
 84    65.411 55156.51163042 26.36 128.270996  63.595107  5.955
 84    67.867 55156.51163107 26.30 128.268286  63.598237  5.955
 84    65.351 55156.51163171 26.18 128.265566  63.601367  5.955
 84    65.389 55156.51163236 25.63 128.262856  63.604497  5.955
 84    70.096 55156.51163494 22.00 128.252008  63.617003  3.543
 84    70.083 55156.51163558 21.67 128.249288  63.620133  3.543
 84    69.612 55156.51163623 21.23 128.246568  63.623263  3.543
 86    66.013 55226.51161391 18.14 128.343055  63.511576  4.034
 86    65.795 55226.51161455 18.90 128.340355  63.514706  4.034
 86    65.718 55226.51161520 19.14 128.337655  63.517826  4.034
 86    65.701 55226.51161584 19.31 128.334955  63.520956  4.034
 86    65.717 55226.51161649 19.05 128.332265  63.524086  4.034
 86    65.439 55226.51161713 19.33 128.329565  63.527216  4.034
 86    65.427 55226.51161778 18.66 128.326865  63.530346  4.034
 86    65.476 55226.51161842 18.06 128.324165  63.533476  4.034
 86    65.521 55226.51161907 17.94 128.321465  63.536606  4.034
 86    65.675 55226.51161971 18.25 128.318765  63.539726  4.034
 86    65.625 55226.51162036 19.84 128.316055  63.542856  4.034
 86    65.746 55226.51162100 18.05 128.313355  63.545986  4.034
 86    65.670 55226.51162551 17.23 128.294430  63.567881  3.187
 86    65.583 55226.51162616 16.72 128.291720  63.571011  3.187
 86    66.735 55226.51163003 17.16 128.275470  63.589781  3.187
 86    66.917 55226.51163067 16.24 128.272760  63.592911  3.187
 86    66.359 55226.51163132 16.74 128.270050  63.596031  3.187
 86    66.736 55226.51163196 16.53 128.267340  63.599161  3.187
 86    67.447 55226.51163260 16.40 128.264620  63.602291  3.187
 86    66.552 55226.51163325 16.43 128.261910  63.605421  3.187
 86    69.997 55226.51163583 15.56 128.251058  63.617929  2.448
 86    69.741 55226.51163647 15.45 128.248338  63.621049  2.448
 86    69.444 55226.51163712 14.87 128.245628  63.624179  2.448
 87    66.613 55261.51160781 16.60 128.337834  63.511464  3.669
 87    65.314 55261.51160845 17.97 128.335134  63.514594  3.669
 87    65.463 55261.51160910 18.11 128.332444  63.517724  3.669
 87    65.237 55261.51161039 18.71 128.327044  63.523984  3.669
 87    65.168 55261.51161103 17.79 128.324344  63.527114  3.669
 87    65.657 55261.51161297 17.14 128.316244  63.536494  3.669
 87    65.549 55261.51161361 17.23 128.313534  63.539624  3.669
 87    65.531 55261.51161426 17.96 128.310834  63.542747  3.077
 87    65.583 55261.51161490 17.50 128.308134  63.545877  3.077
 87    65.497 55261.51161555 17.24 128.305424  63.549007  3.077
 87    68.093 55261.51162586 14.69 128.262094  63.599047  3.077
 87    67.983 55261.51162651 14.61 128.259384  63.602177  3.077
 87    67.144 55261.51162715 14.52 128.256667  63.605302  2.442
 87    69.577 55261.51163037 14.17 128.243097  63.620942  2.442
 87    69.155 55261.51163102 14.77 128.240377  63.624072  2.442
 88    66.062 55296.51159837 14.99 128.349586  63.508823  3.481
 88    66.199 55296.51159901 15.50 128.346886  63.511953  3.481
 88    66.138 55296.51159966 16.12 128.344186  63.515083  3.481
 88    65.803 55296.51160030 17.47 128.341496  63.518213  3.481
 88    66.173 55296.51160095 16.40 128.338796  63.521333  3.481
 88    65.788 55296.51160159 16.97 128.336096  63.524463  3.481
 88    65.934 55296.51160223 15.54 128.333396  63.527593  3.481
 88    65.732 55296.51160288 15.21 128.330706  63.530723  3.481
 88    65.694 55296.51160352 15.21 128.327996  63.533853  3.481
 88    65.763 55296.51160417 14.97 128.325296  63.536983  3.481
 88    65.819 55296.51160481 14.89 128.322596  63.540113  3.481
 88    65.726 55296.51160546 16.01 128.319896  63.543243  3.481
 88    65.646 55296.51160610 15.23 128.317196  63.546363  3.481
 88    65.569 55296.51160675 15.00 128.314496  63.549493  3.481
 88    65.730 55296.51160997 13.78 128.300977  63.565140  2.532
 88    65.831 55296.51161062 13.72 128.298267  63.568260  2.532
 88    66.208 55296.51161126 13.43 128.295567  63.571390  2.532
 88    66.423 55296.51161190 13.46 128.292857  63.574520  2.532
 88    66.828 55296.51161384 12.74 128.284737  63.583900  2.532
 88    66.855 55296.51161448 12.32 128.282027  63.587030  2.532
 88    67.025 55296.51161513 12.68 128.279317  63.590160  2.532
 88    66.944 55296.51161577 12.37 128.276607  63.593290  2.532
 88    66.939 55296.51161642 12.97 128.273897  63.596420  2.532
 88    67.372 55296.51161706 12.56 128.271187  63.599540  2.532
 88    67.601 55296.51161771 12.42 128.268467  63.602670  2.532
 88    68.770 55296.51161835 11.80 128.265757  63.605800  2.532
 88    68.971 55296.51161900 12.04 128.263047  63.608930  2.532
 88    69.203 55296.51161964 12.14 128.260337  63.612050  2.532
 88    69.799 55296.51162029 11.69 128.257620  63.615179  2.359
 88    69.654 55296.51162093 12.18 128.254900  63.618309  2.359
 88    65.871 55296.51162158 12.29 128.252190  63.621439  2.359
 89    66.987 55331.51158875 51.15 128.336084  63.513430 32.673
 89    67.450 55331.51158940 37.12 128.333384  63.516560 32.673
 89    67.802 55331.51159004 33.45 128.330694  63.519690 32.673
 89    68.161 55331.51159068 38.37 128.327994  63.522820 32.673
 89    68.449 55331.51159133 32.36 128.325294  63.525950 32.673
 89    66.717 55331.51159326 48.28 128.317184  63.535340 32.673
 89    66.834 55331.51159391 51.48 128.314484  63.538460 32.673
 89    66.565 55331.51159455 45.58 128.311784  63.541590 32.673
 89    66.528 55331.51159520 50.66 128.309081  63.544717 31.317
 89    66.497 55331.51159584 49.57 128.306381  63.547847 31.317
 89    66.545 55331.51160035 37.50 128.287441  63.569747 31.317
 89    66.339 55331.51160616 41.09 128.263051  63.597897 31.317
 89    66.198 55331.51160680 48.90 128.260341  63.601027 31.317
 89    66.121 55331.51160745 52.61 128.257631  63.604147 31.317
 89    65.938 55331.51161067 42.62 128.244060  63.619787 34.047
 89    65.984 55331.51161131 47.63 128.241340  63.622917 34.047
 90    70.822 55366.51158097 27.53 128.343209  63.511888 17.438
 90    69.809 55366.51158161 27.61 128.340509  63.515018 17.438
 90    69.673 55366.51158226 35.57 128.337809  63.518138 17.438
 90    69.623 55366.51158290 41.01 128.335109  63.521268 17.438
 90    69.438 55366.51158354 37.83 128.332419  63.524398 17.438
 90    69.366 55366.51158419 28.05 128.329719  63.527528 17.438
 90    69.429 55366.51158483 26.10 128.327019  63.530658 17.438
 90    69.422 55366.51158548 24.81 128.324319  63.533788 17.438
 90    69.312 55366.51158612 21.69 128.321609  63.536918 17.438
 90    68.996 55366.51158677 21.10 128.318909  63.540038 17.438
 90    68.809 55366.51158741 21.09 128.316209  63.543168 17.438
 90    68.797 55366.51158806 21.62 128.313509  63.546298 17.438
 90    69.317 55366.51159193 43.06 128.297281  63.565073 37.120
 90    69.163 55366.51159257 43.54 128.294581  63.568193 37.120
 90    69.133 55366.51159322 42.11 128.291871  63.571323 37.120
 90    68.969 55366.51159644 50.05 128.278331  63.586963 37.120
 90    68.867 55366.51159708 50.15 128.275621  63.590093 37.120
 90    68.783 55366.51159773 52.73 128.272911  63.593223 37.120
 90    68.855 55366.51159837 47.53 128.270201  63.596343 37.120
 90    68.887 55366.51159902 46.22 128.267481  63.599473 37.120
 90    68.768 55366.51159966 43.27 128.264771  63.602603 37.120
 90    68.726 55366.51160031 43.65 128.262061  63.605733 37.120
 90    68.678 55366.51160224 48.90 128.253915  63.615111 35.532
 90    68.602 55366.51160289 49.41 128.251205  63.618241 35.532
 90    68.555 55366.51160353 45.16 128.248485  63.621361 35.532
 92    68.008 55436.51159834 35.90 128.343509  63.511648 15.813
 92    67.887 55436.51159899 29.26 128.340819  63.514778 15.813
 92    67.772 55436.51159963 32.45 128.338119  63.517908 15.813
 92    67.933 55436.51160028 34.05 128.335419  63.521038 15.813
 92    67.769 55436.51160092 37.80 128.332719  63.524168 15.813
 92    68.284 55436.51160157 31.84 128.330019  63.527288 15.813
 92    68.242 55436.51160221 32.39 128.327319  63.530418 15.813
 92    68.186 55436.51160286 33.83 128.324621  63.533548 33.757
 92    67.277 55436.51160350 40.76 128.321921  63.536678 33.757
 92    67.208 55436.51160415 46.93 128.319221  63.539808 33.757
 92    67.288 55436.51160479 49.68 128.316521  63.542938 33.757
 92    67.271 55436.51160544 47.25 128.313811  63.546068 33.757
 92    67.340 55436.51160995 37.15 128.294881  63.567958 33.757
 92    67.263 55436.51161059 33.28 128.292171  63.571088 33.757
 92    67.164 55436.51161382 50.76 128.278631  63.586728 33.757
 92    67.073 55436.51161446 50.65 128.275921  63.589858 33.757
 92    67.053 55436.51161511 47.52 128.273211  63.592988 33.757
 92    66.984 55436.51161575 52.40 128.270496  63.596111 42.023
 92    66.950 55436.51161640 52.45 128.267786  63.599241 42.023
 92    66.921 55436.51161704 50.09 128.265076  63.602371 42.023
 92    66.886 55436.51161768 46.29 128.262366  63.605491 42.023
 92    66.686 55436.51161962 38.32 128.254226  63.614881 42.023
 92    66.536 55436.51162026 35.73 128.251506  63.618001 42.023
 92    66.788 55436.51162091 49.97 128.248796  63.621131 42.023
 92    66.782 55436.51162155 50.92 128.246076  63.624261 42.023
 93    67.847 55471.51155026 30.29 128.347240  63.516635 26.423
 93    67.460 55471.51155091 30.66 128.344540  63.519765 26.423
 93    67.499 55471.51155155 37.69 128.341840  63.522895 26.423
 93    67.370 55471.51155220 41.88 128.339150  63.526025 26.423
 93    67.467 55471.51155284 41.62 128.336450  63.529145 26.423
 93    67.291 55471.51155349 47.31 128.333751  63.532278 44.027
 93    67.156 55471.51155413 44.35 128.331051  63.535408 44.027
 93    67.071 55471.51155478 46.36 128.328351  63.538538 44.027
 93    67.076 55471.51155542 42.71 128.325651  63.541668 44.027
 93    67.070 55471.51155607 41.01 128.322951  63.544788 44.027
 93    67.090 55471.51155671 50.31 128.320241  63.547918 44.027
 93    67.054 55471.51155735 45.35 128.317541  63.551048 44.027
 93    67.197 55471.51155993 43.78 128.306731  63.563558 44.027
 93    67.138 55471.51156058 43.19 128.304021  63.566688 44.027
 93    67.084 55471.51156122 46.57 128.301321  63.569818 44.027
 93    67.077 55471.51156187 47.49 128.298611  63.572948 44.027
 93    67.008 55471.51156251 50.85 128.295911  63.576078 44.027
 93    66.998 55471.51156316 50.05 128.293201  63.579208 44.027
 93    66.970 55471.51156380 50.08 128.290491  63.582328 44.027
 93    66.954 55471.51156445 51.30 128.287781  63.585458 44.027
 93    66.913 55471.51156509 49.07 128.285071  63.588588 44.027
 93    66.853 55471.51156574 51.64 128.282371  63.591718 44.027
 93    66.835 55471.51156638 52.29 128.279656  63.594844 36.028
 93    66.827 55471.51156703 50.29 128.276946  63.597974 36.028
 93    66.815 55471.51156767 42.78 128.274236  63.601094 36.028
 93    66.778 55471.51156831 43.18 128.271526  63.604224 36.028
 93    66.684 55471.51156896 46.07 128.268816  63.607354 36.028
 93    66.717 55471.51156960 49.30 128.266096  63.610484 36.028
 93    66.659 55471.51157025 51.30 128.263386  63.613604 36.028
 93    66.620 55471.51157089 55.04 128.260676  63.616734 36.028
