# NaN NaN NaN ;Mean Elev.(m), Avg Gradient(m/km), RMS Gradient(m/km) - SRTM1     
#   38.000   1.270  60.882 ;Mean Elev.(m), Avg Gradient(m/km), RMS Gradient(m/km) - ASTER GDEM
#   32.986   2.111  62.707 ;Mean Elev.(m), Avg Gradient(m/km), RMS Gradient(m/km) - GMTED2010 
  7    75.149 52454.11618077  1.52 126.378037  64.398545  9.408
  7    74.881 52454.11618141  7.85 126.375186  64.395430 13.269
  9    67.447 52524.11613044  9.24 126.390794  64.417923  6.103
  9    61.173 52524.11613108 10.34 126.387936  64.414810 21.762
  9    60.689 52524.11613173 10.32 126.385076  64.411690 21.762
  9    60.453 52524.11613237 11.32 126.382216  64.408580 21.762
  9    61.858 52524.11613301 11.56 126.379356  64.405460 21.762
  9    62.576 52524.11613366 12.00 126.376506  64.402350 21.762
  9    62.183 52524.11613430 11.98 126.373646  64.399230 21.762
  9    63.621 52524.11613495 13.20 126.370786  64.396120 21.762
 10    57.476 52559.11618041 19.42 126.401474  64.414907 11.802
 10    58.347 52559.11618106 19.48 126.398614  64.411797 11.802
 10    56.048 52559.11618170 21.37 126.395756  64.408680 15.527
 10    56.418 52559.11618234 22.65 126.392896  64.405560 15.527
 10    56.523 52559.11618299 25.99 126.390036  64.402450 15.527
 10    60.032 52559.11618363 28.50 126.387176  64.399330 15.527
 10    56.255 52559.11618428 37.22 126.384316  64.396220 15.527
 10    56.144 52559.11618492 37.76 126.381456  64.393100 15.527
 11    54.428 52594.11618277 16.09 126.394051  64.418307  7.547
 11    54.805 52594.11618341 16.44 126.391191  64.415187  7.547
 11    54.614 52594.11618405 17.72 126.388331  64.412077  7.547
 11    54.510 52594.11618470 19.15 126.385471  64.408957  7.547
 11    54.985 52594.11618534 19.88 126.382611  64.405837  7.547
 11    55.436 52594.11618599 19.30 126.379751  64.402727  7.547
 11    56.997 52594.11618663 17.77 126.376901  64.399607  7.547
 11    59.111 52594.11618728 16.93 126.374041  64.396497  7.547
 12    55.274 52629.11611167 15.57 126.409180  64.408583  5.934
 12    54.876 52629.11611231 15.54 126.406320  64.405473  5.934
 12    55.474 52629.11611295 16.86 126.403460  64.402353  5.934
 12    54.734 52629.11611360 17.76 126.400600  64.399243  5.934
 12    55.635 52629.11611424 16.90 126.397740  64.396123  5.934
 12    57.707 52629.11611489 16.87 126.394880  64.393013  5.934
 12    55.831 52629.11611553 17.14 126.392020  64.389893  5.934
 13    53.826 52664.11614516 11.11 126.395562  64.414454  4.487
 13    54.488 52664.11614580 11.55 126.392702  64.411344  4.487
 13    54.411 52664.11614645 11.37 126.389842  64.408224  4.487
 13    54.828 52664.11614709 11.92 126.386982  64.405114  4.487
 13    55.860 52664.11614774 12.52 126.384122  64.401994  4.487
 13    56.429 52664.11614838 13.09 126.381262  64.398884  4.487
 13    59.012 52664.11614902 11.99 126.378402  64.395764  4.487
 14    54.450 52699.11612034 10.30 126.411523  64.407480  4.406
 14    55.255 52699.11612098 10.45 126.408663  64.404360  4.406
 14    55.411 52699.11612163 10.79 126.405803  64.401250  4.406
 14    54.995 52699.11612227 11.64 126.402943  64.398130  4.406
 14    54.540 52699.11612292 11.61 126.400083  64.395020  4.406
 14    56.096 52699.11612356 11.17 126.397223  64.391900  4.406
 14    55.889 52699.11612420 12.99 126.394363  64.388780  4.406
 15    53.185 52734.11614581  6.37 126.399908  64.412626  5.883
 15    53.935 52734.11614645  6.18 126.397048  64.409516  5.883
 15    55.206 52734.11614709  6.08 126.394188  64.406396  5.883
 15    56.659 52734.11614774  6.69 126.391328  64.403286  5.883
 15    57.760 52734.11614838  7.59 126.388478  64.400166  5.883
 15    58.615 52734.11614903  7.77 126.385621  64.397052  2.644
 15    59.130 52734.11614967  7.43 126.382761  64.393932  2.644
 16    51.407 52769.11614309 16.44 126.385676  64.417188  9.382
 16    52.292 52769.11614374 18.86 126.382816  64.414068  9.382
 16    52.958 52769.11614438 19.15 126.379959  64.410953 14.667
 16    53.141 52769.11614503 22.50 126.377099  64.407843 14.667
 16    53.600 52769.11614567 22.33 126.374239  64.404723 14.667
 16    54.362 52769.11614632 25.40 126.371389  64.401603 14.667
 16    54.295 52769.11614696 36.24 126.368529  64.398493 14.667
 17    68.686 52804.11617064 11.15 126.408374  64.410712  9.200
 17    65.514 52804.11617128 10.38 126.405514  64.407592  9.200
 17    64.107 52804.11617193 10.82 126.402654  64.404482  9.200
 17    63.326 52804.11617257 11.54 126.399794  64.401362  9.200
 17    63.755 52804.11617321 12.06 126.396934  64.398252  9.200
 17    63.383 52804.11617386 14.35 126.394074  64.395132  9.200
 17    64.749 52804.11617450 15.04 126.391214  64.392022  9.200
 17    65.151 52804.11617515 17.25 126.388354  64.388902  9.200
 18    65.315 52839.11623345  7.55 126.404588  64.410050 13.836
 18    62.288 52839.11623410  7.98 126.401728  64.406940 13.836
 18    63.684 52839.11623474  8.31 126.398868  64.403820 13.836
 18    65.376 52839.11623539  7.99 126.396008  64.400710 13.836
 18    66.702 52839.11623603  9.35 126.393148  64.397590 13.836
 18    66.012 52839.11623667 10.48 126.390288  64.394480 13.836
 18    64.329 52839.11623732 10.94 126.387428  64.391360 13.836
 19    59.906 52874.11627252  9.07 126.402779  64.413386 15.024
 19    59.627 52874.11627316  8.93 126.399919  64.410276 15.024
 19    60.681 52874.11627381  9.94 126.397059  64.407156 15.024
 19    61.830 52874.11627445  9.82 126.394199  64.404036 15.024
 19    62.093 52874.11627509 10.70 126.391339  64.400926 15.024
 19    62.460 52874.11627574 11.20 126.388479  64.397806 15.024
 19    65.749 52874.11627638 11.38 126.385619  64.394696 15.024
 19    63.911 52874.11627703 13.40 126.382759  64.391576 15.024
 21    56.536 52944.11618434 21.83 126.415528  64.409077 12.427
 21    56.808 52944.11618498 24.52 126.412668  64.405967 12.427
 21    56.296 52944.11618563 27.86 126.409809  64.402853 12.666
 21    55.214 52944.11618627 31.70 126.406949  64.399733 12.666
 21    59.535 52944.11618692 29.57 126.404089  64.396623 12.666
 21    54.741 52944.11618756 26.39 126.401229  64.393503 12.666
 21    55.017 52944.11618820 28.03 126.398369  64.390393 12.666
 21    54.237 52944.11618885 27.02 126.395509  64.387273 12.666
 22    54.962 52979.11623841 13.73 126.405309  64.412608  6.200
 22    54.726 52979.11623906 15.54 126.402449  64.409498  6.200
 22    55.315 52979.11623970 16.36 126.399579  64.406378  6.200
 22    56.199 52979.11624035 16.02 126.396719  64.403268  6.200
 22    55.844 52979.11624099 16.59 126.393869  64.400150  5.260
 22    55.743 52979.11624164 16.98 126.391009  64.397030  5.260
 22    58.502 52979.11624228 16.30 126.388149  64.393920  5.260
 22    58.656 52979.11624293 16.45 126.385289  64.390800  5.260
 23    57.966 53014.11623589  6.77 126.393783  64.418400  7.993
 23    57.755 53014.11623654  8.07 126.390921  64.415279  6.341
 23    57.708 53014.11623782  8.15 126.385201  64.409049  6.341
 23    57.738 53014.11623847  9.86 126.382341  64.405929  6.341
 23    61.310 53014.11623911 10.22 126.379481  64.402819  6.341
 23    59.663 53014.11623976 10.34 126.376621  64.399699  6.341
 23    59.527 53014.11624040 11.24 126.373761  64.396589  6.341
 24    57.454 53049.11620847  5.43 126.406269  64.411315  7.179
 24    58.369 53049.11620911  7.08 126.403409  64.408205  7.179
 24    59.822 53049.11620976  7.18 126.400549  64.405085  7.179
 24    60.394 53049.11621040  7.20 126.397689  64.401965  7.179
 24    61.733 53049.11621105  7.37 126.394829  64.398855  7.179
 24    58.998 53049.11621169  8.01 126.391969  64.395735  7.179
 24    59.433 53049.11621233  9.29 126.389109  64.392625  7.179
 25    57.698 53084.11624376  5.35 126.387929  64.416728  7.381
 25    58.187 53084.11624440  5.88 126.385069  64.413618  7.381
 25    58.750 53084.11624505  6.56 126.382209  64.410498  7.381
 25    59.451 53084.11624569  7.24 126.379359  64.407388  7.381
 25    60.005 53084.11624634  7.42 126.376499  64.404268  7.381
 25    58.251 53084.11624698  7.18 126.373639  64.401158  7.381
 25    60.311 53084.11624763  8.31 126.370779  64.398038  7.381
 26    58.188 53119.11621439  5.35 126.401219  64.411964  6.166
 26    58.623 53119.11621504  5.69 126.398349  64.408844  6.166
 26    57.299 53119.11621568  5.85 126.395489  64.405734  6.166
 26    57.783 53119.11621632  6.73 126.392629  64.402614  6.166
 26    58.276 53119.11621697  7.28 126.389769  64.399494  6.166
 26    58.938 53119.11621761  8.03 126.386909  64.396384  6.166
 26    58.748 53119.11621826  8.04 126.384059  64.393264  6.166
 27    65.934 53154.11626542 19.12 126.396857  64.414849 17.661
 27    66.231 53154.11626606 28.92 126.393997  64.411729 17.661
 27    66.897 53154.11626671 36.16 126.391137  64.408619 17.661
 27    64.550 53154.11626735 40.19 126.388277  64.405499 17.661
 27    66.193 53154.11626800 37.54 126.385417  64.402379 17.661
 27    66.635 53154.11626864 36.82 126.382557  64.399269 17.661
 27    67.177 53154.11626929 33.21 126.379707  64.396149 17.661
 27    63.233 53154.11626993 34.11 126.376847  64.393039 17.661
 28    68.864 53189.11625483  9.43 126.404776  64.412505 18.303
 28    67.244 53189.11625548  8.35 126.401916  64.409395 18.303
 28    65.631 53189.11625612  8.21 126.399056  64.406275 18.303
 28    65.797 53189.11625677  9.89 126.396196  64.403165 18.303
 28    65.030 53189.11625741 10.31 126.393336  64.400045 18.303
 28    66.321 53189.11625806 10.87 126.390486  64.396925 18.303
 28    66.814 53189.11625870 11.63 126.387626  64.393815 18.303
 28    69.239 53189.11625935 12.99 126.384766  64.390695 18.303
 29    64.297 53224.11626890 26.32 126.396756  64.415093 19.167
 29    64.558 53224.11626954 26.67 126.393896  64.411973 19.167
 29    65.363 53224.11627019 28.42 126.391036  64.408863 19.167
 29    64.038 53224.11627083 28.19 126.388176  64.405743 19.167
 29    63.467 53224.11627148 28.34 126.385316  64.402633 19.167
 29    63.930 53224.11627212 28.21 126.382456  64.399513 19.167
 29    64.249 53224.11627276 28.43 126.379606  64.396393 19.167
 29    63.639 53224.11627341 29.26 126.376746  64.393283 19.167
 30    57.608 53259.11624356 21.52 126.387567  64.419203  3.886
 30    59.933 53259.11624420 22.43 126.384706  64.416090 13.452
 30    59.355 53259.11624485 23.40 126.381846  64.412980 13.452
 30    57.106 53259.11624549 24.80 126.378986  64.409860 13.452
 30    57.648 53259.11624614 23.53 126.376126  64.406740 13.452
 30    56.334 53259.11624678 24.12 126.373276  64.403630 13.452
 30    57.562 53259.11624743 24.37 126.370416  64.400510 13.452
 30    56.532 53259.11624807 23.67 126.367556  64.397400 13.452
 31    57.663 53294.11626845 38.34 126.399954  64.415401 22.411
 31    60.337 53294.11626910 38.80 126.397094  64.412281 22.411
 31    58.178 53294.11626974 36.16 126.394234  64.409161 22.411
 31    57.656 53294.11627039 37.69 126.391374  64.406051 22.411
 31    57.754 53294.11627103 34.94 126.388514  64.402931 22.411
 31    56.651 53294.11627168 37.40 126.385654  64.399821 22.411
 31    56.641 53294.11627232 35.77 126.382794  64.396701 22.411
 31    56.713 53294.11627297 40.44 126.379934  64.393591 22.411
 32    56.426 53329.11624199  6.82 126.399031  64.414829  5.191
 32    56.614 53329.11624264  7.35 126.396171  64.411709  5.191
 32    57.185 53329.11624328  8.11 126.393311  64.408599  5.191
 32    57.770 53329.11624392  8.43 126.390451  64.405479  5.191
 32    58.135 53329.11624457  8.55 126.387591  64.402359  5.191
 32    59.175 53329.11624521  9.32 126.384731  64.399249  5.191
 32    60.401 53329.11624586  9.71 126.381881  64.396129  5.191
 32    60.818 53329.11624650  9.74 126.379021  64.393019  5.191
 33    55.509 53364.11619363  4.50 126.393913  64.415719  2.880
 33    55.595 53364.11619428  4.65 126.391053  64.412599  2.880
 33    56.248 53364.11619492  4.87 126.388193  64.409489  2.880
 33    57.004 53364.11619556  5.29 126.385333  64.406369  2.880
 33    57.984 53364.11619621  6.03 126.382483  64.403259  2.880
 33    58.810 53364.11619685  6.55 126.379623  64.400139  2.880
 33    59.676 53364.11619750  6.87 126.376763  64.397029  2.880
 33    60.924 53364.11619814  7.11 126.373913  64.393909  2.880
 34    57.670 53399.11621763  3.51 126.401515  64.412052  5.782
 34    59.721 53399.11621828  3.26 126.398655  64.408932  5.782
 34    59.169 53399.11621892  4.14 126.395795  64.405822  5.782
 34    57.670 53399.11621957  4.88 126.392935  64.402702  5.782
 34    58.423 53399.11622021  5.59 126.390075  64.399582  5.782
 34    60.580 53399.11622086  5.36 126.387215  64.396472  5.782
 34    60.056 53399.11622150  6.12 126.384365  64.393352  5.782
 35    57.283 53434.11620763  2.05 126.394043  64.416219  6.260
 35    57.011 53434.11620827  3.64 126.391183  64.413109  6.260
 35    58.408 53434.11620892  3.25 126.388323  64.409989  6.260
 35    59.547 53434.11620956  4.34 126.385463  64.406879  6.260
 35    60.859 53434.11621020  3.69 126.382603  64.403759  6.260
 35    59.334 53434.11621085  4.16 126.379753  64.400649  6.260
 35    60.244 53434.11621149  5.08 126.376893  64.397529  6.260
 35    61.138 53434.11621214  5.48 126.374033  64.394409  6.260
 36    57.547 53469.11624981  1.43 126.404974  64.412947  5.424
 36    58.788 53469.11625045  2.05 126.402114  64.409837  5.424
 36    57.422 53469.11625109  1.97 126.399254  64.406717  5.424
 36    57.855 53469.11625174  2.47 126.396394  64.403607  5.424
 36    58.983 53469.11625238  3.34 126.393534  64.400487  5.424
 36    59.329 53469.11625303  3.97 126.390674  64.397377  5.424
 36    59.241 53469.11625367  3.89 126.387814  64.394257  5.424
 36    60.670 53469.11625432  4.35 126.384954  64.391147  5.424
 37    61.233 53504.11629376 13.99 126.394238  64.415821 15.347
 37    59.885 53504.11629441 14.58 126.391378  64.412701 15.347
 37    61.510 53504.11629505 11.86 126.388518  64.409591 15.347
 37    61.519 53504.11629569 12.22 126.385658  64.406471 15.347
 37    62.327 53504.11629634 12.80 126.382798  64.403361 15.347
 37    63.263 53504.11629698 14.08 126.379948  64.400241 15.347
 37    64.362 53504.11629763 14.52 126.377088  64.397131 15.347
 37    65.315 53504.11629827 16.54 126.374228  64.394011 15.347
 38    68.182 53539.11629173 22.79 126.395619  64.414263 17.132
 38    64.990 53539.11629237 27.24 126.392759  64.411143 17.132
 38    66.005 53539.11629302 28.03 126.389899  64.408033 17.132
 38    66.339 53539.11629366 27.14 126.387039  64.404913 17.132
 38    64.685 53539.11629430 27.57 126.384179  64.401803 17.132
 38    66.095 53539.11629495 27.05 126.381319  64.398683 17.132
 38    66.130 53539.11629559 28.25 126.378459  64.395563 17.132
 39    64.901 53574.11628903  7.28 126.393116  64.418684  2.489
 39    63.787 53574.11628967  8.03 126.390262  64.415574 17.916
 39    61.632 53574.11629032  8.52 126.387402  64.412454 17.916
 39    61.017 53574.11629096  8.65 126.384542  64.409344 17.916
 39    61.569 53574.11629161  9.95 126.381682  64.406224 17.916
 39    61.682 53574.11629225 10.76 126.378822  64.403114 17.916
 39    62.521 53574.11629290 10.98 126.375962  64.399994 17.916
 39    63.723 53574.11629354 11.98 126.373102  64.396884 17.916
 40    63.102 53609.11623958 36.69 126.385511  64.416646 12.432
 40    62.583 53609.11624022 38.77 126.382651  64.413536 12.432
 40    64.336 53609.11624087 36.64 126.379791  64.410416 12.432
 40    63.945 53609.11624151 36.23 126.376931  64.407296 12.432
 40    62.521 53609.11624216 37.71 126.374071  64.404186 12.432
 40    63.299 53609.11624280 36.56 126.371221  64.401066 12.432
 40    63.132 53609.11624345 37.40 126.368361  64.397956 12.432
 41    60.969 53644.11624249  9.47 126.405495  64.410175 12.800
 41    59.971 53644.11624314  9.47 126.402625  64.407055 12.800
 41    60.699 53644.11624378  9.55 126.399765  64.403935 12.800
 41    61.029 53644.11624442 10.04 126.396905  64.400825 12.800
 41    62.345 53644.11624507 10.51 126.394045  64.397705 12.800
 41    63.069 53644.11624571 11.48 126.391185  64.394595 12.800
 41    65.452 53644.11624636 12.76 126.388335  64.391475 12.800
 42    58.969 53679.11625930 12.21 126.394227  64.418243  7.491
 42    59.792 53679.11625995 14.55 126.391367  64.415123  7.491
 42    62.017 53679.11626059 15.58 126.388497  64.412013  7.491
 42    57.863 53679.11626123 15.21 126.385637  64.408893  7.491
 42    58.249 53679.11626188 17.71 126.382787  64.405783  7.491
 42    55.046 53679.11626252 25.58 126.379927  64.402663  7.491
 42    59.336 53679.11626317 17.35 126.377067  64.399543  7.491
 42    59.439 53679.11626381 14.94 126.374207  64.396433  7.491
 43    55.183 53714.11618780 10.42 126.394355  64.417134  3.386
 43    55.384 53714.11618844 12.11 126.391495  64.414014  3.386
 43    54.869 53714.11618909 12.77 126.388635  64.410904  3.386
 43    54.686 53714.11618973 13.56 126.385785  64.407784  3.386
 43    55.980 53714.11619037 13.26 126.382925  64.404674  3.386
 43    57.349 53714.11619102 12.93 126.380065  64.401554  3.386
 43    58.263 53714.11619166 12.77 126.377205  64.398444  3.386
 43    59.284 53714.11619231 12.89 126.374355  64.395324  3.386
 44    55.768 53749.11610399  8.70 126.411605  64.406939  4.745
 44    56.201 53749.11610464  8.95 126.408745  64.403819  4.745
 44    56.906 53749.11610528 10.06 126.405885  64.400709  4.745
 44    57.601 53749.11610593 10.10 126.403025  64.397589  4.745
 44    57.691 53749.11610657 11.46 126.400165  64.394479  4.745
 44    58.553 53749.11610722 11.08 126.397305  64.391359  4.745
 44    59.991 53749.11610786 11.61 126.394445  64.388249  4.745
 45    56.356 53784.11613376  5.80 126.398747  64.413589  5.545
 45    58.147 53784.11613441  7.02 126.395887  64.410479  5.545
 45    57.792 53784.11613505  7.56 126.393027  64.407359  5.545
 45    57.548 53784.11613570  8.01 126.390167  64.404249  5.545
 45    58.654 53784.11613634  8.62 126.387317  64.401129  5.545
 45    58.832 53784.11613699  8.95 126.384457  64.398019  5.545
 45    60.088 53784.11613763  9.22 126.381597  64.394899  5.545
 46    58.076 53819.11609491  5.03 126.386564  64.416596  7.726
 46    58.063 53819.11609556  5.42 126.383704  64.413486  7.726
 46    58.553 53819.11609620  6.62 126.380844  64.410366  7.726
 46    60.727 53819.11609685  6.26 126.377984  64.407256  7.726
 46    60.114 53819.11609749  6.77 126.375134  64.404136  7.726
 46    59.724 53819.11609814  7.49 126.372277  64.401025  6.483
 46    60.331 53819.11609878  8.14 126.369417  64.397905  6.483
 47    55.481 53854.11617503  8.77 126.399945  64.412524  7.042
 47    55.720 53854.11617568  8.75 126.397075  64.409414  7.042
 47    55.554 53854.11617632  9.33 126.394221  64.406296  5.995
 47    56.045 53854.11617697  9.72 126.391361  64.403176  5.995
 47    57.418 53854.11617761 10.99 126.388501  64.400066  5.995
 47    57.704 53854.11617826 11.51 126.385641  64.396946  5.995
 47    55.345 53854.11617890 12.94 126.382781  64.393836  5.995
 48    67.530 53889.11618380 10.35 126.404175  64.410422 15.690
 48    67.360 53889.11618445 10.22 126.401315  64.407302 15.690
 48    67.860 53889.11618509 10.98 126.398455  64.404182 15.690
 48    66.632 53889.11618574 12.34 126.395595  64.401072 15.690
 48    66.843 53889.11618638 11.51 126.392745  64.397952 15.690
 48    66.561 53889.11618703 13.31 126.389885  64.394842 15.690
 48    68.662 53889.11618767 15.47 126.387025  64.391722 15.690
 49    66.868 53924.11624993 12.97 126.393822  64.417570  6.523
 49    64.142 53924.11625058 13.65 126.390962  64.414460  6.523
 49    63.353 53924.11625122 12.87 126.388102  64.411340  6.523
 49    64.470 53924.11625187 13.51 126.385242  64.408220  6.523
 49    64.049 53924.11625251 14.51 126.382384  64.405108 24.282
 49    63.066 53924.11625316 14.96 126.379524  64.401988 24.282
 49    63.091 53924.11625380 15.14 126.376664  64.398878 24.282
 49    66.059 53924.11625445 15.08 126.373804  64.395758 24.282
 50    56.994 53959.11624104 25.91 126.388583  64.417766  5.848
 50    56.980 53959.11624169 25.44 126.385723  64.414646  5.848
 50    57.162 53959.11624233 25.36 126.382863  64.411526  5.848
 50    57.461 53959.11624298 25.95 126.380003  64.408416  5.848
 50    58.104 53959.11624362 25.70 126.377143  64.405296  5.848
 50    57.660 53959.11624427 25.90 126.374280  64.402181 18.194
 50    57.667 53959.11624491 27.35 126.371420  64.399071 18.194
 50    58.977 53959.11624555 30.50 126.368570  64.395951 18.194
 51    61.854 53994.11617298 13.06 126.416134  64.408858  2.277
 51    61.385 53994.11617362 10.28 126.413268  64.405745 14.976
 51    62.024 53994.11617426 10.38 126.410408  64.402625 14.976
 51    62.506 53994.11617491 10.98 126.407548  64.399515 14.976
 51    62.316 53994.11617555 11.59 126.404688  64.396395 14.976
 51    62.340 53994.11617620 12.44 126.401828  64.393275 14.976
 51    64.438 53994.11617684 12.88 126.398968  64.390165 14.976
 51    64.418 53994.11617749 14.51 126.396108  64.387045 14.976
 52    57.734 54029.11623175 34.34 126.408102  64.411862 14.997
 52    56.043 54029.11623239 35.90 126.405242  64.408742 14.997
 52    56.022 54029.11623303 34.66 126.402382  64.405632 14.997
 52    56.084 54029.11623368 35.33 126.399516  64.402514 17.288
 52    55.489 54029.11623432 36.45 126.396656  64.399394 17.288
 52    55.874 54029.11623497 36.41 126.393806  64.396284 17.288
 52    55.773 54029.11623561 35.86 126.390946  64.393164 17.288
 52    56.353 54029.11623626 39.09 126.388086  64.390054 17.288
 53    59.749 54064.11622534 13.90 126.399691  64.414839 12.995
 53    59.638 54064.11622598 14.61 126.396831  64.411719 12.995
 53    57.187 54064.11622663 15.44 126.393971  64.408599 12.995
 53    58.602 54064.11622727 16.31 126.391110  64.405488  8.671
 53    59.962 54064.11622792 16.58 126.388250  64.402368  8.671
 53    60.459 54064.11622856 17.83 126.385390  64.399258  8.671
 53    57.270 54064.11622921 18.28 126.382540  64.396138  8.671
 53    59.374 54064.11622985 17.99 126.379680  64.393028  8.671
 54    54.995 54099.11619153 12.43 126.391556  64.418429 10.213
 54    56.000 54099.11619218 12.40 126.388696  64.415319 10.213
 54    56.027 54099.11619282 13.55 126.385836  64.412199 10.213
 54    56.275 54099.11619347 13.93 126.382976  64.409089 10.213
 54    55.450 54099.11619411 15.25 126.380116  64.405969 10.213
 54    56.174 54099.11619476 15.09 126.377264  64.402853  6.843
 54    55.983 54099.11619540 16.20 126.374404  64.399743  6.843
 54    55.818 54099.11619605 16.10 126.371544  64.396623  6.843
 55    58.559 54134.11614969  8.92 126.407400  64.412101 11.409
 55    59.462 54134.11615034  8.81 126.404540  64.408991 11.409
 55    56.833 54134.11615098  9.55 126.401678  64.405874  6.231
 55    57.160 54134.11615163 11.45 126.398818  64.402754  6.231
 55    58.806 54134.11615227 11.01 126.395958  64.399644  6.231
 55    57.214 54134.11615292 11.25 126.393098  64.396524  6.231
 55    57.888 54134.11615356 11.29 126.390238  64.393414  6.231
 55    57.686 54134.11615420 12.64 126.387378  64.390294  6.231
 57    57.850 54204.11615402 11.54 126.405532  64.411640 13.426
 57    57.496 54204.11615467 11.40 126.402662  64.408530 13.426
 57    56.875 54204.11615531 12.95 126.399802  64.405410 13.426
 57    56.021 54204.11615596 15.11 126.396942  64.402300 13.426
 57    56.461 54204.11615660 16.88 126.394082  64.399180 13.426
 57    56.866 54204.11615725 22.07 126.391222  64.396060 13.426
 57    60.037 54204.11615789 20.85 126.388371  64.392949 13.181
 58    66.124 54239.11619112 26.26 126.387160  64.399621  6.112
 58    67.124 54239.11619176 35.03 126.384300  64.396501  6.112
 58    67.467 54239.11619241 42.06 126.381450  64.393385  7.410
 59    64.122 54274.11620574 13.39 126.397314  64.413122  3.364
 59    63.492 54274.11620639 13.14 126.394454  64.410002  3.364
 59    63.176 54274.11620703 13.78 126.391594  64.406882  3.364
 59    62.514 54274.11620768 14.32 126.388744  64.403772  3.364
 59    62.209 54274.11620832 14.50 126.385884  64.400652  3.364
 59    62.475 54274.11620896 15.10 126.383024  64.397542  3.364
 59    63.605 54274.11620961 15.24 126.380164  64.394422  3.364
 61    67.874 54344.11618406  8.46 126.392413  64.417764  8.312
 61    64.141 54344.11618470  9.17 126.389553  64.414644  8.312
 61    63.562 54344.11618535 10.13 126.386693  64.411534  8.312
 61    62.167 54344.11618599 10.67 126.383833  64.408414  8.312
 61    63.196 54344.11618664 10.33 126.380973  64.405294  8.312
 61    63.833 54344.11618728 11.29 126.378123  64.402184  8.312
 61    64.779 54344.11618793 11.21 126.375263  64.399064  8.312
 61    67.269 54344.11618857 11.86 126.372403  64.395954  8.312
 62    58.467 54379.11614331  8.65 126.403559  64.412308  5.422
 62    58.959 54379.11614396  9.71 126.400699  64.409188  5.422
 62    58.727 54379.11614460 10.88 126.397839  64.406078  5.422
 62    60.323 54379.11614525 11.31 126.394979  64.402958  5.422
 62    61.969 54379.11614589 11.90 126.392119  64.399848  5.422
 62    62.964 54379.11614654 13.15 126.389259  64.396728  5.422
 62    63.497 54379.11614718 14.43 126.386399  64.393608  5.422
 63    58.076 54414.11613223 13.80 126.397089  64.416701 11.452
 63    58.441 54414.11613288 15.97 126.394229  64.413581 11.452
 63    60.236 54414.11613352 17.36 126.391369  64.410471 11.452
 63    55.901 54414.11613417 19.14 126.388509  64.407351 11.452
 63    55.041 54414.11613481 18.31 126.385649  64.404241 11.452
 63    58.259 54414.11613546 15.61 126.382789  64.401121 11.452
 63    54.321 54414.11613610 14.99 126.379939  64.398011 11.452
 63    53.985 54414.11613675 15.41 126.377079  64.394891 11.452
 64    60.445 54449.11611058  8.80 126.404764  64.409934  9.899
 64    60.267 54449.11611123  9.19 126.401904  64.406824  9.899
 64    56.963 54449.11611187  9.70 126.399044  64.403704  9.899
 64    58.195 54449.11611252 10.15 126.396184  64.400594  9.899
 64    58.518 54449.11611316 11.13 126.393324  64.397474  9.899
 64    58.684 54449.11611380 11.18 126.390464  64.394364  9.899
 64    58.058 54449.11611445 11.77 126.387614  64.391244  9.899
 65    60.110 54484.11612710  7.07 126.399479  64.412361  9.366
 65    61.296 54484.11612775  7.27 126.396619  64.409241  9.366
 65    57.093 54484.11612839  8.12 126.393759  64.406121  9.366
 65    57.469 54484.11612903  8.84 126.390896  64.403010  5.670
 65    58.243 54484.11612968  9.39 126.388036  64.399890  5.670
 65    58.983 54484.11613032  9.04 126.385176  64.396780  5.670
 65    59.656 54484.11613097  9.04 126.382326  64.393660  5.670
 66    59.256 54519.11612397  4.17 126.405127  64.411544  6.543
 66    58.278 54519.11612461  5.24 126.402267  64.408424  6.543
 66    59.693 54519.11612526  5.40 126.399407  64.405314  6.543
 66    56.804 54519.11612590  5.52 126.396547  64.402194  6.543
 66    58.562 54519.11612655  5.77 126.393687  64.399084  6.543
 66    59.738 54519.11612719  6.05 126.390827  64.395964  6.543
 66    60.010 54519.11612784  6.83 126.387967  64.392854  6.543
 67    59.263 54554.11613789  2.68 126.393898  64.418208  6.981
 67    59.426 54554.11613853  2.80 126.391038  64.415088  6.981
 67    60.705 54554.11613918  3.29 126.388178  64.411978  6.981
 67    60.369 54554.11613982  3.34 126.385318  64.408858  6.981
 67    60.424 54554.11614047  3.96 126.382458  64.405748  6.981
 67    61.839 54554.11614111  4.81 126.379598  64.402628  6.981
 67    60.786 54554.11614176  4.60 126.376738  64.399508  6.981
 67    60.865 54554.11614240  4.68 126.373888  64.396398  6.981
 68    60.061 54589.11611954  2.40 126.400936  64.412494  6.380
 68    56.734 54589.11612019  2.28 126.398076  64.409384  6.380
 68    57.109 54589.11612083  3.32 126.395216  64.406264  6.380
 68    58.467 54589.11612148  3.06 126.392356  64.403154  6.380
 68    58.380 54589.11612212  4.16 126.389496  64.400034  6.380
 68    57.618 54589.11612276  4.21 126.386636  64.396924  6.380
 68    58.839 54589.11612341  5.59 126.383776  64.393804  6.380
 69    62.657 54624.11613634 21.96 126.398372  64.416566 12.195
 69    62.856 54624.11613699 21.94 126.395512  64.413456 12.195
 69    62.564 54624.11613763 22.97 126.392652  64.410336 12.195
 69    62.697 54624.11613828 23.59 126.389792  64.407216 12.195
 69    62.877 54624.11613892 24.77 126.386932  64.404106 12.195
 69    63.006 54624.11613957 26.02 126.384082  64.400986 12.195
 69    64.655 54624.11614021 26.83 126.381222  64.397876 12.195
 69    64.238 54624.11614086 29.59 126.378362  64.394756 12.195
 70    60.215 54659.11614564 10.30 126.396532  64.413683  9.719
 70    61.547 54659.11614628 10.70 126.393672  64.410573  9.719
 70    60.547 54659.11614693 11.29 126.390812  64.407453  9.719
 70    61.873 54659.11614757 11.88 126.387952  64.404343  9.719
 70    61.000 54659.11614822 12.43 126.385092  64.401223  9.719
 70    61.908 54659.11614886 13.66 126.382232  64.398103  9.719
 70    63.842 54659.11614951 13.95 126.379372  64.394993  9.719
 71    62.408 54694.11612548 26.49 126.395594  64.416396 12.722
 71    63.629 54694.11612613 27.16 126.392734  64.413286 12.722
 71    61.603 54694.11612677 26.91 126.389874  64.410166 12.722
 71    61.503 54694.11612742 27.48 126.387024  64.407056 12.722
 71    61.814 54694.11612806 26.91 126.384164  64.403936 12.722
 71    60.903 54694.11612871 27.75 126.381304  64.400826 12.722
 71    61.964 54694.11612935 28.07 126.378444  64.397706 12.722
 71    61.222 54694.11613000 27.77 126.375584  64.394586 12.722
 72    62.425 54729.11609994 11.71 126.403903  64.411779 10.544
 72    63.322 54729.11610058 11.76 126.401043  64.408669 10.544
 72    61.974 54729.11610123 12.21 126.398183  64.405549 10.544
 72    61.525 54729.11610187 12.69 126.395323  64.402439 10.544
 72    63.027 54729.11610252 13.19 126.392463  64.399319 10.544
 72    62.389 54729.11610316 13.78 126.389603  64.396209 10.544
 72    64.516 54729.11610381 15.21 126.386743  64.393089 10.544
 73    56.183 54764.11610372 32.99 126.398937  64.415414 21.178
 73    55.705 54764.11610436 36.48 126.396077  64.412294 21.178
 73    55.854 54764.11610501 36.17 126.393217  64.409184 21.178
 73    55.620 54764.11610565 37.52 126.390357  64.406064 21.178
 73    56.223 54764.11610630 37.02 126.387497  64.402954 21.178
 73    55.450 54764.11610694 38.10 126.384647  64.399834 21.178
 73    55.416 54764.11610759 37.94 126.381787  64.396724 21.178
 73    55.517 54764.11610823 35.43 126.378927  64.393604 21.178
 74    54.790 54799.11609346 10.99 126.406433  64.411821  6.222
 74    55.409 54799.11609410 11.59 126.403573  64.408701  6.222
 74    55.557 54799.11609475 12.25 126.400713  64.405591  6.222
 74    55.654 54799.11609539 12.70 126.397853  64.402471  6.222
 74    56.339 54799.11609604 13.13 126.394993  64.399361  6.222
 74    56.482 54799.11609668 13.94 126.392133  64.396241  6.222
 74    58.461 54799.11609733 13.91 126.389273  64.393131  6.222
 74    58.300 54799.11609797 13.90 126.386413  64.390011  6.222
 75    56.628 54834.11609448  8.25 126.396608  64.414339  5.863
 75    57.643 54834.11609512  8.55 126.393748  64.411229  5.863
 75    56.181 54834.11609577 10.41 126.390888  64.408109  5.863
 75    57.814 54834.11609641 10.29 126.388028  64.404989  5.863
 75    57.215 54834.11609706 10.33 126.385168  64.401879  5.863
 75    57.233 54834.11609770 11.05 126.382318  64.398759  5.863
 75    58.835 54834.11609835 10.97 126.379458  64.395649  5.863
 76    56.007 54869.11609025  7.38 126.407085  64.411307  7.726
 76    57.103 54869.11609089  8.11 126.404225  64.408187  7.726
 76    56.731 54869.11609154  8.46 126.401365  64.405077  7.726
 76    56.901 54869.11609218  9.72 126.398505  64.401957  7.726
 76    58.475 54869.11609283  9.69 126.395645  64.398847  7.726
 76    58.052 54869.11609347 10.49 126.392785  64.395727  7.726
 76    56.789 54869.11609412 10.54 126.389925  64.392617  7.726
 76    59.015 54869.11609476 10.50 126.387065  64.389497  7.726
 77    55.938 54904.11610358  5.41 126.390432  64.417576  5.966
 77    56.488 54904.11610422  6.04 126.387572  64.414466  5.966
 77    57.427 54904.11610487  6.12 126.384712  64.411346  5.966
 77    56.526 54904.11610551  6.99 126.381852  64.408236  5.966
 77    59.561 54904.11610616  7.16 126.378992  64.405116  5.966
 77    58.624 54904.11610680  7.30 126.376142  64.401996  5.966
 77    59.318 54904.11610744  7.93 126.373282  64.398886  5.966
 77    59.218 54904.11610809  8.41 126.370422  64.395766  5.966
 78    58.523 54939.11608082  4.05 126.404132  64.413519  7.584
 78    59.024 54939.11608146  4.41 126.401272  64.410399  7.584
 78    56.995 54939.11608211  4.68 126.398412  64.407289  7.584
 78    58.189 54939.11608275  4.77 126.395552  64.404169  7.584
 78    59.189 54939.11608340  5.69 126.392692  64.401059  7.584
 78    60.190 54939.11608404  5.30 126.389832  64.397939  7.584
 78    59.632 54939.11608469  5.81 126.386972  64.394819  7.584
 78    59.520 54939.11608533  6.90 126.384112  64.391709  7.584
 79    65.727 54974.11611187 22.60 126.399917  64.413356 13.139
 79    65.851 54974.11611251 16.66 126.397057  64.410246 13.139
 79    65.463 54974.11611315 16.41 126.394197  64.407126 13.139
 79    64.058 54974.11611380 16.32 126.391337  64.404016 13.139
 79    63.636 54974.11611444 16.90 126.388477  64.400896 13.139
 79    64.284 54974.11611509 17.46 126.385617  64.397786 13.139
 79    66.075 54974.11611573 18.33 126.382757  64.394666 13.139
 80    66.158 55009.11612566  7.22 126.395207  64.415223 15.371
 80    65.366 55009.11612630  7.89 126.392347  64.412113 15.371
 80    64.275 55009.11612695  8.49 126.389487  64.408993 15.371
 80    65.015 55009.11612759  8.99 126.386627  64.405883 15.371
 80    65.422 55009.11612823 10.18 126.383767  64.402763 15.371
 80    66.108 55009.11612888 10.35 126.380917  64.399643 15.371
 80    65.590 55009.11612952 12.31 126.378057  64.396533 15.371
 80    67.383 55009.11613017 14.62 126.375197  64.393413 15.371
 81    60.868 55044.11611544  7.40 126.400474  64.414655 17.707
 81    61.336 55044.11611608  8.19 126.397604  64.411545 17.707
 81    61.925 55044.11611673  8.84 126.394744  64.408425 17.707
 81    63.573 55044.11611737  9.05 126.391884  64.405315 17.707
 81    63.325 55044.11611802  9.61 126.389024  64.402195 17.707
 81    65.114 55044.11611866 10.62 126.386174  64.399075 17.707
 81    65.569 55044.11611931 11.27 126.383314  64.395965 17.707
 81    66.941 55044.11611995 14.84 126.380454  64.392845 17.707
 82    59.665 55079.11609235  8.75 126.391259  64.415347 12.650
 82    60.626 55079.11609299  9.01 126.388399  64.412227 12.650
 82    60.582 55079.11609364  9.14 126.385539  64.409117 12.650
 82    60.412 55079.11609428 10.00 126.382689  64.405997 12.650
 82    61.184 55079.11609492 10.94 126.379829  64.402887 12.650
 82    61.589 55079.11609557 11.26 126.376969  64.399767 12.650
 82    63.158 55079.11609621 12.31 126.374109  64.396647 12.650
 83    58.900 55114.11604834  9.62 126.402158  64.411988 12.440
 83    60.102 55114.11604899 10.68 126.399298  64.408868 12.440
 83    60.010 55114.11604963 11.26 126.396438  64.405758 12.440
 83    61.624 55114.11605028 12.12 126.393578  64.402638 12.440
 83    62.700 55114.11605092 13.55 126.390718  64.399528 12.440
 83    62.742 55114.11605157 14.31 126.387868  64.396408 12.440
 83    63.638 55114.11605221 16.79 126.385008  64.393298 12.440
 84    54.631 55149.11604798 19.18 126.397859  64.415980 12.205
 84    54.696 55149.11604863 18.69 126.394999  64.412870 12.205
 84    55.342 55149.11604927 18.98 126.392139  64.409750 12.205
 84    54.939 55149.11604992 30.71 126.389279  64.406630 12.205
 84    56.224 55149.11605056 40.53 126.386419  64.403520 12.205
 84    55.727 55149.11605121 24.93 126.383569  64.400400 12.205
 84    54.742 55149.11605185 21.16 126.380709  64.397290 12.205
 84    55.479 55149.11605250 20.06 126.377849  64.394170 12.205
 85    54.723 55184.11603111 14.41 126.405047  64.410879  8.097
 85    54.518 55184.11603176 16.16 126.402187  64.407759  8.097
 85    55.251 55184.11603240 15.63 126.399327  64.404649  8.097
 85    55.195 55184.11603304 17.81 126.396467  64.401529  8.097
 85    55.105 55184.11603369 18.36 126.393607  64.398419  8.097
 85    55.328 55184.11603433 19.35 126.390747  64.395299  8.097
 85    55.482 55184.11603498 19.04 126.387887  64.392189  8.097
 86    54.955 55219.11604597 13.69 126.394602  64.415239  6.917
 86    55.410 55219.11604662 14.65 126.391742  64.412129  6.917
 86    55.464 55219.11604726 15.50 126.388882  64.409009  6.917
 86    55.115 55219.11604791 15.49 126.386022  64.405899  6.917
 86    55.560 55219.11604855 15.76 126.383162  64.402779  6.917
 86    55.320 55219.11604920 16.81 126.380302  64.399659  6.917
 86    55.115 55219.11604984 16.80 126.377452  64.396549  6.917
 86    56.173 55219.11605049 15.87 126.374592  64.393429  6.917
 87    53.535 55254.11602688 12.16 126.406492  64.413180  8.200
 87    54.720 55254.11602752 12.69 126.403632  64.410060  8.200
 87    54.840 55254.11602817 13.79 126.400772  64.406950  8.200
 87    55.478 55254.11602881 14.97 126.397912  64.403830  8.200
 87    54.496 55254.11602945 15.55 126.395052  64.400720  8.200
 87    54.274 55254.11603010 16.22 126.392192  64.397600  8.200
 87    55.092 55254.11603074 15.65 126.389332  64.394490  8.200
 87    55.589 55254.11603139 15.56 126.386472  64.391370  8.200
 88    54.562 55289.11603539 11.29 126.390487  64.417240  7.792
 88    54.181 55289.11603603 11.97 126.387627  64.414120  7.792
 88    54.412 55289.11603668 13.11 126.384777  64.411010  7.792
 88    54.323 55289.11603732 13.40 126.381917  64.407890  7.792
 88    55.205 55289.11603797 12.70 126.379057  64.404780  7.792
 88    54.612 55289.11603861 14.38 126.376197  64.401660  7.792
 88    54.332 55289.11603926 14.01 126.373337  64.398540  7.792
 88    54.208 55289.11603990 14.78 126.370487  64.395430  7.792
 89    55.296 55324.11601628 38.70 126.385553  64.401980 13.700
 89    55.898 55324.11601693 37.36 126.382693  64.398860 13.700
 89    56.176 55324.11601757 35.22 126.379833  64.395750 13.700
 89    58.210 55324.11601822 31.47 126.376973  64.392630 13.700
 90    63.290 55359.11601192 31.85 126.396415  64.415478  9.843
 90    63.440 55359.11601256 30.93 126.393555  64.412368  9.843
 90    62.993 55359.11601321 31.60 126.390695  64.409248  9.843
 90    61.555 55359.11601385 31.62 126.387835  64.406128  9.843
 90    61.290 55359.11601450 32.00 126.384975  64.403018  9.843
 90    61.154 55359.11601514 32.07 126.382125  64.399898  9.843
 90    61.173 55359.11601579 31.77 126.379265  64.396788  9.843
 90    59.939 55359.11601643 31.62 126.376405  64.393668  9.843
 91    66.246 55394.11601605  7.28 126.403233  64.413566 12.909
 91    64.378 55394.11601669  7.77 126.400373  64.410446 12.909
 91    63.129 55394.11601734  7.86 126.397513  64.407326 12.909
 91    63.396 55394.11601798  9.23 126.394653  64.404216 12.909
 91    63.792 55394.11601863  9.43 126.391793  64.401096 12.909
 91    65.999 55394.11601927 11.18 126.388933  64.397986 12.909
 91    66.632 55394.11601992 11.09 126.386073  64.394866 12.909
 91    64.649 55394.11602056 14.01 126.383213  64.391756 12.909
 92    64.403 55429.11602799 36.59 126.399118  64.412661 21.106
 92    64.017 55429.11602864 34.38 126.396258  64.409551 21.106
 92    58.983 55429.11602928 37.96 126.393398  64.406431 21.106
 92    60.371 55429.11602993 38.88 126.390538  64.403321 21.106
 92    61.649 55429.11603057 37.72 126.387678  64.400201 21.106
 92    58.123 55429.11603122 42.02 126.384828  64.397081 21.106
 92    57.326 55429.11603186 37.60 126.381968  64.393971 21.106
 93    60.163 55464.11599067 32.87 126.390748  64.415912 16.788
 93    58.602 55464.11599131 35.86 126.387888  64.412792 16.788
 93    58.873 55464.11599196 33.41 126.385028  64.409682 16.788
 93    59.458 55464.11599260 33.94 126.382168  64.406562 16.788
 93    58.660 55464.11599325 35.27 126.379318  64.403452 16.788
 93    59.388 55464.11599389 38.40 126.376458  64.400332 16.788
 93    58.097 55464.11599454 41.22 126.373598  64.397212 16.788
