-153859.859   114.001     0.00    5.08
-153491.694   114.831     2.26    6.70
-153123.589   113.892    -2.55    7.07
-152755.545   112.138    -4.77    7.03
-152387.562   109.681    -6.68    5.54
-152019.639   110.154     1.28    5.72
-151651.776   112.257     5.72    7.18
-151283.974   118.361    16.60   11.24
-150916.233   128.829    28.47   14.32
-150548.551   137.742    24.24   13.52
-150180.930   144.023    17.09    9.32
-149813.370   146.399     6.46    6.25
-149445.869   146.250    -0.41    5.92
-149078.429   149.568     9.03   10.19
-148710.064   156.712    19.40   14.20
-148330.214   165.168    22.26   13.53
-147950.429   172.011    18.02    9.33
-147570.709   177.037    13.24    8.55
-147191.053   182.588    14.62    9.99
-146811.463   186.024     9.05   10.09
-146431.937   191.758    15.11   10.09
-146052.475   196.303    11.98    7.90
-145673.079   199.847     9.34    5.47
-145293.747   201.442     4.21    5.29
-144914.480   203.471     5.35    5.78
-144535.277   208.516    13.31   11.10
-144156.139   219.379    28.65   16.17
-143777.065   232.445    34.47   14.71
-143398.056   240.742    21.89    8.42
-143019.112   243.557     7.43    5.37
-142640.232   243.734     0.47    5.98
-142261.416   238.614   -13.52   13.58
-141882.664   228.984   -25.43   21.36
-141503.977   220.191   -23.22   22.29
-141125.354   218.608    -4.18   23.27
-140746.796   229.037    27.55   25.09
-140368.301   245.612    43.80   16.33
-139989.871   255.429    25.94    7.78
-139611.505   258.448     7.98    6.09
-139233.204   257.187    -3.33    8.48
-138854.966   257.037    -0.40    9.30
-138476.792   260.758     9.84   11.16
-138098.682   266.816    16.02   11.64
-137720.637   272.960    16.25   12.08
-137342.655   280.454    19.83   12.05
-136964.737   286.842    16.90   11.49
-136586.883   296.076    24.44   12.30
-136209.094   302.477    16.95    9.48
-135831.367   306.011     9.36    6.53
-135453.705   306.245     0.62    5.27
-135076.106   302.125   -10.91    6.05
-134698.572   297.145   -13.19    7.54
-134321.100   292.152   -13.23    7.98
-133943.693   286.672   -14.52    7.33
-133566.349   280.063   -17.52    9.50
-133189.069   275.322   -12.57    8.35
-132811.852   272.530    -7.40    7.17
-132434.699   270.353    -5.77    7.11
-132057.610   266.945    -9.04    8.10
-131680.583   261.800   -13.65    8.70
-131303.621   255.517   -16.67    8.94
-130926.721   250.114   -14.34    7.98
-130549.886   252.650     6.73   13.90
-130173.113   257.431    12.69   15.50
-129796.404   259.699     6.02   14.74
-129419.758   256.708    -7.94   14.21
-129043.175   249.598   -18.88    8.81
-128666.656   249.199    -1.06    9.38
-128290.199   256.612    19.69   14.50
-127913.806   269.324    33.78   20.23
-127537.476   280.172    28.83   19.14
-127161.209   289.935    25.95   14.54
-126785.005   298.063    21.61    9.75
-126408.864   301.181     8.29    8.53
-126032.787   305.076    10.36    6.11
-125656.772   307.165     5.56    6.95
-125280.820   309.691     6.72    7.27
-124904.931   311.751     5.48    5.05
-124529.104   312.180     1.14    4.73
-124153.341   313.050     2.32    4.97
-123777.640   313.290     0.64    5.48
-123402.003   312.280    -2.69    7.43
-123026.428   311.755    -1.40   11.40
-122650.915   306.415   -14.22   16.79
-122275.466   293.603   -34.13   26.63
-121900.078   276.965   -44.32   30.91
-121524.754   259.550   -46.41   26.32
-121149.492   254.585   -13.23   25.32
-120774.293   263.634    24.12   37.09
-120399.156   276.863    35.27   41.54
-120024.082   278.474     4.30   41.61
-119649.070   266.996   -30.61   37.10
-119274.120   259.550   -19.86   33.44
-118899.233   244.076   -41.28   30.16
-118524.409   239.931   -11.06   29.41
-118149.646   242.024     5.58   30.69
-117774.946   239.614    -6.43   26.14
-117400.308   241.452     4.91   25.83
-117025.733   241.348    -0.28   26.31
-116651.220   233.167   -21.85   26.49
-116276.768   225.366   -20.84   27.57
-115902.379   210.229   -40.43   30.03
-115528.052   194.063   -43.19   28.48
-115153.787   174.806   -51.46   23.27
-114779.585   159.523   -40.84   18.79
-114405.444   144.850   -39.22   15.40
-114031.365   136.831   -21.44   10.30
-113657.348   136.787    -0.12   12.12
-113283.393   150.037    35.44   27.19
-112909.500   173.445    62.61   39.27
-112535.669   200.523    72.44   38.20
-112161.899   224.720    64.74   28.32
-111788.192   240.259    41.58   23.31
-111414.546   254.262    37.48   22.56
-111040.962   266.199    31.96   15.96
-110667.439   270.691    12.03   11.45
-110293.979   266.734   -10.60   14.22
-109920.579   260.877   -15.69   16.36
-109547.242   252.677   -21.97   16.94
-109173.966   247.155   -14.79   17.49
-108800.752   243.918    -8.67   18.77
-108427.599   237.751   -16.53   18.80
-108054.507   226.890   -29.11   22.62
-107681.477   212.842   -37.66   27.76
-107308.509   193.117   -52.89   27.79
-106935.602   174.477   -49.99   24.09
-106562.756   149.634   -66.64   26.66
-106189.972   128.634   -56.34   27.61
-105817.249   108.037   -55.27   22.77
-105444.587    94.738   -35.69   12.69
-105071.986    88.445   -16.89    7.19
-104699.447    87.168    -3.43    4.98
-104326.969    90.933    10.11    8.46
-103954.552   103.357    33.36   23.93
-103582.196   120.265    45.41   30.36
-103209.901   135.983    42.22   28.71
-102837.667   144.708    23.44   24.73
-102465.494   146.983     6.11   20.57
-102093.382   154.255    19.54   23.76
-101721.332   164.290    26.98   29.15
-101349.342   173.260    24.12   31.67
-100977.413   176.656     9.13   29.20
-100605.545   182.195    14.89   29.70
-100233.737   188.598    17.22   32.68
 -99861.991   195.816    19.42   34.01
 -99490.305   201.626    15.63   31.16
 -99118.680   201.784     0.42   27.12
 -98747.116   209.314    20.27   27.70
 -98375.613   212.467     8.49   27.49
 -98004.170   220.426    21.43   25.85
 -97632.788   232.405    32.26   29.30
 -97261.466   248.064    42.17   34.40
 -96890.205   265.313    46.46   31.61
 -96519.005   281.651    44.02   28.27
 -96147.865   290.431    23.66   23.36
 -95776.785   294.187    10.12   23.94
 -95405.766   290.234   -10.66   23.71
 -95034.807   286.913    -8.95   20.85
 -94663.909   291.619    12.69   19.91
 -94293.071   299.148    20.30   18.46
 -93922.294   311.224    32.57   22.45
 -93551.577   323.516    33.16   25.58
 -93180.920   340.569    46.01   19.03
 -92810.323   349.834    25.00    7.02
 -92439.786   348.708    -3.04    7.24
 -92069.310   346.953    -4.74    7.56
 -91698.894   346.629    -0.88    6.19
 -91328.538   348.311     4.54    4.22
 -90958.242   347.103    -3.26    5.97
 -90588.006   340.726   -17.23   11.87
 -90217.830   333.716   -18.94   13.84
 -89847.714   325.077   -23.34   13.02
 -89477.659   318.149   -18.72   12.06
 -89107.663   315.280    -7.76   11.46
 -88737.727   315.626     0.94   13.56
 -88367.851   314.361    -3.42   17.06
 -87998.034   310.208   -11.23   21.32
 -87628.278   302.483   -20.89   22.05
 -87258.581   293.510   -24.27   16.89
 -86888.944   289.185   -11.70   18.12
 -86519.367   287.997    -3.22   23.88
 -86149.850   282.239   -15.58   25.34
 -85780.392   269.595   -34.23   21.99
 -85410.994   255.766   -37.44   18.68
 -85041.655   247.087   -23.50   16.31
 -84672.377   241.807   -14.30   13.74
 -84303.157   244.341     6.86   18.72
 -83933.997   251.712    19.97   24.48
 -83564.897   260.816    24.67   25.59
 -83195.856   273.618    34.69   25.03
 -82826.875   290.221    45.00   24.23
 -82457.953   306.092    43.02   24.07
 -82089.091   318.717    34.23   19.31
 -81720.287   326.804    21.93   12.59
 -81351.543   325.826    -2.65   16.28
 -80982.859   323.328    -6.78   19.50
 -80614.234   327.374    10.98   21.48
 -80245.668   337.648    27.88   22.45
 -79877.161   347.499    26.74   19.23
 -79508.713   354.509    19.03   11.88
 -79140.324   346.239   -22.45   20.20
 -78771.995   332.314   -37.81   25.02
 -78403.725   313.984   -49.78   30.11
 -78035.514   292.856   -57.38   32.81
 -77667.361   275.063   -48.33   35.22
 -77299.268   264.480   -28.75   31.66
 -76931.234   268.181    10.06   38.46
 -76563.259   279.699    31.30   45.04
 -76195.343   298.287    50.53   41.94
 -75827.485   307.967    26.32   36.54
 -75459.687   313.102    13.96   29.04
 -75091.947   310.606    -6.79   28.57
 -74724.266   291.124   -52.99   42.71
 -74356.644   261.658   -80.16   53.26
 -73989.080   221.780  -108.50   60.07
 -73610.977   186.426   -93.51   46.78
 -73231.325   165.642   -54.75   28.04
 -72851.736   165.297    -0.91   20.90
 -72472.210   177.237    31.46   30.27
 -72092.748   195.583    48.35   38.28
 -71713.348   211.604    42.23   37.21
 -71334.011   228.790    45.31   39.45
 -70954.737   238.221    24.87   37.55
 -70575.526   260.010    57.46   46.14
 -70196.378   289.770    78.50   54.43
 -69817.293   326.832    97.77   55.53
 -69438.271   359.870    87.17   37.68
 -69059.312   381.344    56.67   29.65
 -68680.415   395.939    38.52   21.43
 -68301.581   390.396   -14.63   26.34
 -67922.810   369.477   -55.23   40.32
 -67544.102   343.576   -68.40   38.52
 -67165.456   321.892   -57.27   21.04
 -66786.873   323.361     3.88   19.41
 -66408.353   335.423    31.87   26.14
 -66029.895   341.943    17.23   24.62
 -65651.500   340.969    -2.57   24.75
 -65273.167   330.483   -27.72   23.44
 -64894.896   326.357   -10.91   19.22
 -64516.688   330.273    10.35   23.64
 -64138.543   344.868    38.60   22.72
 -63760.460   356.023    29.51   15.46
 -63382.439   353.973    -5.42   15.50
 -63004.481   338.658   -40.52   21.45
 -62626.584   317.374   -56.33   35.99
 -62248.751   292.943   -64.66   41.63
 -61870.979   276.024   -44.79   39.88
 -61493.269   255.971   -53.09   43.33
 -61115.622   238.591   -46.02   54.27
 -60738.037   206.955   -83.79   57.00
 -60360.514   177.845   -77.11   42.63
 -59983.053   157.958   -52.69   24.36
 -59605.654   157.431    -1.40   24.48
 -59228.317   169.497    31.98   37.20
 -58851.042   188.898    51.43   45.62
 -58473.829   207.960    50.54   46.24
 -58096.678   231.790    63.19   40.87
 -57719.589   227.959   -10.16   38.56
 -57342.561   204.699   -61.70   54.35
 -56965.596   173.997   -81.45   53.50
 -56588.692   151.810   -58.87   25.83
 -56211.850   157.637    15.46   29.69
 -55835.070   174.339    44.33   29.34
 -55458.351   188.172    36.72   23.43
 -55081.694   202.263    37.41   23.26
 -54705.099   216.009    36.50   33.68
 -54328.566   237.263    56.45   39.31
 -53952.093   261.194    63.57   32.08
 -53575.683   292.050    81.98   33.27
 -53199.334   316.717    65.55   29.46
 -52823.046   327.143    27.71   22.12
 -52446.820   329.212     5.50   18.54
 -52070.656   313.639   -41.40   26.34
 -51694.553   294.375   -51.22   27.47
 -51318.511   283.247   -29.59   29.95
 -50942.530   267.956   -40.67   29.91
 -50566.611   255.010   -34.44   30.87
 -50190.753   242.392   -33.57   28.62
 -49814.956   229.089   -35.40   25.02
 -49439.221   208.972   -53.54   22.81
 -49063.546   191.050   -47.71   22.08
 -48687.933   168.570   -59.85   27.65
 -48312.381   147.009   -57.42   25.85
 -47936.890   130.757   -43.28   19.31
 -47561.460   122.408   -22.24    9.81
 -47186.091   131.931    25.37   19.95
 -46810.784   148.176    43.28   26.37
 -46435.537   165.770    46.89   25.48
 -46060.351   186.307    54.74   21.93
 -45685.226   196.844    28.09   23.50
 -45310.161   203.631    18.10   24.70
 -44935.158   206.764     8.35   21.98
 -44560.216   212.212    14.53   21.63
 -44185.334   222.090    26.35   24.19
 -43810.513   238.597    44.04   34.40
 -43435.753   248.917    27.54   35.37
 -43061.053   257.484    22.87   29.95
 -42686.414   265.929    22.54   24.83
 -42311.836   275.250    24.89   25.03
 -41937.318   288.790    36.15   26.91
 -41562.861   308.023    51.36   23.40
 -41188.465   319.516    30.70   16.61
 -40814.129   320.663     3.07   13.62
 -40439.853   317.865    -7.48   15.33
 -40065.638   302.274   -41.67   22.36
 -39691.484   285.262   -45.47   20.29
 -39317.390   271.410   -37.03   19.37
 -38943.356   257.361   -37.56   17.58
 -38569.382   255.806    -4.16   20.65
 -38195.469   263.256    19.92   27.00
 -37821.616   273.614    27.71   25.62
 -37447.824   288.585    40.05   19.46
 -37074.091   296.972    22.44   21.22
 -36700.419   301.050    10.91   20.62
 -36326.807   308.168    19.05   13.61
 -35953.255   309.726     4.17    9.65
 -35579.763   306.247    -9.31   11.75
 -35206.331   302.168   -10.92   12.57
 -34832.960   299.195    -7.96   12.77
 -34459.648   290.793   -22.51   21.50
 -34086.396   276.577   -38.09   32.97
 -33713.204   259.818   -44.91   35.73
 -33340.072   246.516   -35.65   31.91
 -32967.001   236.530   -26.77   29.24
 -32593.988   231.969   -12.23   27.75
 -32221.036   232.637     1.79   28.65
 -31848.144   241.612    24.07   29.29
 -31475.311   245.300     9.89   26.33
 -31102.538   246.731     3.84   30.10
 -30729.825   246.290    -1.18   33.65
 -30357.172   236.953   -25.05   36.18
 -29984.578   212.742   -64.98   56.36
 -29612.044   171.328  -111.17   77.19
 -29239.569   107.397  -171.64   71.77
 -28867.154    59.347  -129.03   35.67
 -28494.799    45.610   -36.89   17.98
 -28122.503    51.648    16.22   22.51
 -27750.266    71.343    52.91   27.78
 -27378.089    95.856    65.86   25.52
 -27005.972   116.845    56.40   25.34
 -26633.913   135.174    49.26   23.94
 -26261.915   152.927    47.73   23.95
 -25889.975   171.831    50.83   22.10
 -25518.095   181.902    27.08   17.10
 -25146.274   189.834    21.33    9.66
 -24774.513   187.260    -6.92   11.64
 -24402.810   180.766   -17.47   15.03
 -24031.167   172.747   -21.58   17.15
 -23659.583   161.663   -29.83   17.39
 -23288.058   152.834   -23.77   12.53
 -22916.593   144.266   -23.06   13.35
 -22545.186   137.658   -17.79   14.27
 -22173.838   132.766   -13.17   14.73
 -21802.550   126.618   -16.56   15.16
 -21431.320   119.774   -18.44   17.41
 -21060.150   114.503   -14.20   18.03
 -20689.038   103.839   -28.74   18.10
 -20317.985    94.063   -26.35   17.06
 -19946.991    84.313   -26.28   15.28
 -19576.056    72.379   -32.17   17.22
 -19205.180    62.749   -25.97   18.68
 -18834.363    60.804    -5.25   19.37
 -18463.604    66.749    16.04   24.55
 -18092.904    80.598    37.36   26.40
 -17722.263    96.667    43.35   15.84
 -17351.680   103.283    17.85   10.36
 -16981.157   106.303     8.15    8.61
 -16610.691   106.915     1.65    8.39
 -16240.285   109.197     6.16    5.61
 -15869.937   111.037     4.97    4.35
 -15499.647   112.660     4.38    5.58
 -15129.416   113.475     2.20    6.83
 -14759.244   112.575    -2.43    7.48
 -14389.130   112.475    -0.27    6.60
 -14019.074   112.267    -0.56    5.14
 -13649.077   112.523     0.69    4.97
 -13279.138   110.332    -5.92    8.69
 -12909.258   106.523   -10.30   10.92
 -12539.435   102.543   -10.76   11.70
 -12169.672    98.842   -10.01   10.97
 -11799.966    91.583   -19.63   15.72
 -11430.318    86.965   -12.49   15.33
 -11060.729    88.090     3.04   14.17
 -10691.198    90.341     6.09   13.53
 -10321.725    97.517    19.42   12.07
  -9952.311   103.808    17.03    5.27
  -9582.954   103.837     0.08    4.51
  -9213.655   101.580    -6.11    6.48
  -8844.415    97.663   -10.61    7.46
  -8475.232    93.165   -12.18    6.00
  -8106.108    89.210   -10.72    5.28
  -7737.041    86.269    -7.97    4.53
  -7368.032    83.970    -6.23    4.79
  -6999.082    81.093    -7.80    6.28
  -6630.189    76.210   -13.24    8.44
  -6261.354    71.163   -13.68    8.40
  -5892.576    65.290   -15.93    8.16
  -5523.857    60.203   -13.80    7.81
  -5155.195    54.686   -14.97    8.23
  -4786.591    49.620   -13.74    5.99
  -4418.045    47.267    -6.38    5.12
  -4049.556    46.592    -1.83    5.46
  -3681.125    51.353    12.92    8.24
  -3312.752    56.290    13.40   10.14
  -2944.436    60.903    12.53   10.07
  -2576.178    62.953     5.57   10.74
  -2207.977    58.997   -10.75   16.13
  -1839.834    51.023   -21.66   19.66
  -1471.748    39.397   -31.58   23.18
  -1103.720    28.502   -29.60   21.58
   -735.749    18.293   -27.74   18.01
   -367.836    10.473   -21.26   13.28
      0.020     5.320   -14.01    9.83
    367.819     2.626    -7.33    7.00
    735.560     2.324    -0.82    6.29
   1111.164     4.966     7.03    7.44
   1490.688     8.917    10.41    9.46
   1870.150    14.780    15.45   13.42
   2249.551    26.902    31.95   30.37
   2628.891    53.735    70.74   57.37
   3008.169    97.130   114.41   90.88
   3387.386   156.618   156.87   95.49
   3766.542   207.618   134.51   80.49
   4145.636   247.610   105.49   59.57
   4524.669   251.510    10.29   61.71
   4903.641   246.219   -13.96   68.85
   5282.551   246.642     1.12   74.69
   5661.401   259.357    33.56   72.52
   6040.189   273.662    37.76   63.13
   6418.916   280.129    17.08   66.44
   6797.582   294.481    37.90   68.15
   7176.187   317.655    61.21   55.22
   7554.731   339.293    57.16   35.90
   7933.214   347.064    20.53   19.67
   8311.636   345.703    -3.59   14.87
   8689.997   342.516    -8.42   15.10
   9068.298   335.116   -19.56   13.16
   9446.537   331.347    -9.96   12.26
   9824.716   325.589   -15.22   14.43
  10202.833   319.051   -17.29   16.77
  10580.890   304.915   -37.39   19.83
  10958.886   294.149   -28.48   15.94
  11336.822   289.900   -11.24   15.34
  11714.697   290.776     2.32   19.87
  12092.511   293.185     6.38   24.03
  12470.264   293.237     0.14   26.13
  12847.957   295.516     6.04   28.60
  13225.589   299.530    10.63   26.79
  13603.161   303.578    10.72   21.68
  13980.672   301.983    -4.23   16.33
  14358.123   292.254   -25.77   18.62
  14735.513   280.677   -30.68   22.34
  15112.843   268.816   -31.43   20.71
  15490.113   258.970   -26.10   16.18
  15867.322   251.149   -20.73   10.00
  16244.471   250.195    -2.53    9.76
  16621.559   261.776    30.71   25.23
  16998.588   282.450    54.83   36.05
  17375.556   311.955    78.27   38.47
  17752.463   338.631    70.78   31.63
  18129.311   355.717    45.34   22.65
  18506.098   357.773     5.46   24.73
  18882.826   345.629   -32.24   36.61
  19259.493   328.120   -46.48   40.26
  19636.100   320.103   -21.29   34.47
  20012.647   314.606   -14.60   26.73
  20389.134   323.866    24.59   31.85
  20765.561   338.064    37.72   36.54
  21141.928   346.905    23.49   36.69
  21518.235   350.557     9.70   31.00
  21894.483   340.503   -26.72   25.77
  22270.670   330.448   -26.73   18.55
  22646.798   325.442   -13.31   16.63
  23022.866   329.010     9.49   20.99
  23398.874   331.330     6.17   20.56
  23774.822   331.703     0.99   19.60
  24150.710   330.639    -2.83   19.84
  24526.539   328.375    -6.03   19.62
  24902.308   330.008     4.35   21.25
  25278.018   336.423    17.08   22.35
  25653.668   342.471    16.10   28.94
  26029.258   346.703    11.27   34.69
  26404.789   350.794    10.89   39.76
  26780.261   358.023    19.25   43.24
  27155.672   370.220    32.49   47.08
  27531.025   385.228    39.98   51.01
  27906.318   399.228    37.30   53.10
  28281.551   412.320    34.89   50.74
  28656.725   422.023    25.86   47.95
  29031.840   429.968    21.18   43.60
  29406.896   431.672     4.54   38.54
  29781.892   431.146    -1.40   34.23
  30156.829   422.845   -22.14   31.05
  30531.707   412.176   -28.46   27.70
  30906.525   394.388   -47.46   29.97
  31281.285   372.081   -59.52   32.35
  31655.985   348.734   -62.31   37.77
  32030.626   321.051   -73.89   40.31
  32405.208   292.183   -77.07   41.95
  32779.731   264.417   -74.14   37.40
  33154.195   240.957   -62.65   31.35
  33528.600   221.662   -51.53   22.55
  33902.946   212.155   -25.39   15.47
  34277.233   223.131    29.32   36.55
  34651.461   242.010    50.44   45.96
  35025.630   261.077    50.96   46.17
  35399.740   274.766    36.59   41.91
  35773.792   283.712    23.92   37.30
  36147.785   288.712    13.37   35.35
  36521.719   294.129    14.48   36.99
  36895.594   297.888    10.05   38.85
  37269.410   299.274     3.71   36.98
  37643.168   297.717    -4.16   33.95
  38016.867   290.170   -20.20   25.90
  38390.508   283.694   -17.33   23.21
  38764.090   274.837   -23.71   20.39
  39137.613   270.671   -11.15   20.40
  39511.078   264.685   -16.03   16.20
  39884.484   266.361     4.49   14.04
  40257.832   276.543    27.27   22.39
  40631.121   296.558    53.61   35.03
  41004.352   331.303    93.09   50.56
  41377.524   370.689   105.54   56.16
  41750.638   408.397   101.06   54.08
  42123.694   433.009    65.97   41.06
  42496.692   446.685    36.66   32.79
  42869.631   452.544    15.71   27.41
  43242.511   458.297    15.43   21.33
  43615.334   460.941     7.09   14.62
  43988.098   459.776    -3.12   11.58
  44360.805   449.502   -27.56   16.11
  44733.453   436.776   -34.15   21.34
  45106.043   417.996   -50.40   25.28
  45478.574   401.064   -45.45   26.86
  45851.048   379.735   -57.26   27.48
  46223.464   361.557   -48.81   28.14
  46595.822   342.598   -50.91   23.73
  46968.121   330.606   -32.21   17.56
  47340.363   319.320   -30.32   13.22
  47712.547   316.008    -8.90   11.73
  48084.673   322.343    17.02   17.85
  48456.741   334.312    32.17   23.33
  48828.751   352.597    49.15   26.17
  49200.703   369.994    46.77   27.47
  49572.598   386.783    45.14   26.79
  49944.435   402.180    41.40   24.93
  50316.214   411.890    26.12   17.26
  50687.935   413.631     4.68   13.01
  51059.599   404.517   -24.52   19.44
  51431.205   387.637   -45.42   25.15
  51802.753   369.023   -50.09   27.18
  52174.244   351.966   -45.91   22.64
  52545.677   342.064   -26.66   18.83
  52917.053   336.301   -15.52   19.89
  53288.371   331.913   -11.81   23.68
  53659.631   326.050   -15.79   27.24
  54030.834   318.187   -21.18   25.54
  54401.980   308.146   -27.05   18.56
  54773.068   301.753   -17.23    8.79
  55144.099   302.023     0.73    6.54
  55515.073   306.982    13.37    9.67
  55885.989   314.955    21.49   11.92
  56256.848   322.982    21.64   13.29
  56627.650   333.489    28.33   14.47
  56998.394   343.077    25.86   17.39
  57369.081   357.848    39.84   23.40
  57739.711   371.050    35.62   27.04
  58110.284   386.969    42.95   32.28
  58480.800   395.176    22.15   34.97
  58851.258   403.667    22.92   36.25
  59221.660   404.148     1.30   34.06
  59592.004   407.050     7.84   28.26
  59962.292   408.148     2.96   20.08
  60332.522   413.253    13.79   12.63
  60702.695   417.473    11.40    9.25
  61072.812   420.237     7.47    9.14
  61442.871   420.614     1.02   12.88
  61812.874   419.543    -2.89   17.61
  62182.820   420.338     2.15   21.70
  62552.709   421.010     1.82   23.96
  62922.541   424.828    10.32   27.07
  63292.316   428.170     9.04   28.77
  63662.035   435.134    18.83   30.97
  64031.696   440.253    13.85   30.47
  64401.301   446.939    18.09   29.83
  64770.850   452.091    13.94   29.09
  65140.342   456.245    11.24   28.01
  65509.777   459.753     9.49   26.00
  65879.155   459.620    -0.36   24.79
  66248.477   452.776   -18.53   26.46
  66617.743   436.537   -43.98   27.71
  66986.952   418.872   -47.84   25.86
  67356.104   399.220   -53.23   19.20
  67725.200   386.228   -35.20   19.97
  68094.239   374.135   -32.77   17.29
  68463.222   372.187    -5.28   16.61
  68832.149   380.445    22.38   26.63
  69201.019   406.420    70.41   43.84
  69569.833   443.121    99.50   46.89
  69938.591   484.448   112.06   49.98
  70307.292   512.854    77.04   44.43
  70675.937   521.105    22.38   47.05
  71044.526   520.389    -1.94   54.69
  71413.059   513.023   -19.99   48.11
  71781.536   509.628    -9.21   37.09
  72149.956   515.134    14.94   30.95
  72518.320   533.079    48.71   29.60
  72886.628   556.206    62.79   38.17
  73254.880   590.318    92.63   45.30
  73623.076   615.361    68.01   43.07
  73991.216   635.065    53.52   41.06
  74359.300   640.389    14.46   36.16
  74727.328   646.332    16.15   39.78
  75095.300   657.755    31.04   39.20
  75463.217   669.248    31.24   40.98
  75836.541   679.502    27.46   32.17
  76215.937   673.417   -16.04   34.00
  76595.273   652.212   -55.90   44.06
  76974.548   631.342   -55.02   46.94
  77353.765   614.543   -44.30   48.57
  77732.921   614.228    -0.83   51.43
  78112.018   630.598    43.18   48.62
  78491.055   642.877    32.39   47.92
  78870.032   657.481    38.53   46.52
  79248.949   667.293    25.89   40.65
  79627.807   683.290    42.22   40.68
  80006.606   698.671    40.60   37.80
  80385.345   719.578    55.20   39.37
  80764.024   743.237    62.47   37.64
  81142.644   761.956    49.44   31.40
  81521.204   767.037    13.42   24.60
  81899.705   759.475   -19.98   32.82
  82278.146   745.653   -36.52   40.90
  82656.528   738.597   -18.65   42.87
  83034.851   737.481    -2.95   41.15
  83413.114   747.242    25.80   32.96
  83791.319   747.332     0.24   38.26
  84169.463   755.304    21.08   38.80
  84547.549   742.537   -33.77   56.30
  84925.575   731.903   -28.13   67.66
  85303.542   716.982   -39.48   81.72
  85681.450   698.091   -49.98   92.99
  86059.299   674.338   -62.86  101.47
  86437.089   668.626   -15.12   88.22
  86814.820   687.277    49.37   75.92
  87192.491   711.389    63.84   58.95
  87570.104   726.434    39.84   52.25
  87947.658   736.964    27.89   57.89
  88325.152   738.658     4.49   57.43
  88702.588   730.790   -20.84   54.37
  89079.965   719.201   -30.71   60.33
  89457.283   699.465   -52.30   67.55
  89834.542   682.496   -44.98   80.28
  90211.742   661.592   -55.41   97.52
  90588.884   641.620   -52.95  106.80
  90965.966   655.338    36.38  112.52
  91342.990   683.231    73.98   99.70
  91719.956   715.612    85.89   68.13
  92096.862   730.797    40.29   54.51
  92473.710   736.848    16.05   55.45
  92850.500   750.154    35.31   57.70
  93227.230   753.929    10.02   57.39
  93603.903   745.108   -23.41   54.97
  93980.516   728.793   -43.32   51.83
  94357.071   708.078   -55.01   45.51
  94733.568   691.544   -43.91   47.71
  95110.006   669.481   -58.60   49.58
  95486.386   654.600   -39.53   53.96
  95862.707   632.681   -58.24   52.57
  96238.970   604.544   -74.77   58.35
  96615.175   549.379  -146.62   74.86
  96991.321   487.580  -164.28   83.01
  97367.409   417.983  -185.04   83.74
  97743.439   348.654  -184.35   73.57
  98119.411   307.623  -109.12   62.28
  98495.324   277.301   -80.66   42.77
  98871.179   260.361   -45.07   35.83
  99246.976   251.811   -22.75   33.05
  99622.715   245.448   -16.93   34.16
  99998.396   255.439    26.59   41.23
 100374.018   269.078    36.31   56.39
 100749.583   258.667   -27.72   74.25
 101125.090   236.731   -58.41   87.71
 101500.538   202.448   -91.31   76.90
 101875.929   195.896   -17.45   62.31
 102251.262   250.270   144.85   95.45
 102626.537   336.254   229.10  107.50
 103001.754   438.170   271.59  111.22
 103376.913   518.257   213.46   84.07
 103752.014   548.757    81.30   66.13
 104127.058   549.934     3.14   83.72
 104502.044   518.239   -84.51   94.20
 104876.972   508.840   -25.07   77.66
 105251.842   529.982    56.39   73.52
 105626.655   575.149   120.50   83.76
 106001.410   620.763   121.70   63.10
 106376.107   642.212    57.24   46.38
 106750.747   644.776     6.84   46.90
 107125.329   631.420   -35.65   55.34
 107499.854   615.967   -41.26   63.83
 107874.321   591.900   -64.27   74.05
 108248.731   561.394   -81.47   72.51
 108623.083   517.145  -118.19   68.04
 108997.378   486.515   -81.83   57.76
 109371.615   473.604   -34.50   49.15
 109745.795   473.698     0.25   65.29
 110119.918   490.770    45.63   75.76
 110493.983   501.478    28.62   78.99
 110867.991   479.334   -59.20   73.02
 111241.941   449.637   -79.41   66.49
 111615.835   408.927  -108.87   59.12
 111989.671   367.811  -109.97   49.94
 112363.450   348.703   -51.12   33.64
 112737.172   356.606    21.14   39.16
 113110.837   381.571    66.80   51.20
 113484.444   414.606    88.41   43.84
 113857.995   433.745    51.23   26.39
 114231.488   434.749     2.69   18.86
 114604.925   419.120   -41.85   30.26
 114978.304   391.064   -75.13   37.20
 115351.627   367.952   -61.90   30.85
 115724.892   353.900   -37.64   23.93
 116098.101   346.332   -20.27   22.70
 116471.252   342.868    -9.28   25.06
 116844.347   340.431    -6.53   27.97
 117217.385   336.008   -11.86   27.22
 117590.366   333.759    -6.03   27.59
 117963.291   328.894   -13.04   24.53
 118336.158   325.515    -9.06   20.65
 118708.969   317.092   -22.59   17.82
 119081.723   304.108   -34.83   20.60
 119454.421   293.510   -28.43   18.52
 119827.061   294.459     2.55   23.22
 120199.645   311.078    44.60   37.79
 120572.173   342.467    84.25   42.31
 120944.644   371.745    78.60   33.74
 121317.058   395.967    65.03   22.18
 121689.416   406.938    29.46   17.27
 122061.718   406.967     0.08   21.57
 122433.962   398.966   -21.49   28.04
 122806.151   385.064   -37.35   27.57
 123178.283   377.694   -19.80   22.25
 123550.359   375.148    -6.84   17.26
 123922.378   378.508     9.03   18.87
 124294.341   381.571     8.23   20.39
 124666.247   383.558     5.34   19.20
 125038.098   387.577    10.81   17.51
 125409.892   396.375    23.66   20.99
 125781.630   413.583    46.29   29.13
 126153.311   429.783    43.58   32.30
 126524.937   448.237    49.65   36.15
 126896.506   467.567    52.02   34.09
 127268.019   491.743    65.07   38.40
 127639.476   520.962    78.65   40.15
 128010.877   551.757    82.91   44.66
 128382.222   579.493    74.68   34.36
 128753.511   590.996    30.98   29.40
 129124.744   589.863    -3.05   32.80
 129495.921   581.146   -23.48   35.15
 129867.042   567.234   -37.48   33.74
 130238.107   556.217   -29.69   30.56
 130609.116   541.234   -40.38   27.75
 130980.069   531.051   -27.45   24.82
 131350.966   521.203   -26.55   18.21
 131721.808   515.634   -15.02   13.76
 132092.594   505.870   -26.33   16.24
 132463.324   494.206   -31.46   27.83
 132833.998   487.231   -18.81   34.00
 133204.617   491.356    11.13   37.35
 133575.179   508.763    46.97   41.85
 133945.687   532.311    63.55   35.24
 134316.138   548.967    44.96   20.20
 134686.534   549.759     2.14   20.55
 135056.875   534.051   -42.41   30.29
 135427.159   513.338   -55.93   29.00
 135797.389   493.753   -52.89   22.99
 136167.563   482.981   -29.10   24.31
 136537.681   471.886   -29.97   23.18
 136907.744   461.009   -29.39   19.36
 137277.751   453.384   -20.60   15.26
 137647.703   448.965   -11.94   12.41
 138017.600   450.509     4.17   13.04
 138387.441   455.151    12.55   15.24
 138757.227   460.320    13.98   14.96
 139126.957   467.265    18.78   18.91
 139496.633   480.483    35.75   28.15
 139866.253   501.051    55.64   37.85
 140235.818   521.456    55.21   43.78
 140605.327   547.813    71.32   55.14
 140974.782   582.077    92.73   75.55
 141344.181   625.798   118.34   91.97
 141713.525   654.490    77.67   88.32
 142082.814   677.203    61.50   74.85
 142452.048   702.757    69.20   67.47
 142821.227   717.649    40.33   56.73
 143190.351   716.770    -2.38   49.93
 143559.420   696.875   -53.90   71.41
 143928.434   653.917  -116.40   77.34
 144297.393   621.419   -88.07   66.24
 144666.297   622.334     2.48   82.51
 145035.147   636.037    37.15   88.95
 145403.941   640.118    11.06   74.66
 145772.680   614.537   -69.37   79.98
 146141.365   561.304  -144.37   82.69
 146509.995   510.816  -136.94   77.32
 146878.570   475.794   -95.01   59.54
 147247.090   446.921   -78.34   55.53
 147615.556   426.037   -56.67   54.19
 147983.967   399.080   -73.16   38.08
 148352.323   383.565   -42.11   21.07
 148720.625   379.993    -9.70   14.60
 149088.872   385.009    13.62   16.92
 149457.064   394.051    24.56   15.85
 149825.202   404.206    27.58   15.49
 150193.285   416.066    32.22   20.40
 150564.538   434.259    49.00   24.54
 150943.809   453.318    50.25   20.25
 151323.021   465.439    31.96   12.12
 151702.175   473.727    21.85    6.12
 152081.271   479.600    15.49   11.57
 152460.308   495.217    41.20   33.67
 152839.288   510.180    39.48   37.89
 153218.209   540.010    78.71   57.92
 153597.072   579.582   104.44   74.84
 153975.878   625.143   120.26   78.45
 154354.625   667.272   111.22   59.32
 154733.314   690.502    61.34   36.98
 155111.945   695.951    14.39   48.17
 155490.518   717.133    55.94   77.55
 155869.033   776.759   157.51  113.60
 156247.490   855.808   208.84  125.71
 156625.890   915.731   158.34   87.51
 157004.231   899.124   -43.89  106.66
 157382.515   830.717  -180.81  124.26
 157760.741   778.669  -137.59   75.10
 158138.909   817.037   101.44  100.51
 158517.020   888.694   189.49  110.65
 158895.072   952.769   169.46   93.28
 159273.067   985.276    85.99   93.97
 159651.004   986.426     3.04   99.56
 160028.884  1003.215    44.42   94.45
 160406.706  1045.980   113.17  102.39
 160784.471  1116.290   186.09  113.77
 161162.178  1195.507   209.70   81.70
 161539.827  1243.572   127.25   68.77
 161917.419  1284.331   107.93   50.66
 162294.953  1318.634    90.85   33.07
 162672.430  1319.937     3.45   33.34
 163049.850  1297.797   -58.65   49.97
 163427.212  1253.980  -116.10   63.94
 163804.516  1210.882  -114.21   65.49
 164181.764  1168.078  -113.45   72.61
 164558.954  1116.822  -135.87   76.31
 164936.087  1091.379   -67.46   67.17
 165313.162  1102.858    30.44   66.81
 165690.181  1129.183    69.82   65.04
 166067.142  1156.470    72.37   40.82
 166444.046  1149.104   -19.54   48.00
 166820.892  1097.892  -135.88   87.16
 167197.682  1004.755  -247.15  144.23
 167574.414   890.459  -303.34  160.90
 167951.090   821.952  -181.85  122.39
 168327.708   816.952   -13.27  127.56
 168704.270   848.426    83.57  165.93
 169080.774   916.856   181.72  178.45
 169457.221   975.863   156.72  182.58
 169833.612  1044.208   181.55  182.53
 170209.945  1094.948   134.81  162.32
 170586.222  1113.225    48.56  131.21
 170962.442  1091.360   -58.11  155.44
 171338.605  1036.417  -146.04  158.94
 171714.711   970.699  -174.71  158.24
 172090.760   957.530   -35.01  143.37
 172466.753   959.149     4.31  143.40
 172842.689   983.759    65.45  165.08
 173218.568  1048.328   171.76  177.81
 173594.391  1084.225    95.50  157.84
 173970.156  1113.831    78.78  116.46
 174345.866  1118.837    13.32   87.86
 174721.518  1127.626    23.39   77.37
 175097.114  1161.309    89.67   69.74
 175472.654  1201.943   108.18   73.29
 175848.137  1250.544   129.42   69.47
 176223.563  1297.023   123.78   94.31
 176598.933  1338.708   111.03   94.13
 176974.247  1347.938    24.59   85.44
 177349.504  1322.217   -68.53   81.02
 177724.705  1273.189  -130.65   71.87
 178099.849  1225.854  -126.16   69.14
 178474.938  1198.783   -72.16   66.36
 178849.969  1173.283   -67.98   64.79
 179224.945  1147.290   -69.31   71.73
 179599.864  1093.842  -142.54   91.65
 179974.727  1030.251  -169.61  103.54
 180349.534   986.896  -115.65   83.43
 180724.285   996.816    26.47   88.13
 181098.979  1047.318   134.76  114.56
 181473.617  1120.787   196.07  105.27
 181848.200  1177.942   152.56   81.10
 182222.726  1210.408    86.67   78.71
 182597.196  1237.955    73.55   74.04
 182971.610  1261.722    63.47   64.40
 183345.968  1276.146    38.52   58.32
 183720.270  1288.259    32.36   45.64
 184094.517  1291.163     7.76   40.05
 184468.707  1295.896    12.64   36.01
 184842.841  1303.544    20.44   40.11
 185216.920  1331.966    75.97   60.68
 185590.943  1357.732    68.88   64.57
 185964.909  1378.234    54.81   58.06
 186338.820  1396.213    48.08   52.59
 186712.676  1410.645    38.60   46.53
 187086.475  1420.597    26.62   37.60
 187460.219  1402.822   -47.55   57.69
 187833.907  1353.320  -132.45   85.80
 188207.540  1284.755  -183.48   97.25
 188581.117  1207.322  -207.24   71.56
 188954.638  1159.502  -128.01   47.70
 189328.104  1136.508   -61.56   25.76
 189701.514  1144.192    20.57   37.70
 190074.868  1174.628    81.51   47.00
 190448.168  1197.939    62.44   40.45
 190821.411  1218.453    54.95   39.67
 191194.599  1236.544    48.47   41.23
 191567.732  1259.804    62.33   47.88
 191940.809  1292.008    86.31   67.03
 192313.831  1349.215   153.33   91.20
 192686.798  1406.370   153.22   94.28
 193059.709  1447.342   109.85   67.21
 193432.565  1452.610    14.13   59.46
 193805.366  1438.765   -37.13   56.82
 194178.111  1424.831   -37.38   53.15
 194550.801  1415.979   -23.75   45.29
 194923.436  1387.446   -76.56   59.31
 195296.016  1346.718  -109.29   62.54
 195668.541  1290.428  -151.08   61.17
 196041.010  1240.825  -133.15   63.24
 196413.425  1187.558  -143.01   69.01
 196785.784  1137.600  -134.14   69.75
 197158.088  1066.192  -191.77   73.45
 197530.338  1011.314  -147.39   66.64
 197902.532   971.361  -107.33   41.44
 198274.671   964.952   -17.22   31.11
 198646.756   991.262    70.70   53.26
 199018.785  1029.262   102.12   55.57
 199390.759  1071.314   113.03   44.56
 199762.679  1101.180    80.29   27.31
 200134.544  1118.910    47.67   18.53
 200506.354  1131.341    33.43   16.18
 200878.109  1147.459    43.35   18.62
 201249.809  1159.790    33.17   21.17
 201621.455  1168.608    23.72   22.33
 201993.046  1166.037    -6.92   26.53
 202364.582  1155.327   -28.82   27.89
 202736.064  1145.160   -27.36   23.29
 203107.491  1129.457   -42.27   22.08
 203478.863  1112.831   -44.76   27.52
 203850.181  1095.093   -47.76   29.91
 204221.444  1082.095   -35.00   27.60
 204592.652  1090.356    22.25   43.93
 204963.806  1108.993    50.20   53.30
 205334.906  1132.913    64.45   52.85
 205705.951  1142.308    25.31   42.70
 206076.942  1128.776   -36.47   39.62
 206447.878  1111.294   -47.12   33.84
 206818.760  1099.065   -32.97   28.40
 207189.587  1103.473    11.89   33.95
 207560.360  1132.634    78.63   47.08
 207931.079  1174.642   113.29   55.02
 208301.743  1206.965    87.19   46.06
 208672.353  1228.951    59.31   30.96
 209042.909  1230.234     3.46   30.26
 209413.411  1214.451   -42.59   34.74
 209783.858  1189.361   -67.72   41.76
 210154.252  1154.896   -93.03   48.49
 210524.591  1125.417   -79.58   44.64
 210894.876  1114.924   -28.33   48.49
 211265.107  1108.066   -18.52   61.52
 211635.283  1099.966   -21.88   68.52
 212005.406  1087.522   -33.61   66.41
 212375.475  1072.968   -39.32   59.73
 212745.490  1059.290   -36.96   51.91
 213115.450  1052.886   -17.31   44.02
 213485.357  1053.096     0.57   34.61
 213855.210  1064.283    30.24   45.36
 214225.009  1086.037    58.81   58.90
 214594.754  1098.794    34.50   69.07
 214964.445  1118.287    52.72   88.79
 215334.082  1112.732   -15.02   88.58
 215703.666  1127.575    40.15   91.11
 216073.196  1152.375    67.10   91.44
 216442.672  1172.898    55.54   97.53
 216812.094  1169.428    -9.39   85.78
 217181.463  1147.051   -60.57   75.15
 217550.777  1121.375   -69.51   53.11
 217920.039  1108.096   -35.95   27.77
 218289.246  1123.388    41.41   36.27
 218658.400  1142.425    51.56   40.73
 219027.500  1172.859    82.44   50.78
 219396.547  1207.213    93.07   62.39
 219765.540  1254.407   127.87   86.95
 220134.480  1314.580   163.06  101.45
 220503.366  1357.727   116.94   97.29
 220872.199  1383.500    69.87   99.53
 221240.978  1390.910    20.09  108.45
 221609.704  1384.080   -18.52  125.63
 221978.376  1372.737   -30.76  125.02
 222346.995  1367.822   -13.33  111.97
 222715.561  1375.656    21.25   97.23
 223084.074  1415.365   107.73   97.51
 223452.533  1484.508   187.62  124.21
 223820.938  1551.894   182.87  103.60
 224189.291  1567.741    43.01   82.57
 224557.590  1556.558   -30.36   84.16
 224925.836  1496.453  -163.19  107.19
 225295.206  1423.448  -197.61  111.47
 225674.355  1375.951  -125.25   96.98
 226053.447  1343.699   -85.06   78.59
 226432.483  1329.645   -37.07   84.41
 226811.461  1277.192  -138.38  121.98
 227190.383  1181.875  -251.50  145.53
 227569.249  1113.573  -180.24  127.90
 227948.058  1084.743   -76.09  114.22
 228326.810  1113.880    76.91  146.81
 228705.506  1152.180   101.12  133.94
 229084.145  1198.980   123.57  109.34
 229462.728  1276.135   203.76  141.62
 229841.254  1353.819   205.18  153.25
 230219.724  1415.375   162.61  116.17
 230598.137  1394.231   -55.86  149.50
 230976.494  1259.570  -355.83  208.44
 231354.795  1121.279  -365.48  185.20
 231733.039  1023.585  -258.23  130.46
 232111.227   987.080   -96.51   80.66
 232489.358  1012.868    68.18  100.78
 232867.434  1084.262   188.80  137.18
 233245.453  1174.180   237.81  160.41
 233623.416  1275.163   267.12  156.59
 234001.323  1341.757   176.18  144.34
 234379.173  1377.184    93.74  115.33
 234756.968  1378.683     3.97   88.11
 235134.706  1352.761   -68.61   77.04
 235512.388  1291.109  -163.20   67.33
 235890.014  1233.642  -152.15   68.31
 236267.585  1181.457  -138.18   67.92
 236645.099  1150.924   -80.86   59.49
 237022.557  1135.608   -40.57   42.44
 237399.959  1135.860     0.67   31.35
 237777.305  1149.558    36.29   28.19
 238154.596  1169.138    51.89   32.51
 238531.830  1195.023    68.60   29.55
 238909.009  1228.375    88.41   44.36
 239286.132  1297.863   184.22   95.77
 239663.199  1384.243   229.03  113.33
 240040.210  1422.337   101.02   91.46
 240417.166  1442.637    53.84   76.13
 240794.065  1421.422   -56.27   86.54
 241170.910  1376.351  -119.58   90.23
 241547.698  1333.138  -114.66   84.43
 241924.431  1276.769  -149.59   84.66
 242301.108  1213.801  -167.13   80.84
 242677.730  1170.174  -115.81   70.58
 243054.295  1160.112   -26.71   73.55
 243430.806  1221.712   163.57  126.92
 243807.261  1285.846   170.32  114.86
 244183.660  1330.737   119.24   79.44
 244560.004  1344.834    37.45   75.15
 244936.293  1333.994   -28.80   83.28
 245312.526  1313.737   -53.83  100.36
 245688.704  1288.480   -67.13  103.35
 246064.826  1275.037   -35.73   99.16
 246440.893  1285.660    28.24  115.17
 246816.905  1296.713    29.39  132.69
 247192.861  1283.887   -34.11  156.07
 247568.762  1237.172  -124.25  155.23
 247944.608  1152.325  -225.70  146.36
 248320.399  1053.215  -263.68  154.76
 248696.134   973.863  -211.14  122.50
 249071.814   941.910   -85.03  112.41
 249447.440   933.312   -22.88  133.44
 249823.010   925.251   -21.46  136.89
 250198.525   893.122   -85.54  129.96
 250573.985   856.337   -97.95   98.97
 250949.389   834.694   -57.64   79.52
 251324.739   853.331    49.64   92.76
 251700.034   917.237   170.24  111.55
 252075.274   977.875   161.56  116.02
 252450.459  1059.051   216.31  105.61
 252825.589  1118.400   158.17   66.38
 253200.664  1148.872    81.22   70.17
 253575.684  1140.660   -21.89   86.46
 253950.650  1092.797  -127.62   99.54
 254325.560  1044.587  -128.56  109.35
 254700.416   984.642  -159.88  112.26
 255075.217   883.322  -270.27  154.17
 255449.964   775.980  -286.38  188.87
 255824.655   636.327  -372.63  171.59
 256199.292   530.124  -283.42  117.67
 256573.874   449.265  -215.81   75.32
 256948.402   405.287  -117.40   61.50
 257322.875   366.727  -102.95   50.73
 257697.293   337.870   -77.05   32.47
 258071.657   333.631   -11.32   29.67
 258445.967   341.779    21.76   45.89
 258820.221   379.831   101.65   77.18
 259194.422   441.645   165.15  115.69
 259568.567   527.051   228.21  148.05
 259942.659   639.565   300.70  167.46
 260316.696   745.308   282.64  156.04
 260690.678   852.848   287.49  126.48
 261064.607   931.065   209.13  100.38
 261438.480   984.515   142.93   63.27
 261812.300   998.718    37.98   49.79
 262186.065   968.451   -80.96   65.15
 262559.776   909.478  -157.77   83.43
 262933.433   803.092  -284.65  134.46
 263307.035   679.476  -330.80  155.19
 263680.584   551.050  -343.72  154.57
 264054.078   431.673  -319.55  107.62
 264427.518   355.135  -204.90   78.75
 264800.904   307.301  -128.08   41.09
 265174.235   310.023     7.29   42.58
 265547.513   341.631    84.66   63.35
 265920.737   400.544   157.81   80.79
 266293.906   482.508   219.59   86.01
 266667.022   554.751   193.57   88.42
 267040.083   636.480   219.02   85.23
 267413.091   703.459   179.52   78.39
 267786.045   767.178   170.81   62.74
 268158.945   809.875   114.47   42.18
 268531.791   844.489    92.81   32.40
 268904.583   871.718    73.02   36.55
 269277.321   904.206    87.14   42.73
 269650.005   934.022    79.98   32.56
 270022.636   952.182    48.72   20.44
 270395.213   958.771    17.68   11.90
 270767.736   959.566     2.13   14.81
 271140.206   961.560     5.35   24.15
 271512.621   972.651    29.77   34.63
 271884.983   989.022    43.95   37.71
 272257.292   997.237    22.06   42.54
 272629.547  1000.272     8.15   50.74
 273001.748   984.308   -42.88   77.29
 273373.896   951.919   -87.01  102.07
 273745.990   909.417  -114.20  115.82
 274118.031   863.473  -123.46   97.02
 274490.018   846.251   -46.29   69.10
 274861.951   858.237    32.22   73.03
 275233.832   899.765   111.64  104.33
 275605.658   974.848   201.88  122.20
 275977.432  1058.066   223.78  127.29
 276349.152  1142.980   228.38  119.66
 276720.818  1200.037   153.48   90.69
 277092.432  1223.361    62.75   87.28
 277463.992  1209.037   -38.54  109.79
 277835.499  1181.903   -73.02  121.08
 278206.952  1156.749   -67.70   87.02
 278578.352  1189.121    87.14   95.31
 278949.699  1268.753   214.39  132.63
 279320.993  1349.515   217.46  130.45
 279692.234  1406.537   153.56   92.94
 280063.421  1398.316   -22.14  102.72
 280434.556  1331.360  -180.36  121.33
 280805.637  1245.361  -231.69  105.41
 281176.666  1172.602  -196.05   83.64
 281547.641  1160.487   -32.65  102.58
 281918.563  1135.463   -67.45  116.24
 282289.432  1078.341  -153.98  145.40
 282660.249   965.478  -304.29  196.31
 283031.012   831.121  -362.29  189.62
 283401.722   690.822  -378.36  117.65
 283772.380   632.194  -158.13   56.85
 284142.984   644.254    32.53   76.84
 284513.536   720.780   206.46  135.84
 284884.035   878.819   426.45  206.03
 285254.481  1025.095   394.76  205.10
 285624.874  1146.494   327.67  150.14
 285995.215  1190.761   119.50  110.84
 286365.503  1206.009    41.17  102.57
 286735.738  1214.410    22.69   93.08
 287105.920  1271.783   154.95  130.67
 287476.050  1361.887   243.38  142.01
 287846.127  1392.222    81.95  112.19
 288216.152  1394.298     5.61  115.56
 288586.124  1386.051   -22.28  138.36
 288956.043  1366.677   -52.36  139.99
 289325.910  1363.404    -8.85  124.84
 289695.724  1366.885     9.41  114.01
 290065.486  1331.794   -94.88  131.49
 290435.195  1295.112   -99.19  146.38
 290804.852  1245.884  -133.14  141.64
 291174.456  1184.768  -165.31  119.16
 291544.008  1117.206  -182.77  101.97
 291913.508  1048.640  -185.52   71.33
 292282.955  1014.222   -93.13   57.56
 292652.350  1025.431    30.33   97.80
 293021.693  1083.665   157.63  152.80
 293390.983  1172.066   239.32  175.88
 293760.221  1257.167   230.42  158.23
 294129.407  1333.772   207.44  120.94
 294498.540  1330.237    -9.57  129.40
 294867.621  1290.948  -106.42  153.60
 295236.651  1248.341  -115.43  127.17
 295605.628  1234.463   -37.60  110.89
 295974.552  1284.558   135.75  143.54
 296343.425  1338.822   147.07  124.73
 296712.246  1394.165   150.01  113.00
 297081.014  1458.486   174.37  116.80
 297449.731  1509.732   138.95  127.70
 297818.396  1533.776    65.20  123.98
 298187.008  1526.194   -20.56  122.14
 298555.569  1479.908  -125.55  131.73
 298924.077  1438.138  -113.32  122.51
 299292.534  1380.708  -155.82  138.24
 299660.939  1309.154  -194.17  127.28
 300029.292  1255.403  -145.88  104.81
 300407.635  1216.979  -101.53   95.62
 300786.609  1221.308    11.42  125.38
 301165.528  1240.240    49.95  150.79
 301544.392  1207.890   -85.36  157.66
 301923.201  1113.723  -248.52  187.29
 302301.954   984.165  -341.97  193.69
 302680.653   841.674  -376.16  165.36
 303059.296   749.422  -243.57  126.73
 303437.884   672.322  -203.59  128.76
 303816.418   593.051  -209.36  132.09
 304194.896   501.665  -241.39  140.40
 304573.319   392.976  -287.14  105.95
 304951.688   318.298  -197.31   77.43
 305330.001   262.664  -147.02   39.05
 305708.259   241.180   -56.78   20.88
 306086.463   234.008   -18.96   13.00
 306464.612   251.637    46.61   46.31
 306842.706   313.622   163.90  108.04
 307220.745   411.493   258.82  171.66
 307598.729   571.558   423.35  212.81
 307976.658   755.885   487.59  213.45
 308354.533   900.163   381.71  193.30
 308732.353  1013.188   299.07  159.44
 309110.118  1047.965    92.03  157.28
 309487.829  1064.875    44.76  182.98
 309865.485  1055.096   -25.89  196.13
 310243.086  1042.776   -32.62  191.49
 310620.633  1040.222    -6.76  188.64
 310998.125  1042.951     7.23  182.09
 311375.563  1085.787   113.46  188.87
 311752.946  1142.927   151.37  209.53
 312130.275  1192.067   130.19  210.80
 312507.549  1211.699    52.02  177.10
 312884.768  1223.783    32.03  140.88
 313261.934  1234.243    27.72  106.47
 313639.045  1262.399    74.64   95.35
 314016.101  1321.301   156.17  125.79
 314393.103  1392.428   188.61  138.98
 314770.051  1445.625   141.08  133.09
 315146.945  1469.022    62.06  121.90
 315523.784  1453.529   -41.10  124.07
 315900.569  1445.904   -20.23  127.77
 316277.300  1424.819   -55.95  141.48
