# NaN NaN NaN ;Mean Elev.(m), Avg Gradient(m/km), RMS Gradient(m/km) - SRTM1     
#   -0.248 -17.212  75.165 ;Mean Elev.(m), Avg Gradient(m/km), RMS Gradient(m/km) - ASTER GDEM
#   16.052 -20.918  80.173 ;Mean Elev.(m), Avg Gradient(m/km), RMS Gradient(m/km) - GMTED2010 
  7    12.429 52469.13471699 38.04 127.429637  71.110782 14.128
  7     8.468 52469.13471764 37.17 127.424727  71.107832 14.128
  7     8.226 52469.13471828 39.21 127.419827  71.104892 14.128
  7     7.826 52469.13471893 37.25 127.414927  71.101942 14.128
  7     8.372 52469.13471957 36.21 127.410027  71.098992 14.128
 10     5.618 52574.13473004 20.77 127.432439  71.110315 10.518
 10     5.738 52574.13473068 28.03 127.427529  71.107365 10.518
 10     7.072 52574.13473132 25.58 127.422629  71.104425 10.518
 10     4.979 52574.13473197 23.96 127.417731  71.101478 14.401
 10     5.067 52574.13473261 24.44 127.412831  71.098528 14.401
 10     4.813 52574.13473326 26.33 127.407931  71.095578 14.401
 11     2.540 52609.13468931 15.47 127.428706  71.111311 13.784
 11     2.621 52609.13468996 15.98 127.423806  71.108371 13.784
 11     2.335 52609.13469060 16.12 127.418906  71.105421 13.784
 11     2.649 52609.13469125 16.85 127.414006  71.102471 13.784
 11     2.324 52609.13469189 16.90 127.409106  71.099521 13.784
 11     2.408 52609.13469254 15.77 127.404206  71.096581 13.784
 12     4.323 52644.13468230  8.28 127.440586  71.108981 10.818
 12     4.017 52644.13468295  8.86 127.435686  71.106031 10.818
 12     3.955 52644.13468359  8.70 127.430776  71.103081 10.818
 12     3.128 52644.13468424 10.28 127.425876  71.100141 10.818
 12     2.978 52644.13468488  9.62 127.420976  71.097191 10.818
 12     3.654 52644.13468553  9.57 127.416076  71.094241 10.818
 13     5.034 52679.13466166  6.39 127.431325  71.112051  8.652
 13     4.111 52679.13466230  6.84 127.426425  71.109111  8.652
 13     3.341 52679.13466295  7.06 127.421525  71.106161  8.652
 13     3.769 52679.13466359  7.43 127.416625  71.103211  8.652
 13     3.130 52679.13466424  7.20 127.411725  71.100261  8.652
 13     2.786 52679.13466488  7.04 127.406825  71.097311  8.652
 20     5.557 52924.13478468 21.01 127.421379  71.113563 16.805
 20     4.909 52924.13478533 23.60 127.416479  71.110613 16.805
 20     4.752 52924.13478597 22.74 127.411579  71.107663 16.805
 20     5.299 52924.13478662 22.52 127.406679  71.104723 16.805
 20     5.507 52924.13478726 24.13 127.401779  71.101773 16.805
 20     5.503 52924.13478791 21.50 127.396879  71.098823 16.805
 21     3.311 52959.13475226 18.91 127.445644  71.104327 13.507
 21     3.719 52959.13475290 20.15 127.440744  71.101387 13.507
 21     3.252 52959.13475354 20.49 127.435834  71.098437 13.507
 21     2.663 52959.13475419 20.34 127.430934  71.095487 13.507
 21     3.144 52959.13475483 19.54 127.426034  71.092537 13.507
 22     3.735 52994.13478185 13.04 127.438360  71.108573 14.189
 22     3.009 52994.13478249 15.19 127.433460  71.105623 14.189
 22     3.012 52994.13478314 15.51 127.428550  71.102683 14.189
 22     2.966 52994.13478378 14.86 127.423650  71.099733 14.189
 22     3.005 52994.13478442 15.25 127.418750  71.096783 14.189
 22     2.512 52994.13478507 14.46 127.413850  71.093833 14.189
 23     2.912 53029.13474519 12.17 127.426264  71.114479 12.893
 23     3.501 53029.13474584 12.84 127.421364  71.111539 12.893
 23     3.577 53029.13474648 12.36 127.416464  71.108589 12.893
 23     2.954 53029.13474713 13.98 127.411564  71.105639 12.893
 23     2.849 53029.13474777 13.93 127.406664  71.102689 12.893
 23     2.485 53029.13474842 13.50 127.401764  71.099749 12.893
 24     5.009 53064.13475394  9.29 127.438551  71.106610 11.089
 24     3.666 53064.13475458  9.33 127.433651  71.103660 11.089
 24     3.188 53064.13475523  9.54 127.428751  71.100710 11.089
 24     3.257 53064.13475587  9.10 127.423851  71.097770 11.089
 24     3.094 53064.13475652  8.47 127.418951  71.094820 11.089
 25     3.650 53099.13476485  8.62 127.422526  71.116236  8.132
 25     3.135 53099.13476549  9.12 127.417626  71.113296  8.132
 25     2.624 53099.13476614 10.31 127.412716  71.110346  8.132
 25     3.298 53099.13476678  8.84 127.407816  71.107396  8.132
 25     4.267 53099.13476743  8.42 127.402916  71.104446  8.132
 25     2.801 53099.13476807  9.22 127.398016  71.101506  8.132
 26     7.045 53134.13475288  4.85 127.442122  71.106389 10.984
 26     7.170 53134.13475353  4.29 127.437222  71.103439 10.984
 26     8.713 53134.13475417  4.86 127.432322  71.100489 10.984
 26     9.617 53134.13475482  3.39 127.427422  71.097549 10.984
 26     8.181 53134.13475546  4.80 127.422522  71.094599 10.984
 31     6.671 53309.13480976 21.09 127.433529  71.109240 19.503
 31     7.029 53309.13481040 21.51 127.428629  71.106290 19.503
 31     6.871 53309.13481105 23.37 127.423719  71.103340 19.503
 31     6.782 53309.13481169 26.38 127.418819  71.100390 19.503
 31     7.238 53309.13481234 25.22 127.413919  71.097450 19.503
 32     7.011 53344.13477563 11.87 127.429918  71.112651 14.508
 32     4.812 53344.13477627 13.09 127.425008  71.109701 14.508
 32     4.122 53344.13477692 14.50 127.420108  71.106751 14.508
 32     4.842 53344.13477756 14.03 127.415208  71.103801 14.508
 32     4.082 53344.13477821 15.72 127.410308  71.100861 14.508
 32     4.371 53344.13477885 15.00 127.405408  71.097911 14.508
 33     6.544 53379.13472231  8.40 127.451441  71.103018 14.069
 33     8.974 53379.13472295  8.89 127.446531  71.100068 14.069
 33     6.183 53379.13472360  9.36 127.441631  71.097128 14.069
 33     5.756 53379.13472424  9.59 127.436731  71.094178 14.069
 33     5.239 53379.13472489 10.69 127.431831  71.091228 14.069
 34    10.226 53414.13475274  6.60 127.435459  71.108797 13.911
 34    10.487 53414.13475338  7.24 127.430549  71.105847 13.911
 34    10.113 53414.13475403  5.83 127.425649  71.102897 13.911
 34    10.120 53414.13475467  5.24 127.420749  71.099957 13.911
 34    10.191 53414.13475532  5.60 127.415849  71.097007 13.911
 35     6.648 53449.13474429  4.78 127.447590  71.101536  7.744
 35     6.743 53449.13474494  5.87 127.442690  71.098596  7.744
 35     6.651 53449.13474558  5.37 127.437780  71.095646  7.744
 35     6.895 53449.13474623  5.21 127.432880  71.092696  7.744
 35     7.066 53449.13474687  6.16 127.427980  71.089746  7.744
 38    10.213 53554.13484872 24.13 127.426145  71.110808  8.982
 38     9.751 53554.13484936 23.91 127.421235  71.107858  8.982
 38     9.275 53554.13485001 23.16 127.416335  71.104918  8.982
 38     9.281 53554.13485065 24.53 127.411435  71.101968  8.982
 38     8.099 53554.13485130 24.24 127.406535  71.099018  8.982
 41     5.955 53659.13479834 32.35 127.440168  71.108816 23.116
 41     6.454 53659.13479899 39.32 127.435268  71.105876 23.116
 41     6.883 53659.13479963 46.00 127.430358  71.102926 23.116
 41     5.996 53659.13480028 37.62 127.425458  71.099976 23.116
 41     5.733 53659.13480092 44.53 127.420558  71.097036 23.116
 41     6.361 53659.13480157 39.95 127.415658  71.094086 23.116
 42     3.562 53694.13477609 15.86 127.425873  71.111654 13.729
 42     4.235 53694.13477673 18.12 127.420963  71.108704 13.729
 42     4.230 53694.13477738 18.28 127.416063  71.105754 13.729
 42     4.109 53694.13477802 17.57 127.411163  71.102804 13.729
 42     4.026 53694.13477867 17.64 127.406263  71.099864 13.729
 44     6.893 53764.13466185  6.17 127.446596  71.105317  9.477
 44     5.964 53764.13466249  6.44 127.441696  71.102377  9.477
 44     6.619 53764.13466314  5.80 127.436796  71.099427  9.477
 44     5.448 53764.13466378  6.74 127.431886  71.096477  9.477
 44     8.057 53764.13466442  6.74 127.426986  71.093527  9.477
 46     6.608 53834.13466664  3.93 127.446348  71.103666  6.794
 46     6.024 53834.13466728  3.93 127.441438  71.100726  6.794
 46     6.053 53834.13466793  4.11 127.436538  71.097776  6.794
 46     5.825 53834.13466857  3.31 127.431638  71.094826  6.794
 46     6.009 53834.13466922  3.60 127.426738  71.091886  6.794
 52     8.143 54044.13477095 11.77 127.443539  71.107295 16.444
 52     7.194 54044.13477160 12.39 127.438629  71.104345 16.444
 52     7.079 54044.13477224 13.81 127.433729  71.101395 16.444
 52     7.010 54044.13477289 14.16 127.428829  71.098445 16.444
 52     6.693 54044.13477353 15.69 127.423929  71.095505 16.444
 52     6.926 54044.13477417 15.45 127.419029  71.092555 16.444
 62     5.356 54394.13468499 35.91 127.436020  71.108949 19.683
 62     7.421 54394.13468563 38.20 127.431120  71.106009 19.683
 62     5.313 54394.13468628 39.98 127.426210  71.103059 19.683
 62     5.850 54394.13468692 39.98 127.421310  71.100109 19.683
 62     5.691 54394.13468757 36.02 127.416410  71.097159 19.683
 64     5.710 54464.13466441  7.02 127.438589  71.106535 10.676
 64     5.616 54464.13466505  7.17 127.433689  71.103585 10.676
 64     6.380 54464.13466569  6.96 127.428779  71.100635 10.676
 64     6.088 54464.13466634  7.12 127.423879  71.097695 10.676
 64     5.952 54464.13466698  7.61 127.418981  71.094746  7.078
 72     8.938 54744.13465212 10.96 127.437988  71.110025  6.616
 72     8.814 54744.13465276 11.57 127.433078  71.107075  6.616
 72     8.835 54744.13465341 10.62 127.428178  71.104125  6.616
 72     6.488 54744.13465405 12.77 127.423278  71.101185  6.616
 72     6.865 54744.13465470 12.50 127.418378  71.098235  6.616
 72     6.910 54744.13465534 10.94 127.413478  71.095285  6.616
 80    12.340 55024.13465952 10.53 127.430166  71.110781  8.395
 80    12.438 55024.13466016  9.35 127.425256  71.107831  8.395
 80    11.260 55024.13466081 10.36 127.420356  71.104881  8.395
 80    12.825 55024.13466145 10.10 127.415456  71.101931  8.395
 80    12.790 55024.13466210 10.38 127.410556  71.098991  8.395
 80    14.423 55024.13466274 10.42 127.405656  71.096041  8.395
 83     6.269 55129.13459595 41.61 127.433449  71.108298 21.848
 83    10.014 55129.13459659 36.11 127.428549  71.105348 21.848
 83     7.271 55129.13459724 39.08 127.423649  71.102398 21.848
 83     6.656 55129.13459788 37.06 127.418749  71.099458 21.848
 83     6.957 55129.13459853 43.59 127.413849  71.096508 21.848
 84     5.336 55164.13456920  7.18 127.430627  71.111998 10.608
 84     6.070 55164.13456985  8.08 127.425727  71.109048 10.608
 84     4.731 55164.13457049  9.12 127.420827  71.106108 10.608
 84     4.389 55164.13457114  9.44 127.415927  71.103158 10.608
 84     3.896 55164.13457178  9.72 127.411027  71.100208 10.608
 84     3.837 55164.13457242  8.38 127.406127  71.097258 10.608
 85    10.360 55199.13458755  3.12 127.434926  71.106916 13.780
 85    11.634 55199.13458820  2.82 127.430026  71.103966 13.780
 85    11.740 55199.13458884  2.67 127.425116  71.101026 13.780
 85    11.187 55199.13458949  2.74 127.420216  71.098076 13.780
 85    10.292 55199.13459013  2.69 127.415316  71.095126 13.780
 87     5.657 55269.13458199  2.00 127.433388  71.108767  4.905
 87     6.410 55269.13458264  1.27 127.428488  71.105817  4.905
 87     7.027 55269.13458328  1.00 127.423578  71.102867  4.905
 87     7.314 55269.13458393  0.48 127.418678  71.099927  4.905
 87     7.705 55269.13458457  0.34 127.413778  71.096977  4.905
 90     9.599 55374.13454561 19.49 127.430976  71.111015 11.231
 90     8.971 55374.13454625 19.60 127.426066  71.108065 11.231
 90     9.130 55374.13454689 20.77 127.421166  71.105115 11.231
 90     9.233 55374.13454754 20.40 127.416266  71.102165 11.231
 90     9.349 55374.13454818 20.18 127.411366  71.099225 11.231
 90     9.632 55374.13454883 19.47 127.406466  71.096275 11.231
 93     2.511 55479.13449959 20.65 127.420599  71.115424 20.116
 93     3.550 55479.13450023 22.31 127.415699  71.112474 20.116
 93     4.926 55479.13450088 21.69 127.410799  71.109524 20.116
 93     3.313 55479.13450152 24.93 127.405899  71.106584 20.116
 93     3.830 55479.13450217 29.10 127.400999  71.103634 20.116
 93     4.058 55479.13450281 33.10 127.396099  71.100684 20.116
