# NaN NaN NaN ;Mean Elev.(m), Avg Gradient(m/km), RMS Gradient(m/km) - SRTM1     
#  136.004  -3.601  19.116 ;Mean Elev.(m), Avg Gradient(m/km), RMS Gradient(m/km) - ASTER GDEM
#  131.360  -4.531  22.307 ;Mean Elev.(m), Avg Gradient(m/km), RMS Gradient(m/km) - GMTED2010 
  8 116.719990  60.437661   148.076   148.100  5 52485.13495147 37.765
  9 116.717085  60.437315   149.032   149.041  4 52520.13491578 39.918
 11 116.721183  60.438391   147.737   147.739  4 52590.13495434 22.922
 12 116.721542  60.438174   152.529   153.630  4 52625.13488713 12.542
 13 116.724527  60.436619   150.085   149.783  4 52660.13492075  9.384
 14 116.738122  60.435703   151.613   151.613  2 52695.13490053  8.057
 17 116.738538  60.435776   151.714   151.699  3 52800.13493167 50.119
 18 116.736105  60.435611   147.934   147.945  3 52835.13499985 53.895
 19 116.730542  60.435151   150.144   149.963  5 52870.13504165 31.629
 20 116.721493  60.435820   147.781   147.818  4 52905.13504464 41.128
 21 116.712120  60.439260   147.492   147.425  4 52940.13497706 39.086
 22 116.727860  60.435369   147.401   147.436  4 52975.13502207 22.802
 23 116.718181  60.436559   149.078   147.585  4 53010.13502695 14.173
 24 116.729728  60.434725   149.770   148.971  5 53045.13498859 10.301
 25 116.717080  60.438410   153.405   155.214  4 53080.13502236  8.154
 26 116.727998  60.436434   147.646   147.700  5 53115.13499280 11.537
 27 116.721550  60.436549   155.236   155.237  4 53150.13503961 26.347
 28 116.733618  60.436259   152.556   152.496  3 53185.13503050 18.620
 29 116.721514  60.435955   152.153   152.136  4 53220.13505655 52.783
 30 116.712230  60.440008   149.576   149.601  4 53255.13503298 35.451
 31 116.727317  60.436637   148.447   148.406  5 53290.13504219 22.140
 32 116.727612  60.436574   148.156   148.139  4 53325.13501734 45.962
 34 116.730218  60.434899   148.678   148.734  4 53395.13499595 12.285
 35 116.720860  60.437361   150.031   148.418  4 53430.13498874 10.838
 36 116.736428  60.437723   151.077   148.663  3 53465.13501513  6.436
 37 116.718611  60.437205   152.638   152.592  4 53500.13507767 26.660
 38 116.722793  60.435983   151.569   151.614  4 53535.13506497 22.433
 39 116.716363  60.437065   151.022   151.019  4 53570.13507658 41.566
 40 116.715817  60.439121   148.938   148.959  4 53605.13502341 30.825
 41 116.729840  60.435121   147.223   147.225  4 53640.13502303 52.885
 42 116.720287  60.436606   146.959   146.961  4 53675.13504297 40.119
 43 116.720453  60.438045   147.982   147.995  4 53710.13497291 20.383
 45 116.728482  60.435490   151.379   151.836  5 53780.13491355 10.727
 46 116.713290  60.437686   151.419   151.310  4 53815.13488406  9.385
 47 116.728001  60.435248   147.306   147.450  4 53850.13494809 29.857
 49 116.716437  60.436988   150.820   150.840  4 53920.13502740 22.196
 50 116.716141  60.439688   147.364   147.340  4 53955.13502608 29.739
 51 116.718560  60.439389   148.632   148.644  4 53990.13494439 51.261
 52 116.733869  60.436031   147.601   147.587  3 54025.13500947 48.570
 53 116.730001  60.435051   148.013   148.016  5 54060.13500305 29.992
 54 116.715610  60.438483   150.752   148.685  3 54095.13497848 16.159
 55 116.736662  60.435782   148.373   148.469  3 54130.13492235 11.183
 56 116.718633  60.436662   149.500   148.417  4 54165.13495000  9.727
 58 116.728409  60.435690   153.879   153.961  5 54235.13496402 46.017
 59 116.723877  60.435870   151.887   151.937  4 54270.13498432 31.562
 60 116.725571  60.436029   150.143   150.090  5 54305.13498732 45.614
 61 116.720701  60.437222   146.063   145.650  5 54340.13497020 24.116
 62 116.728953  60.435790   147.834   147.853  4 54375.13492145 47.138
 63 116.722916  60.436956   146.856   146.834  4 54410.13491655 49.672
 64 116.736130  60.436567   148.018   148.018  2 54445.13488416 25.861
 65 116.725253  60.435875   147.656   147.646  5 54480.13490746 15.079
 66 116.735687  60.436260   147.684   147.684  2 54515.13489873 12.917
 68 116.727416  60.435990   148.102   148.071  5 54585.13489444 35.984
 69 116.725098  60.436375   152.753   152.932  5 54620.13491406 24.850
 70 116.723225  60.437612   150.209   150.196  4 54655.13492462 51.415
 71 116.719922  60.436061   150.205   150.240  4 54690.13491126 35.953
 72 116.734513  60.436065   149.447   149.459  3 54725.13487453 43.782
 73 116.721739  60.436210   148.009   148.014  4 54760.13488789 50.081
 74 116.735800  60.437222   147.669   147.669  2 54795.13486780 28.630
 75 116.724420  60.436028   149.673   148.432  4 54830.13488738 12.315
 76 116.734517  60.437165   150.047   150.047  2 54865.13486256 12.108
 77 116.720075  60.438476   152.707   153.875  4 54900.13488651 10.176
 78 116.729621  60.436099   149.097   149.015  4 54935.13485487  5.873
 79 116.726824  60.436871   148.363   148.360  4 54970.13488783 21.134
 80 116.721993  60.436753   154.049   154.052  4 55005.13490784 43.964
 81 116.725178  60.436417   149.091   149.096  4 55040.13489532 51.033
 82 116.720437  60.438759   150.946   150.920  4 55075.13487771 27.050
 83 116.730589  60.435445   149.121   149.173  5 55110.13482801 41.054
 84 116.721554  60.437428   147.286   147.261  4 55145.13483099 36.361
 85 116.736706  60.436687   148.825   148.825  2 55180.13480345 16.850
 86 116.722231  60.436661   149.947   149.950  5 55215.13482562 12.586
 87 116.733780  60.437410   148.849   148.860  3 55250.13480079 10.631
 88 116.719004  60.437854   148.517   148.445  5 55285.13481915 11.340
 89 116.721695  60.435719   148.053   148.028  4 55320.13479191 28.007
 90 116.722054  60.436513   151.517   151.481  4 55355.13479300 27.150
 91 116.729591  60.435514   150.099   150.089  4 55390.13479262 37.195
 92 116.725356  60.436990   148.151   148.078  4 55425.13480972 34.047
 93 116.719939  60.438007   147.714   147.744  4 55460.13477883 30.561
