-169011.652    22.250     0.00    3.64
-168636.576    22.854     1.61    3.89
-168261.567    25.523     7.12    6.19
-167886.623    28.889     8.98    7.56
-167511.746    31.140     6.01    6.11
-167136.934    29.124    -5.38    7.85
-166762.187    23.597   -14.75    9.75
-166387.507    17.735   -15.65    7.67
-166012.892    15.103    -7.03    5.02
-165638.342    16.122     2.72    4.01
-165263.858    18.129     5.36    3.26
-164889.440    20.111     5.29    3.30
-164515.087    20.424     0.84    3.66
-164140.800    18.548    -5.01    5.13
-163766.578    16.350    -5.87    5.86
-163392.421    10.202   -16.43    7.11
-163018.330     3.880   -16.90    8.19
-162644.305    -1.528   -14.46    7.92
-162270.344    -5.605   -10.90    5.64
-161896.449   -10.550   -13.23    6.81
-161522.619   -14.921   -11.70    9.59
-161148.854   -21.280   -17.01   11.84
-160775.154   -17.778     9.37   23.71
-160401.520    -5.590    32.62   29.42
-160027.950     9.470    40.32   25.96
-159654.446    23.831    38.46   12.25
-159281.006    26.494     7.13    8.43
-158907.632    30.633    11.09    7.70
-158534.322    35.559    13.20    3.10
-158161.078    38.165     6.98    2.71
-157787.898    41.177     8.07    4.72
-157414.783    44.560     9.07    6.33
-157041.733    46.691     5.71    7.97
-156668.748    44.360    -6.25   11.90
-156295.827    40.743    -9.70   11.92
-155922.972    39.135    -4.31    9.52
-155550.181    39.125    -0.03    7.84
-155177.454    42.252     8.39    8.37
-154804.792    44.927     7.18    7.19
-154432.195    45.436     1.37    5.70
-154059.662    45.362    -0.20    4.21
-153687.194    45.720     0.96    3.48
-153314.790    47.059     3.60    3.28
-152942.451    46.800    -0.70    4.45
-152570.176    46.756    -0.12    5.01
-152197.966    48.177     3.82    5.07
-151825.820    50.146     5.29    5.44
-151453.738    52.881     7.35    4.70
-151081.720    55.700     7.58    1.85
-150709.767    57.350     4.44    2.99
-150337.878    59.222     5.03    3.66
-149966.053    60.747     4.10    3.44
-149594.292    62.170     3.83    2.97
-149222.595    61.210    -2.58    3.15
-148850.963    60.066    -3.08    2.79
-148479.394    59.634    -1.16    3.58
-148107.890    59.144    -1.32    4.01
-147736.449    60.697     4.18    4.77
-147365.072    63.401     7.28    6.42
-146993.760    66.422     8.14    9.01
-146622.511    71.209    12.89   11.46
-146251.326    73.078     5.04   11.20
-145880.204    74.546     3.96   11.20
-145509.147    76.222     4.52   10.06
-145138.153    77.756     4.14    8.24
-144767.223    81.310     9.58    7.63
-144396.357    85.611    11.60    8.50
-144025.554    92.210    17.80    9.52
-143654.815    97.975    15.55    7.71
-143284.140   100.646     7.21    6.15
-142913.528   102.372     4.66    5.56
-142542.979   102.097    -0.74    6.36
-142172.494   101.332    -2.07    7.61
-141802.073    98.585    -7.42    9.26
-141431.715    96.651    -5.22    8.96
-141061.420    94.288    -6.38    6.83
-140691.189    93.212    -2.91    5.26
-140321.021    94.004     2.14    4.48
-139950.916    92.329    -4.53    5.67
-139580.874    86.197   -16.57   11.11
-139210.896    78.256   -21.47   12.07
-138840.981    74.980    -8.86    9.94
-138471.129    78.370     9.17   14.44
-138101.340    89.206    29.31   17.20
-137731.614   101.964    34.51   11.36
-137361.951   109.807    21.22    5.93
-136992.352   113.546    10.12    4.19
-136622.815   116.301     7.46    2.78
-136253.341   117.356     2.86    1.85
-135883.930   116.522    -2.26    3.52
-135514.583   115.518    -2.72    3.88
-135145.297   115.635     0.32    3.65
-134776.075   117.287     4.47    3.71
-134406.916   119.447     5.85    3.67
-134037.819   120.901     3.94    3.11
-133668.785   122.372     3.99    3.22
-133299.814   124.001     4.41    3.54
-132930.905   125.360     3.68    4.26
-132562.059   128.180     7.65    4.54
-132193.276   130.185     5.44    4.65
-131824.555   131.416     3.34    4.31
-131455.897   132.785     3.71    4.11
-131087.301   134.059     3.46    4.08
-130718.768   136.458     6.51    3.55
-130350.297   136.889     1.17    3.40
-129981.888   134.745    -5.82    5.66
-129613.542   131.922    -7.66    6.43
-129245.259   127.021   -13.31    7.68
-128877.037   122.845   -11.34    7.56
-128508.878   121.239    -4.36    6.77
-128140.781   122.597     3.69    6.72
-127772.746   126.190     9.76    7.76
-127404.774   129.910    10.11    6.73
-127036.864   132.303     6.51    5.77
-126669.015   133.985     4.57    5.60
-126301.229   134.841     2.33    5.45
-125933.505   134.319    -1.42    6.60
-125565.843   128.316   -16.33   13.76
-125198.243   119.722   -23.38   17.25
-124830.705   109.546   -27.69   12.74
-124463.229   105.810   -10.17    6.75
-124095.815   106.113     0.82    6.08
-123728.462   113.745    20.78   10.92
-123361.172   122.775    24.59   12.81
-122993.943   134.218    31.16   15.89
-122625.833   145.954    31.89   14.30
-122245.859   156.548    27.88   13.05
-121865.952   164.638    21.30    8.69
-121486.112   166.447     4.76    8.98
-121106.338   164.702    -4.60   12.86
-120726.631   159.585   -13.48   16.45
-120346.990   155.029   -12.00   16.82
-119967.416   153.335    -4.46   14.46
-119587.908   155.800     6.50   12.50
-119208.467   162.239    16.97   13.52
-118829.093   171.685    24.90   13.27
-118449.785   179.519    20.66    8.34
-118070.543   183.022     9.24    5.52
-117691.367   183.586     1.49    7.60
-117312.258   183.460    -0.33    8.20
-116933.215   183.914     1.20    8.02
-116554.238   185.922     5.30    7.32
-116175.328   188.098     5.74    5.37
-115796.484   190.124     5.35    4.55
-115417.705   190.772     1.71    4.17
-115038.993   190.165    -1.60    4.15
-114660.347   189.648    -1.36    4.55
-114281.767   185.796   -10.18    7.64
-113903.253   182.772    -7.99    7.31
-113524.805   181.059    -4.53    6.03
-113146.423   180.856    -0.54    4.52
-112768.107   182.679     4.82    3.03
-112389.856   183.520     2.22    3.17
-112011.672   185.640     5.60    3.97
-111633.553   188.697     8.09    4.88
-111255.500   191.033     6.18    4.57
-110877.513   192.360     3.51    4.21
-110499.591   189.700    -7.04    6.59
-110121.735   185.735   -10.50    8.10
-109743.945   181.297   -11.75    9.43
-109366.220   174.762   -17.30   10.90
-108988.560   169.675   -13.47    9.87
-108610.967   167.188    -6.59    7.41
-108233.438   168.332     3.03    7.23
-107855.975   173.704    14.23    6.83
-107478.578   179.256    14.71    6.36
-107101.246   183.910    12.34    4.30
-106723.979   188.906    13.24    6.67
-106346.778   194.153    13.91    7.72
-105969.641   200.160    15.93    9.12
-105592.571   206.478    16.76    8.51
-105215.565   214.446    21.14    9.54
-104838.624   219.281    12.83    7.68
-104461.749   218.360    -2.44   11.14
-104084.938   209.252   -24.17   20.49
-103708.193   197.446   -31.34   23.09
-103331.513   185.151   -32.64   18.74
-102954.897   178.274   -18.26   13.67
-102578.347   173.136   -13.64   10.53
-102201.862   172.598    -1.43    9.28
-101825.441   170.347    -5.98    6.88
-101449.086   167.390    -7.86    6.54
-101072.795   158.268   -24.24   14.61
-100696.569   148.243   -26.65   16.15
-100320.408   135.910   -32.79   15.06
 -99944.311   123.410   -33.24   10.15
 -99568.279   117.347   -16.12    8.77
 -99192.312   113.126   -11.23    4.29
 -98816.409   115.297     5.78    4.43
 -98440.572   118.248     7.85    4.48
 -98064.798   121.847     9.58    5.93
 -97689.089   126.125    11.39    6.81
 -97313.445   129.927    10.12    7.37
 -96937.865   130.975     2.79    7.44
 -96562.349   129.772    -3.20    6.83
 -96186.898   128.021    -4.66    5.64
 -95811.512   126.702    -3.51    3.08
 -95436.189   127.111     1.09    2.84
 -95060.931   127.888     2.07    2.47
 -94685.737   128.290     1.07    2.16
 -94310.607   127.832    -1.22    1.57
 -93935.542   127.847     0.04    2.57
 -93560.541   129.167     3.52    5.19
 -93185.603   130.813     4.39    5.63
 -92810.730   131.927     2.97    4.77
 -92435.921   130.960    -2.58    5.73
 -92061.176   128.226    -7.30    5.36
 -91686.495   126.547    -4.48    4.30
 -91311.878   126.586     0.10    3.76
 -90937.325   128.520     5.17    4.24
 -90562.836   130.342     4.87    4.32
 -90188.410   131.297     2.55    4.26
 -89814.049   133.045     4.67    3.96
 -89439.751   134.947     5.08    4.29
 -89065.517   136.734     4.78    3.65
 -88691.347   138.294     4.17    2.72
 -88317.240   140.186     5.06    3.04
 -87943.197   142.131     5.20    3.34
 -87569.218   144.319     5.85    3.37
 -87195.302   145.522     3.22    2.88
 -86821.450   146.871     3.61    3.58
 -86447.661   148.810     5.19    4.07
 -86073.936   151.072     6.05    4.38
 -85700.275   152.806     4.64    3.94
 -85326.676   154.136     3.56    3.63
 -84953.142   155.685     4.15    3.53
 -84579.670   157.726     5.47    4.07
 -84206.262   160.854     8.38    4.57
 -83832.917   165.006    11.12    4.44
 -83459.636   167.650     7.08    3.64
 -83086.417   169.047     3.74    2.79
 -82713.262   167.775    -3.41    3.93
 -82340.170   164.977    -7.50    5.21
 -81967.142   162.686    -6.14    5.01
 -81594.176   160.637    -5.49    3.50
 -81221.273   160.296    -0.92    2.75
 -80848.434   161.122     2.22    2.44
 -80475.657   161.243     0.32    2.10
 -80102.944   160.290    -2.56    2.57
 -79730.293   159.416    -2.34    2.69
 -79357.706   158.287    -3.03    2.24
 -78985.181   156.910    -3.70    2.63
 -78612.719   155.813    -2.95    3.09
 -78240.320   155.132    -1.83    3.21
 -77867.983   154.572    -1.50    3.04
 -77495.710   154.106    -1.25    2.56
 -77123.499   153.522    -1.57    2.19
 -76751.351   153.464    -0.15    2.12
 -76379.265   153.481     0.05    2.15
 -76007.242   154.099     1.66    2.50
 -75635.282   155.939     4.95    2.69
 -75263.384   157.956     5.42    3.17
 -74891.549   160.672     7.31    4.50
 -74519.776   163.815     8.46    4.31
 -74148.066   166.210     6.44    3.12
 -73776.418   167.860     4.44    2.25
 -73404.833   168.962     2.97    2.07
 -73033.310   169.243     0.76    1.68
 -72661.849   169.085    -0.43    2.34
 -72290.451   167.937    -3.09    3.72
 -71919.115   167.047    -2.40    3.80
 -71547.841   166.734    -0.84    3.57
 -71176.629   167.697     2.59    3.59
 -70805.480   170.613     7.86    3.80
 -70434.392   174.079     9.34    4.32
 -70063.367   177.937    10.40    4.49
 -69692.404   181.485     9.56    4.56
 -69321.503   184.451     8.00    3.54
 -68950.664   186.745     6.19    2.55
 -68579.887   188.326     4.26    1.97
 -68209.172   188.372     0.13    2.11
 -67838.519   188.153    -0.59    2.78
 -67467.927   187.533    -1.67    3.00
 -67097.398   187.805     0.73    2.99
 -66726.930   189.104     3.51    3.42
 -66356.525   191.248     5.79    3.83
 -65986.181   193.835     6.99    5.06
 -65615.898   196.044     5.97    6.40
 -65245.678   198.260     5.98    7.30
 -64875.519   201.113     7.71    7.94
 -64505.422   203.364     6.08    7.64
 -64135.386   206.586     8.71    8.10
 -63765.412   210.125     9.57    7.66
 -63395.500   213.991    10.45    9.07
 -63025.649   218.747    12.86    9.95
 -62655.860   221.892     8.50   10.23
 -62286.132   222.610     1.94   10.23
 -61916.465   224.099     4.03   10.51
 -61546.860   228.506    11.92   10.86
 -61177.316   234.572    16.42   11.10
 -60807.834   240.754    16.73    8.72
 -60438.413   245.410    12.60    6.97
 -60069.053   247.785     6.43    6.08
 -59699.754   249.901     5.73    5.76
 -59330.517   251.235     3.61    5.24
 -58961.341   253.491     6.11    4.97
 -58592.226   256.458     8.04    5.11
 -58223.172   259.545     8.36    5.11
 -57854.179   262.871     9.01    4.10
 -57485.247   265.383     6.81    2.78
 -57116.377   266.970     4.30    2.60
 -56747.567   267.932     2.61    2.72
 -56378.818   269.647     4.65    4.14
 -56010.130   273.012     9.13    6.09
 -55641.503   276.446     9.31    6.48
 -55272.937   275.467    -2.66   10.50
 -54904.432   265.923   -25.90   18.72
 -54535.988   255.790   -27.50   19.26
 -54167.604   252.816    -8.07   19.37
 -53799.281   254.519     4.62   20.08
 -53431.019   258.661    11.25   18.29
 -53062.818   261.625     8.05   16.80
 -52694.677   261.142    -1.31   16.56
 -52326.597   262.651     4.10   15.70
 -51958.577   269.274    18.00   14.35
 -51590.619   273.097    10.39   13.50
 -51222.720   279.484    17.36   11.22
 -50854.882   286.085    17.95    8.57
 -50487.105   291.455    14.60    6.01
 -50119.388   295.213    10.22    5.09
 -49751.731   298.730     9.57    4.16
 -49384.135   299.175     1.21    4.32
 -49016.599   292.235   -18.88   16.66
 -48649.124   281.975   -27.92   24.22
 -48281.709   268.702   -36.13   26.07
 -47914.354   255.131   -36.95   24.84
 -47536.259   242.624   -33.08   27.19
 -47156.489   225.299   -45.62   35.81
 -46776.785   193.149   -84.68   44.47
 -46397.145   169.796   -61.52   39.27
 -46017.571   146.585   -61.15   21.58
 -45638.061   138.910   -20.22   10.01
 -45258.616   139.329     1.10   12.96
 -44879.236   141.739     6.35   20.26
 -44499.920   145.767    10.62   24.65
 -44120.669   149.613    10.14   29.12
 -43741.483   151.047     3.78   32.15
 -43362.361   148.691    -6.21   29.65
 -42983.304   143.585   -13.47   20.96
 -42604.312   140.704    -7.60   14.77
 -42225.384   141.770     2.81   12.86
 -41846.521   144.806     8.01   14.32
 -41467.722   150.741    15.67   15.75
 -41088.987   158.780    21.23   15.37
 -40710.317   166.815    21.22   16.12
 -40331.711   174.927    21.43   15.21
 -39953.170   183.964    23.87   16.74
 -39574.692   190.972    18.52   17.78
 -39196.279   196.883    15.62   19.08
 -38817.931   197.344     1.22   23.14
 -38439.646   189.020   -22.01   25.10
 -38061.426   179.988   -23.88   23.68
 -37683.269   162.688   -45.75   25.24
 -37305.177   151.838   -28.70   30.86
 -36927.149   141.222   -28.08   35.77
 -36549.185   133.226   -21.16   31.99
 -36171.285   136.610     8.96   35.57
 -35793.449   147.734    29.44   44.06
 -35415.676   159.747    31.80   48.50
 -35037.968   162.694     7.80   48.55
 -34660.324   148.906   -36.51   47.19
 -34282.743   127.668   -56.25   34.73
 -33905.226   116.624   -29.26   26.14
 -33527.773   115.741    -2.34   33.55
 -33150.384   114.598    -3.03   36.30
 -32773.058   106.756   -20.78   30.94
 -32395.796   100.170   -17.46   15.24
 -32018.598   103.612     9.13   16.14
 -31641.463   110.266    17.64   20.27
 -31264.392   115.534    13.97   19.74
 -30887.384   119.732    11.14   19.91
 -30510.440   121.941     5.86   21.56
 -30133.559   120.732    -3.21   23.58
 -29756.742   119.835    -2.38   23.95
 -29379.988   119.175    -1.75   22.51
 -29003.298   123.485    11.44   20.55
 -28626.671   132.298    23.40   26.44
 -28250.107   137.835    14.70   36.43
 -27873.606   142.572    12.58   41.49
 -27497.169   152.688    26.87   45.95
 -27120.795   163.226    28.00   45.87
 -26744.484   177.099    36.87   45.70
 -26368.236   187.749    28.31   37.11
 -25992.052   192.429    12.44   26.68
 -25615.930   206.329    36.96   21.13
 -25239.871   220.377    37.36   24.20
 -24863.876   241.931    57.33   29.29
 -24487.943   256.967    40.00   27.49
 -24112.074   266.256    24.71   18.57
 -23736.267   261.261   -13.29   21.23
 -23360.523   241.481   -52.64   29.64
 -22984.843   220.120   -56.86   32.49
 -22609.225   203.066   -45.40   33.12
 -22233.669   188.350   -39.18   35.55
 -21858.177   179.204   -24.36   39.21
 -21482.747   167.326   -31.64   42.91
 -21107.380   145.015   -59.44   42.54
 -20732.076   125.464   -52.10   37.89
 -20356.834   108.722   -44.62   29.85
 -19981.655    91.319   -46.39   25.25
 -19606.538    73.457   -47.62   27.69
 -19231.484    51.468   -58.63   26.56
 -18856.492    34.481   -45.30   17.66
 -18481.563    18.775   -41.89   14.27
 -18106.697    12.053   -17.93   12.75
 -17731.893    15.689     9.70   18.65
 -17357.151    28.046    32.97   26.11
 -16982.471    48.739    55.23   25.38
 -16607.854    66.359    47.04   17.12
 -16233.299    83.522    45.82   15.90
 -15858.807    97.842    38.24   18.66
 -15484.376   118.111    54.13   27.96
 -15110.008   139.410    56.89   28.22
 -14735.702   157.151    47.40   23.77
 -14361.458   168.093    29.24   11.64
 -13987.276   166.888    -3.22    9.92
 -13613.157   158.221   -23.17   13.53
 -13239.099   148.247   -26.66   12.82
 -12865.103   139.364   -23.75   10.38
 -12491.170   131.460   -21.14    8.73
 -12117.298   124.153   -19.54    8.50
 -11743.488   116.393   -20.76    9.43
 -11369.740   107.991   -22.48    9.85
 -10996.054   100.351   -20.44    9.33
 -10622.430    94.559   -15.50    6.62
 -10248.867    90.852    -9.92    5.35
  -9875.366    88.040    -7.53    5.66
  -9501.927    86.053    -5.32    4.77
  -9128.550    83.506    -6.82    3.84
  -8755.234    81.414    -5.60    3.48
  -8381.980    80.256    -3.10    4.18
  -8008.788    79.866    -1.05    5.93
  -7635.657    78.845    -2.74    7.39
  -7262.588    76.429    -6.47    8.49
  -6889.580    71.375   -13.55    8.81
  -6516.634    65.572   -15.56    8.11
  -6143.749    59.533   -16.20    6.16
  -5770.925    55.546   -10.69    4.58
  -5398.163    53.507    -5.47    2.88
  -5025.462    53.252    -0.68    3.45
  -4652.823    55.367     5.68    4.33
  -4280.245    56.194     2.22    4.20
  -3907.728    55.047    -3.08    4.58
  -3535.272    52.383    -7.15    5.60
  -3162.878    48.416   -10.65    6.00
  -2790.545    43.910   -12.10    5.87
  -2418.273    39.993   -10.52    5.71
  -2046.062    35.658   -11.65    5.59
  -1673.912    30.954   -12.64    5.07
  -1301.823    28.257    -7.25    5.05
   -929.795    21.901   -17.08   11.33
   -557.828    13.850   -21.64   13.65
   -185.923     6.847   -18.83   12.66
    185.922     2.808   -10.86    9.43
    557.707     8.623    15.64   13.25
    929.430    15.197    17.69   13.90
   1301.092    22.235    18.93   10.07
   1672.694    25.819     9.65    4.32
   2044.234    26.730     2.45    2.30
   2415.714    27.305     1.55    2.24
   2787.134    27.822     1.39    1.80
   3158.492    27.870     0.13    1.65
   3529.790    27.559    -0.84    1.55
   3901.028    27.234    -0.87    1.60
   4272.204    27.737     1.35    1.74
   4643.321    27.748     0.03    2.13
   5014.376    27.041    -1.91    2.85
   5385.371    28.126     2.93    5.69
   5756.306    33.867    15.48   16.97
   6127.180    45.666    31.81   28.62
   6497.994    57.132    30.92   32.04
   6868.747    61.879    12.80   29.78
   7239.440    59.315    -6.92   25.28
   7610.073    52.414   -18.62   20.08
   7980.646    47.598   -13.00   13.76
   8351.158    47.732     0.36   11.21
   8721.610    55.931    22.13   17.07
   9092.001    73.315    46.93   28.54
   9462.333    95.957    61.14   41.87
   9832.604   131.454    95.87   58.82
  10202.816   169.495   102.76   74.09
  10572.967   219.652   135.50   80.29
  10943.058   259.375   107.33   74.79
  11313.089   291.375    86.48   49.89
  11683.060   307.026    42.30   29.42
  12052.971   311.638    12.47   25.26
  12422.823   311.927     0.78   22.16
  12792.614   315.138     8.68   21.41
  13162.345   315.867     1.97   19.71
  13532.017   307.906   -21.54   20.32
  13901.629   295.636   -33.19   19.65
  14271.181   281.212   -39.03   18.03
  14640.673   269.175   -32.58   15.13
  15010.105   257.664   -31.16   10.33
  15379.478   250.927   -18.24    7.08
  15748.791   245.359   -15.08    6.00
  16118.045   241.518   -10.40    6.35
  16487.238   239.359    -5.85    6.04
  16856.373   240.875     4.11    8.77
  17225.447   250.732    26.71   17.27
  17594.463   264.136    36.32   20.25
  17963.418   277.026    34.93   15.92
  18332.314   284.880    21.29   12.30
  18701.151   294.505    26.09   12.78
  19069.929   302.534    21.77   15.77
  19438.647   307.466    13.37   17.38
  19807.305   305.124    -6.35   22.29
  20175.904   299.666   -14.81   25.48
  20544.444   293.212   -17.51   25.83
  20912.925   281.518   -31.74   26.71
  21281.347   272.478   -24.54   23.95
  21649.709   266.679   -15.74   15.74
  22018.012   275.479    23.89   24.60
  22386.256   291.532    43.59   33.83
  22754.441   308.970    47.36   35.56
  23122.567   321.275    33.43   28.66
  23490.633   320.885    -1.06   27.87
  23858.641   310.336   -28.66   28.62
  24226.590   285.053   -68.71   33.86
  24594.480   265.156   -54.08   31.86
  24962.310   251.362   -37.50   22.82
  25330.082   246.531   -13.13   21.21
  25697.795   261.914    41.83   34.26
  26065.449   286.572    67.07   33.03
  26433.044   314.138    74.99   30.19
  26800.581   337.144    62.59   23.81
  27176.090   354.151    45.29   21.97
  27555.725   364.942    28.42   13.38
  27935.298   358.341   -17.39   18.93
  28314.807   336.717   -56.98   34.76
  28694.253   306.702   -79.10   42.85
  29073.636   273.626   -87.18   36.42
  29452.956   248.519   -66.19   23.62
  29832.213   232.841   -41.34   11.28
  30211.407   230.519    -6.12   12.06
  30590.538   237.559    18.57   22.52
  30969.606   251.037    35.56   28.48
  31348.611   273.292    58.72   40.38
  31727.553   295.201    57.81   42.47
  32106.432   313.452    48.17   40.02
  32485.249   328.005    38.41   27.95
  32864.003   331.585     9.45   19.63
  33242.693   332.346     2.01   14.87
  33621.322   336.292    10.42   12.70
  33999.887   346.390    26.67   17.19
  34378.390   356.897    27.76   16.90
  34756.830   361.598    12.42   21.85
  35135.208   354.065   -19.91   39.37
  35513.523   315.172  -102.80   67.12
  35891.776   269.997  -119.43   72.24
  36269.966   229.770  -106.36   57.39
  36648.093   205.312   -64.68   37.31
  37026.158   204.093    -3.22   39.33
  37404.161   212.372    21.90   42.18
  37782.101   220.362    21.14   37.97
  38159.979   223.014     7.02   33.03
  38537.795   226.533     9.31   28.30
  38915.548   226.325    -0.55   25.52
  39293.239   224.692    -4.32   22.73
  39670.868   223.205    -3.94   20.76
  40048.435   224.653     3.84   16.98
  40425.940   234.522    26.14   20.44
  40803.382   247.114    33.36   22.35
  41180.762   263.046    42.22   23.15
  41558.081   269.928    18.24   19.41
  41935.337   266.279    -9.67   22.17
  42312.531   259.032   -19.21   22.08
  42689.663   259.261     0.61   19.19
  43066.734   274.480    40.36   28.35
  43443.742   294.809    53.92   30.18
  43820.688   318.375    62.52   20.76
  44197.573   328.692    27.37   15.12
  44574.396   333.274    12.16   19.36
  44951.157   325.153   -21.55   26.42
  45327.856   306.944   -48.34   32.89
  45704.494   293.308   -36.20   29.61
  46081.070   286.047   -19.28   22.33
  46457.584   290.100    10.77   21.35
  46834.037   302.261    32.30   19.14
  47210.427   317.126    39.49   22.88
  47586.757   341.806    65.58   32.68
  47963.025   387.707   121.99   64.38
  48339.231   442.732   146.26   79.26
  48715.376   493.946   136.15   61.27
  49091.459   507.279    35.45   43.33
  49467.481   469.756   -99.78   76.23
  49843.442   391.914  -207.04  126.64
  50219.341   273.375  -315.34  160.42
  50595.179   184.039  -237.69  140.67
  50970.956   139.442  -118.67  101.43
  51346.671   160.120    55.03  106.73
  51722.325   243.496   221.94  125.12
  52097.918   339.211   254.83  100.38
  52473.450   410.406   189.57   82.17
  52848.920   463.406   141.15   63.77
  53224.330   497.230    90.10   59.85
  53599.678   525.626    75.65   43.85
  53974.965   531.786    16.41   35.42
  54350.192   516.518   -40.69   48.28
  54725.357   488.772   -73.95   58.87
  55100.461   457.045   -84.58   53.41
  55475.505   437.386   -52.42   36.25
  55850.487   432.375   -13.36   22.09
  56225.409   446.274    37.07   26.16
  56600.270   468.888    60.32   29.72
  56975.070   488.480    52.27   28.25
  57349.809   499.780    30.15   20.28
  57724.487   497.032    -7.33   18.05
  58099.105   474.124   -61.15   34.67
  58473.662   437.613   -97.47   49.11
  58848.158   379.347  -155.58   79.31
  59222.594   299.475  -213.30  100.08
  59596.969   221.783  -207.51   98.76
  59971.284   158.586  -168.82   55.64
  60345.538   144.375   -37.97   35.85
  60719.731   181.406    98.96   78.68
  61093.864   258.292   205.50  113.72
  61467.937   330.120   192.01  108.22
  61841.949   387.175   152.54   88.16
  62215.901   401.746    38.96   85.86
  62589.792   371.778   -80.15  100.72
  62963.623   311.531  -161.15  113.74
  63337.394   266.256  -121.12  102.68
  63711.104   248.519   -47.46   94.96
  64084.755   271.441    61.34  105.30
  64458.345   285.306    37.11   95.81
  64831.874   279.252   -16.20   70.77
  65205.344   262.862   -43.88   51.77
  65578.753   268.802    15.91   55.89
  65952.103   317.689   130.93   92.32
  66325.392   378.505   162.91   86.54
  66698.622   404.829    70.53   54.69
  67071.791   405.640     2.17   57.41
  67444.900   399.786   -15.69   67.43
  67817.950   400.850     2.85   67.86
  68190.939   422.967    59.29   61.72
  68563.869   448.301    67.93   54.01
  68936.738   453.919    15.07   52.02
  69309.548   452.872    -2.81   52.95
  69682.298   438.879   -37.54   58.96
  70054.988   410.158   -77.06   64.48
  70427.619   414.875    12.66   72.93
  70800.190   439.156    65.17   84.03
  71172.701   444.412    14.11   85.52
  71545.152   467.298    61.44   86.37
  71917.544   475.341    21.60   79.63
  72289.877   487.243    31.96   69.25
  72662.149   505.299    48.50   72.83
  73034.362   525.113    53.23   91.13
  73406.516   550.988    69.52  102.29
  73778.610   592.572   111.75   95.76
  74150.645   616.125    63.30   91.29
  74522.620   636.506    54.79   80.32
  74894.536   636.138    -0.99   84.89
  75266.392   618.772   -46.70   96.60
  75638.190   585.796   -88.69   82.43
  76009.927   591.177    14.48   72.54
  76381.606   588.906    -6.11   66.13
  76753.225   567.532   -57.51   72.46
  77124.785   553.066   -38.93   71.92
  77496.286   530.207   -61.53   57.53
  77867.728   552.397    59.73   87.40
  78239.111   591.704   105.83  104.05
  78610.434   621.586    80.47  109.39
  78981.699   640.835    51.85   93.37
  79352.904   635.664   -13.93   80.36
  79724.050   605.157   -82.19   85.31
  80095.138   560.942  -119.14   84.18
  80466.166   511.975  -131.97   69.63
  80837.136   466.156  -123.50   52.49
  81208.046   435.312   -83.15   48.67
  81578.898   420.613   -39.63   43.68
  81949.691   427.053    17.37   51.86
  82320.425   429.764     7.31   62.42
  82691.100   445.892    43.51   73.45
  83061.716   461.120    41.09   86.21
  83432.274   464.626     9.46   94.78
  83802.773   451.248   -36.10   91.55
  84173.213   418.226   -89.14   74.71
  84543.595   393.472   -66.83   63.18
  84913.918   365.266   -76.16   52.45
  85284.182   343.158   -59.70   45.99
  85654.388   332.746   -28.12   33.25
  86024.536   357.844    67.80   66.72
  86394.625   428.349   190.49  110.78
  86764.655   510.352   221.60   99.23
  87134.627   545.835    95.90   86.45
  87504.540   521.643   -65.40  124.41
  87874.395   439.079  -223.22  148.22
  88244.192   354.100  -229.78  104.56
  88613.931   315.897  -103.32   61.06
  88983.611   315.600    -0.80   62.89
  89353.232   324.906    25.17   78.35
  89722.796   338.017    35.47   95.33
  90092.301   359.479    58.08  115.69
  90461.748   380.044    55.66  127.33
  90831.137   416.319    98.19  130.99
  91200.468   419.586     8.85  117.92
  91569.741   416.783    -7.59  104.99
  91938.955   388.925   -75.44   80.22
  92308.112   375.704   -35.81   51.13
  92677.211   383.187    20.27   48.68
  93046.251   423.452   109.10   64.53
  93415.234   448.987    69.20   49.07
  93784.158   427.972   -56.96   67.88
  94153.025   399.729   -76.56   75.48
  94521.834   386.266   -36.50   73.23
  94890.585   392.372    16.56   87.67
  95259.278   401.172    23.87   86.13
  95627.913   406.102    13.37   76.19
  95996.490   399.783   -17.14   57.31
  96365.010   393.058   -18.25   41.26
  96733.472   393.743     1.86   30.57
  97101.877   402.294    23.21   23.98
  97470.223   414.639    33.51   27.67
  97838.512   441.656    73.35   45.48
  98206.744   482.679   111.40   67.38
  98574.917   536.656   146.59   76.59
  98943.034   584.431   129.77   73.40
  99311.092   625.031   110.30   61.47
  99679.094   649.809    67.33   51.43
 100047.037   670.933    57.41   43.80
 100414.924   706.479    96.61   55.98
 100782.753   751.079   121.24   69.37
 101150.524   818.172   182.42   85.29
 101518.238   887.172   187.63   77.03
 101891.388   950.875   170.70   75.15
 102270.891   999.278   127.53   52.73
 102650.333  1021.613    58.86   33.41
 103029.713  1028.641    18.52   22.58
 103409.031  1016.860   -31.06   24.80
 103788.288   995.113   -57.34   33.64
 104167.483   971.039   -63.48   43.34
 104546.618   948.342   -59.86   46.29
 104925.690   934.586   -36.29   49.99
 105304.702   931.397    -8.41   50.25
 105683.652   928.844    -6.74   43.75
 106062.541   907.466   -56.42   46.23
 106441.369   873.234   -90.35   52.33
 106820.135   849.159   -63.56   54.18
 107198.841   833.558   -41.19   53.36
 107577.485   846.014    32.89   56.05
 107956.068   869.261    61.40   52.10
 108334.590   887.951    49.37   45.62
 108713.051   903.079    39.97   28.59
 109091.451   906.248     8.37   20.27
 109469.790   902.572    -9.71   22.21
 109848.068   898.505   -10.75   28.89
 110226.286   902.027     9.31   32.64
 110604.442   906.489    11.80   32.13
 110982.537   912.243    15.22   25.82
 111360.572   908.764    -9.20   27.77
 111738.545   895.975   -33.83   37.02
 112116.458   866.243   -78.66   43.42
 112494.311   835.226   -82.08   48.96
 112872.102   788.199  -124.47   56.30
 113249.833   750.356  -100.17   52.05
 113627.503   730.261   -53.20   41.47
 114005.113   733.202     7.79   50.91
 114382.662   762.883    78.61   60.33
 114760.150   797.384    91.39   57.52
 115137.578   828.186    81.60   61.15
 115514.945   853.058    65.90   60.99
 115892.252   882.906    79.10   62.43
 116269.498   928.449   120.71   68.95
 116646.684   979.463   135.23   72.95
 117023.810  1033.956   144.48   63.37
 117400.875  1068.451    91.47   48.88
 117777.880  1085.342    44.80   50.70
 118154.825  1085.910     1.51   62.47
 118531.709  1076.978   -23.70   70.99
 118908.533  1075.175    -4.78   68.91
 119285.297  1076.172     2.65   59.79
 119662.001  1092.629    43.68   49.56
 120038.644  1110.679    47.92   43.51
 120415.228  1120.798    26.87   34.35
 120791.751  1106.612   -37.67   41.34
 121168.214  1068.709  -100.67   60.81
 121544.618  1039.441   -77.75   61.15
 121920.961  1035.680    -9.99   64.01
 122297.244  1053.256    46.70   71.58
 122673.467  1079.991    71.05   58.23
 123049.631  1082.978     7.94   53.93
 123425.734  1073.018   -26.48   57.83
 123801.778  1076.978    10.53   59.15
 124177.762  1092.927    42.42   52.21
 124553.686  1099.312    16.98   46.92
 124929.550  1068.283   -82.55   63.96
 125305.354  1022.783  -121.06   59.12
 125681.099   986.692   -96.04   51.51
 126056.784   964.375   -59.40   58.23
 126432.410   944.666   -52.47   75.06
 126807.976   923.868   -55.37   83.21
 127183.482   893.039   -82.09   85.96
 127558.928   856.175   -98.18   77.09
 127934.315   838.126   -48.07   72.39
 128309.643   827.464   -28.40   72.10
 128684.911   823.397   -10.84   72.74
 129060.120   809.207   -37.81   74.23
 129435.269   791.476   -47.26   63.58
 129810.359   785.997   -14.61   57.50
 130185.389   813.350    72.93   78.43
 130560.360   869.874   150.72   77.25
 130935.272   901.120    83.33   60.68
 131310.125   913.666    33.46   67.50
 131684.918   909.501   -11.11   71.64
 132059.652   884.652   -66.30   77.75
 132434.327   838.210  -123.94   97.19
 132808.942   793.119  -120.35   86.77
 133183.499   769.201   -63.85   71.56
 133557.996   787.356    48.47   82.04
 133932.435   836.038   130.00   75.34
 134306.814   863.161    72.44   62.72
 134681.134   851.559   -30.99   56.90
 135055.396   822.451   -77.77   72.71
 135429.598   786.202   -96.86   81.86
 135803.741   740.437  -122.31   78.95
 136177.826   696.559  -117.28   71.32
 136551.851   658.805  -100.93   64.41
 136925.818   618.052  -108.96   62.64
 137299.726   578.392  -106.06   53.42
 137673.575   567.572   -28.94   42.45
 138047.365   576.257    23.23   50.34
 138421.097   603.412    72.65   54.53
 138794.770   637.347    90.80   57.72
 139168.384   665.092    74.25   65.68
 139541.940   707.114   112.48   74.77
 139915.436   755.628   129.88   79.04
 140288.875   825.447   186.94  100.17
 140662.255   932.113   285.64  126.37
 141035.576  1015.750   224.01   95.00
 141408.838  1054.186   102.96   67.82
 141782.043  1055.572     3.72   78.19
 142155.188  1016.959  -103.47   88.31
 142528.276   952.167  -173.64   94.44
 142901.305   922.734   -78.89   88.17
 143274.275   917.380   -14.35   84.40
 143647.187   941.748    65.34   88.44
 144020.041   970.791    77.89   67.32
 144392.837   963.832   -18.66   85.70
 144765.574   922.586  -110.65  100.85
 145138.253   879.339  -116.03  101.80
 145510.874   842.266   -99.48  107.80
 145883.437   806.225   -96.72  117.79
 146255.941   784.032   -59.57  117.96
 146628.388   770.808   -35.50  122.59
 147000.776   774.897    10.98  122.35
 147373.106   809.417    92.70  109.02
 147745.378   813.234    10.25   86.61
 148117.593   798.587   -39.35   73.20
 148489.749   750.613  -128.89   83.58
 148861.847   688.646  -166.51   62.83
 149233.888   629.639  -158.58   73.45
 149605.870   580.352  -132.48   63.23
 149977.795   566.772   -36.51   54.64
 150349.661   577.355    28.45   68.51
 150721.470   632.892   149.35   91.01
 151093.221   701.601   184.80   82.06
 151464.915   743.734   113.34   73.54
 151836.550   759.672    42.88   64.87
 152208.128   727.764   -85.86   87.03
 152579.648   658.150  -187.35  105.83
 152951.111   598.285  -161.14   88.84
 153322.516   568.953   -78.97   67.13
 153693.863   584.846    42.79   87.86
 154065.153   631.938   126.82   94.09
 154436.385   653.668    58.53   77.25
 154807.560   630.392   -62.70   86.99
 155178.677   586.559  -118.09   87.23
 155549.737   537.175  -133.07   54.82
 155920.739   519.261   -48.28   29.77
 156291.684   535.257    43.12   39.94
 156662.572   562.737    74.08   49.05
 157033.402   601.367   104.16   55.59
 157404.175   627.378    70.14   58.60
 157774.890   635.099    20.83   68.28
 158145.549   633.737    -3.68   72.50
 158516.150   620.721   -35.12   60.60
 158886.694   613.464   -19.58   47.12
 159257.180   619.829    17.18   47.98
 159627.610   629.723    26.71   47.93
 159997.982   633.397     9.92   41.87
 160368.298   625.156   -22.25   34.88
 160738.556   623.819    -3.61   26.05
 161108.757   637.294    36.40   32.49
 161478.901   666.870    79.89   48.73
 161848.988   696.683    80.55   52.69
 162219.018   727.937    84.45   46.77
 162588.991   745.150    46.52   52.47
 162958.908   744.140    -2.73   56.61
 163328.767   744.629     1.32   52.07
 163698.569   748.302     9.93   43.38
 164068.315   768.840    55.54   54.35
 164438.004   812.399   117.81   75.29
 164807.636   863.344   137.81   70.47
 165177.211   912.706   133.54   63.79
 165546.730   951.015   103.66   57.13
 165916.192   987.012    97.42   52.12
 166285.597  1017.703    83.07   46.51
 166654.946  1055.332   101.87   53.21
 167024.237  1100.993   123.62   51.41
 167393.473  1140.972   108.26   48.71
 167762.652  1166.072    67.98   32.87
 168131.774  1162.066   -10.85   40.61
 168500.839  1139.087   -62.25   53.52
 168869.849  1113.732   -68.70   49.33
 169238.801  1096.150   -47.65   39.41
 169607.698  1110.505    38.91   43.54
 169976.538  1127.600    46.34   43.75
 170345.321  1137.532    26.93   45.42
 170714.048  1122.333   -41.21   55.25
 171082.719  1117.924   -11.96   52.52
 171451.334  1109.262   -23.49   56.54
 171819.892  1114.761    14.92   58.10
 172188.394  1115.882     3.04   59.59
 172556.840  1115.897     0.04   54.28
 172925.229  1110.281   -15.24   44.51
 173293.563  1108.572    -4.64   36.29
 173661.840  1115.489    18.78   35.59
 174030.061  1117.586     5.69   33.77
 174398.226  1127.711    27.50   32.73
 174766.335  1133.350    15.32   32.31
 175134.388  1150.767    47.31   37.51
 175502.385  1165.558    40.19   45.43
 175870.326  1176.794    30.53   43.71
 176238.211  1183.079    17.08   38.37
 176609.209  1194.114    29.74   32.07
 176988.585  1207.531    35.36   37.99
 177367.902  1228.725    55.87   38.21
 177747.159  1250.159    56.51   43.49
 178126.356  1274.723    64.77   44.74
 178505.493  1282.038    19.29   36.96
 178884.570  1276.435   -14.78   38.49
 179263.588  1259.383   -44.98   45.56
 179642.545  1237.132   -58.71   40.13
 180021.444  1218.156   -50.08   42.47
 180400.282  1235.107    44.74   44.72
 180779.061  1246.868    31.04   35.92
 181157.780  1250.531     9.67   32.96
 181536.440  1240.975   -25.23   40.01
 181915.040  1226.946   -37.05   45.74
 182293.580  1219.463   -19.76   53.89
 182672.061  1212.887   -17.37   53.79
 183050.483  1191.113   -57.53   55.34
 183428.845  1168.517   -59.71   52.44
 183807.147  1162.692   -15.40   45.50
 184185.391  1172.248    25.26   52.52
 184563.575  1203.822    83.47   53.57
 184941.699  1225.192    56.51   39.11
 185319.764  1224.668    -1.39   35.73
 185697.771  1220.629   -10.68   36.54
 186075.717  1202.252   -48.61   39.01
 186453.605  1185.285   -44.89   41.11
 186831.433  1167.106   -48.10   37.89
 187209.203  1143.870   -61.50   38.12
 187586.913  1115.156   -76.01   44.56
 187964.564  1079.059   -95.57   50.07
 188342.156  1054.445   -65.17   39.81
 188719.688  1033.791   -54.70   39.57
 189097.162  1020.529   -35.13   36.34
 189474.577  1011.860   -22.97   36.64
 189851.933  1000.544   -29.98   38.23
 190229.230   981.386   -50.77   38.91
 190606.468   964.504   -44.74   29.11
 190983.647   959.915   -12.16   27.36
 191360.768   973.846    36.94   39.59
 191737.829  1001.517    73.37   46.84
 192114.832  1036.167    91.89   47.72
 192491.776  1067.458    83.00   44.18
 192868.662  1085.600    48.13   31.45
 193245.488  1082.703    -7.69   37.31
 193622.256  1048.829   -89.89   55.64
 193998.965  1010.964  -100.50   51.43
 194375.616   991.065   -52.82   41.04
 194752.208   971.122   -52.95   29.21
 195128.741   971.239     0.31   35.64
 195505.216   978.253    18.63   40.54
 195881.633   976.750    -3.99   42.52
 196257.991   967.545   -24.46   42.00
 196634.290   955.114   -33.03   37.91
 197010.531   944.832   -27.32   32.33
 197386.714   937.503   -19.48   20.38
 197762.838   940.410     7.73   18.27
 198138.904   952.102    31.08   25.30
 198514.912   971.005    50.26   36.61
 198890.861   994.028    61.23   37.65
 199266.752  1010.829    44.69   33.86
 199642.585  1029.587    49.90   36.78
 200018.360  1039.654    26.79   40.66
 200394.076  1060.225    54.74   46.25
 200769.735  1069.312    24.19   39.19
 201145.335  1068.517    -2.12   34.62
 201520.877  1066.656    -4.95   30.64
 201896.361  1043.928   -60.52   33.72
 202271.787  1013.755   -80.36   49.59
 202647.155   968.394  -120.82   67.02
 203022.465   918.672  -132.46   64.16
 203397.717   893.234   -67.78   53.64
 203772.911   875.337   -47.69   51.37
 204148.048   864.106   -29.93   48.77
 204523.126   858.219   -15.69   41.46
 204898.147   838.451   -52.70   39.63
 205273.109   807.013   -83.83   42.57
 205648.014   778.161   -76.94   39.12
 206022.862   752.488   -68.48   28.75
 206397.651   737.298   -40.52   24.97
 206772.383   723.211   -37.59   33.22
 207147.057   704.161   -50.83   37.12
 207521.673   697.106   -18.83   47.75
 207896.232   699.826     7.26   59.96
 208270.733   709.394    25.55   71.68
 208645.177   717.671    22.10   72.73
 209019.563   721.901    11.30   68.27
 209393.891   720.311    -4.25   62.02
 209768.162   716.248   -10.85   54.49
 210142.376   713.234    -8.05   45.95
 210516.532   693.239   -53.43   40.94
 210890.631   668.396   -66.40   48.26
 211264.672   630.532  -101.21   58.69
 211638.656   601.790   -76.84   40.70
 212012.583   601.802     0.03   37.46
 212386.452   621.600    52.95   52.50
 212760.265   650.794    78.08   55.76
 213134.020   672.896    59.12   44.01
 213507.717   690.654    47.51   38.18
 213881.358   713.417    60.91   43.41
 214254.941   753.305   106.75   59.83
 214628.467   800.892   127.38   54.54
 215001.936   821.711    55.74   39.81
 215375.348   824.642     7.85   33.33
 215748.703   809.276   -41.15   32.00
 216122.001   770.586  -103.62   43.42
 216495.242   740.291   -81.15   49.82
 216868.426   719.392   -55.99   38.64
 217241.553   717.717    -4.49   32.32
 217614.623   740.961    62.29   41.02
 217987.636   780.410   105.74   45.00
 218360.592   817.699    99.96   53.42
 218733.492   864.906   126.57   66.20
 219106.334   906.281   110.95   73.40
 219479.120   937.544    83.85   71.51
 219851.849   922.613   -40.05   70.15
 220224.522   888.947   -90.32   69.52
 220597.137   869.802   -51.37   56.28
 220969.696   882.928    35.23   80.49
 221342.198   940.836   155.43  108.16
 221714.644  1018.216   207.72   95.94
 222087.033  1063.846   122.51   62.79
 222459.366  1059.764   -10.96   64.55
 222831.642  1006.169  -143.94   88.06
 223203.861   927.819  -210.45   88.24
 223576.024   868.642  -158.98   78.83
 223948.130   831.336  -100.24   65.98
 224320.180   810.854   -55.04   56.42
 224692.174   810.933     0.21   56.63
 225064.111   822.840    32.01   49.77
 225435.992   846.288    63.04   38.83
 225807.816   864.630    49.32   32.22
 226179.584   858.356   -16.87   43.11
 226551.296   828.543   -80.19   67.43
 226922.952   784.719  -117.89   67.23
 227294.551   754.881   -80.28   47.18
 227666.095   787.986    89.08   87.18
 228037.582   849.308   165.04  107.96
 228409.012   919.207   188.15   90.66
 228780.387   940.955    58.55   66.48
 229151.706   885.653  -148.90  109.43
 229522.968   789.790  -258.16  127.30
 229894.175   690.627  -267.08  105.34
 230265.325   621.488  -186.25   55.36
 230636.420   604.243   -46.46   30.15
 231007.458   619.164    40.20   40.73
 231378.441   647.243    75.67   45.91
 231749.367   677.136    80.57   44.33
 232120.238   699.878    61.31   47.23
 232491.053   730.981    83.86   54.38
 232861.812   771.148   108.31   60.11
 233232.515   808.417   100.52   45.55
 233603.163   824.378    43.05   26.53
 233973.754   829.586    14.05   17.78
 234344.290   824.107   -14.78   15.10
 234714.770   816.072   -21.68   13.73
 235085.195   811.114   -13.38   18.33
 235455.564   796.489   -39.48   31.08
 235825.877   775.003   -58.01   40.83
 236196.135   736.142  -104.93   52.61
 236566.337   696.114  -108.10   46.96
 236936.483   672.422   -63.99   28.67
 237306.574   672.461     0.11   34.30
 237676.609   686.383    37.62   44.60
 238046.589   703.372    45.91   46.46
 238416.514   707.298    10.61   40.93
 238786.383   712.079    12.92   37.15
 239156.197   726.781    39.74   41.27
 239525.955   747.044    54.79   42.87
 239895.658   767.896    56.39   38.07
 240265.305   786.929    51.48   35.21
 240634.898   806.169    52.05   39.75
 241004.435   830.558    65.98   49.05
 241373.916   865.613    94.86   53.07
 241743.343   897.646    86.69   39.56
 242112.714   903.775    16.59   30.93
 242482.031   895.308   -22.92   34.18
 242851.292   872.626   -61.41   35.15
 243220.497   864.087   -23.12   31.03
 243589.648   896.666    88.23   68.45
 243958.744   957.852   165.74   96.10
 244327.785  1002.492   120.94   78.22
 244696.770  1026.845    65.98   52.19
 245065.701  1012.186   -39.73   50.39
 245434.577   993.118   -51.68   37.95
 245803.398   992.372    -2.02   47.76
 246172.163   985.930   -17.46   57.14
 246540.874   985.126    -2.18   61.10
 246909.530   981.072   -10.99   58.81
 247278.132   995.870    40.14   55.42
 247646.678  1019.308    63.58   50.79
 248015.170  1049.518    81.97   51.04
 248383.607  1075.455    70.38   35.02
 248751.989  1080.781    14.45   29.70
 249120.316  1073.181   -20.63   34.69
 249488.589  1058.079   -41.00   34.22
 249856.807  1038.287   -53.74   36.14
 250224.970  1021.107   -46.65   39.45
 250593.079  1001.415   -53.48   44.64
 250961.133   987.258   -38.46   53.21
 251330.190   976.858   -28.17   67.70
 251709.441   962.153   -38.76   81.07
 252088.633   928.447   -88.87   87.85
 252467.767   884.953  -114.70   93.77
 252846.842   827.586  -151.30   88.17
 253225.859   771.530  -147.87   69.71
 253604.818   723.489  -126.74   40.89
 253983.719   697.891   -67.54   21.48
 254362.562   699.032     3.01   22.97
 254741.346   718.175    50.53   39.07
 255120.073   757.545   103.93   51.50
 255498.741   805.687   127.10   49.30
 255877.351   847.586   110.64   52.27
 256255.904   893.600   121.52   54.68
 256634.398   926.699    87.43   52.54
 257012.834   962.449    94.45   48.19
 257391.213   974.741    32.48   40.32
 257769.533   948.302   -69.87   68.57
 258147.796   895.572  -139.37   92.85
 258526.001   831.759  -168.69   80.93
 258904.147   790.234  -109.79   43.53
 259282.237   798.572    22.05   60.31
 259660.268   836.387   100.01   83.87
 260038.241   866.128    78.67   82.78
 260416.157   882.220    42.57   75.97
 260794.016   868.628   -35.96   78.50
 261171.816   831.079   -99.36   84.14
 261549.559   787.858  -114.39   79.51
 261927.244   746.315  -109.97   54.57
 262304.872   735.352   -29.03   36.55
 262682.442   745.401    26.61   46.40
 263059.955   777.744    85.65   63.96
 263437.410   806.120    75.16   71.64
 263814.807   841.544    93.84   75.11
 264192.147   872.701    82.55   68.37
 264569.430   899.023    69.75   56.48
 264946.655   917.697    49.49   37.50
 265323.823   921.417     9.86   28.44
 265700.934   916.658   -12.62   33.87
 266077.987   912.572   -10.83   36.81
 266454.983   915.263     7.14   39.28
 266831.922   945.079    79.08   54.63
 267208.804   996.528   136.48   69.50
 267585.628  1064.189   179.51   87.05
 267962.395  1126.487   165.31   74.01
 268339.105  1147.517    55.81   57.44
 268715.758  1124.150   -62.03   87.43
 269092.354  1065.503  -155.69  104.54
 269468.893   980.378  -226.02   93.34
 269845.374   919.601  -161.40   77.95
 270221.799   868.156  -136.64   67.31
 270598.166   826.369  -111.00   44.07
 270974.477   801.038   -67.30   35.37
 271350.731   784.116   -44.96   22.74
 271726.928   787.107     7.95   21.32
 272103.068   801.387    37.95   28.52
 272479.151   825.669    64.55   33.38
 272855.177   842.600    45.01   26.86
 273231.146   835.447   -19.02   33.72
 273607.059   809.614   -68.70   44.84
 273982.915   774.938   -92.24   41.18
 274358.714   739.868   -93.30   32.10
 274734.457   715.896   -63.78   26.69
 275110.142   692.322   -62.73   24.38
 275485.772   675.369   -45.12   14.37
 275861.344   668.342   -18.71   12.09
 276236.860   668.028    -0.84   17.85
 276612.319   672.180    11.06   23.51
 276987.722   679.572    19.69   28.96
 277363.068   688.928    24.92   31.72
 277738.358   706.572    47.00   35.58
 278113.592   730.216    63.00   42.87
 278488.769   756.833    70.93   39.22
 278863.889   775.253    49.09   29.34
 279238.953   779.975    12.59   25.03
 279613.961   764.713   -40.69   37.68
 279988.912   736.262   -75.86   46.47
 280363.807   708.258   -74.68   44.04
 280738.646   674.671   -89.58   37.93
 281113.429   647.528   -72.40   34.41
 281488.155   630.993   -44.12   31.50
 281862.825   622.366   -23.02   19.85
 282237.439   630.672    22.17   23.76
 282611.997   649.558    50.41   24.60
 282986.499   664.629    40.23   20.47
 283360.944   673.769    24.41   16.66
 283735.334   680.058    16.79   25.78
 284109.667   689.840    26.12   38.07
 284483.945   696.156    16.87   41.35
 284858.166   696.072    -0.22   44.23
 285232.332   674.953   -56.43   58.77
 285606.441   628.378  -124.46   74.23
 285980.495   577.544  -135.87   74.67
 286354.493   530.805  -124.94   64.50
 286728.435   490.572  -107.56   48.35
 287102.321   449.586  -109.59   54.49
 287476.151   418.632   -82.78   49.34
 287849.925   390.079   -76.37   39.15
 288223.644   376.249   -37.00   29.93
 288597.307   379.336     8.26   29.59
 288970.914   376.572    -7.40   27.35
 289344.466   384.291    20.66   31.28
 289717.962   401.319    45.58   40.20
 290091.402   422.697    57.23   45.37
 290464.787   447.164    65.51   33.62
 290838.116   458.924    31.49   32.37
 291211.389   477.431    49.57   39.46
 291584.607   495.600    48.67   46.97
 291957.770   510.725    40.52   40.26
 292330.877   517.401    17.89   36.25
 292703.928   513.530   -10.37   29.16
 293076.924   512.544    -2.64   25.31
 293449.865   517.326    12.82   23.20
 293822.750   528.572    30.15   21.05
 294195.580   546.099    47.00   25.45
 294568.355   567.012    56.08   27.77
 294941.074   592.132    67.38   33.82
 295313.738   616.845    66.30   34.93
 295686.347   646.883    80.59   43.36
 296058.901   677.675    82.63   42.47
 296431.399   712.128    92.47   48.17
 296803.842   750.268   102.38   51.30
 297176.230   786.333    96.82   58.68
 297548.563   828.262   112.58   59.03
 297920.841   869.192   109.91   68.05
 298293.064   920.741   138.45   70.11
 298665.232   952.854    86.26   56.84
 299037.344   965.854    34.93   36.40
 299409.402   953.358   -33.58   44.54
 299781.405   918.128   -94.68   56.11
 300153.353   882.769   -95.04   59.25
 300525.245   846.023   -98.78   58.43
 300897.083   814.848   -83.82   59.35
 301268.867   767.211  -128.10   63.70
 301640.595   732.615   -93.04   59.17
 302012.268   703.910   -77.21   50.46
 302383.887   682.593   -57.35   52.04
