# NaN NaN NaN ;Mean Elev.(m), Avg Gradient(m/km), RMS Gradient(m/km) - SRTM1     
#   44.063   0.482   2.141 ;Mean Elev.(m), Avg Gradient(m/km), RMS Gradient(m/km) - ASTER GDEM
#   33.000   0.622   4.833 ;Mean Elev.(m), Avg Gradient(m/km), RMS Gradient(m/km) - GMTED2010 
  7    60.637 52445.51388650 53.67 127.061047  64.130721 23.901
  7    60.667 52445.51388714 52.62 127.058247  64.133841 23.901
  7    60.694 52445.51388907 51.92 127.049814  64.143202 15.282
  7    60.650 52445.51388972 51.77 127.047004  64.146322 15.282
  7    60.568 52445.51389036 54.11 127.044194  64.149432 15.282
  8    59.658 52480.51387787 51.55 127.072236  64.129220 36.712
  8    59.473 52480.51387852 34.79 127.069436  64.132340 36.712
  8    59.171 52480.51387916 32.77 127.066626  64.135460 36.712
  8    59.311 52480.51388045 30.87 127.061008  64.141703 22.116
  8    59.221 52480.51388110 30.50 127.058198  64.144813 22.116
  8    59.371 52480.51388174 33.25 127.055388  64.147933 22.116
  9    58.259 52515.51382551 53.02 127.097188  64.122029 30.134
  9    58.237 52515.51382615 50.35 127.094388  64.125149 30.134
  9    58.184 52515.51382680 52.98 127.091578  64.128269 30.134
  9    58.293 52515.51382744 51.38 127.088768  64.131389 30.134
  9    58.707 52515.51382808 49.57 127.085961  64.134506 22.189
  9    59.374 52515.51382873 30.65 127.083161  64.137626 22.189
 10    58.190 52550.51387507 48.49 127.055513  64.132146 23.730
 10    58.060 52550.51387571 51.15 127.052703  64.135266 23.730
 10    57.942 52550.51387765 37.05 127.044273  64.144626 23.730
 10    57.783 52550.51387829 40.79 127.041463  64.147746 23.730
 11    57.783 52585.51384800 36.58 127.086975  64.127028 15.121
 11    57.714 52585.51384865 38.63 127.084165  64.130148 15.121
 11    57.921 52585.51384929 32.26 127.081355  64.133268 15.121
 11    57.647 52585.51384994 29.64 127.078555  64.136388 15.121
 12    57.889 52620.51382975 22.86 127.084797  64.127825  4.843
 12    58.156 52620.51383039 20.80 127.081997  64.130945  4.843
 12    58.772 52620.51383104 20.49 127.079187  64.134065  4.843
 12    59.039 52620.51383168 19.39 127.076377  64.137185  4.843
 12    59.835 52620.51383233 18.53 127.073567  64.140305  4.843
 15    63.030 52725.51385770 11.28 127.076288  64.127668  2.234
 15    61.691 52725.51385834 11.37 127.073478  64.130788  2.234
 15    68.445 52725.51385899 11.54 127.070671  64.133910  2.868
 15    59.698 52725.51385963 12.31 127.067861  64.137030  2.868
 15    71.933 52725.51386028 12.29 127.065051  64.140150  2.868
 15    73.251 52725.51386092 12.37 127.062241  64.143270  2.868
 15    74.523 52725.51386157 11.88 127.059431  64.146380  2.868
 16    62.557 52760.51387547  5.63 127.075552  64.128302  3.944
 16    66.947 52760.51387611  5.03 127.072742  64.131422  3.944
 16    68.665 52760.51387676  5.50 127.069942  64.134542  3.944
 16    70.031 52760.51387740  5.58 127.067132  64.137662  3.944
 16    72.213 52760.51387805  5.85 127.064322  64.140782  3.944
 16    73.475 52760.51387869  4.93 127.061512  64.143902  3.944
 16    74.226 52760.51387934  5.23 127.058700  64.147025  2.605
 17    62.543 52795.51383320 50.02 127.068053  64.130029 27.426
 17    62.480 52795.51383384 53.41 127.065243  64.133149 27.426
 17    62.588 52795.51383578 51.70 127.056808  64.142507 13.179
 17    62.561 52795.51383642 51.70 127.053998  64.145627 13.179
 17    62.530 52795.51383707 51.67 127.051178  64.148747 13.179
 18    60.816 52830.51389954 53.40 127.070119  64.128862 38.493
 18    60.783 52830.51390019 50.68 127.067309  64.131982 38.493
 18    60.749 52830.51390083 51.37 127.064499  64.135102 38.493
 18    60.730 52830.51390212 52.47 127.058885  64.141339 18.907
 18    60.686 52830.51390277 52.71 127.056065  64.144459 18.907
 18    60.666 52830.51390341 52.15 127.053255  64.147579 18.907
 19    62.901 52865.51394279 21.06 127.081039  64.126692 25.836
 19    58.993 52865.51394344 21.68 127.078229  64.129812 25.836
 19    59.024 52865.51394408 23.49 127.075419  64.132932 25.836
 19    59.099 52865.51394473 23.95 127.072609  64.136052 25.836
 19    59.093 52865.51394537 29.74 127.069799  64.139172 25.836
 19    59.075 52865.51394601 31.65 127.066989  64.142292 25.836
 20    58.989 52900.51397182 37.82 127.079843  64.127781 36.127
 20    58.865 52900.51397246 35.74 127.077033  64.130901 36.127
 20    58.712 52900.51397311 32.02 127.074223  64.134021 36.127
 20    58.853 52900.51397375 35.07 127.071413  64.137141 36.127
 20    58.908 52900.51397440 38.25 127.068613  64.140261 36.127
 21    57.785 52935.51391337 30.08 127.088725  64.126192 14.123
 21    57.718 52935.51391402 29.63 127.085925  64.129312 14.123
 21    57.717 52935.51391466 29.26 127.083115  64.132432 14.123
 21    57.975 52935.51391531 29.84 127.080305  64.135552 14.123
 22    62.450 52970.51393532 16.63 127.066752  64.130609  3.804
 22    60.642 52970.51393596 17.62 127.063952  64.133729  3.804
 22    74.947 52970.51393790 18.84 127.055512  64.143089  3.804
 22    76.501 52970.51393854 18.60 127.052702  64.146209  3.804
 22    77.677 52970.51393919 17.33 127.049892  64.149329  3.804
 23    61.761 53005.51395110 12.60 127.068228  64.131306  2.722
 23    70.600 53005.51395174 12.90 127.065418  64.134426  2.722
 23    60.451 53005.51395303 15.06 127.059804  64.140666  3.359
 23    74.246 53005.51395368 14.21 127.056994  64.143786  3.359
 23    76.272 53005.51395432 13.19 127.054184  64.146906  3.359
 24    60.228 53040.51390200 12.20 127.054449  64.132238  2.298
 24    59.904 53040.51390264 12.84 127.051640  64.135355  3.973
 24    60.675 53040.51390457 13.96 127.043200  64.144715  3.973
 24    76.009 53040.51390522 11.84 127.040390  64.147825  3.973
 25   402.136 53075.51393317 10.26 127.076214  64.128515  2.243
 25   400.965 53075.51393381 10.60 127.073411  64.131630  3.706
 25   400.980 53075.51393445 11.87 127.070601  64.134750  3.706
 25   409.616 53075.51393510 11.84 127.067791  64.137870  3.706
 25   400.423 53075.51393574 12.62 127.064981  64.140990  3.706
 25   412.676 53075.51393639 12.13 127.062171  64.144110  3.706
 26    59.786 53110.51390495 10.04 127.051547  64.134085  3.679
 26    74.848 53110.51390753 10.66 127.040297  64.146565  3.679
 26    75.648 53110.51390818 10.84 127.037487  64.149685  3.679
 27    57.963 53145.51394638 47.90 127.065753  64.132052 27.184
 27    58.169 53145.51394702 49.72 127.062943  64.135172 27.184
 27    58.170 53145.51394831 42.58 127.057323  64.141412 27.184
 27    58.009 53145.51394896 44.26 127.054513  64.144532 27.184
 27    57.879 53145.51394960 50.31 127.051703  64.147652 27.184
 28    62.994 53180.51395546 25.69 127.080984  64.126929 24.895
 28    62.898 53180.51395610 24.23 127.078184  64.130049 24.895
 28    62.754 53180.51395675 24.17 127.075374  64.133169 24.895
 28    63.207 53180.51395739 23.88 127.072564  64.136289 24.895
 28    63.496 53180.51395804 23.43 127.069754  64.139409 24.895
 28    63.500 53180.51395868 24.61 127.066944  64.142529 24.895
 29    59.477 53215.51397861 24.46 127.072502  64.130350 26.190
 29    59.230 53215.51397925 23.77 127.069692  64.133470 26.190
 29    59.356 53215.51397990 25.40 127.066882  64.136590 26.190
 29    61.865 53215.51398054 30.85 127.064082  64.139710 26.190
 29    59.253 53215.51398119 31.73 127.061266  64.142831 22.871
 29    59.212 53215.51398183 34.72 127.058456  64.145951 22.871
 29    59.043 53215.51398247 38.09 127.055646  64.149071 22.871
 30    58.738 53250.51395162 23.63 127.088278  64.125023 25.956
 30    58.844 53250.51395226 27.47 127.085468  64.128143 25.956
 30    58.639 53250.51395291 30.26 127.082658  64.131263 25.956
 30    58.815 53250.51395355 30.88 127.079858  64.134383 25.956
 30    58.852 53250.51395419 35.39 127.077048  64.137503 25.956
 31    63.036 53285.51394861 25.82 127.055190  64.132314 20.860
 31    62.393 53285.51394925 25.49 127.052380  64.135434 20.860
 31    59.151 53285.51395118 26.39 127.043945  64.144789 10.765
 31    62.065 53285.51395183 25.24 127.041135  64.147909 10.765
 32    58.539 53320.51392785 19.24 127.081082  64.128196  5.139
 32    58.963 53320.51392850 18.92 127.078272  64.131316  5.139
 32    58.675 53320.51392914 20.51 127.075462  64.134436  5.139
 32    58.684 53320.51392979 20.52 127.072662  64.137556  5.139
 32    58.971 53320.51393043 19.69 127.069852  64.140676  5.139
 33    61.493 53355.51389482 11.65 127.098707  64.121114  3.253
 33    62.179 53355.51389547 11.91 127.095907  64.124234  3.253
 33    62.291 53355.51389611 11.33 127.093097  64.127354  3.253
 33    61.809 53355.51389676 11.37 127.090297  64.130474  3.253
 33    60.774 53355.51389740 12.35 127.087487  64.133594  3.253
 33    60.904 53355.51389804 12.00 127.084677  64.136714  3.253
 34    59.311 53390.51390739 11.86 127.059208  64.132161  2.813
 34    58.646 53390.51390803 12.35 127.056398  64.135281  2.813
 34    60.095 53390.51390997 13.18 127.047958  64.144631  2.813
 34    75.614 53390.51391061 12.59 127.045151  64.147755  3.458
 35    62.773 53425.51390252 10.26 127.088765  64.124894  3.248
 35    62.634 53425.51390316 10.46 127.085965  64.128014  3.248
 35    62.568 53425.51390381 11.00 127.083155  64.131134  3.248
 35    61.044 53425.51390445 11.61 127.080345  64.134254  3.248
 35    60.289 53425.51390510 13.07 127.077535  64.137374  3.248
 36    61.406 53460.51391137  9.02 127.069352  64.129521  2.354
 36    61.066 53460.51391201 10.00 127.066542  64.132641  2.354
 36    59.683 53460.51391266 10.21 127.063732  64.135761  2.354
 36    59.614 53460.51391395 11.49 127.058111  64.141997  3.369
 36    73.834 53460.51391459 11.03 127.055301  64.145117  3.369
 36    74.976 53460.51391524 11.66 127.052481  64.148237  3.369
 37    58.850 53495.51399490 44.35 127.061682  64.132022 24.223
 37    58.761 53495.51399554 43.68 127.058872  64.135142 24.223
 37    58.481 53495.51399748 44.10 127.050442  64.144502 24.223
 37    58.237 53495.51399812 47.95 127.047638  64.147620 14.211
 38    63.001 53530.51396974 18.87 127.084476  64.127976 19.160
 38    62.456 53530.51397039 17.11 127.081666  64.131096 19.160
 38    62.805 53530.51397103 17.61 127.078856  64.134216 19.160
 38    63.176 53530.51397168 16.94 127.076046  64.137336 19.160
 38    63.434 53530.51397232 18.18 127.073236  64.140456 19.160
 39    60.458 53565.51399821 35.72 127.075097  64.128351 31.936
 39    60.157 53565.51399886 25.51 127.072287  64.131471 31.936
 39    60.048 53565.51399950 23.38 127.069477  64.134591 31.936
 39    60.192 53565.51400015 24.00 127.066667  64.137711 31.936
 39    61.927 53565.51400079 24.86 127.063857  64.140831 31.936
 39    60.119 53565.51400143 28.09 127.061047  64.143951 31.936
 39    60.222 53565.51400208 30.00 127.058237  64.147071 31.936
 41    59.989 53635.51393935 49.76 127.057024  64.133389 34.366
 41    59.987 53635.51394000 50.49 127.054214  64.136509 34.366
 41    59.827 53635.51394193 51.50 127.045774  64.145859 34.366
 41    59.660 53635.51394258 54.51 127.042966  64.148984 14.647
 42    57.729 53670.51395960 24.75 127.067369  64.129790  5.796
 42    57.911 53670.51396025 23.28 127.064559  64.132910  5.796
 42    57.975 53670.51396089 22.85 127.061749  64.136030  5.796
 42    58.515 53670.51396218 21.05 127.056129  64.142270  5.796
 42    76.231 53670.51396282 19.15 127.053319  64.145390  5.796
 42    77.492 53670.51396347 18.80 127.050509  64.148510  5.796
 43    58.269 53705.51389197 21.08 127.094455  64.123690  5.914
 43    58.531 53705.51389262 20.98 127.091645  64.126810  5.914
 43    58.637 53705.51389326 20.31 127.088845  64.129930  5.914
 43    58.710 53705.51389391 21.61 127.086035  64.133050  5.914
 43    62.192 53705.51389455 22.01 127.083225  64.136170  5.914
 44    61.072 53740.51380140 16.77 127.115867  64.111903  4.421
 44    60.844 53740.51380204 16.38 127.113067  64.115023  4.421
 44    60.480 53740.51380269 16.83 127.110267  64.118143  4.421
 44    61.219 53740.51380333 17.25 127.107457  64.121263  4.421
 44    61.628 53740.51380398 17.90 127.104657  64.124383  4.421
 44    61.690 53740.51380462 16.62 127.101857  64.127503  4.421
 45    61.427 53775.51382678 14.76 127.077769  64.128441  4.115
 45    60.631 53775.51382742 14.95 127.074969  64.131561  4.115
 45    59.090 53775.51382807 16.27 127.072159  64.134681  4.115
 45    58.963 53775.51382871 18.14 127.069349  64.137801  4.115
 45    60.341 53775.51382936 17.89 127.066539  64.140921  4.115
 46    62.231 53810.51380572 13.25 127.102478  64.118733  4.027
 46    62.254 53810.51380636 13.28 127.099668  64.121853  4.027
 46    62.160 53810.51380701 13.84 127.096868  64.124973  4.027
 46    62.746 53810.51380765 14.00 127.094058  64.128093  4.027
 46    60.743 53810.51380830 14.30 127.091258  64.131213  4.027
 46    60.353 53810.51380894 14.87 127.088448  64.134333  4.027
 47    58.861 53845.51385475 28.63 127.061209  64.132370 11.201
 47    59.204 53845.51385540 23.89 127.058399  64.135490 11.201
 47    60.170 53845.51385733 22.14 127.049969  64.144850 11.201
 47    59.928 53845.51385798 19.70 127.047159  64.147970 11.201
 48    63.653 53880.51388039 53.77 127.073102  64.130472 52.452
 48    63.652 53880.51388104 51.75 127.070292  64.133592 52.452
 48    63.632 53880.51388168 46.15 127.067492  64.136712 52.452
 48    63.625 53880.51388233 52.63 127.064682  64.139832 52.452
 48    63.616 53880.51388297 52.46 127.061862  64.142952 52.452
 48    63.606 53880.51388362 51.19 127.059052  64.146072 52.452
 49    62.397 53915.51393840 21.92 127.067086  64.129587 22.197
 49    62.478 53915.51393904 20.93 127.064276  64.132707 22.197
 49    62.678 53915.51393969 33.61 127.061466  64.135827 22.197
 49    62.634 53915.51394098 28.24 127.055846  64.142067 22.197
 49    62.369 53915.51394162 25.38 127.053036  64.145187 22.197
 49    62.473 53915.51394227 25.19 127.050226  64.148307 22.197
 50    58.742 53950.51394720 43.66 127.067093  64.131600 42.323
 50    58.554 53950.51394785 49.34 127.064283  64.134720 42.323
 50    58.683 53950.51394914 51.03 127.058663  64.140960 42.323
 50    58.405 53950.51394978 51.26 127.055853  64.144080 42.323
 50    58.026 53950.51395043 49.92 127.053043  64.147200 42.323
 51    61.742 53985.51388195 53.48 127.088958  64.126086 36.962
 51    61.772 53985.51388260 52.26 127.086158  64.129206 36.962
 51    61.825 53985.51388324 52.92 127.083348  64.132326 36.962
 51    61.833 53985.51388389 52.20 127.080538  64.135446 36.962
 52    59.157 54020.51392250 37.48 127.064988  64.131828 31.091
 52    59.069 54020.51392314 41.88 127.062178  64.134948 31.091
 52    58.914 54020.51392443 38.17 127.056558  64.141188 31.091
 52    58.864 54020.51392508 40.73 127.053738  64.144308 31.091
 52    58.666 54020.51392572 44.49 127.050928  64.147428 31.091
 53    63.415 54055.51391218 12.39 127.084172  64.126568  3.386
 53    62.652 54055.51391282 13.53 127.081362  64.129688  3.386
 53    62.661 54055.51391346 13.37 127.078562  64.132808  3.386
 53    62.726 54055.51391411 14.80 127.075752  64.135928  3.386
 53    61.591 54055.51391475 15.72 127.072942  64.139048  3.386
 54    62.691 54090.51389861 12.12 127.090271  64.124073  3.846
 54    63.323 54090.51389926 12.26 127.087471  64.127193  3.846
 54    61.933 54090.51389990 14.10 127.084661  64.130313  3.846
 54    62.252 54090.51390055 13.04 127.081851  64.133433  3.846
 54    62.392 54090.51390119 13.93 127.079051  64.136553  3.846
 55    60.860 54125.51382928 11.95 127.062125  64.130872  3.932
 55    69.107 54125.51382992 12.25 127.059315  64.133992  3.932
 55    60.039 54125.51383185 14.42 127.050885  64.143352  3.932
 55    75.344 54125.51383250 13.74 127.048075  64.146472  3.932
 55    76.576 54125.51383314 13.11 127.045255  64.149592  3.932
 56    65.044 54160.51386703  9.97 127.077174  64.127767  2.132
 56    61.892 54160.51386767 10.25 127.074365  64.130891  3.765
 56    61.858 54160.51386831 11.64 127.071555  64.134001  3.765
 56    60.823 54160.51386896 13.26 127.068745  64.137121  3.765
 56    60.205 54160.51386960 13.12 127.065935  64.140241  3.765
 56    60.699 54160.51387025 12.68 127.063125  64.143361  3.765
 57    69.017 54195.51383092  9.16 127.063992  64.131168  2.665
 57    69.861 54195.51383156 10.34 127.061182  64.134288  2.665
 57    74.203 54195.51383349 11.78 127.052752  64.143648  2.665
 57    75.350 54195.51383414 11.28 127.049942  64.146758  2.665
 57    76.593 54195.51383478 10.57 127.047133  64.149880  2.880
 58    58.177 54230.51387995 38.70 127.074509  64.128004 21.548
 58    58.366 54230.51388059 37.32 127.071699  64.131124 21.548
 58    58.291 54230.51388124 36.34 127.068899  64.134244 21.548
 58    58.296 54230.51388188 34.60 127.066089  64.137364 21.548
 58    58.381 54230.51388252 30.95 127.063279  64.140484 21.548
 58    58.753 54230.51388317 27.79 127.060469  64.143604 21.548
 58    58.439 54230.51388381 33.07 127.057659  64.146724 21.548
 59    63.556 54265.51389795 26.14 127.073823  64.130357  9.712
 59    63.395 54265.51389860 26.46 127.071023  64.133477  9.712
 59    63.529 54265.51389924 26.67 127.068213  64.136597  9.712
 59    63.619 54265.51389989 24.92 127.065403  64.139717  9.712
 59    63.642 54265.51390053 24.65 127.062593  64.142837  9.712
 59    63.719 54265.51390118 26.89 127.059783  64.145957  9.712
 60    61.036 54300.51390174 27.32 127.078572  64.127800 24.349
 60    60.907 54300.51390238 22.39 127.075762  64.130920 24.349
 60    60.788 54300.51390302 22.30 127.072952  64.134040 24.349
 60    60.707 54300.51390367 22.45 127.070142  64.137160 24.349
 60    62.408 54300.51390431 21.41 127.067332  64.140280 24.349
 60    60.456 54300.51390496 21.94 127.064522  64.143400 24.349
 61    62.363 54335.51388991 22.91 127.085534  64.125385 19.415
 61    59.365 54335.51389055 23.76 127.082734  64.128505 19.415
 61    59.576 54335.51389120 23.81 127.079924  64.131625 19.415
 61    59.517 54335.51389184 24.70 127.077114  64.134745 19.415
 61    59.462 54335.51389248 27.25 127.074314  64.137865 19.415
 61    59.417 54335.51389313 29.95 127.071504  64.140985 19.415
 63    57.490 54405.51383452 27.54 127.081235  64.126269  6.503
 63    57.878 54405.51383517 20.98 127.078425  64.129389  6.503
 63    60.211 54405.51383581 18.96 127.075615  64.132509  6.503
 63    59.216 54405.51383646 18.97 127.072805  64.135629  6.503
 63    73.676 54405.51383710 17.80 127.070005  64.138749  6.503
 63    75.496 54405.51383775 17.55 127.067195  64.141869  6.503
 64    60.040 54440.51379396 13.58 127.057447  64.132592  3.806
 64    59.358 54440.51379461 13.47 127.054637  64.135702  3.806
 64    61.730 54440.51379654 12.71 127.046202  64.145067  2.677
 64    62.461 54440.51379719 12.33 127.043392  64.148187  2.677
 65    64.030 54475.51382212 11.61 127.076893  64.127517  2.979
 65    62.538 54475.51382276 11.50 127.074083  64.130637  2.979
 65    62.133 54475.51382341 11.85 127.071273  64.133757  2.979
 65    62.358 54475.51382405 12.59 127.068463  64.136877  2.979
 65    61.263 54475.51382470 13.45 127.065653  64.139997  2.979
 65    60.668 54475.51382534 12.79 127.062843  64.143117  2.979
 66    61.390 54510.51380873 10.48 127.060991  64.133052  3.218
 66    60.146 54510.51380938 10.78 127.058181  64.136172  3.218
 66    60.752 54510.51381067 11.23 127.052561  64.142412  3.218
 66    74.331 54510.51381131 11.54 127.049751  64.145532  3.218
 66    74.878 54510.51381196 11.78 127.046941  64.148652  3.218
 67    64.243 54545.51383621  7.86 127.081364  64.126698  2.060
 67    65.572 54545.51383685  8.34 127.078564  64.129818  2.060
 67    62.825 54545.51383750  8.11 127.075753  64.132942  3.204
 67    62.501 54545.51383814  9.52 127.072943  64.136052  3.204
 67    61.966 54545.51383879 10.05 127.070133  64.139172  3.204
 67    62.028 54545.51383943  9.17 127.067323  64.142292  3.204
 68    63.896 54580.51380332  6.69 127.075973  64.127959  2.081
 68    62.545 54580.51380396  7.29 127.073163  64.131079  2.081
 68    62.525 54580.51380461  7.88 127.070353  64.134199  2.081
 68    61.634 54580.51380525  8.95 127.067549  64.137322  2.914
 68    61.513 54580.51380590  8.45 127.064739  64.140432  2.914
 68    73.699 54580.51380654  7.83 127.061929  64.143562  2.914
 68    74.905 54580.51380718  7.72 127.059119  64.146672  2.914
 69    64.452 54615.51382576 35.88 127.079260  64.127438 28.375
 69    64.064 54615.51382640 35.64 127.076450  64.130558 28.375
 69    63.698 54615.51382705 33.93 127.073648  64.133683 15.426
 69    63.510 54615.51382769 30.66 127.070838  64.136793 15.426
 69    63.909 54615.51382834 27.60 127.068028  64.139913 15.426
 69    64.257 54615.51382898 25.70 127.065218  64.143033 15.426
 70    64.007 54650.51383865 19.29 127.071475  64.129854 13.456
 70    62.216 54650.51383930 17.19 127.068675  64.132974 13.456
 70    62.035 54650.51384123 20.43 127.060245  64.142334 13.456
 70    60.531 54650.51384188 20.77 127.057435  64.145454 13.456
 70    60.432 54650.51384252 26.09 127.054625  64.148574 13.456
 71    59.724 54685.51383149 44.65 127.083526  64.127124 39.377
 71    59.736 54685.51383213 44.58 127.080716  64.130244 39.377
 71    59.824 54685.51383278 46.59 127.077906  64.133364 39.377
 71    59.815 54685.51383342 45.13 127.075099  64.136480 23.768
 71    59.721 54685.51383407 43.95 127.072299  64.139600 23.768
 72    62.365 54720.51378378 51.34 127.061648  64.131760 26.728
 72    62.297 54720.51378442 52.34 127.058838  64.134870 26.728
 72    62.410 54720.51378636 51.59 127.050398  64.144230 26.728
 72    62.387 54720.51378700 52.09 127.047588  64.147350 26.728
 73    58.648 54755.51380636 43.69 127.074811  64.129468 35.567
 73    58.626 54755.51380701 52.37 127.072002  64.132590 23.725
 73    58.607 54755.51380765 50.48 127.069192  64.135710 23.725
 73    58.600 54755.51380830 49.26 127.066392  64.138830 23.725
 73    58.566 54755.51380894 41.18 127.063582  64.141950 23.725
 73    58.456 54755.51380958 41.58 127.060772  64.145060 23.725
 73    58.370 54755.51381023 34.89 127.057962  64.148180 23.725
 74    58.240 54790.51377728 24.77 127.059238  64.132286  9.271
 74    58.281 54790.51377792 25.41 127.056428  64.135406  9.271
 74    57.761 54790.51377986 21.22 127.047988  64.144766  9.271
 74    57.188 54790.51378050 18.83 127.045178  64.147876  9.271
 75    58.456 54825.51380287 16.83 127.071778  64.129397  4.946
 75    58.481 54825.51380351 18.19 127.068978  64.132517  4.946
 75    58.541 54825.51380544 17.42 127.060548  64.141867  4.946
 75    58.908 54825.51380609 15.93 127.057738  64.144987  4.946
 75    60.087 54825.51380673 14.89 127.054918  64.148107  4.946
 76    58.680 54860.51377030 12.54 127.064086  64.130687  3.668
 76    58.467 54860.51377094 12.96 127.061276  64.133807  3.668
 76    59.072 54860.51377288 13.12 127.052836  64.143167  3.668
 76    59.882 54860.51377352 13.05 127.050026  64.146287  3.668
 76    60.723 54860.51377416 11.38 127.047216  64.149407  3.668
 77    58.662 54895.51380341 11.36 127.078985  64.128397  2.554
 77    59.878 54895.51380406 11.91 127.076182  64.131511  3.462
 77    59.383 54895.51380470 12.68 127.073372  64.134631  3.462
 77    59.540 54895.51380535 12.44 127.070562  64.137751  3.462
 77    59.845 54895.51380599 11.95 127.067752  64.140871  3.462
 78    59.446 54930.51376879  9.32 127.062704  64.131916  3.481
 78    59.464 54930.51376944  9.86 127.059894  64.135036  3.481
 78    59.781 54930.51377137 10.88 127.051454  64.144396  3.481
 78    61.844 54930.51377202 10.39 127.048644  64.147516  3.481
 79    63.076 54965.51380404 22.39 127.076083  64.127928 23.163
 79    63.893 54965.51380468 21.12 127.073277  64.131044 13.656
 79    62.101 54965.51380533 23.06 127.070467  64.134164 13.656
 79    62.753 54965.51380597 21.63 127.067667  64.137284 13.656
 79    62.812 54965.51380662 22.50 127.064857  64.140404 13.656
 79    63.784 54965.51380726 20.82 127.062047  64.143524 13.656
 79    60.850 54965.51380791 28.57 127.059227  64.146644 13.656
 80    62.372 55000.51382470 23.49 127.071625  64.130836 18.099
 80    62.681 55000.51382535 22.75 127.068815  64.133946 18.099
 80    63.138 55000.51382599 23.20 127.066005  64.137066 18.099
 80    63.075 55000.51382664 22.57 127.063205  64.140186 18.099
 80    62.902 55000.51382728 23.66 127.060395  64.143306 18.099
 80    63.091 55000.51382793 29.84 127.057575  64.146426 18.099
 81    60.000 55035.51380988 33.23 127.074800  64.129493 24.161
 81    60.145 55035.51381053 39.48 127.071990  64.132613 24.161
 81    59.957 55035.51381117 30.56 127.069180  64.135733 24.161
 81    59.745 55035.51381181 32.41 127.066370  64.138853 24.161
 81    59.879 55035.51381246 37.72 127.063560  64.141973 24.161
 81    59.851 55035.51381310 45.51 127.060750  64.145093 24.161
 81    59.826 55035.51381375 50.58 127.057940  64.148213 24.161
 82    62.743 55070.51379837 18.57 127.087281  64.125025 15.888
 82    60.038 55070.51379902 18.43 127.084481  64.128145 15.888
 82    60.224 55070.51379966 18.56 127.081671  64.131265 15.888
 82    60.000 55070.51380031 19.28 127.078861  64.134385 15.888
 82    59.934 55070.51380095 24.14 127.076054  64.137502 26.269
 83    63.220 55105.51374260 20.47 127.060748  64.131999 18.507
 83    58.775 55105.51374325 26.70 127.057938  64.135119 18.507
 83    60.161 55105.51374518 22.35 127.049508  64.144479 18.507
 83    60.081 55105.51374583 20.36 127.046698  64.147599 18.507
 84    60.249 55140.51374803 23.06 127.076610  64.129665 11.212
 84    57.989 55140.51374868 23.28 127.073810  64.132785 11.212
 84    58.494 55140.51374932 23.38 127.071000  64.135905 11.212
 84    58.972 55140.51374997 22.70 127.068190  64.139025 11.212
 84    59.561 55140.51375061 21.01 127.065380  64.142145 11.212
 85    58.777 55175.51371046 16.95 127.060224  64.132799  2.942
 85    58.951 55175.51371111 16.94 127.057414  64.135909  2.942
 85    74.591 55175.51371304 17.45 127.048984  64.145269  2.942
 85    76.702 55175.51371369 16.07 127.046174  64.148389  2.942
 86    61.685 55210.51374306 15.41 127.074158  64.128928  3.158
 86    60.048 55210.51374370 15.34 127.071347  64.132051  3.460
 86    58.788 55210.51374435 17.01 127.068547  64.135171  3.460
 86    71.522 55210.51374499 15.75 127.065737  64.138281  3.460
 86    74.867 55210.51374564 15.53 127.062927  64.141411  3.460
 86    75.780 55210.51374628 15.25 127.060117  64.144521  3.460
 86    77.042 55210.51374693 16.01 127.057307  64.147641  3.460
 87    60.785 55245.51371536 12.55 127.066759  64.129470  2.874
 87    59.362 55245.51371600 13.09 127.063959  64.132590  2.874
 87    59.944 55245.51371665 12.75 127.061149  64.135710  2.874
 87    72.880 55245.51371793 13.72 127.055519  64.141950  2.874
 87    75.531 55245.51371858 13.26 127.052709  64.145070  2.874
 87    77.073 55245.51371922 12.93 127.049899  64.148190  2.874
 88    62.034 55280.51373660 11.43 127.080100  64.128539  2.562
 88    62.152 55280.51373724 11.12 127.077298  64.131663  2.935
 88    60.556 55280.51373789 11.97 127.074488  64.134773  2.935
 88    69.909 55280.51373853 11.79 127.071678  64.137893  2.935
 88    71.466 55280.51373918 11.69 127.068868  64.141013  2.935
 89    57.998 55315.51370333 29.44 127.072841  64.130086 19.560
 89    57.992 55315.51370397 27.51 127.070031  64.133206 19.560
 89    57.821 55315.51370462 27.40 127.067231  64.136326 19.560
 89    57.682 55315.51370526 24.59 127.064421  64.139446 19.560
 89    57.604 55315.51370591 20.77 127.061611  64.142566 19.560
 89    59.704 55315.51370655 19.12 127.058801  64.145686 19.560
 89    60.732 55315.51370720 16.40 127.055981  64.148806 19.560
 90    63.573 55350.51370807 18.62 127.081036  64.128360 19.110
 90    62.565 55350.51370872 19.02 127.078233  64.131476 17.509
 90    62.729 55350.51370936 19.12 127.075423  64.134596 17.509
 90    63.002 55350.51371001 18.58 127.072613  64.137716 17.509
 90    63.305 55350.51371065 19.80 127.069803  64.140836 17.509
 91    59.912 55385.51370316 39.34 127.061909  64.132295 25.317
 91    62.097 55385.51370380 29.78 127.059099  64.135415 25.317
 91    59.698 55385.51370574 40.41 127.050669  64.144775 25.317
 91    59.536 55385.51370638 40.69 127.047859  64.147895 25.317
 92    61.421 55420.51372668 19.03 127.076602  64.128322 18.360
 92    62.100 55420.51372732 17.94 127.073795  64.131447 17.619
 92    59.982 55420.51372797 22.04 127.070985  64.134557 17.619
 92    59.955 55420.51372861 23.90 127.068185  64.137677 17.619
 92    59.786 55420.51372925 24.81 127.065375  64.140797 17.619
 92    59.472 55420.51372990 29.64 127.062565  64.143917 17.619
 93    59.605 55455.51370203 52.67 127.089030  64.124483 39.806
 93    59.554 55455.51370267 52.99 127.086230  64.127603 39.806
 93    59.671 55455.51370332 49.94 127.083420  64.130723 39.806
 93    59.569 55455.51370396 52.84 127.080610  64.133843 39.806
 93    59.494 55455.51370461 53.72 127.077800  64.136963 39.806
 94    57.933 55490.51361850 25.75 127.103955  64.118640  9.024
 94    58.024 55490.51361914 27.17 127.101145  64.121760  9.024
 94    57.964 55490.51361979 26.38 127.098345  64.124880  9.024
 94    57.904 55490.51362043 25.95 127.095535  64.128000  9.024
 94    57.799 55490.51362108 26.73 127.092735  64.131120  9.024
 94    57.796 55490.51362172 25.16 127.089925  64.134240  9.024
