-139695.198   720.724     0.00   92.60
-139322.560   714.594   -16.45   92.33
-138949.836   673.345  -110.66  112.05
-138577.026   643.135   -81.03   88.50
-138204.129   625.173   -48.16   73.73
-137831.147   634.728    25.62   70.47
-137458.078   633.953    -2.08   66.33
-137084.923   613.686   -54.31   72.15
-136711.682   581.476   -86.29   81.53
-136338.354   561.298   -54.04   83.00
-135964.940   555.633   -15.17   97.68
-135591.439   568.887    35.48  111.87
-135217.852   558.776   -27.06  109.89
-134844.178   536.781   -58.86   97.96
-134470.417   508.686   -75.16   89.73
-134096.569   453.029  -148.87   98.97
-133722.635   419.184   -90.50  111.77
-133348.613   373.952  -120.93  105.41
-132974.505   326.705  -126.28   65.55
-132600.310   296.175   -81.58   32.00
-132226.027   282.077   -37.66   20.98
-131851.658   272.300   -26.11   15.95
-131477.201   263.991   -22.19    9.30
-131102.657   258.444   -14.81    5.17
-130728.026   255.317    -8.35    4.74
-130353.307   253.680    -4.37    3.83
-129978.501   253.571    -0.29    5.76
-129603.607   255.314     4.65    9.90
-129228.626   259.462    11.06   13.88
-128853.557   262.514     8.14   18.34
-128478.400   277.404    39.69   42.10
-128103.156   304.198    71.40   74.97
-127727.824   345.820   110.88  114.53
-127352.404   420.142   197.95  163.32
-126976.896   475.041   146.19  180.97
-126601.300   538.766   169.65  194.57
-126225.616   607.158   182.03  212.40
-125849.844   694.105   231.36  217.85
-125473.984   736.212   112.02  197.76
-125098.035   739.657     9.16  166.43
-124721.999   673.708  -175.37  172.63
-124345.873   566.651  -284.61  170.41
-123969.660   469.887  -257.18  144.75
-123593.358   384.010  -228.20  111.69
-123216.967   318.574  -173.84   66.39
-122840.488   274.859  -116.11   35.11
-122463.920   255.066   -52.56   25.57
-122087.264   256.755     4.48   35.96
-121710.518   307.500   134.68   91.10
-121333.684   379.139   190.09  117.22
-120956.761   468.774   237.79  114.32
-120579.749   537.059   181.11   94.05
-120202.648   580.181   114.34   78.22
-119825.457   578.962    -3.23   65.25
-119448.178   556.596   -59.28   57.47
-119070.809   512.200  -117.64   63.44
-118693.351   466.827  -120.20   50.58
-118315.804   456.867   -26.38   45.86
-117938.167   471.824    39.60   53.95
-117560.441   508.759    97.78   61.63
-117182.625   549.273   107.22   62.06
-116804.720   585.952    97.05   59.82
-116426.725   594.510    22.64   67.26
-116048.640   546.877  -125.98  101.79
-115670.466   445.434  -268.22  133.50
-115292.202   343.212  -270.22  128.31
-114913.847   264.010  -209.32   83.45
-114535.403   223.267  -107.65   23.08
-114156.869   228.196    13.02   21.24
-113778.244   276.752   128.23   81.54
-113399.530   369.019   243.61  142.07
-113020.725   472.721   273.74  147.12
-112641.830   532.657   158.17  122.95
-112262.845   557.452    65.42  106.83
-111883.769   546.571   -28.70   92.97
-111504.602   534.596   -31.58   60.45
-111125.345   540.421    15.36   49.00
-110745.998   541.356     2.47   42.77
-110366.560   563.364    58.00   72.33
-109987.031   617.214   141.88   95.40
-109607.411   655.390   100.56   93.72
-109227.700   678.663    61.29   82.00
-108847.899   679.533     2.29   73.63
-108468.006   681.143     4.24   86.24
-108088.023   656.925   -63.73   97.68
-107707.948   632.392   -64.54   97.54
-107327.782   600.705   -83.35   92.86
-106947.525   580.125   -54.12   82.37
-106567.176   604.314    63.59  106.75
-106186.736   617.951    35.84  118.14
-105806.205   622.123    10.96  108.79
-105425.582   591.505   -80.44  114.99
-105044.868   527.324  -168.57  110.39
-104664.062   479.413  -125.80   90.86
-104283.164   464.657   -38.74   72.53
-103902.174   502.396    99.05  102.93
-103521.093   606.885   274.17  138.49
-103139.919   694.302   229.32  106.22
-102758.654   725.712    82.38   80.81
-102377.297   698.682   -70.87   97.54
-101995.847   659.837  -101.83   82.02
-101614.306   648.165   -30.59   54.35
-101232.672   669.158    55.01   55.05
-100850.946   682.130    33.98   48.93
-100478.033   669.163   -34.77   51.55
-100113.632   636.037   -90.90   57.09
 -99749.148   588.375  -130.76   62.45
 -99384.581   547.623  -111.78   56.87
 -99019.932   544.142    -9.55   61.20
 -98655.200   546.920     7.62   60.47
 -98290.386   561.093    38.85   51.68
 -97925.489   566.427    14.62   46.47
 -97560.509   539.547   -73.64   58.99
 -97195.447   502.673  -101.00   55.31
 -96830.301   467.136   -97.32   52.14
 -96465.073   440.056   -74.14   45.66
 -96099.762   428.113   -32.69   44.66
 -95734.367   423.453   -12.75   60.10
 -95368.890   427.038     9.81   85.34
 -95003.329   416.375   -29.17  105.10
 -94637.685   403.713   -34.63  110.68
 -94271.958   384.569   -52.34  102.17
 -93906.148   372.841   -32.06  103.78
 -93540.254   365.419   -20.28  101.90
 -93174.277   365.221    -0.54   95.50
 -92808.216   367.673     6.70   96.03
 -92442.072   353.626   -38.36   99.79
 -92075.844   330.925   -61.98   92.99
 -91709.533   296.308   -94.50   73.52
 -91343.138   259.915   -99.32   52.77
 -90976.659   242.850   -46.56   39.55
 -90610.096   229.969   -35.14   19.24
 -90243.449   250.037    54.73   53.06
 -89876.718   272.981    62.56   70.12
 -89509.904   296.832    65.02   76.33
 -89143.005   306.972    27.64   70.66
 -88776.022   318.775    32.16   66.93
 -88408.955   326.657    21.47   72.91
 -88041.804   328.222     4.26   71.25
 -87674.569   331.121     7.89   64.67
 -87307.249   331.638     1.41   59.51
 -86939.845   337.160    15.03   56.37
 -86572.356   336.193    -2.63   49.39
 -86204.783   327.500   -23.65   33.15
 -85837.125   316.514   -29.88   24.76
 -85469.383   304.105   -33.74   27.60
 -85101.556   287.198   -45.96   29.98
 -84733.644   268.151   -51.77   24.32
 -84365.647   253.874   -38.79   17.84
 -83997.566   257.583    10.08   33.82
 -83629.399   274.780    46.71   53.45
 -83261.148   304.009    79.37   69.57
 -82892.811   320.594    45.02   67.38
 -82524.390   331.566    29.78   55.05
 -82155.883   335.698    11.21   49.59
 -81787.291   349.490    37.42   57.74
 -81418.614   359.722    27.75   56.04
 -81049.851   360.515     2.15   45.47
 -80681.003   352.236   -22.44   33.42
 -80312.070   340.673   -31.34   22.30
 -79943.051   329.796   -29.47   14.53
 -79573.947   320.139   -26.16   15.34
 -79204.757   309.100   -29.90   13.78
 -78835.481   298.769   -27.98   12.66
 -78466.119   288.827   -26.91   14.08
 -78096.672   280.111   -23.59   14.04
 -77727.139   277.557    -6.91   17.80
 -77357.520   284.048    17.56   30.36
 -76987.815   295.944    32.18   37.19
 -76618.024   307.931    32.41   33.80
 -76248.146   313.879    16.08   26.42
 -75878.183   314.724     2.28   19.07
 -75508.133   307.579   -19.31   15.23
 -75137.997   298.159   -25.45   18.49
 -74767.775   285.267   -34.82   19.96
 -74397.467   275.787   -25.60   17.61
 -74027.072   264.637   -30.10   15.11
 -73656.590   251.766   -34.74   18.85
 -73286.022   238.781   -35.04   20.52
 -72915.367   228.645   -27.35   15.64
 -72544.625   231.692     8.22   25.82
 -72173.797   247.638    43.00   41.89
 -71802.882   268.509    56.27   43.42
 -71431.880   287.267    50.56   33.41
 -71060.791   295.722    22.78   22.42
 -70689.615   292.771    -7.95   21.57
 -70318.352   287.509   -14.17   21.71
 -69947.002   282.250   -14.16   20.95
 -69575.565   275.913   -17.06   19.90
 -69204.040   267.394   -22.93   19.53
 -68832.428   261.663   -15.42   17.98
 -68460.729   259.743    -5.17   15.06
 -68088.942   257.163    -6.94   12.98
 -67717.068   251.103   -16.30   15.57
 -67345.107   239.075   -32.34   19.47
 -66973.057   220.229   -50.65   22.80
 -66600.920   200.296   -53.56   24.07
 -66228.696   179.770   -55.14   22.64
 -65856.383   162.981   -45.09   17.74
 -65483.983   151.812   -29.99    9.08
 -65111.494   150.935    -2.35    8.15
 -64738.918   157.248    16.94   12.82
 -64366.254   172.824    41.80   21.77
 -63993.501   191.439    49.94   27.56
 -63620.661   213.798    59.97   25.63
 -63247.732   229.560    42.26   17.99
 -62874.715   237.357    20.90    7.50
 -62501.609   232.523   -12.96   11.90
 -62128.416   225.423   -19.02   12.93
 -61755.133   216.327   -24.37   12.70
 -61381.762   209.991   -16.97   11.98
 -61008.303   203.860   -16.42   13.68
 -60634.755   197.491   -17.05   15.51
 -60261.118   187.990   -25.43   15.43
 -59887.392   176.565   -30.57   15.45
 -59513.578   163.235   -35.66   13.82
 -59139.674   151.009   -32.70   14.35
 -58765.682   140.250   -28.77   12.31
 -58391.601   131.308   -23.90   10.52
 -58017.430   123.907   -19.78    9.22
 -57643.170   116.411   -20.03   10.06
 -57268.821   109.119   -19.48   10.64
 -56894.383   102.010   -18.99    9.49
 -56519.856    96.725   -14.11    8.70
 -56145.239    92.356   -11.66    6.69
 -55770.532    92.000    -0.95    8.51
 -55395.736    95.226     8.61   13.51
 -55020.851   113.550    48.88   31.25
 -54645.875   133.308    52.69   33.75
 -54270.810   147.533    37.92   30.14
 -53895.655   154.091    17.48   26.65
 -53520.411   154.179     0.24   24.32
 -53145.076   147.523   -17.73   23.57
 -52769.652   136.760   -28.67   28.38
 -52394.137   118.218   -49.37   30.00
 -52018.532   100.505   -47.16   29.13
 -51642.837    81.422   -50.79   23.53
 -51267.052    68.819   -33.54   16.11
 -50891.177    60.537   -22.03   10.88
 -50515.211    57.435    -8.25    8.02
 -50139.154    57.476     0.11    6.77
 -49763.008    57.148    -0.87    6.59
 -49386.770    56.816    -0.88    6.25
 -49010.442    55.716    -2.92    5.81
 -48634.024    55.347    -0.98    6.31
 -48257.514    55.239    -0.29    6.57
 -47880.914    56.456     3.23    5.79
 -47504.223    55.944    -1.36    4.93
 -47127.440    54.358    -4.21    4.57
 -46750.567    51.713    -7.02    5.34
 -46373.603    49.065    -7.02    4.28
 -45996.548    47.785    -3.39    4.28
 -45619.401    47.165    -1.64    4.48
 -45242.163    45.897    -3.36    5.53
 -44864.834    43.303    -6.88    7.08
 -44487.413    39.058   -11.25    6.82
 -44109.901    37.315    -4.62    7.98
 -43732.297    36.202    -2.95    7.33
 -43354.602    37.533     3.52    7.55
 -42976.815    39.547     5.33    7.37
 -42598.936    39.807     0.69    5.83
 -42220.966    40.243     1.15    5.23
 -41842.903    37.991    -5.96    4.46
 -41464.749    35.587    -6.36    5.07
 -41086.503    33.262    -6.15    4.94
 -40708.164    31.046    -5.86    4.58
 -40329.734    30.337    -1.88    5.07
 -39951.211    29.183    -3.05    4.90
 -39572.596    28.051    -2.99    5.02
 -39193.889    27.093    -2.53    4.84
 -38815.089    26.700    -1.04    4.55
 -38436.197    29.387     7.09    6.00
 -38057.212    31.394     5.30    5.42
 -37678.134    31.864     1.24    6.26
 -37298.964    31.434    -1.13    6.38
 -36919.702    32.101     1.76    5.64
 -36540.346    32.963     2.27    4.98
 -36160.898    33.463     1.32    3.88
 -35781.356    33.856     1.04    3.33
 -35401.722    33.738    -0.31    4.06
 -35021.994    31.700    -5.37    5.06
 -34642.174    28.066    -9.57    5.00
 -34262.260    24.900    -8.33    3.99
 -33882.253    22.069    -7.45    5.06
 -33502.152    18.630    -9.05    5.95
 -33121.958    14.745   -10.22    4.35
 -32741.671    14.327    -1.10    3.94
 -32361.290    15.990     4.37    5.09
 -31980.815    19.495     9.21    6.95
 -31600.247    24.305    12.64    9.08
 -31219.585    27.164     7.51   10.22
 -30838.829    27.843     1.78   10.33
 -30457.980    28.136     0.77   10.15
 -30077.036    29.028     2.34    9.48
 -29695.998    30.486     3.83    8.37
 -29314.866    31.300     2.14    7.28
 -28933.641    32.944     4.31    6.98
 -28552.320    33.615     1.76    7.78
 -28170.906    35.858     5.88    9.15
 -27789.397    38.573     7.11   11.10
 -27407.794    40.610     5.34   12.66
 -27026.096    36.798    -9.99   15.13
 -26644.304    30.080   -17.60   14.67
 -26262.417    25.394   -12.27    9.36
 -25882.431    28.115     7.16   10.81
 -25518.276    32.536    12.14   10.86
 -25154.038    34.778     6.15   10.79
 -24789.715    34.701    -0.21   12.05
 -24425.308    33.764    -2.57   10.60
 -24060.817    36.221     6.74    9.46
 -23696.241    41.955    15.73    8.85
 -23331.581    44.376     6.64    6.28
 -22966.836    45.453     2.95    5.76
 -22602.007    45.073    -1.04    5.31
 -22237.093    42.971    -5.76    4.09
 -21872.094    43.383     1.13    5.91
 -21507.010    46.468     8.45    9.24
 -21141.842    51.283    13.19    9.65
 -20776.589    54.245     8.11    8.27
 -20411.251    55.295     2.87    6.89
 -20045.828    53.225    -5.66    5.94
 -19680.319    52.616    -1.67    5.01
 -19314.726    54.486     5.11    6.69
 -18949.048    58.200    10.16    6.75
 -18583.284    62.547    11.89    5.12
 -18217.435    68.491    16.25    8.66
 -17851.501    75.907    20.27   12.02
 -17485.481    85.114    25.15   12.30
 -17119.376    91.829    18.34    9.57
 -16753.185    94.642     7.68    6.73
 -16386.908    90.881   -10.27    8.89
 -16020.546    84.872   -16.40   10.94
 -15654.099    79.916   -13.52    9.58
 -15287.565    78.688    -3.35    7.39
 -14920.946    77.651    -2.83    4.99
 -14554.241    76.721    -2.54    4.05
 -14187.449    73.560    -8.62    8.32
 -13820.572    63.454   -27.55   16.00
 -13453.609    51.712   -32.00   17.90
 -13086.560    38.366   -36.36   13.03
 -12719.424    30.248   -22.11    5.96
 -12352.202    26.824    -9.32    4.93
 -11984.894    24.667    -5.87    4.68
 -11617.500    23.136    -4.17    4.49
 -11250.019    21.625    -4.11    4.55
 -10882.451    22.145     1.42    4.47
 -10514.797    24.284     5.82    4.59
 -10147.057    28.844    12.40    6.18
  -9779.229    39.694    29.50   17.64
  -9411.315    59.059    52.64   28.36
  -9043.314    83.162    65.50   32.41
  -8675.227   102.861    53.52   23.84
  -8307.052   116.100    35.96    9.66
  -7938.791   120.714    12.53    5.81
  -7570.442   122.094     3.75    4.36
  -7202.006   122.232     0.37    3.86
  -6833.483   119.858    -6.44    7.66
  -6464.873   108.330   -31.27   20.15
  -6096.176    84.771   -63.90   40.03
  -5727.391    49.729   -95.02   44.98
  -5358.519    21.812   -75.68   34.24
  -4989.559     2.068   -53.51    8.00
  -4620.512     0.009    -5.58    0.44
  -4251.377     0.440     1.17    2.09
  -3882.155     1.269     2.24    4.04
  -3512.845     1.582     0.85    4.92
  -3143.447     0.952    -1.71    3.79
  -2773.961     0.027    -2.50    0.21
  -2404.387     0.000    -0.07    0.00
  -2034.725     0.000     0.00    0.00
  -1664.976     0.000     0.00    0.00
  -1295.138     0.000     0.00    0.00
   -925.212     0.000     0.00    0.00
   -555.198     0.000     0.00    0.00
   -185.095     0.000     0.00    0.00
    185.095     0.000     0.00    0.00
    555.375     0.000     0.00    0.00
    925.742     0.000     0.00    0.00
   1296.199     0.019     0.05    0.14
   1666.743     2.875     7.71    6.25
   2037.377     7.413    12.24    8.48
   2408.099    12.304    13.19    8.00
   2778.910    14.541     6.03    5.83
   3149.810    13.179    -3.67    5.61
   3520.799     9.136   -10.90    6.51
   3891.876     4.538   -12.39    6.27
   4263.043     0.856    -9.92    5.70
   4634.299    -1.156    -5.42    4.24
   5005.644    -2.220    -2.87    3.52
   5377.078    -1.393     2.23    3.42
   5748.602    -1.019     1.01    2.64
   6120.215    -0.455     1.52    2.47
   6491.917     0.702     3.11    1.75
   6863.709     1.477     2.09    3.20
   7235.590     5.450    10.68   11.87
   7607.561    16.667    30.16   24.81
   7979.622    29.037    33.25   29.84
   8351.772    40.104    29.74   29.06
   8724.012    43.827    10.00   24.73
   9096.342    41.231    -6.97   17.71
   9468.762    41.964     1.97   12.13
   9841.272    43.891     5.17   10.63
  10213.872    50.193    16.91   12.05
  10586.563    54.373    11.22   11.15
  10959.343    55.833     3.92   11.24
  11332.214    58.432     6.97   12.82
  11705.175    63.587    13.82   14.81
  12078.226    71.209    20.43   17.68
  12451.368    75.174    10.63   17.54
  12824.600    74.110    -2.85   15.32
  13197.923    70.101   -10.74   13.32
  13571.337    65.327   -12.78   11.01
  13944.841    60.652   -12.52    7.30
  14318.436    58.846    -4.83    5.04
  14692.122    59.982     3.04    8.00
  15065.899    63.142     8.45   10.38
  15439.767    66.196     8.17   10.45
  15813.726    67.818     4.34    8.79
  16187.776    66.303    -4.05    6.41
  16561.917    63.726    -6.89    6.48
  16936.149    59.346   -11.70    6.19
  17310.473    57.089    -6.03    4.51
  17684.888    55.565    -4.07    4.66
  18059.395    56.384     2.19    6.42
  18433.993    57.645     3.37    7.19
  18808.682    56.045    -4.27    7.27
  19183.463    53.036    -8.03    6.18
  19558.336    51.280    -4.68    4.93
  19933.301    51.491     0.56    4.88
  20308.358    55.385    10.38    8.29
  20683.506    61.804    17.11   11.64
  21058.747    67.064    14.02   11.03
  21434.079    69.882     7.51    9.49
  21809.504    67.908    -5.26   10.79
  22185.020    64.100   -10.14   10.11
  22560.629    62.080    -5.38    7.46
  22936.331    63.375     3.45    6.86
  23312.124    67.286    10.41    7.10
  23688.011    71.210    10.44    9.34
  24063.989    76.378    13.75   10.19
  24440.060    80.917    12.07    7.88
  24816.224    81.755     2.23    8.32
  25192.481    77.838   -10.41   12.12
  25568.830    70.642   -19.12   14.99
  25945.273    69.336    -3.47   19.14
  26321.808    73.433    10.88   25.89
  26698.436    85.097    30.97   28.85
  27075.157    99.579    38.44   23.05
  27451.971   108.571    23.86   16.17
  27828.879   110.899     6.18   10.50
  28205.880   112.274     3.65    9.82
  28582.974   114.473     5.83   16.18
  28960.161   120.509    16.00   29.12
  29337.442   128.616    21.49   37.25
  29714.817   131.393     7.36   37.58
  30092.285   124.295   -18.80   36.26
  30469.846   110.442   -36.69   37.70
  30847.502    88.830   -57.23   31.88
  31225.251    73.257   -41.23   23.47
  31603.094    62.691   -27.96   20.09
  31981.032    59.649    -8.05   18.17
  32359.063    57.527    -5.61   17.10
  32737.188    60.451     7.73   19.96
  33115.407    64.402    10.45   20.09
  33493.721    67.545     8.31   20.62
  33872.129    71.876    11.45   19.03
  34250.631    74.212     6.17   16.88
  34629.228    75.448     3.26   13.72
  35007.919    83.460    21.16   20.06
  35386.705    99.093    41.27   25.80
  35765.585   115.357    42.93   23.73
  36144.560   125.090    25.68   15.53
  36523.630   121.036   -10.69   17.06
  36902.795   106.330   -38.79   24.82
  37282.055    89.009   -45.67   25.31
  37661.409    77.857   -29.40   20.88
  38040.859    70.905   -18.32   17.85
  38420.404    75.214    11.35   17.91
  38800.044    80.817    14.76   14.50
  39179.780    86.339    14.54    9.81
  39559.610    92.364    15.86    8.78
  39939.536    98.360    15.78   10.50
  40319.558   104.436    15.99   11.78
  40699.675   111.405    18.33    9.13
  41079.888   120.214    23.17   10.96
  41460.197   125.730    14.50    9.05
  41840.601   124.132    -4.20    9.16
  42221.101   126.407     5.98   10.63
  42601.697   132.491    15.98   15.73
  42982.389   141.183    22.83   15.20
  43363.177   149.212    21.09   10.70
  43744.062   153.308    10.75    8.10
  44125.042   154.929     4.25    6.07
  44506.119   156.151     3.21    4.27
  44887.292   157.858     4.48    4.73
  45268.561   158.459     1.58    4.73
  45649.927   158.545     0.22    4.61
  46031.390   157.189    -3.55    6.23
  46412.949   154.505    -7.04    8.15
  46794.605   152.820    -4.41    8.10
  47176.358   151.291    -4.01    9.56
  47558.207   147.625    -9.60   12.21
  47940.154   144.248    -8.84   12.99
  48322.197   140.062   -10.96   12.91
  48704.338   132.990   -18.51   12.93
  49073.646   123.000   -27.05   13.28
  49437.640   113.225   -26.86   12.90
  49801.720   104.054   -25.19   10.01
  50165.886    98.658   -14.82   10.40
  50530.138    94.327   -11.89   10.10
  50894.476    99.841    15.13   15.59
  51258.900   109.628    26.86   19.39
  51623.411   120.927    31.00   18.21
  51988.008   127.690    18.55   12.53
  52352.692   128.368     1.86   10.81
  52717.462   125.637    -7.49   12.42
  53082.318   121.780   -10.57   12.10
  53447.261   113.670   -22.22   13.17
  53812.291   105.504   -22.37   14.86
  54177.407    94.862   -29.15   18.65
  54542.610    82.523   -33.79   17.42
  54907.900    71.723   -29.56   15.08
  55273.277    65.296   -17.59   11.69
  55638.741    67.850     6.99   13.14
  56004.292    71.568    10.17   14.57
  56369.930    74.477     7.96   14.64
  56735.655    76.690     6.05   12.38
  57101.467    75.422    -3.47   11.86
  57467.367    80.319    13.38   13.04
  57833.354    86.911    18.01   12.24
  58199.428    88.679     4.83   10.98
  58565.590    86.283    -6.54   10.71
  58931.839    83.138    -8.59    9.82
  59298.176    81.177    -5.35    8.03
  59664.600    86.368    14.17   12.84
  60031.112    95.954    26.15   14.29
  60397.712   100.947    13.62   11.41
  60764.400   103.309     6.44   10.58
  61131.176   102.759    -1.50    9.12
  61498.039   102.711    -0.13    8.71
  61864.991   103.953     3.39    9.02
  62232.031   106.097     5.84    9.24
  62599.158   109.108     8.20    9.44
  62966.375   111.000     5.15    8.07
  63333.679   113.860     7.79    8.09
  63701.072   116.046     5.95    6.14
  64068.553   115.248    -2.17    7.79
  64436.122   116.536     3.51    9.26
  64803.780   117.357     2.23    9.65
  65171.527   118.487     3.07    9.33
  65539.362   122.174    10.03    8.26
  65907.286   125.237     8.32    7.26
  66275.299   126.891     4.49    5.25
  66643.401   125.500    -3.78    8.71
  67011.591   123.186    -6.29   10.14
  67379.871   120.156    -8.23   11.23
  67748.239   119.026    -3.07   10.48
  68116.697   119.955     2.52   11.02
  68485.244   124.856    13.30   11.77
  68853.880   128.876    10.91   10.36
  69222.605   131.312     6.61   10.08
  69591.420   133.191     5.10   13.02
  69960.324   133.117    -0.20   13.85
  70329.318   133.407     0.79   14.35
  70698.401   135.009     4.34   14.93
  71067.574   132.174    -7.68   14.84
  71436.836   132.150    -0.06   13.44
  71806.189   131.909    -0.65   13.42
  72175.631   130.991    -2.48   13.79
  72545.163   132.134     3.09   16.12
  72914.785   127.694   -12.01   19.63
  73284.497   125.304    -6.47   18.55
  73654.298   128.864     9.63   16.64
  74024.191   132.500     9.83   15.31
  74394.173   136.850    11.76   14.00
  74764.245   141.573    12.76   13.06
  75134.408   142.719     3.10   14.01
  75504.662   141.409    -3.54   14.08
  75875.006   138.389    -8.15   12.49
  76245.440   137.946    -1.20   10.89
  76615.965   136.171    -4.79   12.21
  76986.580   136.287     0.31   15.20
  77357.287   136.791     1.36   14.35
  77728.084   138.272     3.99   14.44
  78098.972   144.812    17.64   19.11
  78469.951   159.558    39.75   24.57
  78841.021   169.816    27.65   23.50
  79212.182   174.394    12.34   24.27
  79583.434   169.239   -13.89   25.25
  79954.777   159.555   -26.08   22.34
  80326.212   152.325   -19.47   14.61
  80697.738   153.018     1.87   12.07
  81069.355   154.182     3.13   13.60
  81441.064   157.765     9.64   13.40
  81812.864   160.752     8.03   13.17
  82184.756   162.640     5.08   13.14
  82556.740   161.559    -2.91   13.90
  82928.815   158.625    -7.88   14.31
  83300.982   157.246    -3.71   14.89
  83673.241   154.651    -6.97   16.69
  84045.592   155.122     1.26   18.08
  84418.035   159.045    10.54   17.51
  84790.570   160.044     2.68   19.55
  85163.197   166.124    16.32   23.41
  85535.917   172.118    16.08   26.19
  85908.728   176.947    12.95   26.10
  86281.632   178.495     4.15   22.46
  86654.629   177.588    -2.43   16.65
  87027.718   181.425    10.29   19.96
  87400.899   193.991    33.68   26.08
  87774.173   212.867    50.57   31.88
  88147.540   239.807    72.16   25.69
  88520.999   262.478    60.71   25.24
  88894.552   281.907    52.01   20.12
  89268.197   295.053    35.19   16.81
  89641.935   304.947    26.48   11.13
  90015.766   309.230    11.46   10.73
  90389.691   311.017     4.78    8.33
  90763.708   310.679    -0.91    8.06
  91137.819   305.513   -13.81   10.83
  91512.023   296.700   -23.55   11.19
  91886.320   288.754   -21.23   10.17
  92260.711   286.522    -5.96    9.13
  92635.196   287.625     2.95    8.71
  93009.773   288.148     1.40    8.27
  93384.445   289.095     2.53    7.01
  93759.210   287.243    -4.94    6.39
  94134.070   284.500    -7.32    5.28
  94509.022   281.763    -7.30    5.10
  94884.069   279.351    -6.43    5.03
  95259.210   278.327    -2.73    4.29
  95634.445   277.443    -2.36    2.95
  96009.774   277.885     1.18    2.41
  96385.198   279.948     5.50    3.47
  96760.715   281.108     3.09    4.05
  97136.327   283.217     5.62    4.44
  97512.034   285.562     6.24    4.08
  97887.835   287.779     5.90    3.65
  98263.730   289.522     4.64    3.07
  98639.720   291.462     5.16    2.81
  99015.805   293.800     6.22    4.38
  99391.985   295.748     5.18    4.26
  99768.259   297.000     3.33    3.55
 100144.629   296.336    -1.76    4.70
 100521.093   295.026    -3.48    6.52
 100897.652   295.557     1.41    8.50
 101274.307   296.277     1.91    9.75
 101651.057   298.167     5.02    9.35
 102027.902   298.596     1.14    7.36
 102404.842   296.670    -5.11    6.01
 102781.878   296.080    -1.56    5.27
 103159.009   299.243     8.39    7.85
 103536.236   304.739    14.57   11.03
 103913.559   313.580    23.43   12.78
 104290.977   322.461    23.53   12.75
 104668.491   329.505    18.66   12.61
 105046.101   329.407    -0.26   12.43
 105423.806   327.559    -4.89   11.03
 105801.608   326.409    -3.04    9.49
 106179.506   325.743    -1.76    8.74
 106557.500   325.791     0.13    8.40
 106935.590   329.687    10.30   10.28
 107313.777   337.757    21.34   14.59
 107692.060   348.052    27.22   14.55
 108070.439   358.528    27.69    8.25
 108448.915   365.457    18.31    8.11
 108827.487   368.196     7.24    7.57
 109206.156   368.621     1.12    7.07
 109584.922   366.316    -6.09    8.62
 109963.784   357.843   -22.36   10.83
 110342.744   346.809   -29.12   16.24
 110721.800   329.920   -44.56   21.14
 111100.954   312.462   -46.05   24.41
 111480.204   296.578   -41.88   19.20
 111859.552   284.991   -30.55   12.20
 112238.997   280.355   -12.22    9.30
 112618.539   286.371    15.85   14.82
 112998.179   296.310    26.18   17.03
 113377.916   310.209    36.60   15.45
 113757.750   321.026    28.48   12.25
 114137.683   331.212    26.81   13.15
 114517.713   341.299    26.54   15.62
 114897.840   354.389    34.44   14.80
 115278.066   367.026    33.24   15.87
 115658.389   378.418    29.96   15.37
 116038.811   390.569    31.94   14.29
 116419.330   396.938    16.74    9.17
 116799.948   393.235    -9.73   10.49
 117180.664   389.167   -10.69    9.41
 117561.478   386.307    -7.51    6.46
 117942.390   387.574     3.33    8.70
 118323.401   390.821     8.52   12.91
 118704.511   394.487     9.62   15.68
 119085.719   395.955     3.85   17.42
 119467.025   390.371   -14.65   20.32
 119848.431   380.792   -25.11   24.97
 120229.935   367.664   -34.42   24.28
 120611.538   357.027   -27.88   22.03
 120993.240   345.791   -29.44   20.78
 121375.042   332.789   -34.06   23.13
 121756.942   315.483   -45.32   22.90
 122138.941   300.114   -40.24   18.19
 122521.040   289.421   -27.99   10.45
 122903.238   286.880    -6.65    7.50
 123285.536   287.726     2.21    7.45
 123662.519   290.776     8.09    5.59
 124026.267   292.509     4.76    4.56
 124390.102   291.414    -3.01    5.33
 124754.025   288.879    -6.96    6.17
 125118.036   285.064   -10.48    6.53
 125482.135   281.983    -8.46    6.60
 125846.321   285.649    10.07   13.30
 126210.596   298.274    34.66   23.75
 126574.959   317.983    54.10   30.00
 126939.409   342.168    66.36   26.23
 127303.949   364.061    60.06   23.55
 127668.576   379.722    42.95   21.06
 128033.291   395.343    42.83   16.16
 128398.095   407.784    34.11   13.83
 128762.988   417.070    25.45   10.72
 129127.969   423.384    17.30    8.53
 129493.038   426.896     9.62    7.82
 129858.196   427.266     1.01    9.89
