# NaN NaN NaN ;Mean Elev.(m), Avg Gradient(m/km), RMS Gradient(m/km) - SRTM1     
#  156.898  -0.156  77.018 ;Mean Elev.(m), Avg Gradient(m/km), RMS Gradient(m/km) - ASTER GDEM
#  115.063   1.504  83.299 ;Mean Elev.(m), Avg Gradient(m/km), RMS Gradient(m/km) - GMTED2010 
 10   114.505 52565.53307673 47.61 122.757897  60.550896 14.501
 10   115.045 52565.53307738 52.26 122.755637  60.554056 14.501
 10   114.651 52565.53307802 48.21 122.753377  60.557216 14.501
 10   114.434 52565.53307866 46.40 122.751107  60.560386 14.501
 10   114.528 52565.53307931 51.05 122.748849  60.563544 10.586
 10   114.413 52565.53307995 48.71 122.746579  60.566714 10.586
 12   114.561 52635.53305853 14.50 122.745310  60.551963  4.682
 12   114.555 52635.53305918 15.60 122.743050  60.555133  4.682
 12   114.691 52635.53305982 14.91 122.740790  60.558293  4.682
 12   114.536 52635.53306047 15.61 122.738520  60.561463  4.682
 12   114.537 52635.53306111 15.23 122.736260  60.564623  4.682
 12   114.327 52635.53306176 14.22 122.733990  60.567783  4.682
 13   114.844 52670.53306657 11.27 122.755078  60.552828  4.611
 13   114.809 52670.53306721 11.74 122.752818  60.555988  4.611
 13   114.699 52670.53306786 11.88 122.750558  60.559158  4.611
 13   114.617 52670.53306850 12.14 122.748288  60.562318  4.611
 13   114.240 52670.53306915 12.22 122.746028  60.565478  4.611
 14   114.230 52705.53305844  9.63 122.752099  60.550995  3.510
 14   114.521 52705.53305909  9.06 122.749839  60.554155  3.510
 14   114.647 52705.53305973  9.05 122.747579  60.557325  3.510
 14   114.442 52705.53306038  9.34 122.745309  60.560485  3.510
 14   114.324 52705.53306102  9.40 122.743048  60.563645  3.036
 14   113.990 52705.53306167 10.04 122.740778  60.566815  3.036
 15   118.681 52740.53309249  6.23 122.758620  60.550291  8.088
 15   120.546 52740.53309314  5.19 122.756360  60.553451  8.088
 15   118.395 52740.53309378  3.39 122.754100  60.556611  8.088
 15   118.801 52740.53309443  3.03 122.751830  60.559781  8.088
 15   119.527 52740.53309507  2.08 122.749570  60.562941  8.088
 15   117.859 52740.53309571  1.42 122.747310  60.566111  8.088
 17   117.222 52810.53311629 25.01 122.738433  60.559095 10.413
 17   117.626 52810.53311694 26.56 122.736173  60.562255 10.413
 17   117.697 52810.53311758 25.99 122.733903  60.565415 10.413
 18   115.328 52845.53317066 33.41 122.745840  60.552256  9.175
 18   114.940 52845.53317130 22.14 122.743580  60.555426  9.175
 18   114.620 52845.53317195 19.38 122.741320  60.558586  9.175
 18   114.301 52845.53317259 18.06 122.739050  60.561756  9.175
 18   113.538 52845.53317324 18.46 122.736790  60.564916  9.175
 19   115.250 52880.53320791 25.27 122.751593  60.552265  8.789
 19   116.207 52880.53320855 25.48 122.749323  60.555425  8.789
 19   116.355 52880.53320920 25.00 122.747063  60.558595  8.789
 19   116.655 52880.53320984 24.07 122.744803  60.561755  8.789
 19   116.813 52880.53321049 25.39 122.742533  60.564925  8.789
 20   114.429 52915.53316502 25.95 122.766494  60.552738 18.372
 20   114.231 52915.53316567 28.26 122.764234  60.555898 18.372
 20   114.511 52915.53316631 29.06 122.761974  60.559058 18.372
 20   114.746 52915.53316696 28.12 122.759704  60.562228 18.372
 20   114.743 52915.53316760 31.29 122.757444  60.565388 18.372
 21   114.561 52950.53312551 30.70 122.746831  60.553078 11.547
 21   114.618 52950.53312615 34.71 122.744561  60.556248 11.547
 21   115.217 52950.53312680 38.26 122.742301  60.559408 11.547
 21   114.667 52950.53312744 32.87 122.740031  60.562568 11.547
 21   115.092 52950.53312808 29.57 122.737771  60.565738 11.547
 22   115.066 52985.53314713 20.37 122.760618  60.550825  7.498
 22   114.887 52985.53314778 22.30 122.758358  60.553985  7.498
 22   114.839 52985.53314842 23.41 122.756088  60.557145  7.498
 22   114.836 52985.53314907 23.56 122.753828  60.560315  7.498
 22   114.893 52985.53314971 24.40 122.751568  60.563475  7.498
 22   114.706 52985.53315036 23.53 122.749298  60.566645  7.498
 23   114.280 53020.53313785 14.14 122.763731  60.552343  5.080
 23   114.346 53020.53313850 15.07 122.761471  60.555513  5.080
 23   114.229 53020.53313914 16.91 122.759211  60.558673  5.080
 23   114.258 53020.53313979 15.76 122.756941  60.561833  5.080
 23   114.199 53020.53314043 15.70 122.754681  60.565003  5.080
 24   113.878 53055.53312553 11.79 122.755160  60.551487  4.145
 24   114.302 53055.53312618 11.73 122.752900  60.554657  4.145
 24   114.269 53055.53312682 12.06 122.750640  60.557817  4.145
 24   114.233 53055.53312747 11.97 122.748380  60.560987  4.145
 24   113.945 53055.53312811 12.68 122.746110  60.564147  4.145
 24   113.919 53055.53312876 12.31 122.743850  60.567307  4.145
 25   113.723 53090.53316290 12.24 122.757461  60.550824  4.810
 25   114.129 53090.53316355 12.46 122.755201  60.553994  4.810
 25   114.297 53090.53316419 12.73 122.752941  60.557154  4.810
 25   114.458 53090.53316483 11.78 122.750681  60.560324  4.810
 25   114.270 53090.53316548 11.79 122.748421  60.563484  4.810
 25   113.912 53090.53316612 12.52 122.746151  60.566644  4.810
 28   116.897 53195.53319135 39.17 122.759401  60.550810  8.916
 28   116.880 53195.53319199 39.77 122.757131  60.553970  8.916
 28   116.701 53195.53319264 42.03 122.754871  60.557140  8.916
 28   116.857 53195.53319328 41.55 122.752611  60.560300  8.916
 28   116.725 53195.53319393 42.15 122.750351  60.563470  8.916
 28   116.790 53195.53319457 40.24 122.748081  60.566630  8.916
 29   117.195 53230.53317749 45.63 122.764899  60.550696 19.740
 29   118.408 53230.53317814 52.94 122.762639  60.553856 19.740
 29   116.878 53230.53317878 50.57 122.760369  60.557016 19.740
 29   116.847 53230.53317943 51.88 122.758109  60.560186 19.740
 29   116.965 53230.53318007 51.58 122.755849  60.563346 19.740
 29   117.013 53230.53318072 52.76 122.753589  60.566516 19.740
 31   115.589 53300.53319685 47.13 122.740446  60.551529 18.016
 31   115.655 53300.53319750 49.82 122.738186  60.554699 18.016
 31   115.641 53300.53319814 51.85 122.735926  60.557859 18.016
 31   116.122 53300.53319879 49.72 122.733656  60.561029 18.016
 31   115.697 53300.53319943 51.67 122.731396  60.564189 18.016
 31   115.773 53300.53320008 46.30 122.729136  60.567349 18.016
 32   115.992 53335.53316705 25.41 122.757980  60.550423  6.484
 32   116.225 53335.53316769 20.77 122.755720  60.553583  6.484
 32   115.782 53335.53316834 20.23 122.753450  60.556743  6.484
 32   115.620 53335.53316898 20.16 122.751190  60.559913  6.484
 32   115.655 53335.53316963 19.57 122.748930  60.563073  6.484
 32   115.555 53335.53317027 19.69 122.746660  60.566243  6.484
 33   115.436 53370.53310503 12.75 122.771464  60.550150  4.330
 33   115.538 53370.53310568 13.08 122.769204  60.553310  4.330
 33   115.467 53370.53310632 13.36 122.766944  60.556480  4.330
 33   115.437 53370.53310697 13.26 122.764684  60.559640  4.330
 33   115.361 53370.53310761 13.75 122.762424  60.562800  4.330
 33   115.297 53370.53310825 13.55 122.760154  60.565970  4.330
 35   114.116 53440.53312660 10.87 122.766471  60.552483  5.312
 35   114.069 53440.53312724 10.32 122.764211  60.555643  5.312
 35   114.275 53440.53312789 10.61 122.761951  60.558803  5.312
 35   113.767 53440.53312853 11.32 122.759691  60.561973  5.312
 35   114.500 53440.53312918  9.66 122.757421  60.565133  5.312
 35   114.150 53440.53312982  9.36 122.755161  60.568303  5.312
 38   118.421 53545.53322373 52.72 122.754329  60.551955 17.585
 38   118.366 53545.53322437 51.03 122.752069  60.555125 17.585
 38   118.359 53545.53322502 51.61 122.749799  60.558285 17.585
 38   118.302 53545.53322566 51.71 122.747539  60.561455 17.585
 38   118.281 53545.53322631 52.94 122.745279  60.564615 17.585
 39   117.142 53580.53319915 52.04 122.760098  60.552671 15.680
 39   117.222 53580.53319980 51.11 122.757838  60.555841 15.680
 39   117.030 53580.53320044 51.95 122.755578  60.559001 15.680
 39   117.213 53580.53320109 51.14 122.753312  60.562165 10.210
 39   117.206 53580.53320173 49.74 122.751052  60.565335 10.210
 40   116.768 53615.53315354 50.65 122.763880  60.552066 17.029
 40   116.617 53615.53315419 47.76 122.761620  60.555236 17.029
 40   116.334 53615.53315676 49.48 122.752570  60.567896 17.029
 41   114.642 53650.53316496 46.21 122.753436  60.550354 16.262
 41   115.380 53650.53316561 52.43 122.751176  60.553514 16.262
 41   115.116 53650.53316625 53.10 122.748916  60.556684 16.262
 41   114.415 53650.53316690 51.19 122.746656  60.559844 16.262
 41   114.498 53650.53316754 51.55 122.744386  60.563004 16.262
 41   114.625 53650.53316819 50.50 122.742126  60.566174 16.262
 42   115.994 53685.53317432 23.57 122.752910  60.551439 10.317
 42   116.042 53685.53317496 25.51 122.750640  60.554609 10.317
 42   116.321 53685.53317561 26.32 122.748380  60.557769 10.317
 42   116.184 53685.53317625 26.84 122.746120  60.560939 10.317
 42   116.162 53685.53317689 26.27 122.743860  60.564099 10.317
 42   116.125 53685.53317754 25.72 122.741590  60.567269 10.317
 43   115.462 53720.53310009 13.84 122.769568  60.551447  6.336
 43   115.557 53720.53310074 15.44 122.767308  60.554617  6.336
 43   115.615 53720.53310138 15.20 122.765048  60.557777  6.336
 43   115.574 53720.53310202 16.58 122.762788  60.560937  6.336
 43   115.464 53720.53310267 16.92 122.760518  60.564107  6.336
 43   115.357 53720.53310331 15.58 122.758258  60.567267  6.336
 44   114.922 53755.53302665 11.29 122.754753  60.552389  4.775
 44   114.868 53755.53302730 12.50 122.752493  60.555559  4.775
 44   114.958 53755.53302794 12.60 122.750233  60.558719  4.775
 44   114.999 53755.53302859 12.67 122.747963  60.561889  4.775
 44   114.908 53755.53302923 12.09 122.745703  60.565049  4.775
 45   114.835 53790.53305483  9.09 122.763537  60.550969  5.022
 45   115.014 53790.53305547  9.37 122.761277  60.554139  5.022
 45   115.053 53790.53305612  9.70 122.759007  60.557299  5.022
 45   115.009 53790.53305676  9.75 122.756747  60.560469  5.022
 45   114.756 53790.53305741 10.75 122.754487  60.563629  5.022
 45   114.500 53790.53305805  9.96 122.752217  60.566799  5.022
 46   114.554 53825.53301271  8.30 122.749495  60.550390  3.545
 46   115.013 53825.53301335  8.85 122.747235  60.553550  3.545
 46   115.099 53825.53301400  8.58 122.744975  60.556720  3.545
 46   115.282 53825.53301464  8.41 122.742705  60.559880  3.545
 46   115.047 53825.53301529  9.05 122.740445  60.563040  3.545
 46   114.828 53825.53301593  7.90 122.738175  60.566210  3.545
 47   115.165 53860.53310572 35.89 122.748171  60.550978 17.243
 47   115.376 53860.53310637 37.27 122.745911  60.554148 17.243
 47   115.449 53860.53310701 39.41 122.743641  60.557308 17.243
 47   114.892 53860.53310766 41.61 122.741381  60.560468 17.243
 47   114.974 53860.53310830 45.92 122.739121  60.563638 17.243
 47   115.557 53860.53310895 43.33 122.736851  60.566798 17.243
 49   117.666 53930.53317707 40.23 122.747908  60.550197 18.776
 49   117.747 53930.53317771 40.82 122.745648  60.553357 18.776
 49   117.685 53930.53317835 44.64 122.743378  60.556517 18.776
 49   116.445 53930.53317900 48.00 122.741118  60.559687 18.776
 49   116.377 53930.53317964 49.45 122.738858  60.562847 18.776
 49   116.380 53930.53318029 48.46 122.736598  60.566017 18.776
 50   118.993 53965.53315482 36.71 122.753640  60.552555  9.181
 50   119.135 53965.53315546 36.43 122.751380  60.555725  9.181
 50   118.987 53965.53315611 37.98 122.749120  60.558885  9.181
 50   118.986 53965.53315675 37.39 122.746850  60.562055  9.181
 50   119.057 53965.53315740 39.45 122.744590  60.565215  9.181
 52   118.697 54035.53315529 41.22 122.754747  60.551843 24.534
 52   115.692 54035.53315593 40.67 122.752487  60.555013 24.534
 52   115.477 54035.53315658 33.32 122.750217  60.558173 24.534
 52   115.866 54035.53315722 39.99 122.747957  60.561333 24.534
 52   115.866 54035.53315787 44.42 122.745697  60.564503 24.534
 53   115.264 54070.53314890 16.24 122.760011  60.550093  6.355
 53   115.287 54070.53314955 17.27 122.757751  60.553253  6.355
 53   115.371 54070.53315019 18.54 122.755491  60.556423  6.355
 53   115.453 54070.53315084 17.93 122.753231  60.559583  6.355
 53   115.379 54070.53315148 17.54 122.750961  60.562743  6.355
 53   115.396 54070.53315213 16.58 122.748701  60.565913  6.355
 54   115.319 54105.53310228 11.38 122.768594  60.550139  4.765
 54   115.442 54105.53310292 11.49 122.766334  60.553309  4.765
 54   115.376 54105.53310357 11.81 122.764074  60.556469  4.765
 54   115.355 54105.53310421 12.14 122.761814  60.559639  4.765
 54   115.273 54105.53310486 13.50 122.759554  60.562799  4.765
 54   115.153 54105.53310550 11.56 122.757294  60.565959  4.765
 55   117.556 54140.53308175  6.42 122.750987  60.550767 14.944
 55   117.565 54140.53308240  7.62 122.748717  60.553927 14.944
 55   118.358 54140.53308304  7.61 122.746457  60.557087 14.944
 55   117.806 54140.53308369  8.11 122.744197  60.560257 14.944
 55   116.889 54140.53308433  8.03 122.741927  60.563417 14.944
 55   116.182 54140.53308498  9.06 122.739667  60.566587 14.944
 57   115.080 54210.53308866 15.86 122.749695  60.552085  5.634
 57   114.965 54210.53308931 17.39 122.747435  60.555245  5.634
 57   114.916 54210.53308995 19.55 122.745174  60.558405 10.824
 57   115.508 54210.53309060 21.07 122.742914  60.561575 10.824
 57   115.117 54210.53309124 26.38 122.740644  60.564735 10.824
 59   121.029 54280.53313179 50.56 122.748927  60.561138 10.893
 59   120.990 54280.53313243 52.42 122.746657  60.564308 10.893
 59   121.042 54280.53313308 52.66 122.744397  60.567468 10.893
 61   116.783 54350.53309709 47.59 122.763787  60.552649 12.981
 61   116.870 54350.53309773 37.11 122.761527  60.555809 12.981
 61   115.061 54350.53309838 32.81 122.759267  60.558979 12.981
 61   115.331 54350.53309902 44.98 122.757007  60.562139 12.981
 61   115.535 54350.53309967 50.91 122.754739  60.565303  8.087
 62   114.969 54385.53306772 16.20 122.753662  60.551913  5.545
 62   114.909 54385.53306836 16.86 122.751402  60.555083  5.545
 62   114.884 54385.53306901 17.74 122.749142  60.558243  5.545
 62   115.105 54385.53306965 18.60 122.746882  60.561413  5.545
 62   115.464 54385.53307030 23.32 122.744612  60.564573  5.545
 63   114.736 54420.53304661 28.45 122.761921  60.551970 14.548
 63   114.914 54420.53304725 30.79 122.759661  60.555130 14.548
 63   114.913 54420.53304790 36.83 122.757401  60.558300 14.548
 63   115.169 54420.53304854 37.24 122.755131  60.561460 14.548
 63   114.861 54420.53304919 34.62 122.752871  60.564630 14.548
 63   115.023 54420.53304983 35.71 122.750611  60.567790 14.548
 64   115.426 54455.53304009 18.46 122.746696  60.552254  4.645
 64   115.589 54455.53304074 19.14 122.744426  60.555414  4.645
 64   115.423 54455.53304138 19.35 122.742166  60.558574  4.645
 64   115.438 54455.53304203 19.54 122.739906  60.561744  4.645
 64   115.453 54455.53304267 18.48 122.737635  60.564911  4.247
 65   114.780 54490.53304719 13.47 122.761498  60.551537  5.012
 65   114.974 54490.53304784 13.82 122.759238  60.554707  5.012
 65   114.989 54490.53304848 15.27 122.756968  60.557867  5.012
 65   114.877 54490.53304913 14.90 122.754708  60.561037  5.012
 65   114.848 54490.53304977 14.83 122.752448  60.564197  5.012
 65   114.636 54490.53305042 15.24 122.750186  60.567359  3.769
 66   114.619 54525.53305255 12.12 122.754114  60.551271  4.299
 66   115.132 54525.53305320 12.42 122.751854  60.554441  4.299
 66   114.906 54525.53305384 12.92 122.749594  60.557601  4.299
 66   115.134 54525.53305449 13.36 122.747334  60.560771  4.299
 66   114.705 54525.53305513 12.95 122.745064  60.563931  4.299
 66   114.533 54525.53305578 12.78 122.742804  60.567091  4.299
 68   115.053 54595.53304887 27.89 122.755253  60.552567 13.369
 68   115.076 54595.53304952 28.22 122.752983  60.555727 13.369
 68   115.262 54595.53305016 29.00 122.750723  60.558887 13.369
 68   114.921 54595.53305080 28.63 122.748463  60.562057 13.369
 68   115.121 54595.53305145 29.08 122.746193  60.565217 13.369
 69   120.331 54630.53306236 20.12 122.756297  60.550774  4.085
 69   120.619 54630.53306300 20.47 122.754037  60.553944  4.085
 69   120.436 54630.53306365 21.94 122.751767  60.557104  4.085
 69   120.381 54630.53306429 21.52 122.749507  60.560264  4.085
 69   120.480 54630.53306494 20.33 122.747247  60.563434  4.085
 69   120.463 54630.53306558 19.57 122.744977  60.566594  4.085
 70   116.457 54665.53306914 11.99 122.753894  60.551932  4.442
 70   116.269 54665.53306979 14.03 122.751624  60.555092  4.442
 70   116.329 54665.53307043 13.55 122.749364  60.558262  4.442
 70   116.141 54665.53307107 14.32 122.747104  60.561422  4.442
 70   116.421 54665.53307172 15.61 122.744844  60.564592  4.442
 71   117.750 54700.53303855 37.73 122.766392  60.551555 17.813
 71   116.945 54700.53303920 38.82 122.764132  60.554715 17.813
 71   117.100 54700.53303984 42.45 122.761872  60.557885 17.813
 71   117.410 54700.53304049 45.59 122.759612  60.561045 17.813
 71   117.292 54700.53304113 48.19 122.757342  60.564205 17.813
 71   117.319 54700.53304178 48.59 122.755082  60.567375 17.813
 72   119.809 54735.53302969 47.88 122.744131  60.557973 13.165
 72   118.979 54735.53303033 49.54 122.741861  60.561143 13.165
 72   117.145 54735.53303098 50.06 122.739601  60.564303 13.165
 72   117.844 54735.53303162 48.55 122.737331  60.567473 13.165
 73   114.814 54770.53301896 49.99 122.760547  60.551922 21.881
 73   114.646 54770.53301960 36.72 122.758287  60.555092 21.881
 73   114.143 54770.53302025 29.93 122.756027  60.558252 21.881
 73   114.184 54770.53302089 30.58 122.753757  60.561412 21.881
 73   114.307 54770.53302154 43.94 122.751497  60.564582 21.881
 73   114.461 54770.53302218 48.30 122.749237  60.567742 21.881
 74   114.594 54805.53302183 22.41 122.749020  60.550156  6.295
 74   114.632 54805.53302247 22.76 122.746760  60.553326  6.295
 74   114.752 54805.53302312 23.40 122.744500  60.556486  6.295
 74   114.882 54805.53302376 23.15 122.742230  60.559646  6.295
 74   114.671 54805.53302441 21.42 122.739970  60.562816  6.295
 74   114.368 54805.53302505 21.69 122.737704  60.565973  4.078
 75   114.560 54840.53301405 15.20 122.758608  60.550343  4.939
 75   114.683 54840.53301469 15.71 122.756348  60.553513  4.939
 75   114.734 54840.53301534 15.79 122.754078  60.556673  4.939
 75   114.526 54840.53301598 16.89 122.751818  60.559833  4.939
 75   114.632 54840.53301663 15.88 122.749558  60.563003  4.939
 75   114.598 54840.53301727 15.36 122.747298  60.566163  4.939
 76   114.429 54875.53302285 14.14 122.751720  60.551940  4.811
 76   114.628 54875.53302349 14.34 122.749460  60.555100  4.811
 76   114.517 54875.53302414 14.75 122.747200  60.558270  4.811
 76   114.630 54875.53302478 13.80 122.744940  60.561430  4.811
 76   114.476 54875.53302543 13.04 122.742670  60.564600  4.811
 77   114.364 54910.53301955 11.35 122.763779  60.550860  3.925
 77   114.497 54910.53302020 11.51 122.761519  60.554030  3.925
 77   114.599 54910.53302084 12.77 122.759259  60.557190  3.925
 77   114.634 54910.53302149 12.45 122.756999  60.560360  3.925
 77   114.528 54910.53302213 11.39 122.754739  60.563520  3.925
 77   114.530 54910.53302278 10.76 122.752469  60.566690  3.925
 78   114.710 54945.53301584 23.44 122.749309  60.551819  9.813
 78   114.784 54945.53301648 24.50 122.747049  60.554979  9.813
 78   114.812 54945.53301713 26.27 122.744789  60.558149  9.813
 78   114.659 54945.53301777 26.70 122.742519  60.561309  9.813
 78   114.707 54945.53301842 25.92 122.740259  60.564479  9.813
 78   114.538 54945.53301906 24.00 122.737999  60.567639  9.813
 80   118.777 55015.53304435 47.55 122.755823  60.552767 14.347
 80   118.504 55015.53304499 44.61 122.753563  60.555927 14.347
 80   118.389 55015.53304563 46.40 122.751293  60.559097 14.347
 80   118.482 55015.53304628 47.36 122.749033  60.562257 14.347
 80   118.428 55015.53304692 49.65 122.746773  60.565417 14.347
 81   116.875 55050.53303814 13.20 122.758985  60.550191  4.123
 81   116.864 55050.53303878 14.54 122.756725  60.553351  4.123
 81   116.675 55050.53303943 15.30 122.754455  60.556511  4.123
 81   116.737 55050.53304007 14.76 122.752195  60.559681  4.123
 81   116.599 55050.53304072 15.82 122.749935  60.562841  4.123
 81   116.787 55050.53304136 14.36 122.747675  60.566011  4.123
 82   119.050 55085.53300450 49.99 122.766298  60.551950 18.428
 82   118.717 55085.53300514 52.02 122.764038  60.555120 18.428
 82   117.754 55085.53300579 50.02 122.761778  60.558280 18.428
 82   118.083 55085.53300643 47.57 122.759518  60.561450 18.428
 82   117.786 55085.53300707 49.15 122.757258  60.564610 18.428
 82   117.818 55085.53300772 51.84 122.754988  60.567770 18.428
 83   118.955 55120.53297234 27.80 122.749152  60.555027 10.312
 83   115.600 55120.53297298 29.61 122.746892  60.558187 10.312
 83   115.561 55120.53297363 39.72 122.744622  60.561357 10.312
 83   116.574 55120.53297427 47.22 122.742362  60.564517 10.312
 84   115.287 55155.53296429 22.25 122.759897  60.551841  8.869
 84   115.103 55155.53296494 23.84 122.757637  60.555011  8.869
 84   115.152 55155.53296558 24.90 122.755377  60.558171  8.869
 84   115.319 55155.53296623 23.73 122.753107  60.561331  8.869
 84   115.139 55155.53296687 24.21 122.750847  60.564501  8.869
 84   115.119 55155.53296752 22.46 122.748587  60.567661  8.869
 85   115.462 55190.53296106 15.48 122.749016  60.550626  5.208
 85   115.386 55190.53296170 16.33 122.746756  60.553786  5.208
 85   115.487 55190.53296235 17.25 122.744496  60.556946  5.208
 85   115.537 55190.53296299 17.00 122.742226  60.560116  5.208
 85   115.513 55190.53296364 16.68 122.739966  60.563276  5.208
 85   115.448 55190.53296428 16.04 122.737706  60.566446  5.208
 86   114.867 55225.53296448 14.75 122.759418  60.551756  5.532
 86   115.306 55225.53296513 13.63 122.757158  60.554926  5.532
 86   115.154 55225.53296577 14.78 122.754898  60.558086  5.532
 86   115.110 55225.53296641 14.99 122.752628  60.561246  5.532
 86   114.915 55225.53296706 14.52 122.750368  60.564416  5.532
 86   114.631 55225.53296770 14.49 122.748108  60.567576  5.532
 87   115.034 55260.53295660 11.70 122.755989  60.551380  4.354
 87   115.136 55260.53295724 12.43 122.753719  60.554550  4.354
 87   115.182 55260.53295788 13.17 122.751459  60.557710  4.354
 87   115.265 55260.53295853 12.73 122.749199  60.560880  4.354
 87   115.100 55260.53295917 12.14 122.746939  60.564040  4.354
 87   114.598 55260.53295982 11.79 122.744669  60.567200  4.354
 88   114.976 55295.53294987 10.87 122.765201  60.550009  3.874
 88   115.396 55295.53295052 10.83 122.762941  60.553179  3.874
 88   115.643 55295.53295116 11.31 122.760671  60.556339  3.874
 88   115.443 55295.53295181 11.61 122.758408  60.559505  3.912
 88   115.201 55295.53295245 11.50 122.756148  60.562665  3.912
 88   114.912 55295.53295310 11.48 122.753888  60.565835  3.912
 90   117.682 55365.53293165 43.55 122.760178  60.553118 16.569
 90   117.617 55365.53293230 45.44 122.757918  60.556278 16.569
 90   117.742 55365.53293294 46.43 122.755648  60.559438 16.569
 90   117.761 55365.53293359 46.31 122.753388  60.562608 16.569
 90   117.841 55365.53293423 45.74 122.751128  60.565768 16.569
 91   115.340 55400.53294386 34.92 122.748937  60.552175 10.299
 91   115.321 55400.53294450 37.59 122.746677  60.555345 10.299
 91   115.606 55400.53294515 44.17 122.744417  60.558505 10.299
 91   115.515 55400.53294579 47.57 122.742147  60.561675 10.299
 91   115.556 55400.53294644 48.45 122.739887  60.564835 10.299
 92   117.878 55435.53294843 48.56 122.760333  60.551890 15.962
 92   117.792 55435.53294907 45.07 122.758073  60.555050 15.962
 92   117.443 55435.53294972 37.17 122.755803  60.558210 15.962
 92   117.538 55435.53295036 39.22 122.753543  60.561380 15.962
 92   117.372 55435.53295101 38.29 122.751283  60.564540 15.962
 92   117.351 55435.53295165 45.61 122.749013  60.567710 15.962
 93   114.678 55470.53290084 17.70 122.769269  60.550611  6.025
 93   114.037 55470.53290148 20.11 122.767009  60.553771  6.025
 93   113.775 55470.53290213 23.95 122.764749  60.556941  6.025
 93   114.517 55470.53290277 20.11 122.762489  60.560101  6.025
 93   114.700 55470.53290342 20.02 122.760229  60.563261  6.025
 93   114.952 55470.53290406 21.89 122.757959  60.566431  6.025
