# NaN NaN NaN ;Mean Elev.(m), Avg Gradient(m/km), RMS Gradient(m/km) - SRTM1     
#   52.296  -4.260   9.503 ;Mean Elev.(m), Avg Gradient(m/km), RMS Gradient(m/km) - ASTER GDEM
#   60.316  -3.631   9.792 ;Mean Elev.(m), Avg Gradient(m/km), RMS Gradient(m/km) - GMTED2010 
  7    83.279 52461.10255758 49.65 129.851957  62.579030 28.324
  7    83.267 52461.10255822 49.13 129.849407  62.575890 28.324
  7    83.218 52461.10255887 49.67 129.846867  62.572750 28.324
  7    83.358 52461.10255951 47.66 129.844327  62.569600 28.324
  7    83.246 52461.10256016 48.85 129.841777  62.566460 28.324
  8    83.221 52496.10254617 24.75 129.892677  62.637161 22.926
  8    82.948 52496.10254681 23.01 129.890127  62.634021 22.926
  8    80.976 52496.10254810 34.44 129.885027  62.627741 22.926
  8    81.093 52496.10254875 28.99 129.882477  62.624601 22.926
  8    85.497 52496.10255777 18.87 129.846808  62.580629 20.014
  8    84.490 52496.10255842 19.00 129.844258  62.577489 20.014
  8    84.838 52496.10255906 19.17 129.841718  62.574349 20.014
  8    86.625 52496.10255970 19.10 129.839178  62.571199 20.014
  8    86.955 52496.10256035 21.24 129.836628  62.568059 20.014
  9    82.730 52531.10254384 42.17 129.857243  62.577406 18.339
  9    82.951 52531.10254448 46.81 129.854703  62.574266 18.339
  9    82.722 52531.10254513 47.65 129.852153  62.571126 18.339
  9    82.669 52531.10254577 48.35 129.849613  62.567986 18.339
  9    82.748 52531.10254642 46.73 129.847063  62.564836 18.339
 10    80.669 52566.10256472 41.96 129.856926  62.576666 22.398
 10    80.846 52566.10256537 47.01 129.854386  62.573526 22.398
 10    80.673 52566.10256601 50.18 129.851836  62.570386 22.398
 10    80.694 52566.10256666 45.82 129.849296  62.567246 22.398
 10    80.627 52566.10256730 39.15 129.846746  62.564106 22.398
 11    80.253 52601.10256569 24.50 129.895078  62.653240  6.904
 11    80.122 52601.10256634 25.09 129.892518  62.650100  6.904
 11    79.914 52601.10256698 24.68 129.889968  62.646960  6.904
 11    79.574 52601.10256762 24.88 129.887418  62.643820  6.904
 11    79.673 52601.10256827 24.84 129.884858  62.640680  6.904
 11    79.846 52601.10256891 25.26 129.882308  62.637540  6.904
 11    80.016 52601.10256956 24.96 129.879758  62.634400  6.904
 11    80.037 52601.10257020 26.75 129.877198  62.631260  6.904
 11    80.247 52601.10257085 27.29 129.874648  62.628120  6.904
 11    80.091 52601.10257149 28.40 129.872098  62.624980  6.904
 11    80.221 52601.10257214 27.47 129.869548  62.621840  6.904
 11    82.567 52601.10258052 27.23 129.836433  62.581010 10.469
 11    80.106 52601.10258116 32.09 129.833893  62.577860 10.469
 11    80.162 52601.10258181 34.48 129.831343  62.574720 10.469
 11    80.282 52601.10258245 32.57 129.828803  62.571580 10.469
 12    80.756 52636.10254261 23.26 129.853045  62.579755  6.976
 12    80.709 52636.10254326 25.64 129.850495  62.576615  6.976
 12    80.617 52636.10254390 27.33 129.847955  62.573475  6.976
 12    80.538 52636.10254455 27.17 129.845405  62.570335  6.976
 12    80.523 52636.10254519 25.81 129.842865  62.567185  6.976
 13    79.145 52671.10253645 19.24 129.893565  62.642102  4.693
 13    78.965 52671.10253709 20.03 129.891015  62.638962  4.693
 13    79.569 52671.10253774 19.55 129.888455  62.635822  4.693
 13    79.762 52671.10253838 18.82 129.885905  62.632682  4.693
 13    80.135 52671.10253902 18.98 129.883355  62.629542  4.693
 13    80.171 52671.10253967 19.26 129.880805  62.626402  4.693
 13    80.479 52671.10254031 18.99 129.878245  62.623262  4.693
 13    80.805 52671.10254096 18.85 129.875695  62.620122  4.693
 13    81.841 52671.10254934 22.45 129.842585  62.579284  6.753
 13    79.588 52671.10254998 24.75 129.840035  62.576144  6.753
 13    79.383 52671.10255063 26.35 129.837495  62.573004  6.753
 13    79.463 52671.10255127 23.72 129.834955  62.569864  6.753
 14    83.651 52706.10254428 18.40 129.856072  62.579596  5.329
 14    83.097 52706.10254493 18.92 129.853532  62.576456  5.329
 14    82.675 52706.10254557 19.77 129.850982  62.573316  5.329
 14    79.988 52706.10254622 21.98 129.848442  62.570166  5.329
 14    81.227 52706.10254686 20.59 129.845892  62.567026  5.329
 15    81.078 52741.10256376 12.60 129.897185  62.650542  4.380
 15    82.216 52741.10256441 13.25 129.894625  62.647402  4.380
 15    79.915 52741.10256505 13.35 129.892075  62.644262  4.380
 15    79.316 52741.10256570 13.91 129.889525  62.641122  4.380
 15    79.864 52741.10256634 14.18 129.886965  62.637982  4.380
 15    80.018 52741.10256699 14.83 129.884415  62.634842  4.380
 15    79.821 52741.10256763 14.35 129.881865  62.631702  4.380
 15    79.873 52741.10256828 14.82 129.879305  62.628562  4.380
 15    80.484 52741.10256892 14.51 129.876755  62.625422  4.380
 15    81.149 52741.10256956 14.38 129.874205  62.622282  4.380
 15    83.053 52741.10257795 15.50 129.841085  62.581447  4.553
 15    82.289 52741.10257859 16.59 129.838545  62.578307  4.553
 15    82.502 52741.10257923 16.48 129.836005  62.575167  4.553
 15    82.771 52741.10257988 16.63 129.833455  62.572017  4.553
 16    85.719 52776.10250794 24.14 129.896665  62.652835 20.161
 16    79.586 52776.10251051 31.34 129.886445  62.640275 20.161
 16    79.564 52776.10251116 31.07 129.883895  62.637135 20.161
 16    79.589 52776.10251180 30.55 129.881345  62.633995 20.161
 16    79.573 52776.10251245 31.59 129.878795  62.630855 20.161
 16    79.835 52776.10251309 29.85 129.876245  62.627715 20.161
 16    80.087 52776.10251374 26.56 129.873695  62.624575 20.161
 16    84.405 52776.10252276 24.77 129.838039  62.580592 10.109
 16    84.932 52776.10252341 23.51 129.835499  62.577452 10.109
 16    85.176 52776.10252405 23.08 129.832959  62.574312 10.109
 16    86.359 52776.10252470 24.34 129.830409  62.571172 10.109
 17    84.120 52811.10259899 28.99 129.854110  62.579746 21.929
 17    83.887 52811.10259964 26.13 129.851560  62.576606 21.929
 17    83.686 52811.10260028 26.38 129.849020  62.573466 21.929
 17    83.340 52811.10260093 27.25 129.846470  62.570326 21.929
 17    87.022 52811.10260157 29.57 129.843930  62.567186 21.929
 19    84.480 52881.10268046 15.50 129.890084  62.635266 19.478
 19    84.369 52881.10268175 19.64 129.884984  62.628986 19.478
 19    84.068 52881.10268240 21.73 129.882434  62.625846 19.478
 19    83.676 52881.10268304 22.48 129.879874  62.622706 19.478
 19    84.255 52881.10268369 21.25 129.877324  62.619566 19.478
 19    82.988 52881.10269207 17.88 129.844208  62.578730 23.189
 19    84.933 52881.10269271 16.94 129.841658  62.575590 23.189
 19    86.128 52881.10269336 17.71 129.839118  62.572450 23.189
 19    86.552 52881.10269400 20.70 129.836578  62.569310 23.189
 20    80.810 52916.10264901 44.50 129.842265  62.581071 20.743
 20    80.833 52916.10264965 39.16 129.839725  62.577931 20.743
 20    80.891 52916.10265030 33.88 129.837185  62.574791 20.743
 20    80.673 52916.10265094 34.33 129.834635  62.571651 20.743
 21    80.321 52951.10260990 25.95 129.862036  62.575617  8.960
 21    80.375 52951.10261055 27.29 129.859496  62.572477  8.960
 21    80.415 52951.10261119 27.55 129.856946  62.569337  8.960
 22    80.404 52986.10262935 23.30 129.854968  62.579173  6.257
 22    80.160 52986.10262999 23.77 129.852428  62.576033  6.257
 22    80.188 52986.10263064 23.98 129.849878  62.572893  6.257
 22    80.118 52986.10263128 27.06 129.847338  62.569753  6.257
 22    80.245 52986.10263192 27.18 129.844788  62.566613  6.257
 23    79.215 53021.10260692 20.26 129.893137  62.640350  5.171
 23    79.240 53021.10260756 20.06 129.890587  62.637210  5.171
 23    79.919 53021.10260821 19.42 129.888037  62.634070  5.171
 23    79.854 53021.10260885 20.39 129.885477  62.630930  5.171
 23    79.789 53021.10260950 20.62 129.882927  62.627790  5.171
 23    79.728 53021.10261014 20.34 129.880377  62.624650  5.171
 23    79.917 53021.10261079 20.02 129.877827  62.621510  5.171
 23    82.131 53021.10261917 20.31 129.844712  62.580669  6.489
 23    82.575 53021.10261981 20.62 129.842172  62.577529  6.489
 23    82.837 53021.10262046 20.59 129.839622  62.574389  6.489
 23    82.784 53021.10262110 22.58 129.837082  62.571249  6.489
 23    83.312 53021.10262175 21.43 129.834542  62.568109  6.489
 24    80.055 53056.10260846 19.59 129.856924  62.577273  6.615
 24    78.905 53056.10260910 21.38 129.854374  62.574133  6.615
 24    78.622 53056.10260975 25.20 129.851834  62.570993  6.615
 24    78.779 53056.10261039 25.46 129.849284  62.567853  6.615
 24    78.912 53056.10261104 26.27 129.846744  62.564713  6.615
 25    83.118 53091.10263037 14.77 129.892961  62.658658  4.874
 25    82.717 53091.10263101 15.09 129.890401  62.655518  4.874
 25    82.988 53091.10263166 14.91 129.887851  62.652378  4.874
 25    81.595 53091.10263230 14.88 129.885291  62.649238  4.874
 25    81.820 53091.10263295 14.70 129.882741  62.646098  4.874
 25    81.117 53091.10263359 15.47 129.880191  62.642958  4.874
 25    80.843 53091.10263424 15.20 129.877631  62.639818  4.874
 25    80.539 53091.10263488 15.52 129.875081  62.636678  4.874
 25    80.469 53091.10263553 15.13 129.872531  62.633538  4.874
 25    80.104 53091.10263617 15.50 129.869981  62.630398  4.874
 25    80.260 53091.10263682 15.86 129.867431  62.627258  4.874
 25    80.439 53091.10263746 15.58 129.864881  62.624118  4.874
 25    80.511 53091.10263811 16.66 129.862331  62.620978  4.874
 25    83.421 53091.10264520 15.48 129.834309  62.586419  6.779
 25    84.270 53091.10264584 15.08 129.831769  62.583279  6.779
 25    84.427 53091.10264649 18.32 129.829219  62.580139  6.779
 25    85.314 53091.10264713 16.71 129.826679  62.576999  6.779
 25    85.537 53091.10264778 17.07 129.824139  62.573859  6.779
 26    84.350 53126.10261633 11.51 129.856526  62.578681  4.713
 26    83.383 53126.10261698 11.47 129.853976  62.575541  4.713
 26    86.552 53126.10261762 11.24 129.851436  62.572401  4.713
 26    86.937 53126.10261827 11.82 129.848886  62.569261  4.713
 26    87.255 53126.10261891 12.24 129.846346  62.566121  4.713
 27   115.664 53161.10266484  3.82 129.896453  62.646070 11.413
 27   115.681 53161.10266549  6.18 129.893903  62.642930 11.413
 27   115.491 53161.10266613  4.16 129.891343  62.639790 11.413
 27   103.345 53161.10266677  7.41 129.888793  62.636650 11.413
 27    84.111 53161.10266871 26.74 129.881133  62.627230 11.413
 27    83.942 53161.10266935 29.32 129.878583  62.624090 11.413
 27    83.725 53161.10267000 29.17 129.876033  62.620950 11.413
 27    85.449 53161.10267838 25.52 129.842899  62.580114 20.158
 27    85.411 53161.10267902 19.61 129.840359  62.576974 20.158
 28    83.413 53196.10266516 50.10 129.892043  62.632738 29.777
 28    83.530 53196.10267612 43.82 129.848717  62.579342 28.730
 28    83.429 53196.10267677 52.30 129.846167  62.576202 28.730
 28    83.537 53196.10267741 49.87 129.843627  62.573062 28.730
 28    83.536 53196.10267805 50.33 129.841087  62.569922 28.730
 28    83.450 53196.10267870 50.61 129.838537  62.566772 28.730
 29    84.523 53231.10266024 22.10 129.848447  62.578182 20.087
 29    84.656 53231.10266088 21.27 129.845897  62.575042 20.087
 29    86.447 53231.10266153 20.55 129.843357  62.571902 20.087
 29    87.010 53231.10266217 21.36 129.840817  62.568762 20.087
 30    84.746 53266.10261433 25.37 129.893961  62.658375 12.349
 30    84.779 53266.10261497 15.01 129.891401  62.655235 12.349
 30    83.527 53266.10261562 16.69 129.888851  62.652095 12.349
 30    83.744 53266.10261626 16.45 129.886301  62.648955 12.349
 30    83.362 53266.10261691 16.68 129.883741  62.645815 12.349
 30    82.986 53266.10261755 17.04 129.881191  62.642675 12.349
 30    82.490 53266.10261820 19.04 129.878641  62.639535 12.349
 30    82.071 53266.10261884 20.63 129.876091  62.636395 12.349
 30    82.142 53266.10261949 19.86 129.873531  62.633255 12.349
 30    82.061 53266.10262013 20.42 129.870981  62.630115 12.349
 30    82.196 53266.10262078 21.47 129.868431  62.626975 12.349
 30    82.528 53266.10262142 22.10 129.865881  62.623835 12.349
 30    83.015 53266.10262207 22.37 129.863331  62.620695 12.349
 30    85.545 53266.10262980 19.19 129.832783  62.583001 28.479
 30    85.194 53266.10263045 19.60 129.830233  62.579851 28.479
 30    86.145 53266.10263109 20.96 129.827693  62.576711 28.479
 30    86.208 53266.10263174 31.14 129.825153  62.573571 28.479
 31    81.579 53301.10266830 43.25 129.891256  62.637124 19.108
 31    81.636 53301.10266894 44.87 129.888706  62.633984 19.108
 31    81.591 53301.10266959 44.73 129.886146  62.630844 19.108
 31    82.061 53301.10267023 39.32 129.883596  62.627704 19.108
 31    81.441 53301.10267087 36.06 129.881046  62.624564 19.108
 31    81.300 53301.10267152 33.03 129.878486  62.621424 19.108
 31    81.868 53301.10267990 43.94 129.845358  62.580589 17.230
 31    81.874 53301.10268054 46.50 129.842808  62.577449 17.230
 31    81.808 53301.10268119 50.38 129.840268  62.574309 17.230
 31    81.817 53301.10268183 46.45 129.837718  62.571169 17.230
 31    82.168 53301.10268248 43.13 129.835178  62.568029 17.230
 32    79.913 53336.10263892 21.22 129.891097  62.637566  6.769
 32    80.745 53336.10263957 20.81 129.888547  62.634426  6.769
 32    81.150 53336.10264021 21.34 129.885997  62.631286  6.769
 32    80.988 53336.10264086 24.13 129.883447  62.628146  6.769
 32    81.153 53336.10264150 23.95 129.880887  62.625006  6.769
 32    81.036 53336.10264215 25.27 129.878337  62.621866  6.769
 32    80.970 53336.10265117 26.31 129.842672  62.577889  6.862
 32    81.015 53336.10265182 26.93 129.840132  62.574749  6.862
 32    81.030 53336.10265246 29.04 129.837582  62.571609  6.862
 32    81.186 53336.10265311 26.90 129.835042  62.568469  6.862
 33    80.889 53371.10257303 18.21 129.896079  62.654709  7.021
 33    80.953 53371.10257367 17.92 129.893529  62.651569  7.021
 33    80.838 53371.10257431 18.19 129.890979  62.648429  7.021
 33    80.942 53371.10257496 17.59 129.888419  62.645289  7.021
 33    80.774 53371.10257560 17.52 129.885869  62.642149  7.021
 33    81.209 53371.10257625 18.07 129.883319  62.639009  7.021
 33    81.167 53371.10257689 18.10 129.880759  62.635869  7.021
 33    81.352 53371.10257754 18.70 129.878209  62.632729  7.021
 33    81.564 53371.10257818 19.22 129.875659  62.629589  7.021
 33    81.333 53371.10257883 19.82 129.873109  62.626449  7.021
 33    81.141 53371.10257947 21.57 129.870559  62.623309  7.021
 33    81.383 53371.10258785 22.18 129.837460  62.582467  5.052
 33    81.745 53371.10258850 22.21 129.834910  62.579327  5.052
 33    81.356 53371.10258914 22.39 129.832370  62.576187  5.052
 33    81.623 53371.10258979 20.59 129.829830  62.573047  5.052
 35    80.500 53441.10259483 16.30 129.895089  62.653851  6.302
 35    79.943 53441.10259548 17.06 129.892539  62.650711  6.302
 35    80.196 53441.10259612 16.61 129.889979  62.647571  6.302
 35    80.503 53441.10259677 15.70 129.887429  62.644431  6.302
 35    80.575 53441.10259741 15.78 129.884879  62.641291  6.302
 35    80.593 53441.10259806 15.84 129.882319  62.638151  6.302
 35    80.730 53441.10259870 16.87 129.879769  62.635011  6.302
 35    80.772 53441.10259934 17.91 129.877219  62.631871  6.302
 35    80.757 53441.10259999 18.43 129.874669  62.628731  6.302
 35    80.784 53441.10260063 18.46 129.872119  62.625591  6.302
 35    80.756 53441.10260128 18.40 129.869569  62.622451  6.302
 35    80.574 53441.10260966 19.47 129.836459  62.581611  5.704
 35    80.247 53441.10261030 21.66 129.833919  62.578471  5.704
 35    80.460 53441.10261095 21.30 129.831379  62.575331  5.704
 35    80.146 53441.10261159 20.73 129.828839  62.572191  5.704
 36    83.689 53476.10266492 12.18 129.892055  62.635064  7.383
 36    81.758 53476.10266685 12.42 129.884395  62.625644  7.383
 36    83.674 53476.10267652 13.01 129.846158  62.578531  3.894
 36    83.246 53476.10267717 14.58 129.843618  62.575391  3.894
 36    81.179 53476.10267781 15.59 129.841068  62.572251  3.894
 36    82.541 53476.10267846 14.15 129.838528  62.569111  3.894
 38    83.602 53546.10269464 24.77 129.890189  62.643463 22.358
 38    83.510 53546.10269528 22.16 129.887629  62.640323 22.358
 38    83.330 53546.10269593 20.78 129.885079  62.637183 22.358
 38    83.319 53546.10269657 21.41 129.882529  62.634043 22.358
 38    83.389 53546.10269722 21.15 129.879969  62.630903 22.358
 38    83.291 53546.10269786 20.55 129.877419  62.627763 22.358
 38    82.976 53546.10269851 23.10 129.874869  62.624623 22.358
 38    84.744 53546.10270753 19.51 129.839198  62.580645 18.133
 38    85.039 53546.10270818 19.61 129.836658  62.577505 18.133
 38    86.318 53546.10270882 20.24 129.834108  62.574365 18.133
 39   104.682 53581.10266695  6.77 129.898110  62.650529 11.302
 39   104.055 53581.10266759  6.82 129.895560  62.647389 11.302
 39    82.304 53581.10267082 32.40 129.882790  62.631689 11.302
 39    81.925 53581.10267146 33.45 129.880240  62.628549 11.302
 39    82.038 53581.10267211 32.65 129.877690  62.625409 11.302
 39    82.535 53581.10267275 31.02 129.875140  62.622269 11.302
 39    84.447 53581.10268113 20.78 129.842022  62.581430 21.246
 39    85.020 53581.10268178 19.89 129.839482  62.578290 21.246
 39    83.846 53581.10268242 22.13 129.836932  62.575150 21.246
 40    81.835 53616.10262305 19.35 129.884767  62.645783  9.785
 40    82.677 53616.10262369 17.94 129.882217  62.642643  9.785
 40    82.265 53616.10262434 18.29 129.879667  62.639503  9.785
 40    81.425 53616.10262498 19.38 129.877107  62.636363  9.785
 40    81.585 53616.10262562 19.45 129.874557  62.633223  9.785
 40    81.877 53616.10262627 19.86 129.872007  62.630083  9.785
 40    81.402 53616.10262691 21.17 129.869457  62.626943  9.785
 40    81.853 53616.10262756 22.51 129.866907  62.623803  9.785
 40    82.163 53616.10262820 25.60 129.864357  62.620663  9.785
 40    85.258 53616.10263594 17.87 129.833802  62.582960 17.993
 40    85.874 53616.10263658 17.88 129.831252  62.579820 17.993
 40    86.121 53616.10263723 20.53 129.828712  62.576680 17.993
 40    86.269 53616.10263787 27.03 129.826172  62.573540 17.993
 41    80.059 53651.10265011 38.94 129.850969  62.577205 12.735
 41    79.972 53651.10265076 36.86 129.848419  62.574065 12.735
 41    79.954 53651.10265140 37.78 129.845879  62.570925 12.735
 41    80.070 53651.10265205 42.05 129.843339  62.567785 12.735
 42    80.865 53686.10264277 19.66 129.897694  62.649995  6.434
 42    80.544 53686.10264342 19.35 129.895144  62.646855  6.434
 42    80.328 53686.10264406 19.34 129.892584  62.643715  6.434
 42    80.337 53686.10264471 19.37 129.890034  62.640575  6.434
 42    80.617 53686.10264535 20.54 129.887484  62.637435  6.434
 42    80.721 53686.10264599 20.49 129.884924  62.634295  6.434
 42    80.580 53686.10264664 21.94 129.882374  62.631155  6.434
 42    80.733 53686.10264728 21.92 129.879824  62.628015  6.434
 42    80.866 53686.10264793 21.34 129.877274  62.624875  6.434
 42    80.743 53686.10264857 21.56 129.874714  62.621735  6.434
 42    80.763 53686.10265695 25.18 129.841597  62.580905 10.951
 42    80.750 53686.10265760 25.28 129.839047  62.577765 10.951
 42    80.809 53686.10265824 26.02 129.836507  62.574625 10.951
 42    80.828 53686.10265889 25.86 129.833967  62.571475 10.951
 43    81.385 53721.10256838 18.31 129.896640  62.652131  5.871
 43    80.729 53721.10256902 17.89 129.894090  62.648991  5.871
 43    80.587 53721.10256967 17.75 129.891530  62.645851  5.871
 43    80.444 53721.10257031 18.18 129.888980  62.642711  5.871
 43    80.649 53721.10257096 18.49 129.886430  62.639571  5.871
 43    80.708 53721.10257160 17.95 129.883870  62.636431  5.871
 43    80.571 53721.10257225 19.01 129.881320  62.633291  5.871
 43    80.763 53721.10257289 19.50 129.878770  62.630151  5.871
 43    80.783 53721.10257354 20.14 129.876220  62.627011  5.871
 43    80.633 53721.10257418 20.29 129.873670  62.623871  5.871
 43    80.627 53721.10258321 22.75 129.838014  62.579890  6.360
 43    80.569 53721.10258385 22.60 129.835474  62.576750  6.360
 43    80.764 53721.10258450 22.93 129.832934  62.573610  6.360
 43    80.772 53721.10258514 21.38 129.830394  62.570470  6.360
 44    79.864 53756.10251110 20.32 129.862178  62.577951  5.665
 44    80.170 53756.10251175 21.58 129.859628  62.574811  5.665
 44    80.279 53756.10251239 21.08 129.857088  62.571671  5.665
 44    80.058 53756.10251304 23.90 129.854538  62.568531  5.665
 44    80.046 53756.10251433 23.21 129.849458  62.562251  5.665
 45    79.692 53791.10252711 16.63 129.893018  62.635355  5.424
 45    81.181 53791.10253872 18.80 129.847143  62.578818  5.351
 45    79.074 53791.10253936 22.03 129.844603  62.575678  5.351
 45    79.211 53791.10254001 22.49 129.842053  62.572538  5.351
 45    79.101 53791.10254065 22.11 129.839513  62.569398  5.351
 46    83.855 53826.10249898 16.87 129.861876  62.575142  4.927
 46    83.312 53826.10249962 17.69 129.859336  62.572002  4.927
 46    78.770 53826.10250027 20.40 129.856786  62.568862  4.927
 47   119.011 53861.10257826  6.26 129.893275  62.634621  7.118
 47    79.796 53861.10258987 27.72 129.847388  62.578083 17.204
 47    86.550 53861.10259051 22.24 129.844838  62.574943 17.204
 47    87.227 53861.10259115 23.66 129.842298  62.571803 17.204
 48    87.538 53896.10260905 22.31 129.851984  62.579728 20.232
 48    87.386 53896.10260969 21.76 129.849434  62.576588 20.232
 48    87.211 53896.10261034 23.29 129.846894  62.573448 20.232
 48    87.531 53896.10261098 25.16 129.844344  62.570308 20.232
 48    87.825 53896.10261163 35.43 129.841804  62.567158 20.232
 49    86.062 53931.10264594 22.01 129.894315  62.652147 20.094
 49    83.722 53931.10264723 22.55 129.889205  62.645867 20.094
 49    83.541 53931.10264787 21.26 129.886645  62.642727 20.094
 49    83.342 53931.10264852 19.00 129.884095  62.639587 20.094
 49    83.168 53931.10264916 19.26 129.881535  62.636447 20.094
 49    83.012 53931.10264981 19.59 129.878985  62.633307 20.094
 49    82.335 53931.10265045 21.36 129.876435  62.630167 20.094
 49    82.125 53931.10265110 25.56 129.873885  62.627027 20.094
 49    82.341 53931.10265174 26.42 129.871335  62.623887 20.094
 49    85.362 53931.10266012 19.14 129.838199  62.583055 20.675
 49    86.271 53931.10266077 17.90 129.835659  62.579915 20.675
 49    87.002 53931.10266141 18.55 129.833109  62.576775 20.675
 49    87.063 53931.10266206 21.37 129.830569  62.573625 20.675
 50   103.592 53966.10262234  7.15 129.895127  62.653483 15.574
 50   101.745 53966.10262298 11.13 129.892577  62.650343 15.574
 50    82.871 53966.10262621 35.81 129.879807  62.634643 15.574
 50    82.692 53966.10262685 40.91 129.877257  62.631503 15.574
 50    82.814 53966.10262750 41.62 129.874707  62.628363 15.574
 50    83.123 53966.10262814 39.51 129.872147  62.625223 15.574
 50    83.168 53966.10262878 38.40 129.869597  62.622083 15.574
 50    83.670 53966.10263910 33.32 129.828857  62.571830 24.539
 52    80.239 54036.10263870 34.78 129.852697  62.578537 19.718
 52    80.577 54036.10263934 39.92 129.850157  62.575397 19.718
 52    80.449 54036.10263999 44.66 129.847607  62.572257 19.718
 52    80.275 54036.10264063 48.68 129.845067  62.569107 19.718
 52    80.379 54036.10264128 41.38 129.842517  62.565967 19.718
 53    81.881 54071.10262176 17.46 129.891593  62.634654  4.082
 53    80.461 54071.10262370 18.11 129.883933  62.625234  4.082
 53    84.435 54071.10263337 16.61 129.845715  62.578125  6.836
 53    84.945 54071.10263401 17.57 129.843175  62.574985  6.836
 53    85.501 54071.10263466 17.71 129.840635  62.571835  6.836
 53    86.013 54071.10263530 17.91 129.838085  62.568695  6.836
 54    84.876 54106.10257001 15.95 129.893889  62.655979  6.028
 54    84.799 54106.10257066 15.44 129.891328  62.652839  4.038
 54    84.898 54106.10257130 15.44 129.888778  62.649699  4.038
 54    82.039 54106.10257195 15.77 129.886228  62.646549  4.038
 54    81.955 54106.10257259 15.47 129.883668  62.643409  4.038
 54    81.305 54106.10257324 15.75 129.881118  62.640269  4.038
 54    80.953 54106.10257388 16.50 129.878568  62.637129  4.038
 54    80.844 54106.10257453 16.39 129.876018  62.633989  4.038
 54    80.872 54106.10257517 17.33 129.873468  62.630849  4.038
 54    80.918 54106.10257581 17.65 129.870918  62.627709  4.038
 54    80.958 54106.10257646 17.61 129.868358  62.624569  4.038
 54    80.876 54106.10257710 18.36 129.865818  62.621429  4.038
 54    84.571 54106.10258484 14.95 129.835253  62.583732  3.818
 54    84.725 54106.10258548 15.40 129.832713  62.580592  3.818
 54    85.441 54106.10258613 15.03 129.830173  62.577452  3.818
 54    85.742 54106.10258677 15.51 129.827623  62.574312  3.818
 55    84.253 54141.10256606 14.55 129.851196  62.578206  3.743
 55    84.314 54141.10256670 15.71 129.848646  62.575066  3.743
 55    84.455 54141.10256735 15.77 129.846106  62.571926  3.743
 55    85.127 54141.10256799 15.80 129.843566  62.568786  3.743
 55    85.376 54141.10256864 16.85 129.841016  62.565646  3.743
 56    84.815 54176.10255187 13.62 129.896254  62.650982  4.781
 56    84.452 54176.10255252 13.62 129.893704  62.647842  4.781
 56    83.594 54176.10255316 12.99 129.891144  62.644702  4.781
 56    82.002 54176.10255381 14.17 129.888594  62.641562  4.781
 56    81.328 54176.10255445 14.22 129.886043  62.638422  3.395
 56    80.949 54176.10255510 14.75 129.883493  62.635282  3.395
 56    80.646 54176.10255574 14.92 129.880943  62.632142  3.395
 56    80.597 54176.10255639 15.13 129.878383  62.628992  3.395
 56    80.405 54176.10255703 15.89 129.875833  62.625852  3.395
 56    80.758 54176.10255767 15.95 129.873283  62.622712  3.395
 56    84.578 54176.10256606 14.07 129.840173  62.581882  3.395
 56    84.415 54176.10256670 14.16 129.837633  62.578742  3.395
 56    85.056 54176.10256735 14.78 129.835088  62.575596  3.555
 56    85.202 54176.10256799 14.52 129.832538  62.572456  3.555
 57    84.085 54211.10256195 25.03 129.892842  62.632145  8.089
 57    84.634 54211.10257291 12.57 129.849503  62.578753 14.098
 57    85.199 54211.10257355 12.05 129.846953  62.575613 14.098
 57    86.128 54211.10257420 12.12 129.844413  62.572473 14.098
 57    86.883 54211.10257484 11.25 129.841863  62.569333 14.098
 57    87.080 54211.10257549 13.55 129.839323  62.566193 14.098
 58    85.711 54246.10259132 37.87 129.892437  62.634248 20.708
 58    85.895 54246.10260356 51.24 129.844009  62.574563 31.793
 58    85.982 54246.10260421 49.55 129.841459  62.571423 31.793
 58    85.820 54246.10260485 49.48 129.838919  62.568283 31.793
 60    83.989 54316.10260079 20.45 129.890509  62.635209 15.401
 60    83.859 54316.10260208 19.05 129.885409  62.628919 15.401
 60    82.569 54316.10260273 25.18 129.882859  62.625779 15.401
 60    82.581 54316.10260337 28.41 129.880299  62.622639 15.401
 60    84.489 54316.10261240 18.86 129.844639  62.578669 15.401
 60    85.648 54316.10261304 18.37 129.842091  62.575533 21.380
 60    86.688 54316.10261369 18.71 129.839551  62.572383 21.380
 61    85.874 54351.10256512 18.40 129.896563  62.651401 17.529
 61    84.340 54351.10256576 19.13 129.894013  62.648261 17.529
 61    81.638 54351.10256641 19.60 129.891453  62.645121 17.529
 61    80.657 54351.10256705 21.08 129.888903  62.641981 17.529
 61    80.569 54351.10256770 21.80 129.886353  62.638841 17.529
 61    80.920 54351.10256834 23.09 129.883802  62.635698 19.544
 61    81.119 54351.10256898 25.03 129.881242  62.632558 19.544
 61    81.174 54351.10256963 25.20 129.878692  62.629418 19.544
 61    81.145 54351.10257027 27.27 129.876142  62.626278 19.544
 61    80.960 54351.10257092 30.94 129.873592  62.623128 19.544
 61    84.492 54351.10257930 18.88 129.840482  62.582298 19.544
 61    85.046 54351.10257994 18.21 129.837932  62.579158 19.544
 61    85.711 54351.10258059 18.46 129.835392  62.576018 19.544
 61    86.372 54351.10258123 19.67 129.832847  62.572879 28.435
 61    86.575 54351.10258188 31.42 129.830307  62.569729 28.435
 62    84.436 54386.10255141 18.10 129.849630  62.577984 12.121
 62    84.998 54386.10255205 19.00 129.847090  62.574844 12.121
 62    85.995 54386.10255270 19.39 129.844540  62.571704 12.121
 62    86.510 54386.10255334 22.69 129.841998  62.568559 21.062
 63    85.724 54421.10251525 17.90 129.896195  62.649879  6.280
 63    84.966 54421.10251590 17.56 129.893635  62.646739  6.280
 63    83.445 54421.10251654 18.17 129.891085  62.643599  6.280
 63    82.732 54421.10251719 18.60 129.888535  62.640459  6.280
 63    81.313 54421.10251783 18.88 129.885975  62.637319  6.280
 63    80.919 54421.10251848 18.81 129.883425  62.634179  6.280
 63    80.755 54421.10251912 19.06 129.880875  62.631036  4.004
 63    80.996 54421.10251977 19.63 129.878325  62.627896  4.004
 63    80.779 54421.10252041 18.80 129.875775  62.624756  4.004
 63    83.914 54421.10252944 18.21 129.840105  62.580776  4.004
 63    84.481 54421.10253008 18.39 129.837565  62.577636  4.004
 63    85.158 54421.10253073 18.79 129.835025  62.574496  4.004
 63    85.649 54421.10253137 18.89 129.832485  62.571356  4.004
 64    84.241 54456.10252361 15.05 129.857796  62.578938  3.320
 64    84.297 54456.10252425 14.80 129.855256  62.575798  3.320
 64    84.326 54456.10252490 15.42 129.852706  62.572658  3.320
 64    85.448 54456.10252554 15.81 129.850161  62.569516  5.458
 64    85.715 54456.10252619 16.42 129.847621  62.566376  5.458
 65    82.453 54491.10251801 15.77 129.893492  62.641988  4.715
 65    80.325 54491.10251865 15.95 129.890932  62.638848  4.715
 65    80.868 54491.10251930 15.99 129.888382  62.635708  4.715
 65    80.334 54491.10251994 16.64 129.885832  62.632568  4.715
 65    80.058 54491.10252059 16.37 129.883282  62.629428  4.715
 65    80.402 54491.10252123 16.61 129.880732  62.626288  4.715
 65    80.701 54491.10252188 16.53 129.878172  62.623148  4.715
 65    83.841 54491.10253090 14.60 129.842511  62.579171  3.403
 65    84.208 54491.10253155 14.52 129.839971  62.576031  3.403
 65    84.980 54491.10253219 14.43 129.837421  62.572891  3.403
 65    85.160 54491.10253284 15.13 129.834881  62.569751  3.403
 66    84.752 54526.10253682 12.85 129.852068  62.578001  2.989
 66    84.431 54526.10253746 12.99 129.849518  62.574861  2.989
 66    83.998 54526.10253811 14.67 129.846978  62.571721  2.989
 66    84.727 54526.10253875 14.24 129.844428  62.568571  2.989
 66    86.376 54526.10253940 14.19 129.841888  62.565431  2.989
 67    85.827 54561.10252486 10.62 129.895993  62.650284  4.027
 67    84.479 54561.10252550 10.35 129.893443  62.647144  4.027
 67    83.840 54561.10252615 10.49 129.890883  62.644004  4.027
 67    83.150 54561.10252679 10.39 129.888333  62.640864  4.027
 67    81.961 54561.10252744 10.03 129.885783  62.637724  4.027
 67    81.710 54561.10252808 10.30 129.883223  62.634584  4.027
 67    81.005 54561.10252873 10.83 129.880673  62.631444  4.027
 67    81.579 54561.10252937 10.51 129.878123  62.628304  4.027
 67    81.735 54561.10253002 10.82 129.875573  62.625164  4.027
 67    84.459 54561.10253904  9.70 129.839912  62.581186  2.717
 67    84.642 54561.10253969 10.23 129.837362  62.578046  2.717
 67    85.008 54561.10254033  9.93 129.834822  62.574906  2.717
 67    85.480 54561.10254098 10.40 129.832282  62.571756  2.717
 68   118.966 54596.10252081  7.82 129.892051  62.635754  5.846
 68    80.378 54596.10253242 31.79 129.846166  62.579218 14.429
 68    79.996 54596.10253306 31.01 129.843626  62.576078 14.429
 68    80.294 54596.10253371 29.13 129.841076  62.572938 14.429
 68    80.261 54596.10253435 33.87 129.838536  62.569788 14.429
 69    84.738 54631.10253454 27.54 129.891981  62.636921 14.255
 69    84.956 54631.10253518 27.41 129.889431  62.633781 14.255
 69    85.046 54631.10253647 30.07 129.884321  62.627501 14.255
 69    85.141 54631.10253712 32.12 129.881771  62.624361 14.255
 69    84.985 54631.10253776 35.55 129.879221  62.621221 14.255
 69    85.954 54631.10254679 38.85 129.843554  62.577247 23.189
 69    85.994 54631.10254743 33.85 129.841004  62.574107 23.189
 69    86.452 54631.10254872 44.06 129.835924  62.567817 23.189
 70    82.223 54666.10254103 35.08 129.890247  62.635755 16.349
 70    82.737 54666.10254231 36.61 129.885147  62.629475 16.349
 70    82.798 54666.10254296 38.83 129.882587  62.626335 16.349
 70    82.540 54666.10254360 42.64 129.880037  62.623195 16.349
 70    81.754 54666.10254425 43.25 129.877487  62.620055 16.349
 70    82.147 54666.10255263 46.33 129.844363  62.579220 21.826
 70    82.268 54666.10255327 42.14 129.841823  62.576080 21.826
 70    82.220 54666.10255392 47.10 129.839283  62.572930 21.826
 70    82.227 54666.10255456 47.96 129.836733  62.569790 21.826
 71    82.957 54701.10250683 38.79 129.896543  62.650859 14.931
 71    82.934 54701.10250747 32.59 129.893993  62.647719 14.931
 71    82.767 54701.10250812 30.62 129.891443  62.644579 14.931
 71    82.348 54701.10250876 30.64 129.888883  62.641439 14.931
 71    82.399 54701.10250941 30.28 129.886333  62.638299 14.931
 71    82.484 54701.10251005 29.88 129.883783  62.635159 14.931
 71    82.431 54701.10251070 29.98 129.881233  62.632019 14.931
 71    82.491 54701.10251134 30.20 129.878683  62.628879 14.931
 71    82.557 54701.10251199 29.92 129.876123  62.625739 14.931
 71    82.693 54701.10251263 28.31 129.873573  62.622599 14.931
 71    83.388 54701.10252101 35.41 129.840464  62.581758 25.751
 71    83.409 54701.10252166 31.95 129.837924  62.578618 25.751
 71    83.107 54701.10252230 32.43 129.835374  62.575478 25.751
 71    83.332 54701.10252295 30.18 129.832834  62.572338 25.751
 72    83.800 54736.10251257 20.18 129.851821  62.576276 16.880
 72    85.235 54736.10251322 18.59 129.849281  62.573136 16.880
 72    86.957 54736.10251386 18.18 129.846741  62.569996 16.880
 73    81.083 54771.10248937 38.21 129.893972  62.641977 16.383
 73    81.476 54771.10249001 43.60 129.891422  62.638837 16.383
 73    81.210 54771.10249066 44.45 129.888862  62.635697 16.383
 73    80.899 54771.10249130 42.27 129.886312  62.632557 16.383
 73    81.375 54771.10249195 36.53 129.883762  62.629417 16.383
 73    81.062 54771.10249259 37.92 129.881212  62.626277 16.383
 73    80.964 54771.10250226 49.41 129.842990  62.579162 19.558
 73    81.434 54771.10250290 49.35 129.840450  62.576022 19.558
 73    80.964 54771.10250355 47.39 129.837910  62.572882 19.558
 73    80.929 54771.10250419 46.11 129.835360  62.569732 19.558
 74    80.720 54806.10250610 24.51 129.851624  62.577766  6.228
 74    80.802 54806.10250675 25.18 129.849074  62.574626  6.228
 74    80.716 54806.10250739 25.74 129.846534  62.571486  6.228
 74    80.793 54806.10250804 26.16 129.843984  62.568336  6.228
 74    80.802 54806.10250868 25.61 129.841444  62.565196  6.228
 75    81.425 54841.10248624 15.82 129.890385  62.634536  4.923
 75    81.257 54841.10248753 15.50 129.885285  62.628256  4.923
 75    81.204 54841.10248818 15.57 129.882725  62.625116  4.923
 75    81.371 54841.10248882 15.29 129.880175  62.621976  4.923
 75    81.143 54841.10249785 20.89 129.844508  62.578001  4.725
 75    80.969 54841.10249849 21.85 129.841968  62.574861  4.725
 75    80.897 54841.10249914 22.58 129.839428  62.571711  4.725
 75    81.097 54841.10249978 20.86 129.836878  62.568571  4.725
 76    80.554 54876.10249601 15.05 129.892863  62.633570  5.065
 76    80.887 54876.10250697 18.30 129.849528  62.580180  4.463
 76    80.377 54876.10250761 21.12 129.846978  62.577040  4.463
 76    80.318 54876.10250825 21.05 129.844438  62.573900  4.463
 76    80.373 54876.10250890 21.92 129.841888  62.570750  4.463
 76    80.754 54876.10250954 20.19 129.839348  62.567610  4.463
 77    82.266 54911.10248838 13.66 129.894864  62.652446  4.339
 77    81.894 54911.10248902 13.33 129.892314  62.649306  4.339
 77    81.592 54911.10248967 12.99 129.889754  62.646166  4.339
 77    81.344 54911.10249031 12.84 129.887204  62.643026  4.339
 77    81.135 54911.10249096 13.18 129.884654  62.639886  4.339
 77    81.156 54911.10249160 13.24 129.882094  62.636746  4.339
 77    80.625 54911.10249225 13.90 129.879544  62.633606  4.339
 77    81.014 54911.10249289 13.82 129.876994  62.630466  4.339
 77    81.052 54911.10249354 14.21 129.874444  62.627326  4.339
 77    81.193 54911.10249418 14.34 129.871894  62.624186  4.339
 77    80.159 54911.10250256 16.82 129.838781  62.583348  4.002
 77    80.468 54911.10250321 17.19 129.836231  62.580208  4.002
 77    80.215 54911.10250385 18.21 129.833691  62.577068  4.002
 77    82.771 54911.10250450 17.37 129.831151  62.573928  4.002
 77    79.959 54911.10250514 17.78 129.828611  62.570778  4.002
 78    85.247 54946.10249939 19.40 129.850530  62.579972 11.857
 78    86.106 54946.10250004 20.12 129.847990  62.576832 11.857
 78    86.641 54946.10250068 21.48 129.845440  62.573692 11.857
 78    87.271 54946.10250133 23.96 129.842900  62.570552 11.857
 78    86.902 54946.10250197 30.67 129.840350  62.567402 11.857
 79    83.683 54981.10251479 31.85 129.888516  62.633555  7.715
 79    83.739 54981.10251543 32.57 129.885956  62.630415  7.715
 79    83.945 54981.10251608 31.42 129.883406  62.627275  7.715
 79    84.624 54981.10251672 31.28 129.880856  62.624135  7.715
 79    84.799 54981.10251737 32.53 129.878306  62.620995  7.715
 79    84.749 54981.10252639 36.65 129.842640  62.577020 20.243
 79    84.715 54981.10252704 35.20 129.840090  62.573880 20.243
 79    85.068 54981.10252768 39.18 129.837550  62.570730 20.243
 79    85.605 54981.10252833 38.91 129.835010  62.567590 20.243
 80    86.469 55016.10251596 42.23 129.890972  62.635007 24.915
 80    85.900 55016.10251790 37.89 129.883312  62.625587 24.915
 80    85.736 55016.10251854 39.37 129.880762  62.622447 24.915
 80    84.936 55016.10252757 49.28 129.845092  62.578472 30.339
 80    85.520 55016.10252821 47.99 129.842552  62.575332 30.339
 80    84.676 55016.10252885 47.35 129.840012  62.572192 30.339
 80    84.726 55016.10252950 47.61 129.837462  62.569052 30.339
 81    81.902 55051.10251047 25.91 129.890708  62.634512 10.849
 81    82.116 55051.10251241 27.62 129.883048  62.625092 10.849
 81    82.700 55051.10252208 23.46 129.844830  62.577975 17.986
 81    83.337 55051.10252272 22.56 129.842290  62.574835 17.986
 81    85.685 55051.10252336 24.80 129.839750  62.571685 17.986
 81    86.513 55051.10252401 24.83 129.837200  62.568545 17.986
 82    81.889 55086.10247302 33.07 129.891795  62.649926 13.990
 82    81.550 55086.10247366 34.64 129.889245  62.646786 13.990
 82    81.620 55086.10247431 35.08 129.886695  62.643646 13.990
 82    81.667 55086.10247495 35.15 129.884135  62.640496 13.990
 82    81.757 55086.10247560 31.57 129.881585  62.637356 13.990
 82    81.675 55086.10247624 29.43 129.879035  62.634216 13.990
 82    81.995 55086.10247689 28.38 129.876485  62.631076 13.990
 82    81.763 55086.10247753 28.69 129.873935  62.627936 13.990
 82    82.105 55086.10247818 27.74 129.871385  62.624796 13.990
 82    83.086 55086.10247882 26.55 129.868835  62.621656 13.990
 82    82.493 55086.10248656 36.49 129.838264  62.583960 30.831
 82    82.490 55086.10248720 39.93 129.835724  62.580820 30.831
 82    82.502 55086.10248785 38.87 129.833184  62.577680 30.831
 82    82.660 55086.10248849 45.93 129.830634  62.574540 30.831
 82    82.444 55086.10248913 48.09 129.828094  62.571400 30.831
 83    81.947 55121.10245569 48.53 129.853673  62.578872 29.000
 83    81.975 55121.10245634 51.67 129.851133  62.575732 29.000
 83    81.877 55121.10245698 53.07 129.848583  62.572582 29.000
 83    82.114 55121.10245763 45.42 129.846043  62.569442 29.000
 83    82.016 55121.10245827 50.49 129.843493  62.566302 29.000
 84    79.942 55156.10243270 31.15 129.898277  62.651747  7.846
 84    80.293 55156.10243334 30.15 129.895727  62.648617  7.846
 84    80.388 55156.10243399 30.24 129.893167  62.645477  7.846
 84    80.512 55156.10243463 29.50 129.890617  62.642327  7.846
 84    80.435 55156.10243528 28.91 129.888067  62.639187  7.846
 84    80.140 55156.10243592 28.29 129.885507  62.636047  7.846
 84    80.099 55156.10243657 27.01 129.882957  62.632907  7.846
 84    80.580 55156.10243721 26.53 129.880407  62.629767  7.846
 84    79.779 55156.10243786 28.50 129.877857  62.626627  7.846
 84    79.964 55156.10243850 26.25 129.875307  62.623487  7.846
 84    79.742 55156.10244753 30.73 129.839646  62.579515  8.506
 84    79.663 55156.10244817 31.43 129.837096  62.576375  8.506
 84    79.482 55156.10244882 30.90 129.834556  62.573235  8.506
 84    79.398 55156.10244946 27.91 129.832006  62.570095  8.506
 85    80.620 55191.10244474 27.08 129.854312  62.580150  7.294
 85    80.642 55191.10244539 28.89 129.851772  62.577010  7.294
 85    80.613 55191.10244603 28.74 129.849222  62.573870  7.294
 85    80.582 55191.10244668 27.82 129.846682  62.570720  7.294
 85    80.738 55191.10244732 24.96 129.844132  62.567580  7.294
 86    79.938 55226.10243359 20.29 129.897865  62.649653  5.374
 86    79.980 55226.10243424 19.59 129.895305  62.646513  5.374
 86    80.216 55226.10243488 19.61 129.892755  62.643373  5.374
 86    80.148 55226.10243552 20.27 129.890205  62.640233  5.374
 86    79.929 55226.10243617 20.60 129.887645  62.637093  5.374
 86    79.794 55226.10243681 20.51 129.885095  62.633953  5.374
 86    79.587 55226.10243746 21.22 129.882545  62.630813  5.374
 86    79.718 55226.10243810 21.48 129.879995  62.627673  5.374
 86    79.160 55226.10243875 21.41 129.877445  62.624533  5.374
 86    78.841 55226.10243939 21.60 129.874895  62.621393  5.374
 86    79.993 55226.10244777 20.86 129.841779  62.580563  4.070
 86    80.008 55226.10244842 21.04 129.839229  62.577423  4.070
 86    80.213 55226.10244906 21.44 129.836689  62.574283  4.070
 86    80.015 55226.10244971 20.59 129.834149  62.571133  4.070
 87    79.543 55261.10244103 21.53 129.847768  62.578668  4.670
 87    79.711 55261.10244167 20.23 129.845218  62.575528  4.670
 87    79.788 55261.10244232 18.68 129.842678  62.572378  4.670
 87    79.610 55261.10244296 18.45 129.840138  62.569238  4.670
 88    79.150 55296.10241805 18.85 129.897782  62.652937  5.033
 88    79.466 55296.10241869 19.13 129.895226  62.649796  5.088
 88    79.950 55296.10241934 17.05 129.892666  62.646656  5.088
 88    80.262 55296.10241998 16.90 129.890116  62.643516  5.088
 88    80.024 55296.10242063 16.95 129.887556  62.640376  5.088
 88    80.040 55296.10242127 17.91 129.885006  62.637236  5.088
 88    79.745 55296.10242192 17.68 129.882456  62.634086  5.088
 88    79.649 55296.10242256 17.28 129.879906  62.630946  5.088
 88    79.488 55296.10242321 18.08 129.877356  62.627806  5.088
 88    79.310 55296.10242385 18.19 129.874806  62.624666  5.088
 88    81.128 55296.10243288 17.76 129.839135  62.580690  4.216
 88    79.492 55296.10243352 18.47 129.836595  62.577550  4.216
 88    79.298 55296.10243416 18.86 129.834055  62.574410  4.216
 88    82.246 55296.10243481 17.20 129.831515  62.571270  4.216
 89   102.792 55331.10240908  8.67 129.892641  62.639601 12.477
 89   102.689 55331.10240972 10.27 129.890081  62.636461 12.477
 89    99.941 55331.10241101 16.71 129.884981  62.630181 12.477
 89    81.067 55331.10241294 33.59 129.877321  62.620761 12.477
 90    83.908 55366.10240194 22.96 129.893224  62.642123 15.514
 90    83.954 55366.10240258 19.66 129.890674  62.638983 15.514
 90    85.578 55366.10240323 18.30 129.888114  62.635843 15.514
 90    84.965 55366.10240387 17.49 129.885564  62.632703 15.514
 90    83.962 55366.10240451 19.18 129.883014  62.629563 15.514
 90    83.635 55366.10240516 20.57 129.880464  62.626423 15.514
 90    83.818 55366.10240580 23.26 129.877914  62.623283 15.514
 90    83.943 55366.10241483 20.85 129.842250  62.579311 23.522
 90    85.949 55366.10241547 17.67 129.839700  62.576171 23.522
 90    86.727 55366.10241612 20.74 129.837160  62.573031 23.522
 90    87.069 55366.10241676 28.33 129.834620  62.569891 23.522
 91    83.523 55401.10242701 33.26 129.854282  62.580225 30.071
 91    81.210 55401.10242765 34.81 129.851732  62.577085 30.071
 91    81.353 55401.10242830 32.58 129.849192  62.573945 30.071
 91    81.491 55401.10242894 33.54 129.846642  62.570795 30.071
 91    81.613 55401.10242959 34.73 129.844102  62.567655 30.071
 92    80.802 55436.10241996 26.56 129.891622  62.636712 16.221
 92    82.394 55436.10242060 25.04 129.889062  62.633572 16.221
 92    82.581 55436.10242189 25.14 129.883962  62.627292 16.221
 92    81.872 55436.10242254 27.00 129.881412  62.624152 16.221
 92    82.716 55436.10242318 24.66 129.878862  62.621012 16.221
 92    81.831 55436.10243156 30.03 129.845741  62.580172 20.858
 92    81.893 55436.10243221 31.52 129.843201  62.577032 20.858
 92    82.187 55436.10243285 36.34 129.840651  62.573892 20.858
 92    82.368 55436.10243350 39.41 129.838111  62.570752 20.858
 92    82.737 55436.10243414 42.06 129.835571  62.567612 20.858
 93    80.361 55471.10236865 32.03 129.896117  62.654995 18.842
 93    80.931 55471.10236930 31.64 129.893557  62.651855 18.842
 93    80.486 55471.10236994 35.46 129.891007  62.648715 18.842
 93    80.913 55471.10237059 33.98 129.888457  62.645575 18.842
 93    80.959 55471.10237123 38.79 129.885897  62.642435 18.842
 93    80.993 55471.10237188 38.25 129.883347  62.639295 18.842
 93    81.492 55471.10237252 36.94 129.880797  62.636155 18.842
 93    81.444 55471.10237317 40.20 129.878247  62.633015 18.842
 93    81.530 55471.10237381 40.23 129.875697  62.629875 18.842
 93    81.670 55471.10237446 45.01 129.873147  62.626735 18.842
 93    81.334 55471.10237510 47.33 129.870597  62.623595 18.842
 93    81.642 55471.10238348 39.41 129.837485  62.582756 19.610
 93    81.205 55471.10238413 39.24 129.834945  62.579616 19.610
 93    81.016 55471.10238477 43.54 129.832405  62.576476 19.610
 93    81.440 55471.10238542 44.62 129.829855  62.573336 19.610
