# NaN NaN NaN ;Mean Elev.(m), Avg Gradient(m/km), RMS Gradient(m/km) - SRTM1     
#   -0.058  -1.887  78.419 ;Mean Elev.(m), Avg Gradient(m/km), RMS Gradient(m/km) - ASTER GDEM
#   11.589  -5.395  80.413 ;Mean Elev.(m), Avg Gradient(m/km), RMS Gradient(m/km) - GMTED2010 
  8 127.328358  71.472869   165.124   163.674  8 52488.13661822  7.855
  9 127.326647  71.478544   167.920   168.198  8 52523.13659046  4.031
 10 127.334797  71.471685     3.319     3.292  9 52558.13664180 44.480
 11 127.331401  71.477238     1.479     1.516  9 52593.13663982 25.192
 12 127.335602  71.460076     1.523     1.526 11 52628.13656495 14.308
 13 127.334197  71.476122     1.733     1.751 10 52663.13660226 16.197
 14 127.334017  71.458427     1.563     1.521 11 52698.13658105 11.700
 15 127.334090  71.471582     2.506     2.299  9 52733.13659915  9.690
 16 127.329771  71.485445     4.583     4.619  9 52768.13660468 14.596
 17 127.341064  71.465297   165.914   164.636  9 52803.13662554 11.605
 18 127.338028  71.467482     6.981     6.922 10 52838.13668921 43.395
 19 127.332093  71.468284   162.210   160.041  9 52873.13672925  5.605
 20 127.327684  71.472838   157.034   161.773  8 52908.13671271 10.927
 21 127.334539  71.456804     3.009     3.011 12 52943.13664069 37.505
 23 127.331061  71.478237     1.701     1.744 10 53013.13669679 12.587
 24 127.337285  71.467328     1.788     1.785 10 53048.13666770 11.285
 26 127.337759  71.470712     1.502     1.512 10 53118.13667267 10.598
 28 127.336810  71.469414    12.766    12.820 10 53188.13671114 40.368
 31 127.334780  71.470353     5.952     5.919 10 53293.13672612 44.068
 32 127.333882  71.474252     3.344     3.306  9 53328.13669927 21.570
 33 127.331016  71.477762     2.945     2.951 10 53363.13665246 17.823
 35 127.331781  71.478826     2.531     2.493  9 53433.13666553 15.463
 36 127.336654  71.466881     2.128     2.146 10 53468.13670578  9.167
 37 127.332370  71.476679     2.325     2.303 10 53503.13675286  7.227
 38 127.333849  71.475903   176.837   176.882 10 53538.13674796 10.586
 39 127.319823  71.472315    18.902    18.252  5 53573.13675033  9.170
 40 127.317561  71.477184   165.361   162.883  5 53608.13669890  7.187
 41 127.334834  71.464856     9.698     9.192 10 53643.13670198 11.281
 42 127.330935  71.476511     3.457     3.479  9 53678.13671864 25.269
 43 127.331389  71.479661     2.953     2.981  9 53713.13664674 19.236
 44 127.333587  71.457224     3.050     3.060 11 53748.13656391 19.274
 45 127.333514  71.473405     2.595     2.675  9 53783.13659197 13.789
 46 127.329342  71.484632     1.989     2.049 10 53818.13655374 15.199
 47 127.315509  71.458452     1.581     1.545  3 53853.13663459 13.521
 48 127.337070  71.469412    18.471    18.244 10 53888.13663923 22.303
 50 127.326076  71.477890   167.400   167.413  9 53958.13670049  5.514
 51 127.330581  71.453160     7.730     7.746 12 53993.13663162 11.683
 52 127.334947  71.464303     5.705     5.680 10 54028.13669098 38.707
 53 127.334751  71.473862     2.685     2.703 10 54063.13668314 14.625
 54 127.328045  71.480099     4.253     3.622 10 54098.13665100 13.780
 55 127.335866  71.464441     3.198     3.174 10 54133.13660771  9.373
 56 127.327863  71.477707     2.870     2.831  9 54168.13662523  8.366
 57 127.334843  71.465901     2.578     2.498 10 54203.13661131  5.775
 59 127.334214  71.474591    11.751    11.743 10 54273.13666331 52.281
 60 127.335809  71.473133     6.786     6.774 10 54308.13666558 32.072
 61 127.328942  71.478679   171.906   172.049 10 54343.13664355  7.429
 62 127.335791  71.469305     5.595     4.952  9 54378.13660164 10.943
 63 127.332503  71.475506     3.763     3.749  9 54413.13659163 16.954
 65 127.334553  71.472433     3.226     3.192  9 54483.13658535  3.961
 66 127.335964  71.466400     2.673     2.717 10 54518.13658200  4.318
 67 127.329737  71.478544     3.680     3.741  9 54553.13659662  1.931
 68 127.335151  71.470927     2.268     2.334 10 54588.13657686  2.197
 69 127.333373  71.474941    14.320    14.315 10 54623.13659421 10.661
 70 127.330045  71.472610   168.341   168.489  8 54658.13660385  3.120
 71 127.328510  71.474829   159.284   159.516  7 54693.13658534  6.880
 72 127.336020  71.467905     8.755     8.728 10 54728.13655792 32.407
 73 127.333376  71.474290     5.369     5.372  9 54763.13656300 32.467
 74 127.338241  71.466308     3.174     3.190 10 54798.13655147 10.220
 76 127.334114  71.463881     3.149     3.085 10 54868.13654813  8.791
 77 127.330667  71.480251     4.157     3.772  9 54903.13656204  8.115
 78 127.337371  71.470315     3.066     2.917 10 54938.13653734  5.873
 79 127.327134  71.467495     5.393     4.829  4 54973.13656998 31.387
 80 127.333182  71.476581    10.454    10.463 10 55008.13658408 50.899
 82 127.337195  71.482357   164.636   161.700  8 55078.13655047  8.309
 83 127.335755  71.469832     5.337     5.345 10 55113.13650690  9.800
 84 127.334041  71.475523     3.848     3.819  9 55148.13650689  6.415
 85 127.337032  71.466142     4.078     4.160 10 55183.13648877  3.539
 87 127.334901  71.466269     5.240     5.271  9 55253.13648500  0.759
 88 127.326295  71.478098     4.571     4.674  9 55288.13649442  3.176
 89 127.332840  71.474433     6.355     6.407  9 55323.13647148  1.744
 90 127.332142  71.474966   178.790   179.080  9 55358.13647040  7.256
 92 127.325788  71.467857   169.682   169.898  6 55428.13648777  1.561
 93 127.330625  71.479715     5.541     5.372  9 55463.13644957 23.201
