# NaN NaN NaN ;Mean Elev.(m), Avg Gradient(m/km), RMS Gradient(m/km) - SRTM1     
#   58.229  -5.217   9.947 ;Mean Elev.(m), Avg Gradient(m/km), RMS Gradient(m/km) - ASTER GDEM
#   33.378  -7.003  16.694 ;Mean Elev.(m), Avg Gradient(m/km), RMS Gradient(m/km) - GMTED2010 
  7    54.655 52448.10838917 35.03 128.469294  63.520223 13.292
  7    56.306 52448.10838982 22.25 128.466594  63.517093 13.292
  7    56.490 52448.10839046 26.41 128.463894  63.513963 13.292
  7    55.698 52448.10839497 17.62 128.445024  63.492063 13.292
  7    55.363 52448.10839562 18.70 128.442324  63.488933 13.292
  7    54.941 52448.10839626 20.89 128.439634  63.485803 13.292
  7    55.539 52448.10839691 22.49 128.436944  63.482673 13.292
  8    68.990 52483.10838441 21.21 128.442060  63.487544 14.515
  8    69.267 52483.10838506 19.97 128.439360  63.484424 14.515
  8    71.219 52483.10838570 20.67 128.436670  63.481294 14.515
  9    67.576 52518.10833586 30.49 128.467021  63.518005 18.497
  9    69.507 52518.10833650 28.89 128.464321  63.514875 18.497
  9    70.346 52518.10833714 25.45 128.461621  63.511745 18.497
  9    69.934 52518.10833779 36.89 128.458931  63.508615 18.497
  9    70.341 52518.10833843 28.49 128.456231  63.505485 18.497
  9    71.061 52518.10833908 24.78 128.453541  63.502355 18.497
  9    68.987 52518.10833972 28.96 128.450841  63.499225 18.497
  9    67.202 52518.10834037 42.51 128.448151  63.496095 18.497
  9    68.448 52518.10834101 29.41 128.445461  63.492965 18.497
  9    69.530 52518.10834166 24.97 128.442771  63.489835 18.497
  9    69.073 52518.10834230 23.13 128.440081  63.486715 18.497
  9    70.037 52518.10834295 22.22 128.437381  63.483585 18.497
  9    70.501 52518.10834359 22.80 128.434691  63.480455 18.497
 10    67.804 52553.10838547 44.26 128.479007  63.517310 19.155
 10    67.611 52553.10838612 42.38 128.476307  63.514180 19.155
 10    67.482 52553.10838676 34.22 128.473607  63.511060 19.155
 10    67.075 52553.10838741 29.51 128.470907  63.507930 19.155
 10    67.058 52553.10838805 26.74 128.468217  63.504800 19.155
 10    67.526 52553.10838870 25.60 128.465517  63.501670 19.155
 10    67.544 52553.10838934 28.75 128.462817  63.498540 19.155
 10    67.700 52553.10838999 37.27 128.460127  63.495410 19.155
 10    67.729 52553.10839063 36.17 128.457427  63.492280 19.155
 10    67.381 52553.10839128 27.26 128.454737  63.489150 19.155
 10    67.148 52553.10839192 24.72 128.452037  63.486030 19.155
 10    68.376 52553.10839257 22.09 128.449347  63.482900 19.155
 10    68.357 52553.10839321 23.96 128.446652  63.479771 27.556
 10    67.828 52553.10839386 29.73 128.443962  63.476641 27.556
 10    68.892 52553.10839450 30.29 128.441262  63.473511 27.556
 10    68.722 52553.10839514 31.28 128.438572  63.470381 27.556
 10    67.528 52553.10839579 39.30 128.435882  63.467251 27.556
 12    68.717 52623.10832215 18.93 128.465900  63.517479  4.811
 12    68.876 52623.10832279 19.53 128.463200  63.514349  4.811
 12    68.254 52623.10832344 20.31 128.460510  63.511219  4.811
 12    67.280 52623.10832408 21.32 128.457810  63.508089  4.811
 12    66.339 52623.10832473 22.41 128.455120  63.504969  4.811
 12    65.787 52623.10832537 23.29 128.452422  63.501838  4.821
 12    66.052 52623.10832602 23.73 128.449732  63.498708  4.821
 12    66.226 52623.10832666 24.99 128.447032  63.495578  4.821
 12    66.450 52623.10832924 24.95 128.436262  63.483058  4.821
 12    65.937 52623.10832988 25.56 128.433572  63.479928  4.821
 13    68.899 52658.10833741 18.37 128.476781  63.514810  3.967
 13    68.293 52658.10833805 18.95 128.474081  63.511680  3.967
 13    68.633 52658.10833870 19.26 128.471381  63.508550  3.967
 13    67.930 52658.10833934 20.14 128.468691  63.505420  3.967
 13    66.599 52658.10833999 21.27 128.465991  63.502290  3.967
 13    66.016 52658.10834063 21.76 128.463301  63.499160  3.967
 13    67.816 52658.10834128 21.70 128.460601  63.496030  3.967
 13    65.558 52658.10834514 23.42 128.444441  63.477260  3.967
 13    65.631 52658.10834579 22.17 128.441751  63.474130  3.967
 13    67.697 52658.10834643 20.44 128.439061  63.471000  3.967
 13    69.297 52658.10834708 19.42 128.436371  63.467870  3.967
 15    68.155 52728.10835892 15.13 128.476772  63.515371  3.229
 15    67.676 52728.10835956 15.79 128.474072  63.512241  3.229
 15    67.213 52728.10836021 16.60 128.471372  63.509111  3.229
 15    67.116 52728.10836085 16.95 128.468672  63.505981  3.229
 15    66.517 52728.10836150 18.50 128.465982  63.502851  3.229
 15    66.771 52728.10836214 18.68 128.463282  63.499731  3.229
 15    66.803 52728.10836279 19.38 128.460592  63.496601  3.229
 15    67.204 52728.10836343 19.05 128.457892  63.493471  3.229
 15    66.552 52728.10836408 19.54 128.455202  63.490341  3.229
 15    65.377 52728.10836472 20.11 128.452512  63.487211  3.229
 15    65.283 52728.10836537 20.04 128.449812  63.484081  3.229
 15    65.200 52728.10836601 19.37 128.447122  63.480951  3.229
 15    65.232 52728.10836665 17.85 128.444432  63.477821  3.229
 15    64.575 52728.10836730 19.42 128.441742  63.474691  3.229
 15    64.895 52728.10836794 17.49 128.439052  63.471561  3.229
 15    69.612 52728.10836859 15.57 128.436362  63.468436  2.417
 16    68.615 52763.10837165 26.71 128.455758  63.520181  7.159
 16    69.358 52763.10837230 25.45 128.453058  63.517061  7.159
 16    69.953 52763.10837294 25.21 128.450364  63.513931  9.739
 16    70.014 52763.10837359 32.40 128.447664  63.510801  9.739
 16    70.117 52763.10837423 32.68 128.444974  63.507671  9.739
 16    70.179 52763.10837488 30.41 128.442274  63.504541  9.739
 16    70.003 52763.10837552 23.69 128.439584  63.501411  9.739
 16    69.315 52763.10837616 22.42 128.436884  63.498281  9.739
 16    68.348 52763.10837681 22.75 128.434194  63.495151  9.739
 16    68.058 52763.10837745 21.13 128.431504  63.492021  9.739
 16    67.638 52763.10837810 20.65 128.428814  63.488891  9.739
 16    69.716 52763.10837874 20.35 128.426124  63.485761  9.739
 16    70.135 52763.10837939 20.16 128.423434  63.482641  9.739
 17    71.127 52798.10834878 47.04 128.461408  63.481353 21.636
 17    71.247 52798.10834943 48.26 128.458718  63.478223 21.636
 17    71.880 52798.10835007 49.29 128.456028  63.475093 21.636
 17    70.983 52798.10835071 51.12 128.453338  63.471963 21.636
 18    72.525 52833.10841284 19.85 128.488421  63.513899  9.741
 18    71.317 52833.10841348 23.45 128.485721  63.510769  9.741
 18    71.559 52833.10841413 25.24 128.483021  63.507639  9.741
 18    70.942 52833.10841477 28.81 128.480321  63.504509  9.741
 18    70.433 52833.10841671 15.40 128.472231  63.495119  9.741
 18    70.109 52833.10841735 16.23 128.469541  63.491989  9.741
 18    69.785 52833.10841800 16.35 128.466841  63.488869  9.741
 18    69.785 52833.10841864 16.75 128.464151  63.485739  9.741
 18    69.813 52833.10841928 17.39 128.461461  63.482609  9.741
 18    70.664 52833.10841993 17.13 128.458761  63.479479  9.741
 18    71.077 52833.10842122 19.49 128.453381  63.473219  9.741
 18    71.035 52833.10842186 23.53 128.450681  63.470089  9.741
 19    71.042 52868.10845527 25.37 128.483376  63.515618 12.028
 19    70.284 52868.10845591 30.55 128.480676  63.512488 12.028
 19    70.214 52868.10845655 31.42 128.477986  63.509358 12.028
 19    69.969 52868.10845720 29.88 128.475286  63.506228 12.028
 19    69.821 52868.10845784 29.42 128.472586  63.503098 12.028
 19    69.648 52868.10846494 27.53 128.442966  63.468678 12.028
 20    68.900 52903.10847619 21.40 128.448332  63.492168 15.698
 20    68.452 52903.10847683 20.16 128.445642  63.489038 15.698
 20    68.564 52903.10847748 20.21 128.442952  63.485908 15.698
 20    69.267 52903.10847812 19.73 128.440262  63.482778 15.698
 20    71.143 52903.10847877 22.11 128.437562  63.479658 15.698
 20    70.530 52903.10848135 25.32 128.426802  63.467138 15.698
 21    68.297 52938.10840828 24.25 128.461874  63.520703  5.134
 21    68.211 52938.10840893 24.57 128.459174  63.517573  5.134
 21    67.991 52938.10840957 24.79 128.456484  63.514443  5.134
 21    67.553 52938.10841022 24.42 128.453784  63.511323  5.134
 21    66.769 52938.10841086 25.12 128.451088  63.508190 10.923
 22    67.913 52973.10844294 17.85 128.476657  63.514893  4.480
 22    67.577 52973.10844358 17.60 128.473957  63.511773  4.480
 22    66.978 52973.10844423 17.60 128.471257  63.508643  4.480
 22    66.585 52973.10844487 18.06 128.468557  63.505513  4.480
 22    65.638 52973.10844552 19.59 128.465867  63.502383  4.480
 22    65.243 52973.10844616 21.20 128.463167  63.499253  4.480
 22    66.065 52973.10844681 21.10 128.460477  63.496123  4.480
 22    66.213 52973.10844745 23.11 128.457777  63.492993  4.480
 22    69.216 52973.10845196 20.11 128.438927  63.471093  4.480
 22    72.238 52973.10845261 19.25 128.436237  63.467963  4.480
 23    69.613 53008.10845126 13.91 128.469961  63.519453  4.676
 23    68.886 53008.10845190 13.90 128.467261  63.516323  4.676
 23    67.935 53008.10845255 14.13 128.464562  63.513189  2.933
 23    67.576 53008.10845319 14.53 128.461862  63.510069  2.933
 23    66.428 53008.10845384 14.61 128.459172  63.506939  2.933
 23    65.797 53008.10845448 15.06 128.456472  63.503809  2.933
 23    65.949 53008.10845513 15.30 128.453772  63.500679  2.933
 23    66.122 53008.10845577 16.49 128.451082  63.497549  2.933
 23    66.392 53008.10845642 16.49 128.448382  63.494419  2.933
 23    66.560 53008.10845706 16.65 128.445692  63.491289  2.933
 23    66.815 53008.10845771 16.61 128.443002  63.488159  2.933
 23    66.755 53008.10845835 16.69 128.440312  63.485029  2.933
 23    66.839 53008.10845900 17.18 128.437612  63.481909  2.933
 23    67.510 53008.10845964 17.03 128.434922  63.478779  2.933
 24    68.349 53043.10840820 13.09 128.482223  63.515459  2.703
 24    68.339 53043.10840884 12.95 128.479523  63.512329  2.703
 24    67.204 53043.10840949 13.32 128.476823  63.509209  2.703
 24    67.375 53043.10841013 13.29 128.474123  63.506079  2.703
 24    66.273 53043.10841078 13.45 128.471433  63.502949  2.703
 24    65.545 53043.10841142 13.94 128.468733  63.499819  2.703
 24    65.615 53043.10841207 14.74 128.466033  63.496689  2.703
 24    65.812 53043.10841271 15.07 128.463343  63.493559  2.703
 24    66.417 53043.10841336 15.23 128.460643  63.490429  2.703
 24    66.458 53043.10841400 15.34 128.457953  63.487299  2.703
 24    66.954 53043.10841465 15.61 128.455253  63.484179  2.703
 24    66.985 53043.10841529 15.28 128.452563  63.481049  2.703
 24    66.746 53043.10841594 15.62 128.449873  63.477919  2.703
 24    68.286 53043.10841658 15.87 128.447173  63.474789  2.703
 24    69.482 53043.10841722 14.96 128.444483  63.471659  2.703
 24    72.017 53043.10841787 13.90 128.441793  63.468529  2.703
 25    69.896 53078.10844123 11.15 128.468028  63.519691  2.759
 25    69.569 53078.10844187 10.93 128.465328  63.516561  2.759
 25    68.429 53078.10844252 10.65 128.462628  63.513431  2.759
 25    67.388 53078.10844316 11.25 128.459938  63.510301  2.759
 25    66.466 53078.10844381 11.81 128.457238  63.507171  2.759
 25    66.077 53078.10844445 11.97 128.454538  63.504041  2.759
 25    65.303 53078.10844509 13.05 128.451848  63.500911  2.759
 25    65.391 53078.10844574 12.88 128.449148  63.497781  2.759
 25    65.859 53078.10844638 13.31 128.446458  63.494651  2.759
 25    66.413 53078.10844703 12.50 128.443768  63.491531  2.759
 25    66.679 53078.10844767 13.01 128.441068  63.488401  2.759
 25    67.121 53078.10844832 13.20 128.438378  63.485271  2.759
 25    66.454 53078.10844896 14.27 128.435688  63.482141  2.759
 25    68.880 53078.10844961 14.19 128.432998  63.479011  2.759
 26    68.243 53113.10841220 11.39 128.478294  63.514556  2.771
 26    68.108 53113.10841285 11.09 128.475594  63.511436  2.771
 26    67.386 53113.10841349 11.31 128.472904  63.508306  2.771
 26    67.061 53113.10841414 11.62 128.470204  63.505176  2.771
 26    66.382 53113.10841478 11.64 128.467504  63.502046  2.771
 26    66.715 53113.10841543 12.32 128.464804  63.498916  2.771
 26    65.199 53113.10841607 13.36 128.462114  63.495786  2.771
 26    66.029 53113.10841672 13.49 128.459414  63.492656  2.771
 26    66.191 53113.10841736 13.10 128.456724  63.489526  2.771
 26    66.282 53113.10841801 13.10 128.454024  63.486406  2.771
 26    66.888 53113.10841865 13.12 128.451334  63.483276  2.771
 26    66.612 53113.10841929 13.39 128.448634  63.480146  2.771
 26    66.501 53113.10841994 14.25 128.445944  63.477016  2.771
 26    68.994 53113.10842058 12.68 128.443254  63.473886  2.771
 26    72.560 53113.10842123 11.50 128.440564  63.470756  2.771
 26    72.970 53113.10842187 11.75 128.437874  63.467626  2.771
 27    70.623 53148.10845658 24.04 128.472492  63.516394 14.652
 27    70.461 53148.10845723 24.48 128.469792  63.513264 14.652
 27    69.680 53148.10845981 23.06 128.459002  63.500744 14.652
 27    68.797 53148.10846303 31.89 128.445532  63.485104 14.652
 27    68.769 53148.10846368 32.32 128.442842  63.481974 14.652
 27    68.689 53148.10846432 32.74 128.440152  63.478844 14.652
 27    70.386 53148.10846625 29.63 128.432072  63.469454 14.652
 27    68.385 53148.10846690 34.41 128.429382  63.466324 14.652
 28    71.957 53183.10846169 33.20 128.456426  63.488065  9.204
 28    71.885 53183.10846233 33.09 128.453736  63.484935  9.204
 28    72.454 53183.10846298 33.01 128.451046  63.481805  9.204
 28    72.698 53183.10846362 35.01 128.448346  63.478685  9.204
 28    72.612 53183.10846427 37.53 128.445656  63.475555  9.204
 28    72.821 53183.10846491 39.87 128.442966  63.472425  9.204
 28    72.676 53183.10846556 41.60 128.440276  63.469295  9.204
 28    72.680 53183.10846620 47.22 128.437586  63.466165  9.204
 29    69.838 53218.10848022 25.86 128.472351  63.517193 21.625
 29    69.514 53218.10848087 30.99 128.469649  63.514059 17.320
 29    69.600 53218.10848151 38.26 128.466949  63.510939 17.320
 29    70.045 53218.10848216 34.96 128.464259  63.507809 17.320
 29    70.445 53218.10848280 27.60 128.461559  63.504679 17.320
 29    70.015 53218.10848344 25.56 128.458859  63.501549 17.320
 29    69.565 53218.10848409 24.36 128.456169  63.498419 17.320
 29    70.404 53218.10848473 21.66 128.453479  63.495289 17.320
 29    70.236 53218.10848538 18.18 128.450779  63.492159 17.320
 29    69.706 53218.10848602 19.14 128.448089  63.489029 17.320
 29    69.139 53218.10848667 19.68 128.445399  63.485899 17.320
 29    69.486 53218.10848731 21.13 128.442699  63.482779 17.320
 29    71.028 53218.10848796 21.57 128.440009  63.479649 17.320
 29    70.469 53218.10849054 25.83 128.429249  63.467129 17.320
 30    67.959 53253.10845740 48.80 128.462471  63.521815 32.701
 30    67.849 53253.10845804 53.83 128.459781  63.518695 32.701
 30    67.937 53253.10845869 49.83 128.457081  63.515565 32.701
 30    69.687 53253.10845933 25.36 128.454392  63.512435 35.756
 30    69.976 53253.10845998 33.43 128.451692  63.509305 35.756
 30    70.151 53253.10846062 41.63 128.448992  63.506175 35.756
 30    67.103 53253.10846127 30.88 128.446302  63.503045 35.756
 30    70.817 53253.10846191 31.91 128.443612  63.499915 35.756
 30    67.928 53253.10846256 49.32 128.440912  63.496785 35.756
 30    67.871 53253.10846320 49.90 128.438222  63.493655 35.756
 30    67.845 53253.10846384 51.44 128.435532  63.490525 35.756
 30    67.833 53253.10846449 50.71 128.432842  63.487395 35.756
 30    67.839 53253.10846513 48.82 128.430152  63.484265 35.756
 30    67.822 53253.10846578 52.46 128.427462  63.481145 35.756
 31    69.963 53288.10845857 24.48 128.479789  63.517326  9.146
 31    72.035 53288.10845922 19.02 128.477089  63.514206  9.146
 31    70.488 53288.10845986 20.02 128.474389  63.511076  9.146
 31    70.312 53288.10846051 20.67 128.471689  63.507946  9.146
 31    70.327 53288.10846115 19.48 128.468989  63.504816  9.146
 31    69.748 53288.10846180 20.71 128.466299  63.501686  9.146
 31    70.000 53288.10846244 19.57 128.463599  63.498556  9.146
 31    69.671 53288.10846309 17.07 128.460899  63.495426  9.146
 31    69.424 53288.10846373 17.20 128.458209  63.492296  9.146
 31    68.889 53288.10846437 17.82 128.455509  63.489176  9.146
 31    68.681 53288.10846502 18.85 128.452819  63.486046  9.146
 31    68.998 53288.10846566 18.91 128.450119  63.482916  9.146
 31    69.559 53288.10846631 20.31 128.447429  63.479786  9.146
 31    69.108 53288.10846760 27.90 128.442049  63.473526  9.146
 31    69.113 53288.10846824 32.28 128.439349  63.470396  9.146
 31    68.921 53288.10846889 41.02 128.436659  63.467266  9.146
 32    68.963 53323.10843494 14.39 128.479511  63.514842  4.703
 32    67.021 53323.10843558 14.38 128.476813  63.511707  5.649
 32    66.548 53323.10843622 14.66 128.474113  63.508587  5.649
 32    66.243 53323.10843687 15.32 128.471423  63.505457  5.649
 32    66.348 53323.10843751 15.72 128.468723  63.502327  5.649
 32    65.973 53323.10843816 16.65 128.466023  63.499197  5.649
 32    66.303 53323.10843880 16.53 128.463333  63.496067  5.649
 32    54.285 53323.10843945 31.90 128.460643  63.492937  5.649
 32    67.044 53323.10844009 17.80 128.457943  63.489807  5.649
 32    67.142 53323.10844074 18.87 128.455253  63.486677  5.649
 32    67.342 53323.10844138 18.34 128.452563  63.483547  5.649
 32    67.303 53323.10844203 19.23 128.449863  63.480427  5.649
 32    67.472 53323.10844267 18.02 128.447173  63.477297  5.649
 32    67.676 53323.10844332 16.49 128.444483  63.474167  5.649
 32    68.240 53323.10844396 16.94 128.441793  63.471037  5.649
 32    69.521 53323.10844461 15.87 128.439103  63.467907  5.649
 33    71.112 53358.10839911 10.20 128.471820  63.518558  3.238
 33    70.932 53358.10839975  9.83 128.469125  63.515431  1.909
 33    70.356 53358.10840039 10.05 128.466435  63.512301  1.909
 33    69.558 53358.10840104  9.73 128.463735  63.509171  1.909
 33    68.472 53358.10840168  9.79 128.461035  63.506041  1.909
 33    67.455 53358.10840233  9.86 128.458345  63.502911  1.909
 33    67.407 53358.10840297  9.58 128.455655  63.499781  1.909
 33    67.522 53358.10840362  9.97 128.452955  63.496651  1.909
 33    67.974 53358.10840426  9.58 128.450265  63.493521  1.909
 33    67.835 53358.10840491  9.90 128.447575  63.490391  1.909
 33    67.936 53358.10840555  9.59 128.444875  63.487261  1.909
 33    68.232 53358.10840620  9.58 128.442185  63.484141  1.909
 33    69.083 53358.10840684 10.02 128.439495  63.481011  1.909
 33    69.587 53358.10840749 10.03 128.436805  63.477881  1.909
 33    72.909 53358.10841006 10.14 128.426055  63.465361  1.909
 34    71.105 53393.10841470  8.97 128.483870  63.516717  2.016
 34    70.915 53393.10841534  8.88 128.481170  63.513587  2.016
 34    70.137 53393.10841599  8.78 128.478470  63.510467  2.016
 34    69.041 53393.10841663  8.71 128.475770  63.507337  2.016
 34    68.541 53393.10841728  8.68 128.473080  63.504207  2.016
 34    67.747 53393.10841792  9.01 128.470380  63.501077  2.016
 34    67.446 53393.10841857  9.30 128.467680  63.497947  2.016
 34    67.495 53393.10841921  8.98 128.464990  63.494817  2.016
 34    67.512 53393.10841986  8.97 128.462290  63.491687  2.016
 34    67.549 53393.10842050  8.92 128.459600  63.488557  2.016
 34    67.930 53393.10842115  9.38 128.456900  63.485437  2.016
 34    68.134 53393.10842179  9.23 128.454210  63.482307  2.016
 34    68.918 53393.10842243  9.69 128.451520  63.479177  2.016
 34    70.450 53393.10842308  9.45 128.448820  63.476047  2.016
 34    69.655 53393.10842372 10.37 128.446130  63.472917  2.016
 34    72.479 53393.10842437 10.24 128.443440  63.469787  2.016
 35    70.976 53428.10840961  8.58 128.471204  63.517024  2.214
 35    69.902 53428.10841026  8.77 128.468504  63.513904  2.214
 35    69.794 53428.10841090  8.18 128.465814  63.510774  2.214
 35    69.982 53428.10841155  8.38 128.463114  63.507644  2.214
 35    68.186 53428.10841219  8.23 128.460414  63.504514  2.214
 35    67.934 53428.10841284  8.20 128.457724  63.501384  2.214
 35    68.805 53428.10841348  8.31 128.455034  63.498254  2.214
 35    67.732 53428.10841413  8.34 128.452334  63.495124  2.214
 35    67.736 53428.10841477  8.52 128.449644  63.491994  2.214
 35    67.683 53428.10841542  8.73 128.446954  63.488864  2.214
 35    67.987 53428.10841606  8.85 128.444254  63.485744  2.214
 35    68.081 53428.10841671  9.18 128.441564  63.482614  2.214
 35    68.713 53428.10841735  9.37 128.438874  63.479484  2.214
 35    72.528 53428.10841993 10.04 128.428114  63.466964  2.214
 36    70.141 53463.10842849  6.32 128.486208  63.514458  1.652
 36    69.606 53463.10842914  6.29 128.483508  63.511328  1.652
 36    69.348 53463.10842978  6.29 128.480808  63.508198  1.652
 36    69.445 53463.10843043  6.37 128.478108  63.505068  1.652
 36    69.095 53463.10843107  6.21 128.475418  63.501938  1.652
 36    68.686 53463.10843172  6.26 128.472718  63.498808  1.652
 36    68.713 53463.10843236  6.16 128.470018  63.495688  1.652
 36    68.087 53463.10843301  6.55 128.467328  63.492558  1.652
 36    68.040 53463.10843365  6.29 128.464628  63.489428  1.652
 36    68.312 53463.10843429  6.21 128.461938  63.486298  1.652
 36    68.657 53463.10843494  6.62 128.459238  63.483168  1.652
 36    69.029 53463.10843558  6.58 128.456548  63.480038  1.652
 36    70.240 53463.10843623  6.55 128.453858  63.476908  1.652
 36    70.265 53463.10843687  7.10 128.451168  63.473778  1.652
 36    71.270 53463.10843752  6.62 128.448468  63.470648  1.652
 37    69.107 53498.10849894 30.61 128.470548  63.518766  7.678
 37    70.831 53498.10849959 27.38 128.467848  63.515636  7.678
 37    71.132 53498.10850023 28.91 128.465150  63.512501 19.068
 37    71.653 53498.10850088 41.29 128.462460  63.509381 19.068
 37    72.262 53498.10850152 37.65 128.459760  63.506251 19.068
 38    71.679 53533.10848163 20.11 128.473074  63.515640 11.777
 38    72.188 53533.10848228 20.32 128.470374  63.512510 11.777
 38    70.959 53533.10848550 23.20 128.456894  63.496860 11.777
 38    70.878 53533.10848614 21.25 128.454204  63.493730 11.777
 38    70.448 53533.10848679 22.89 128.451514  63.490600 11.777
 38    70.116 53533.10848743 24.50 128.448814  63.487480 11.777
 38    70.568 53533.10848808 24.94 128.446124  63.484350 11.777
 38    70.538 53533.10848872 27.97 128.443434  63.481220 11.777
 38    71.072 53533.10848937 29.98 128.440744  63.478090 11.777
 38    70.995 53533.10849066 31.66 128.435364  63.471830 11.777
 38    71.287 53533.10849130 33.47 128.432674  63.468700 11.777
 38    70.935 53533.10849195 32.08 128.429984  63.465570 11.777
 39    90.954 53568.10850571 19.38 128.442151  63.491051 12.882
 39    71.103 53568.10850636 17.78 128.439455  63.487918 25.294
 39    71.316 53568.10850700 16.68 128.436765  63.484788 25.294
 39    71.707 53568.10850765 18.69 128.434075  63.481658 25.294
 40    70.055 53603.10844532 29.50 128.467116  63.519377 32.545
 40    69.965 53603.10844596 22.46 128.464421  63.516248 20.404
 40    70.267 53603.10844661 29.67 128.461731  63.513118 20.404
 40    69.971 53603.10844725 31.36 128.459031  63.509988 20.404
 40    69.972 53603.10844790 33.90 128.456341  63.506858 20.404
 40    70.254 53603.10844854 26.82 128.453641  63.503728 20.404
 40    70.615 53603.10844918 21.05 128.450951  63.500598 20.404
 40    70.680 53603.10844983 18.04 128.448251  63.497468 20.404
 40    70.593 53603.10845047 16.99 128.445561  63.494338 20.404
 40    69.878 53603.10845112 18.56 128.442871  63.491208 20.404
 40    69.521 53603.10845176 19.39 128.440181  63.488078 20.404
 40    69.534 53603.10845241 19.25 128.437491  63.484958 20.404
 40    70.825 53603.10845305 20.82 128.434791  63.481828 20.404
 40    70.971 53603.10845370 29.38 128.432101  63.478698 20.404
 41    71.932 53638.10844386 21.80 128.479391  63.515037 16.973
 41    72.280 53638.10844450 30.46 128.476691  63.511907 16.973
 41    71.439 53638.10844515 33.75 128.473991  63.508787 16.973
 41    71.772 53638.10844579 28.30 128.471291  63.505657 16.973
 41    71.301 53638.10844644 24.73 128.468601  63.502527 16.973
 41    71.063 53638.10844708 22.79 128.465901  63.499397 16.973
 41    70.819 53638.10844773 19.46 128.463201  63.496267 16.973
 41    71.219 53638.10845289 25.86 128.441651  63.471237 16.973
 41    69.280 53638.10845353 35.05 128.438961  63.468107 16.973
 42    67.652 53673.10846433 19.50 128.471148  63.517008  8.963
 42    67.179 53673.10846497 19.74 128.468448  63.513888  8.963
 42    66.507 53673.10846562 20.44 128.465748  63.510758  8.963
 42    66.191 53673.10846626 21.53 128.463058  63.507628  8.963
 42    66.040 53673.10846691 22.64 128.460358  63.504498  8.963
 42    65.827 53673.10846755 24.52 128.457658  63.501368  8.963
 42    70.400 53673.10847465 20.52 128.428048  63.466948  8.963
 43    67.793 53708.10839552 15.01 128.471334  63.518147  3.964
 43    67.193 53708.10839616 15.45 128.468632  63.515020  4.223
 43    66.538 53708.10839681 15.10 128.465942  63.511890  4.223
 43    65.848 53708.10839745 15.26 128.463242  63.508760  4.223
 43    65.804 53708.10839810 16.38 128.460542  63.505630  4.223
 43    65.353 53708.10839874 16.85 128.457852  63.502500  4.223
 43    65.867 53708.10839939 17.43 128.455162  63.499370  4.223
 43    66.103 53708.10840003 17.84 128.452462  63.496240  4.223
 44    68.441 53743.10830666 13.01 128.461071  63.519355  4.160
 44    68.009 53743.10830730 12.91 128.458371  63.516235  4.160
 44    67.505 53743.10830795 12.69 128.455679  63.513103  2.891
 44    66.773 53743.10830859 13.14 128.452979  63.509973  2.891
 44    66.389 53743.10830924 13.01 128.450289  63.506843  2.891
 44    66.604 53743.10830988 13.61 128.447589  63.503713  2.891
 44    66.201 53743.10831053 13.58 128.444899  63.500583  2.891
 44    66.730 53743.10831117 14.04 128.442209  63.497453  2.891
 44    66.869 53743.10831181 14.44 128.439519  63.494323  2.891
 44    67.050 53743.10831246 14.81 128.436829  63.491193  2.891
 44    67.191 53743.10831310 15.26 128.434139  63.488063  2.891
 44    67.272 53743.10831375 16.56 128.431449  63.484933  2.891
 44    68.387 53743.10831439 15.49 128.428759  63.481803  2.891
 45    68.623 53778.10833351 12.77 128.481063  63.516260  3.107
 45    67.691 53778.10833415 12.75 128.478363  63.513140  3.107
 45    66.950 53778.10833479 12.43 128.475663  63.510010  3.107
 45    66.411 53778.10833544 12.53 128.472973  63.506880  3.107
 45    66.027 53778.10833608 13.01 128.470273  63.503750  3.107
 45    66.488 53778.10833673 13.39 128.467573  63.500620  3.107
 45    66.350 53778.10833737 14.05 128.464883  63.497490  3.107
 45    65.203 53778.10833802 14.27 128.462183  63.494360  3.107
 45    66.555 53778.10833866 13.98 128.459493  63.491230  3.107
 45    66.562 53778.10833931 14.87 128.456803  63.488100  3.107
 45    66.571 53778.10833995 14.00 128.454103  63.484980  3.107
 45    66.365 53778.10834060 14.73 128.451413  63.481850  3.107
 45    66.561 53778.10834124 15.28 128.448723  63.478720  3.107
 45    67.085 53778.10834189 15.72 128.446033  63.475590  3.107
 45    68.962 53778.10834253 14.20 128.443343  63.472460  3.107
 45    72.556 53778.10834318 13.93 128.440653  63.469330  3.107
 45    73.068 53778.10834382 13.62 128.437963  63.466200  3.107
 46    70.758 53813.10830834 10.60 128.464492  63.521186  4.130
 46    69.601 53813.10830899 10.58 128.461792  63.518056  4.130
 46    68.614 53813.10830963 10.55 128.459102  63.514926  4.130
 46    67.758 53813.10831028 10.02 128.456402  63.511796  4.130
 46    66.801 53813.10831092 10.21 128.453712  63.508666  4.130
 46    66.231 53813.10831157 10.44 128.451012  63.505536  4.130
 46    66.037 53813.10831221 10.71 128.448322  63.502406  4.130
 46    65.867 53813.10831286 10.98 128.445630  63.499280  3.114
 46    65.867 53813.10831350 10.74 128.442940  63.496150  3.114
 46    65.884 53813.10831415 11.33 128.440240  63.493020  3.114
 46    66.727 53813.10831479 11.58 128.437550  63.489890  3.114
 46    66.727 53813.10831544 11.28 128.434860  63.486760  3.114
 46    67.031 53813.10831608 11.91 128.432170  63.483630  3.114
 46    68.858 53813.10831673 11.71 128.429480  63.480500  3.114
 47    69.179 53848.10836444 21.27 128.480330  63.516955  8.149
 47    69.773 53848.10836508 22.63 128.477640  63.513825  8.149
 47    70.244 53848.10836573 24.73 128.474940  63.510695  8.149
 47    70.389 53848.10836637 26.93 128.472240  63.507565  8.149
 47    70.697 53848.10836702 27.05 128.469543  63.504432  7.122
 47    70.673 53848.10836766 24.90 128.466843  63.501312  7.122
 47    70.523 53848.10836830 20.48 128.464153  63.498182  7.122
 47    70.203 53848.10836895 20.59 128.461453  63.495052  7.122
 47    69.487 53848.10836959 19.42 128.458753  63.491922  7.122
 47    68.937 53848.10837024 16.72 128.456063  63.488792  7.122
 47    67.939 53848.10837088 16.11 128.453363  63.485662  7.122
 47    67.054 53848.10837153 14.06 128.450673  63.482532  7.122
 47    66.002 53848.10837217 13.50 128.447983  63.479402  7.122
 47    64.596 53848.10837282 13.69 128.445293  63.476272  7.122
 47    66.678 53848.10837346 12.12 128.442593  63.473152  7.122
 47    67.087 53848.10837411 10.84 128.439903  63.470022  7.122
 47    67.165 53848.10837475 10.15 128.437213  63.466892  7.122
 49    71.281 53918.10844582 21.20 128.468066  63.519038 26.191
 49    70.632 53918.10844647 22.95 128.465366  63.515908 26.191
 49    70.684 53918.10844711 25.93 128.462676  63.512778 26.191
 49    70.953 53918.10844776 30.90 128.459976  63.509658 26.191
 49    71.021 53918.10844840 35.22 128.457276  63.506528 26.191
 49    70.976 53918.10844905 36.28 128.454586  63.503399 19.945
 49    71.230 53918.10844969 31.08 128.451886  63.500269 19.945
 49    71.028 53918.10845033 24.04 128.449186  63.497139 19.945
 49    70.773 53918.10845098 20.16 128.446496  63.494009 19.945
 49    70.412 53918.10845162 18.99 128.443806  63.490879 19.945
 49    70.394 53918.10845227 19.54 128.441106  63.487749 19.945
 49    70.625 53918.10845291 20.09 128.438416  63.484619 19.945
 49    71.838 53918.10845356 20.42 128.435726  63.481489 19.945
 49    71.422 53918.10845420 30.45 128.433036  63.478359 19.945
 50    70.049 53953.10844911 23.39 128.464952  63.518819 27.089
 50    70.002 53953.10844975 24.74 128.462252  63.515689 27.089
 50    70.036 53953.10845040 27.48 128.459562  63.512559 27.089
 50    70.063 53953.10845104 34.90 128.456862  63.509429 27.089
 50    70.207 53953.10845169 32.59 128.454162  63.506309 27.089
 50    70.275 53953.10845233 26.06 128.451472  63.503179 27.089
 50    69.197 53953.10845298 31.76 128.448779  63.500050 16.851
 50    69.229 53953.10845362 30.23 128.446079  63.496920 16.851
 50    68.050 53953.10845427 23.92 128.443389  63.493790 16.851
 50    67.739 53953.10845491 23.22 128.440699  63.490660 16.851
 50    69.120 53953.10845556 19.81 128.437999  63.487530 16.851
 50    70.488 53953.10845620 18.88 128.435309  63.484400 16.851
 50    70.945 53953.10845685 21.33 128.432619  63.481270 16.851
 52    69.483 54023.10842881 35.55 128.484166  63.516340  9.498
 52    68.047 54023.10842946 38.71 128.481466  63.513220  9.498
 52    69.082 54023.10843010 32.48 128.478766  63.510090  9.498
 52    68.945 54023.10843075 30.16 128.476066  63.506960  9.498
 53    65.944 54058.10842164 18.00 128.482298  63.515491  4.343
 53    65.615 54058.10842229 18.28 128.479608  63.512371  4.343
 53    65.560 54058.10842293 19.28 128.476908  63.509241  4.343
 53    65.524 54058.10842357 19.14 128.474208  63.506111  4.343
 53    65.395 54058.10842422 19.33 128.471518  63.502981  4.343
 53    65.379 54058.10842486 19.53 128.468817  63.499855  4.771
 53    65.472 54058.10842551 19.64 128.466127  63.496725  4.771
 53    65.825 54058.10842615 20.81 128.463427  63.493595  4.771
 53    66.412 54058.10842680 21.52 128.460737  63.490465  4.771
 53    66.683 54058.10842744 21.32 128.458037  63.487335  4.771
 53    66.866 54058.10842809 22.12 128.455347  63.484205  4.771
 53    66.802 54058.10842873 23.95 128.452657  63.481075  4.771
 53    66.980 54058.10842938 22.77 128.449967  63.477945  4.771
 53    66.782 54058.10843002 21.86 128.447277  63.474815  4.771
 53    66.765 54058.10843067 20.05 128.444587  63.471685  4.771
 53    67.108 54058.10843131 19.41 128.441897  63.468565  4.771
 54    69.996 54093.10840197 12.70 128.466287  63.519735  3.811
 54    69.962 54093.10840262 12.59 128.463587  63.516605  3.811
 54    68.124 54093.10840326 13.21 128.460897  63.513475  3.811
 54    66.817 54093.10840391 13.65 128.458197  63.510345  3.811
 54    66.706 54093.10840455 13.65 128.455497  63.507215  3.811
 54    66.022 54093.10840520 14.21 128.452807  63.504095  3.811
 54    66.331 54093.10840584 14.63 128.450115  63.500963  2.954
 54    66.619 54093.10840648 14.69 128.447415  63.497833  2.954
 54    67.052 54093.10840713 14.62 128.444725  63.494703  2.954
 54    67.323 54093.10840777 14.62 128.442035  63.491573  2.954
 54    67.337 54093.10840842 15.38 128.439345  63.488443  2.954
 54    67.956 54093.10840906 15.88 128.436645  63.485313  2.954
 54    67.666 54093.10840971 16.00 128.433955  63.482183  2.954
 54    68.094 54093.10841035 16.64 128.431265  63.479053  2.954
 55    67.516 54128.10833970 12.26 128.485395  63.512442  3.526
 55    67.776 54128.10834034 11.43 128.482695  63.509312  3.526
 55    67.319 54128.10834099 11.69 128.479995  63.506182  3.526
 55    66.470 54128.10834163 12.65 128.477301  63.503049  2.290
 55    67.012 54128.10834228 12.36 128.474601  63.499929  2.290
 55    66.672 54128.10834292 12.59 128.471911  63.496799  2.290
 55    66.773 54128.10834357 12.18 128.469211  63.493669  2.290
 55    66.905 54128.10834421 12.21 128.466521  63.490539  2.290
 55    67.405 54128.10834486 11.86 128.463821  63.487409  2.290
 55    67.633 54128.10834550 12.11 128.461131  63.484279  2.290
 55    67.749 54128.10834614 12.52 128.458431  63.481149  2.290
 55    68.866 54128.10834679 12.08 128.455741  63.478019  2.290
 55    70.017 54128.10834743 12.05 128.453051  63.474889  2.290
 55    70.792 54128.10834808 12.26 128.450351  63.471769  2.290
 56    70.493 54163.10837136 10.20 128.471874  63.519125  3.494
 56    69.676 54163.10837200 10.08 128.469181  63.515992  2.420
 56    68.383 54163.10837265 10.63 128.466481  63.512872  2.420
 56    69.372 54163.10837329 10.48 128.463791  63.509742  2.420
 56    67.290 54163.10837393 10.34 128.461091  63.506612  2.420
 56    66.886 54163.10837458 11.08 128.458401  63.503482  2.420
 56    66.319 54163.10837522 11.14 128.455701  63.500352  2.420
 56    65.983 54163.10837587 11.52 128.453011  63.497222  2.420
 56    66.348 54163.10837651 11.72 128.450311  63.494092  2.420
 56    66.623 54163.10837716 11.09 128.447621  63.490962  2.420
 56    66.935 54163.10837780 12.02 128.444931  63.487832  2.420
 56    67.072 54163.10837845 12.09 128.442231  63.484712  2.420
 56    67.314 54163.10837909 12.29 128.439541  63.481582  2.420
 56    68.524 54163.10837974 12.96 128.436851  63.478452  2.420
 56    72.866 54163.10838232 10.38 128.426091  63.465932  2.420
 57    69.851 54198.10834172  9.93 128.482586  63.515893  3.436
 57    68.279 54198.10834237 10.53 128.479886  63.512763  3.436
 57    69.628 54198.10834301  9.76 128.477196  63.509643  3.436
 57    68.224 54198.10834365  9.90 128.474496  63.506513  3.436
 57    67.640 54198.10834430  9.78 128.471796  63.503383  3.436
 57    66.494 54198.10834494 11.03 128.469096  63.500253  3.436
 57    67.078 54198.10834559 10.86 128.466406  63.497123  3.436
 57    66.337 54198.10834623 11.08 128.463706  63.493993  3.436
 57    66.632 54198.10834688 11.14 128.461016  63.490863  3.436
 57    66.375 54198.10834752 11.56 128.458316  63.487743  3.436
 57    67.068 54198.10834817 11.26 128.455626  63.484613  3.436
 57    67.063 54198.10834881 11.68 128.452936  63.481483  3.436
 57    67.183 54198.10834946 11.57 128.450236  63.478353  3.436
 57    68.560 54198.10835010 10.81 128.447546  63.475223  3.436
 57    69.344 54198.10835075 10.80 128.444856  63.472093  3.436
 57    72.891 54198.10835139  9.46 128.442166  63.468963  3.436
 58    68.701 54233.10838509 37.95 128.478067  63.515989 30.788
 58    69.491 54233.10838574 37.74 128.475367  63.512869 30.788
 58    69.420 54233.10838638 41.78 128.472677  63.509739 30.788
 58    70.312 54233.10838702 32.25 128.469977  63.506609 30.788
 58    70.719 54233.10838767 29.86 128.467277  63.503479 30.788
 58    68.454 54233.10838831 38.14 128.464587  63.500349 30.788
 58    68.449 54233.10838896 41.19 128.461887  63.497219 30.788
 58    68.302 54233.10838960 41.35 128.459197  63.494089 30.788
 58    68.320 54233.10839025 41.10 128.456497  63.490959 30.788
 58    68.364 54233.10839089 39.81 128.453807  63.487829 30.788
 58    68.432 54233.10839154 37.90 128.451107  63.484699 30.788
 58    68.366 54233.10839218 35.64 128.448417  63.481579 30.788
 58    68.391 54233.10839283 34.86 128.445727  63.478449 30.788
 58    68.300 54233.10839347 42.74 128.443037  63.475319 30.788
 58    68.623 54233.10839412 34.72 128.440347  63.472189 30.788
 58    68.262 54233.10839476 37.20 128.437657  63.469059 30.788
 58    68.313 54233.10839541 35.43 128.434967  63.465929 30.788
 59    72.307 54268.10840356 41.84 128.476211  63.518092 21.059
 59    72.166 54268.10840421 38.78 128.473512  63.514957 19.032
 59    72.316 54268.10840485 38.86 128.470822  63.511837 19.032
 59    72.123 54268.10840550 34.03 128.468122  63.508707 19.032
 59    72.080 54268.10840614 33.70 128.465422  63.505577 19.032
 59    72.124 54268.10840678 32.56 128.462732  63.502447 19.032
 59    72.164 54268.10840743 32.94 128.460032  63.499317 19.032
 59    72.034 54268.10840807 33.59 128.457342  63.496187 19.032
 59    71.018 54268.10840872 34.04 128.454642  63.493057 19.032
 59    70.886 54268.10840936 34.18 128.451952  63.489927 19.032
 59    71.100 54268.10841001 34.60 128.449262  63.486797 19.032
 59    71.459 54268.10841065 35.84 128.446562  63.483677 19.032
 59    71.790 54268.10841130 37.71 128.443872  63.480547 19.032
 59    72.041 54268.10841194 37.26 128.441182  63.477417 19.032
 59    72.061 54268.10841259 41.72 128.438492  63.474287 19.032
 59    72.074 54268.10841323 43.94 128.435802  63.471157 19.032
 59    72.175 54268.10841388 47.06 128.433112  63.468027 19.032
 60    70.112 54303.10840752 49.76 128.476518  63.518056 25.979
 60    70.219 54303.10840816 52.60 128.473820  63.514932 34.482
 60    70.071 54303.10840881 53.58 128.471130  63.511802 34.482
 60    70.137 54303.10840945 52.09 128.468430  63.508672 34.482
 60    70.144 54303.10841010 47.68 128.465730  63.505542 34.482
 60    70.166 54303.10841074 49.18 128.463040  63.502412 34.482
 60    70.072 54303.10841139 47.22 128.460340  63.499282 34.482
 60    70.116 54303.10841203 41.59 128.457650  63.496152 34.482
 60    70.082 54303.10841268 41.01 128.454950  63.493022 34.482
 60    69.988 54303.10841332 46.56 128.452260  63.489892 34.482
 60    70.096 54303.10841397 45.49 128.449570  63.486772 34.482
 60    70.127 54303.10841461 48.12 128.446870  63.483642 34.482
 60    70.080 54303.10841526 49.90 128.444180  63.480512 34.482
 60    70.052 54303.10841590 51.71 128.441490  63.477382 34.482
 60    70.107 54303.10841654 52.40 128.438800  63.474252 34.482
 60    70.142 54303.10841719 49.20 128.436110  63.471122 34.482
 60    70.075 54303.10841783 53.76 128.433420  63.467992 34.482
 61    88.815 54338.10839321 24.91 128.471083  63.518011 16.600
 61    70.712 54338.10839385 29.81 128.468388  63.514885 18.862
 61    71.743 54338.10839450 33.59 128.465688  63.511755 18.862
 61    71.530 54338.10839514 31.47 128.462988  63.508625 18.862
 61    72.186 54338.10839579 25.80 128.460298  63.505495 18.862
 61    72.035 54338.10839643 22.25 128.457598  63.502365 18.862
 61    71.352 54338.10839708 18.29 128.454908  63.499235 18.862
 61    70.814 54338.10839772 17.74 128.452208  63.496105 18.862
 61    70.304 54338.10839837 18.57 128.449518  63.492975 18.862
 61    69.462 54338.10839901 19.29 128.446828  63.489845 18.862
 61    69.213 54338.10839966 19.97 128.444138  63.486715 18.862
 61    69.714 54338.10840030 18.84 128.441438  63.483595 18.862
 61    70.717 54338.10840095 20.16 128.438748  63.480465 18.862
 62    68.314 54373.10834096 53.31 128.480823  63.516232 24.250
 62    68.452 54373.10834160 47.45 128.478123  63.513102 24.250
 62    69.307 54373.10834225 33.31 128.475426  63.509969 17.295
 62    70.146 54373.10834289 30.10 128.472726  63.506839 17.295
 62    70.171 54373.10834354 30.26 128.470036  63.503719 17.295
 62    68.614 54373.10834418 34.93 128.467336  63.500589 17.295
 62    68.445 54373.10834483 42.05 128.464646  63.497459 17.295
 62    68.498 54373.10834547 39.59 128.461946  63.494329 17.295
 62    68.530 54373.10834612 41.34 128.459256  63.491199 17.295
 62    68.286 54373.10834676 39.53 128.456556  63.488069 17.295
 62    68.017 54373.10834741 38.86 128.453866  63.484939 17.295
 62    67.981 54373.10834805 38.91 128.451176  63.481809 17.295
 62    68.278 54373.10834870 39.76 128.448476  63.478679 17.295
 62    68.371 54373.10834934 41.39 128.445786  63.475559 17.295
 62    68.458 54373.10834999 41.33 128.443096  63.472429 17.295
 62    68.440 54373.10835063 45.62 128.440406  63.469299 17.295
 62    68.277 54373.10835127 43.70 128.437716  63.466169 17.295
 63    68.775 54408.10833860 21.82 128.473200  63.518571  9.919
 63    66.500 54408.10833924 21.37 128.470500  63.515441  9.919
 63    66.459 54408.10833989 19.08 128.467810  63.512311  9.919
 63    65.806 54408.10834053 19.08 128.465107  63.509185 17.573
 63    65.257 54408.10834118 21.00 128.462417  63.506055 17.573
 63    64.604 54408.10834182 21.84 128.459717  63.502925 17.573
 63    65.061 54408.10834247 24.39 128.457017  63.499795 17.573
 63    65.659 54408.10834311 25.47 128.454327  63.496665 17.573
 63    66.102 54408.10834376 27.20 128.451637  63.493535 17.573
 63    66.339 54408.10834440 32.72 128.448937  63.490405 17.573
 63    66.460 54408.10834505 41.76 128.446247  63.487275 17.573
 63    66.467 54408.10834569 46.42 128.443557  63.484145 17.573
 63    66.553 54408.10834634 49.84 128.440867  63.481015 17.573
 63    66.385 54408.10834698 42.07 128.438167  63.477895 17.573
 63    70.076 54408.10834891 22.30 128.430097  63.468505 17.573
 63    70.993 54408.10834956 23.37 128.427417  63.465375 17.573
 64    64.803 54443.10830205 18.70 128.486576  63.513102  5.040
 64    63.066 54443.10830269 19.48 128.483876  63.509972  4.589
 64    62.133 54443.10830334 20.08 128.481186  63.506842  4.589
 64    62.942 54443.10830398 20.39 128.478486  63.503722  4.589
 64    63.902 54443.10830463 21.24 128.475786  63.500592  4.589
 64    65.241 54443.10830527 21.49 128.473086  63.497462  4.589
 64    66.367 54443.10831107 21.31 128.448846  63.469302  4.589
 65    68.585 54478.10832820 14.40 128.475302  63.516210  4.171
 65    66.822 54478.10832884 14.58 128.472612  63.513080  4.171
 65    66.082 54478.10832948 15.27 128.469912  63.509950  4.171
 65    65.162 54478.10833013 16.06 128.467212  63.506830  4.171
 65    65.038 54478.10833077 16.09 128.464522  63.503700  4.171
 65    65.104 54478.10833142 16.73 128.461823  63.500572  3.397
 65    65.662 54478.10833206 17.71 128.459133  63.497442  3.397
 65    66.123 54478.10833271 18.00 128.456433  63.494312  3.397
 65    66.533 54478.10833335 18.16 128.453743  63.491182  3.397
 65    66.687 54478.10833400 18.63 128.451043  63.488052  3.397
 65    66.899 54478.10833464 17.98 128.448353  63.484922  3.397
 65    66.940 54478.10833529 18.67 128.445663  63.481792  3.397
 65    67.025 54478.10833593 18.25 128.442973  63.478662  3.397
 65    66.827 54478.10833658 18.15 128.440283  63.475532  3.397
 65    67.550 54478.10833722 16.72 128.437593  63.472402  3.397
 65    72.471 54478.10833787 15.88 128.434903  63.469282  3.397
 65    72.848 54478.10833851 14.69 128.432213  63.466152  3.397
 66    67.992 54513.10831679 12.17 128.486820  63.515388  2.522
 66    67.393 54513.10831743 12.28 128.484130  63.512268  2.522
 66    66.334 54513.10831808 12.87 128.481430  63.509138  2.522
 66    66.410 54513.10831872 12.80 128.478730  63.506008  2.522
 66    66.248 54513.10831937 12.94 128.476030  63.502878  2.522
 66    66.519 54513.10832001 13.55 128.473330  63.499748  2.522
 66    66.787 54513.10832065 13.63 128.470640  63.496618  2.522
 66    67.041 54513.10832130 13.38 128.467940  63.493498  2.522
 66    67.010 54513.10832194 13.43 128.465250  63.490368  2.522
 66    67.487 54513.10832259 13.90 128.462550  63.487238  2.522
 66    67.441 54513.10832323 13.62 128.459860  63.484108  2.522
 66    67.696 54513.10832388 12.92 128.457160  63.480978  2.522
 66    68.034 54513.10832452 13.26 128.454470  63.477848  2.522
 66    69.007 54513.10832517 12.95 128.451780  63.474718  2.522
 66    69.531 54513.10832581 12.83 128.449090  63.471588  2.522
 67    69.776 54548.10834193 10.39 128.469866  63.517065  2.369
 67    70.440 54548.10834257 10.32 128.467176  63.513935  2.369
 67    70.519 54548.10834322  9.84 128.464476  63.510805  2.369
 67    66.598 54548.10834386 10.65 128.461786  63.507675  2.369
 67    66.572 54548.10834451 10.59 128.459086  63.504545  2.369
 67    66.886 54548.10834515 10.99 128.456386  63.501415  2.369
 67    67.102 54548.10834580 11.17 128.453696  63.498285  2.369
 67    65.738 54548.10834644 11.72 128.451006  63.495155  2.369
 67    67.220 54548.10834709 11.34 128.448306  63.492035  2.369
 67    67.076 54548.10834773 11.18 128.445616  63.488905  2.369
 67    67.323 54548.10834838 11.59 128.442926  63.485775  2.369
 67    67.450 54548.10834902 11.45 128.440236  63.482645  2.369
 67    67.938 54548.10834966 12.01 128.437536  63.479515  2.369
 67    72.826 54548.10835224  9.20 128.426786  63.466995  2.369
 68    69.812 54583.10831221  8.31 128.478196  63.517033  2.131
 68    68.837 54583.10831286  8.92 128.475506  63.513903  2.131
 68    69.790 54583.10831350  8.28 128.472806  63.510773  2.131
 68    69.374 54583.10831415  8.60 128.470106  63.507643  2.131
 68    66.835 54583.10831479  8.91 128.467406  63.504513  2.131
 68    67.716 54583.10831543  8.71 128.464716  63.501383  2.131
 68    67.034 54583.10831608  8.99 128.462016  63.498253  2.131
 68    66.922 54583.10831672  9.46 128.459326  63.495123  2.131
 68    66.980 54583.10831737  8.73 128.456626  63.492003  2.131
 68    68.016 54583.10831801  9.37 128.453936  63.488873  2.131
 68    67.763 54583.10831866  8.90 128.451246  63.485743  2.131
 68    67.715 54583.10831930  9.48 128.448546  63.482613  2.131
 68    68.239 54583.10831995  9.28 128.445856  63.479483  2.131
 68    69.353 54583.10832059  8.78 128.443166  63.476353  2.131
 68    71.973 54583.10832124  8.23 128.440476  63.473223  2.131
 68    72.314 54583.10832188  7.85 128.437786  63.470093  2.131
 68    72.523 54583.10832253  7.87 128.435096  63.466963  2.131
 69    71.749 54618.10833298 29.99 128.475721  63.516368 11.953
 69    71.825 54618.10833363 30.30 128.473021  63.513238 11.953
 69    71.799 54618.10833427 32.13 128.470331  63.510108 11.953
 69    71.932 54618.10833492 31.89 128.467631  63.506978 11.953
 69    71.951 54618.10833556 32.11 128.464931  63.503848 11.953
 69    71.871 54618.10833621 31.64 128.462241  63.500718 11.953
 69    71.819 54618.10833685 31.46 128.459541  63.497588 11.953
 69    71.780 54618.10833750 30.31 128.456851  63.494458 11.953
 69    71.603 54618.10833814 30.94 128.454151  63.491338 11.953
 69    71.361 54618.10833879 31.29 128.451461  63.488208 11.953
 69    70.973 54618.10833943 31.76 128.448771  63.485078 11.953
 69    71.278 54618.10834007 31.46 128.446071  63.481948 11.953
 69    71.530 54618.10834072 33.59 128.443381  63.478818 11.953
 69    71.701 54618.10834136 35.49 128.440691  63.475688 11.953
 69    71.863 54618.10834201 37.49 128.438001  63.472558 11.953
 69    71.900 54618.10834265 42.01 128.435311  63.469428 11.953
 69    71.929 54618.10834330 45.05 128.432621  63.466298 11.953
 70    69.800 54653.10835001 18.15 128.451763  63.492257  9.572
 70    68.897 54653.10835065 19.60 128.449073  63.489127  9.572
 70    68.690 54653.10835129 18.00 128.446383  63.485997  9.572
 70    70.550 54653.10835194 17.06 128.443683  63.482867  9.572
 70    71.849 54653.10835258 18.08 128.440993  63.479737  9.572
 70    70.570 54653.10835516 24.61 128.430233  63.467217  9.572
 71    69.859 54688.10833409 23.82 128.470161  63.518375 17.029
 71    70.149 54688.10833474 26.95 128.467471  63.515245 17.029
 71    70.213 54688.10833538 31.13 128.464771  63.512115 17.029
 71    70.349 54688.10833603 32.33 128.462071  63.508985 17.029
 71    70.556 54688.10833667 31.08 128.459381  63.505855 17.029
 71    70.622 54688.10833732 27.65 128.456681  63.502725 17.029
 71    70.578 54688.10833796 23.34 128.453991  63.499595 17.029
 71    70.283 54688.10833861 22.38 128.451291  63.496465 17.029
 71    69.995 54688.10833925 20.37 128.448601  63.493335 17.029
 71    69.071 54688.10833990 23.22 128.445911  63.490205 17.029
 71    68.561 54688.10834054 22.38 128.443211  63.487085 17.029
 71    68.396 54688.10834119 22.49 128.440521  63.483955 17.029
 71    70.876 54688.10834183 20.87 128.437831  63.480825 17.029
 72    73.297 54723.10829269 14.29 128.484685  63.513179  9.974
 72    72.340 54723.10829333 13.13 128.481985  63.510049  9.974
 72    72.239 54723.10829398 12.61 128.479295  63.506919  9.974
 72    71.515 54723.10829462 13.15 128.476595  63.503789  9.974
 72    71.825 54723.10829527 13.63 128.473895  63.500659  9.974
 72    71.502 54723.10829591 14.42 128.471195  63.497529  9.974
 72    71.555 54723.10829656 15.19 128.468505  63.494399  9.974
 72    71.862 54723.10830107 22.28 128.449645  63.472499  9.974
 72    73.258 54723.10830171 22.31 128.446955  63.469369  9.974
 73    66.414 54758.10831030 49.86 128.471368  63.516238 14.084
 73    67.113 54758.10831094 34.66 128.468668  63.513118 14.084
 73    68.100 54758.10831159 24.42 128.465978  63.509988 14.084
 73    67.637 54758.10832061 30.14 128.428270  63.466176 18.010
 74    63.613 54793.10828565 19.51 128.486527  63.516400 10.959
 74    58.603 54793.10828630 20.38 128.483827  63.513270 10.959
 74    59.396 54793.10828694 21.18 128.481127  63.510140 10.959
 74    60.202 54793.10828759 22.87 128.478427  63.507010 10.959
 74    61.492 54793.10828823 23.41 128.475727  63.503880 10.959
 74    62.234 54793.10828888 24.74 128.473027  63.500750 10.959
 74    63.048 54793.10828952 25.70 128.470337  63.497620 10.959
 74    64.261 54793.10829016 25.76 128.467637  63.494500 10.959
 74    64.715 54793.10829081 27.52 128.464947  63.491370 10.959
 74    65.143 54793.10829145 29.46 128.462247  63.488240 10.959
 74    66.079 54793.10829210 29.37 128.459557  63.485110 10.959
 74    66.217 54793.10829274 32.08 128.456857  63.481980 10.959
 74    66.247 54793.10829339 34.82 128.454167  63.478850 10.959
 74    66.168 54793.10829403 34.85 128.451477  63.475720 10.959
 74    65.712 54793.10829468 31.50 128.448777  63.472590 10.959
 74    65.398 54793.10829532 27.97 128.446087  63.469460 10.959
 75    61.863 54828.10830845 18.45 128.475528  63.515228  5.217
 75    63.704 54828.10830909 18.63 128.472828  63.512098  5.217
 75    61.497 54828.10830974 20.06 128.470138  63.508968  5.217
 75    64.403 54828.10831038 20.30 128.467438  63.505838  5.217
 75    64.042 54828.10831103 20.98 128.464738  63.502708  5.217
 75    64.588 54828.10831167 21.67 128.462048  63.499578  5.217
 75    65.260 54828.10831232 21.87 128.459348  63.496448  5.217
 75    66.164 54828.10831296 22.16 128.456658  63.493318  5.217
 75    66.392 54828.10831361 22.40 128.453958  63.490198  5.217
 75    66.556 54828.10831425 23.47 128.451268  63.487068  5.217
 75    66.894 54828.10831490 23.99 128.448578  63.483938  5.217
 75    66.817 54828.10831554 22.90 128.445878  63.480808  5.217
 75    66.694 54828.10831619 23.18 128.443188  63.477678  5.217
 75    66.572 54828.10831683 21.61 128.440498  63.474548  5.217
 75    66.195 54828.10831747 20.91 128.437808  63.471418  5.217
 75    65.813 54828.10831812 19.96 128.435118  63.468288  5.217
 76    65.172 54863.10827990 15.32 128.484177  63.515598  3.700
 76    65.098 54863.10828055 15.57 128.481477  63.512468  3.700
 76    65.659 54863.10828119 16.26 128.478787  63.509338  3.700
 76    65.080 54863.10828184 16.93 128.476087  63.506208  3.700
 76    65.951 54863.10828248 16.59 128.473387  63.503078  3.700
 76    65.422 54863.10828313 18.04 128.470687  63.499948  3.700
 76    66.692 54863.10828764 17.93 128.451827  63.478048  3.700
 76    67.473 54863.10828828 17.62 128.449137  63.474918  3.700
 76    66.215 54863.10828893 17.98 128.446447  63.471788  3.700
 76    65.907 54863.10828957 15.95 128.443757  63.468658  3.700
 77    66.500 54898.10830816 14.22 128.470874  63.518329  3.999
 77    65.285 54898.10830881 15.04 128.468174  63.515199  3.999
 77    66.567 54898.10830945 14.30 128.465474  63.512069  3.999
 77    65.909 54898.10831009 15.13 128.462784  63.508939  3.999
 77    66.235 54898.10831074 15.37 128.460084  63.505809  3.999
 77    65.300 54898.10831138 16.28 128.457394  63.502679  3.999
 77    65.513 54898.10831203 16.99 128.454694  63.499549  3.999
 77    66.614 54898.10831461 18.38 128.443924  63.487039  3.999
 77    67.117 54898.10831525 17.94 128.441234  63.483909  3.999
 77    66.538 54898.10831590 18.53 128.438534  63.480779  3.999
 78    67.504 54933.10827461 12.07 128.480721  63.516509  3.577
 78    66.673 54933.10827526 12.64 128.478021  63.513379  3.577
 78    66.325 54933.10827590 12.61 128.475321  63.510249  3.577
 78    65.933 54933.10827654 13.16 128.472621  63.507119  3.577
 78    66.015 54933.10827719 13.64 128.469921  63.503989  3.577
 78    66.106 54933.10827783 13.63 128.467231  63.500859  3.577
 78    66.307 54933.10827848 13.68 128.464531  63.497729  3.577
 78    65.722 54933.10827912 14.25 128.461841  63.494599  3.577
 78    66.385 54933.10827977 14.09 128.459141  63.491479  3.577
 78    66.263 54933.10828041 14.48 128.456451  63.488349  3.577
 78    66.377 54933.10828106 14.64 128.453751  63.485219  3.577
 78    66.057 54933.10828170 15.30 128.451061  63.482089  3.577
 78    66.069 54933.10828235 13.84 128.448371  63.478959  3.577
 78    66.031 54933.10828299 12.73 128.445681  63.475829  3.577
 78    65.939 54933.10828364 13.05 128.442981  63.472699  3.577
 78    68.460 54933.10828428 12.19 128.440291  63.469569  3.577
 78    69.717 54933.10828493 11.21 128.437601  63.466439  3.577
 79    73.600 54968.10830904 36.46 128.475465  63.516858 21.286
 79    73.554 54968.10830968 36.84 128.472765  63.513728 21.286
 79    73.540 54968.10831033 37.36 128.470065  63.510598 21.286
 79    72.430 54968.10831935 50.44 128.432355  63.466788 21.286
 80    72.406 55003.10832930 19.96 128.471740  63.516125  5.422
 80    71.700 55003.10832994 18.53 128.469040  63.512995  5.422
 80    72.169 55003.10833059 18.39 128.466350  63.509865  5.422
 80    72.429 55003.10833123 18.42 128.463650  63.506735  5.422
 80    72.021 55003.10833187 18.93 128.460950  63.503605  5.422
 80    73.214 55003.10833252 18.51 128.458260  63.500475  5.422
 80    71.719 55003.10833316 18.35 128.455560  63.497345  5.422
 80    71.573 55003.10833381 18.49 128.452870  63.494215  5.422
 80    71.697 55003.10833445 18.44 128.450170  63.491095  5.422
 80    71.425 55003.10833510 19.73 128.447480  63.487965  5.422
 80    71.337 55003.10833574 20.37 128.444790  63.484835  5.422
 80    71.783 55003.10833639 20.23 128.442100  63.481705  5.422
 80    72.092 55003.10833703 22.84 128.439400  63.478575  5.422
 80    72.995 55003.10833961 19.76 128.428640  63.466055  5.422
 81    70.070 55038.10831593 24.53 128.474705  63.515825 10.415
 81    70.019 55038.10831658 29.03 128.472005  63.512695 10.415
 81    69.789 55038.10832045 17.07 128.455835  63.493915 10.415
 81    69.164 55038.10832109 16.99 128.453135  63.490795 10.415
 81    68.540 55038.10832173 17.58 128.450445  63.487665 10.415
 81    68.571 55038.10832238 17.66 128.447755  63.484535 10.415
 81    70.498 55038.10832302 17.30 128.445065  63.481405 10.415
 81    71.050 55038.10832367 18.75 128.442365  63.478275 10.415
 81    71.061 55038.10832431 20.40 128.439675  63.475145 10.415
 81    70.657 55038.10832496 23.06 128.436985  63.472015 10.415
 81    69.059 55038.10832560 28.64 128.434295  63.468885 10.415
 81    70.060 55038.10832625 27.23 128.431605  63.465755 10.415
 82    69.456 55073.10830104 23.38 128.469679  63.519282 15.757
 82    69.244 55073.10830169 27.03 128.466989  63.516152 15.757
 82    69.384 55073.10830233 32.64 128.464289  63.513022 15.757
 82    70.135 55073.10830298 33.18 128.461589  63.509892 15.757
 82    70.322 55073.10830362 33.59 128.458899  63.506762 15.757
 82    70.293 55073.10830427 26.64 128.456199  63.503632 15.757
 82    69.472 55073.10830491 26.95 128.453509  63.500502 15.757
 82    69.258 55073.10830555 25.02 128.450809  63.497372 15.757
 82    68.717 55073.10830620 24.97 128.448119  63.494242 15.757
 82    68.305 55073.10830684 25.68 128.445429  63.491112 15.757
 82    68.017 55073.10830749 28.25 128.442729  63.487992 15.757
 82    68.487 55073.10830813 28.40 128.440039  63.484862 15.757
 82    68.644 55073.10830878 29.19 128.437349  63.481732 15.757
 82    68.907 55073.10830942 30.34 128.434659  63.478602 15.757
 83    69.147 55108.10824797 45.65 128.483503  63.516418 19.892
 83    69.293 55108.10824862 42.25 128.480803  63.513288 19.892
 83    69.407 55108.10824926 37.77 128.478103  63.510158 19.892
 83    69.935 55108.10824991 34.62 128.475403  63.507028 19.892
 83    69.562 55108.10825055 37.33 128.472713  63.503898 19.892
 83    69.323 55108.10825120 40.12 128.470013  63.500768 19.892
 83    69.208 55108.10825184 34.46 128.467313  63.497638 19.892
 83    69.275 55108.10825249 31.26 128.464623  63.494508 19.892
 83    69.093 55108.10825313 29.27 128.461923  63.491388 19.892
 83    68.850 55108.10825377 28.59 128.459233  63.488258 19.892
 83    68.925 55108.10825442 27.00 128.456533  63.485128 19.892
 83    68.714 55108.10825506 26.61 128.453843  63.481998 19.892
 83    68.831 55108.10825571 25.36 128.451153  63.478868 19.892
 83    69.036 55108.10825635 26.33 128.448463  63.475738 19.892
 83    69.133 55108.10825700 28.56 128.445763  63.472608 19.892
 83    69.227 55108.10825764 35.65 128.443073  63.469478 19.892
 84    70.230 55143.10825277 18.73 128.471190  63.517961  6.328
 84    67.766 55143.10825342 19.09 128.468490  63.514831  6.328
 84    66.091 55143.10825406 19.91 128.465790  63.511701  6.328
 84    65.520 55143.10825471 19.91 128.463100  63.508571  6.328
 84    65.022 55143.10825535 20.80 128.460400  63.505441  6.328
 84    64.955 55143.10825600 22.24 128.457710  63.502311  6.328
 84    65.368 55143.10825664 22.18 128.455010  63.499181  6.328
 84    65.611 55143.10825729 23.35 128.452320  63.496051  6.328
 85    66.184 55178.10822077 20.86 128.485860  63.512742  4.317
 85    66.209 55178.10822141 21.00 128.483160  63.509612  4.317
 85    66.059 55178.10822206 21.11 128.480460  63.506482  4.317
 85    65.940 55178.10822270 21.85 128.477760  63.503352  4.317
 85    65.888 55178.10822335 23.01 128.475070  63.500222  4.317
 85    66.269 55178.10822399 23.52 128.472370  63.497092  4.317
 85    66.500 55178.10822464 23.53 128.469670  63.493972  4.317
 85    66.522 55178.10822528 24.16 128.466980  63.490842  4.317
 85    66.568 55178.10822592 23.73 128.464280  63.487712  4.317
 85    66.572 55178.10822657 24.85 128.461590  63.484582  4.317
 85    66.681 55178.10822721 24.81 128.458890  63.481452  4.317
 85    66.657 55178.10822786 24.45 128.456200  63.478322  4.317
 85    66.814 55178.10822850 23.62 128.453510  63.475192  4.317
 85    66.723 55178.10822915 23.25 128.450820  63.472062  4.317
 85    66.768 55178.10822979 21.56 128.448120  63.468932  4.317
 86    67.348 55213.10824712 17.04 128.474876  63.518418  3.831
 86    67.538 55213.10824776 17.30 128.472186  63.515288  3.831
 86    66.259 55213.10824841 17.64 128.469486  63.512158  3.831
 86    66.172 55213.10824905 18.37 128.466786  63.509028  3.831
 86    65.940 55213.10824970 18.91 128.464096  63.505898  3.831
 86    65.829 55213.10825034 19.57 128.461396  63.502768  3.831
 86    66.284 55213.10825099 20.17 128.458696  63.499638  3.831
 86    67.884 55213.10825550 21.31 128.439846  63.477738  3.831
 86    69.993 55213.10825743 18.57 128.431776  63.468348  3.831
 87    67.577 55248.10822169 15.87 128.480274  63.513835  3.465
 87    67.174 55248.10822233 16.17 128.477574  63.510705  3.465
 87    67.000 55248.10822297 16.24 128.474874  63.507575  3.465
 87    66.366 55248.10822362 16.89 128.472174  63.504445  3.465
 87    66.921 55248.10822426 17.42 128.469484  63.501315  3.465
 87    66.873 55248.10822491 17.98 128.466784  63.498185  3.465
 87    66.786 55248.10822942 18.47 128.447934  63.476285  3.465
 87    66.174 55248.10823007 18.57 128.445234  63.473155  3.465
 87    66.455 55248.10823071 17.87 128.442544  63.470025  3.465
 87    66.622 55248.10823136 17.12 128.439854  63.466895  3.465
 88    68.997 55283.10824135 14.11 128.468719  63.516563  3.374
 88    67.946 55283.10824199 14.20 128.466019  63.513433  3.374
 88    65.912 55283.10824264 14.63 128.463319  63.510303  3.374
 88    66.134 55283.10824328 15.20 128.460629  63.507173  3.374
 88    65.771 55283.10824393 15.54 128.457929  63.504043  3.374
 88    65.451 55283.10824457 16.79 128.455229  63.500913  3.374
 88    65.726 55283.10824522 16.50 128.452539  63.497783  3.374
 88    66.326 55283.10824586 16.59 128.449849  63.494653  3.374
 88    66.347 55283.10824651 16.96 128.447149  63.491533  3.374
 88    66.631 55283.10824715 16.98 128.444459  63.488403  3.374
 88    66.415 55283.10824780 17.93 128.441769  63.485273  3.374
 88    67.093 55283.10824844 17.70 128.439079  63.482143  3.374
 88    66.219 55283.10824909 17.17 128.436389  63.479013  3.374
 88    70.975 55283.10825166 14.04 128.425629  63.466493  3.374
 89    69.562 55318.10821094 20.83 128.472264  63.516257  8.579
 89    70.031 55318.10821159 22.79 128.469564  63.513127  8.579
 89    70.403 55318.10821223 24.23 128.466874  63.509997  8.579
 89    70.690 55318.10821288 25.59 128.464174  63.506867  8.579
 89    70.774 55318.10821352 27.07 128.461474  63.503737  8.579
 89    70.747 55318.10821417 25.65 128.458784  63.500607  8.579
 89    70.560 55318.10821481 23.48 128.456084  63.497477  8.579
 89    70.150 55318.10821546 22.30 128.453394  63.494347  8.579
 89    69.511 55318.10821610 23.05 128.450694  63.491227  8.579
 89    68.410 55318.10821675 24.51 128.448004  63.488097  8.579
 89    65.867 55318.10821739 27.41 128.445314  63.484967  8.579
 89    65.848 55318.10821804 27.61 128.442624  63.481837  8.579
 89    66.001 55318.10821868 27.31 128.439924  63.478707  8.579
 89    69.394 55318.10822061 21.90 128.431854  63.469317  8.579
 89    70.978 55318.10822126 18.86 128.429164  63.466187  8.579
 90    72.366 55353.10821342 23.82 128.472942  63.518982 14.529
 90    70.809 55353.10821406 24.10 128.470252  63.515852 14.529
 90    70.652 55353.10821471 27.00 128.467552  63.512722 14.529
 90    70.636 55353.10821535 27.52 128.464852  63.509592 14.529
 90    70.999 55353.10821600 35.27 128.462162  63.506462 14.529
 90    70.864 55353.10821664 34.48 128.459462  63.503332 14.529
 90    70.924 55353.10821729 29.04 128.456762  63.500202 14.529
 90    70.787 55353.10821793 22.44 128.454072  63.497072 14.529
 90    70.512 55353.10821858 17.29 128.451382  63.493942 14.529
 90    70.141 55353.10821922 16.77 128.448682  63.490822 14.529
 90    70.291 55353.10821986 17.27 128.445992  63.487692 14.529
 90    70.911 55353.10822051 17.86 128.443302  63.484562 14.529
 90    71.680 55353.10822115 18.53 128.440612  63.481432 14.529
 90    71.880 55353.10822180 20.92 128.437922  63.478302 14.529
 90    72.907 55353.10822438 23.53 128.427162  63.465782 14.529
 91    72.784 55388.10821070 19.30 128.482656  63.516920  7.422
 91    72.322 55388.10821134 16.12 128.479956  63.513790  7.422
 91    70.475 55388.10821198 15.98 128.477256  63.510660  7.422
 91    70.539 55388.10821263 18.25 128.474556  63.507530  7.422
 91    70.731 55388.10821327 16.42 128.471866  63.504400  7.422
 91    70.630 55388.10821392 18.06 128.469166  63.501270  7.422
 91    70.544 55388.10821456 16.26 128.466466  63.498140  7.422
 91    70.392 55388.10821521 15.27 128.463776  63.495010  7.422
 91    70.253 55388.10821585 16.08 128.461076  63.491890  7.422
 91    70.270 55388.10821650 15.90 128.458386  63.488760  7.422
 91    70.132 55388.10821714 17.09 128.455686  63.485630  7.422
 91    70.411 55388.10821779 16.94 128.452996  63.482500  7.422
 91    70.714 55388.10821843 18.44 128.450306  63.479370  7.422
 91    70.495 55388.10821908 19.84 128.447616  63.476240  7.422
 91    70.653 55388.10821972 22.43 128.444916  63.473110  7.422
 91    70.666 55388.10822037 26.47 128.442226  63.469980  7.422
 91    70.995 55388.10822101 26.66 128.439536  63.466850  7.422
 92    69.133 55423.10823124 28.04 128.475140  63.517328 17.686
 92    69.532 55423.10823189 27.78 128.472440  63.514208 17.686
 92    69.345 55423.10823253 41.70 128.469740  63.511078 17.686
 92    70.107 55423.10823318 39.68 128.467050  63.507948 17.686
 92    70.291 55423.10823382 29.53 128.464350  63.504818 17.686
 92    69.419 55423.10823447 40.59 128.461660  63.501688 17.686
 92    69.316 55423.10823511 37.29 128.458960  63.498558 17.686
 92    69.382 55423.10823576 29.74 128.456270  63.495428 17.686
 92    69.236 55423.10823640 27.31 128.453570  63.492298 17.686
 92    68.986 55423.10823705 28.26 128.450880  63.489168 17.686
 92    68.600 55423.10823769 29.63 128.448190  63.486048 17.686
 92    68.562 55423.10823834 30.45 128.445493  63.482914 30.205
 92    68.972 55423.10823898 29.81 128.442803  63.479784 30.205
 92    69.081 55423.10823962 30.69 128.440113  63.476654 30.205
 92    69.395 55423.10824027 33.40 128.437423  63.473524 30.205
 92    69.384 55423.10824091 40.63 128.434733  63.470394 30.205
 92    69.462 55423.10824156 49.11 128.432043  63.467264 30.205
 93    68.695 55458.10820939 21.85 128.444612  63.490238 11.441
 93    67.791 55458.10821004 21.58 128.441912  63.487108 11.441
 93    67.620 55458.10821068 21.85 128.439222  63.483988 11.441
 93    68.933 55458.10821133 17.37 128.436532  63.480858 11.441
