# NaN NaN NaN ;Mean Elev.(m), Avg Gradient(m/km), RMS Gradient(m/km) - SRTM1     
#    8.048  -0.345   7.318 ;Mean Elev.(m), Avg Gradient(m/km), RMS Gradient(m/km) - ASTER GDEM
#    1.000  -0.003   0.508 ;Mean Elev.(m), Avg Gradient(m/km), RMS Gradient(m/km) - GMTED2010 
  7 128.019975  72.620565     3.507     3.388  4 52456.14036736 26.458
 10 128.030215  72.618380     1.208     1.183  5 52561.14036926 47.443
 11 128.016872  72.622117    -0.297    -0.275  5 52596.14038002 25.692
 12 128.035949  72.617885     0.124     0.117  4 52631.14031792 20.338
 15 128.020092  72.620697     0.948     1.166  5 52736.14035061 12.551
 17 128.037683  72.617903     3.473     3.472  5 52806.14037435 33.734
 18 128.033017  72.617286     2.929     2.575  5 52841.14043456 22.474
 19 128.026693  72.618100     3.191     3.099  5 52876.14047349 22.058
 20 128.015434  72.620021     3.773     3.529  5 52911.14043804 26.293
 23 128.012536  72.621400     0.242     0.058  5 53016.14042659 17.504
 24 128.038574  72.617821     0.080     0.134  5 53051.14040314 17.473
 25 128.014179  72.625680     1.121     1.126  3 53086.14043905 13.477
 26 128.032035  72.618792     0.599     0.350  4 53121.14040974 10.058
 28 128.026802  72.619188     3.810     3.713  4 53191.14045569 22.377
 29 128.019348  72.619889     3.453     3.299  4 53226.14046125 24.835
 30 128.011423  72.625605     1.443     1.412  3 53261.14043453 29.058
 31 128.025662  72.620037     2.463     2.441  5 53296.14046723 34.214
 32 128.022266  72.619555     0.989     0.911  4 53331.14043990 24.888
 35 128.012878  72.620950     1.041     1.084  5 53436.14040347 21.769
 36 128.031101  72.619113     1.351     1.417  4 53471.14045234 17.061
 37 128.019220  72.620163     1.155     1.142  4 53506.14048742 14.811
 38 128.018631  72.619850     3.659     3.605  5 53541.14049113 35.279
 39 128.015191  72.623187     2.964     3.619  5 53576.14048158 32.966
 40 128.011174  72.625880     1.238     1.285  3 53611.14043270 29.577
 41 128.036571  72.617829     2.900     2.556  4 53646.14043727 19.720
 42 128.016915  72.622591     1.046     1.126  5 53681.14045355 20.827
 43 128.013617  72.621419     0.966     1.020  5 53716.14038156 17.711
 44 128.043043  72.616232     0.668     0.661  5 53751.14029941 15.395
 45 128.021727  72.620227     1.115     1.198  5 53786.14032962 17.905
 46 128.008154  72.625481     1.263     1.308  3 53821.14028596 17.039
 47 128.027814  72.619462     1.033     1.044  4 53856.14037380 11.841
 48 128.030624  72.618593     3.480     3.354  5 53891.14038542 40.913
 49 128.016450  72.619993     4.035     3.845  5 53926.14044824 28.420
 50 128.015808  72.625547     2.583     1.804  3 53961.14043390 25.434
 51 128.050266  72.615356     2.145     2.076  4 53996.14037432 17.823
 52 128.034357  72.617547     1.413     1.457  4 54031.14042847 28.256
 53 128.019837  72.619777     1.006     1.004  4 54066.14042244 18.743
 54 128.017611  72.626064     1.650     1.784  3 54101.14038400 19.469
 55 128.033737  72.618229     1.085     1.096  4 54136.14034891 15.144
 57 128.033328  72.617682     1.133     1.123  4 54206.14035404 11.933
 59 128.022195  72.619143     4.541     4.810  4 54276.14040240 23.331
 61 128.015442  72.624986     2.692     1.783  3 54346.14037691 23.253
 62 128.031317  72.618081     3.134     3.374  5 54381.14034010 21.342
 63 128.018195  72.622039     0.801     0.812  5 54416.14032622 18.064
 64 128.034969  72.617192     0.386     0.425  5 54451.14030866 14.317
 65 128.024470  72.619752     0.817     0.753  5 54486.14032254 14.050
 66 128.029993  72.617602     0.703     0.673  4 54521.14032213 13.088
 67 128.013629  72.621685     0.912     0.877  4 54556.14033325 11.505
 68 128.026599  72.619226     0.945     0.973  4 54591.14031782 10.570
 69 128.021343  72.621141     4.741     4.834  5 54626.14033385 24.358
 70 128.021606  72.619254     3.380     3.291  4 54661.14034216 23.683
 71 128.013174  72.620353     3.462     3.459  5 54696.14031936 31.896
 72 128.031807  72.618341     3.525     3.345  4 54731.14029767 20.998
 73 128.022927  72.620192     1.065     1.024  5 54766.14029797 29.033
 76 128.033745  72.617803     0.894     0.868  4 54871.14028959 19.826
 77 128.014013  72.624789     1.255     1.337  3 54906.14029757 16.563
 78 128.031676  72.618943     0.960     0.933  4 54941.14028164 13.778
 79 128.023841  72.619565     1.744     1.674  5 54976.14031055 30.715
 80 128.019941  72.621006     3.609     3.560  4 55011.14032052 22.545
 81 128.024120  72.619097     3.015     2.917  5 55046.14031202 23.184
 82 128.018031  72.625991     1.405     1.383  3 55081.14028455 25.855
 83 128.029217  72.617703     1.116     1.100  4 55116.14024422 39.050
 84 128.019118  72.620096     0.707     0.757  5 55151.14024286 15.870
 85 128.032383  72.617851     0.766     0.774  5 55186.14022957 15.482
 86 128.017800  72.620353     0.988     0.901  5 55221.14024109 15.171
 87 128.028905  72.617888     0.726     0.638  4 55256.14022582 13.112
 88 128.016571  72.625441     1.224     1.294  3 55291.14022897 12.173
 89 128.020658  72.619055     2.174     2.137  5 55326.14021080  8.484
 90 128.016121  72.619966     4.586     4.996  5 55361.14020774 29.048
 91 128.028951  72.617711     2.807     2.634  5 55396.14021399 23.609
 92 128.023513  72.618885     3.971     4.442  4 55431.14022288 20.979
 93 128.014934  72.625906     2.067     1.872  3 55466.14018270 21.553
