-307680.477  1029.585     0.00   72.39
-307305.451  1074.364   119.37   94.33
-306930.371  1146.942   193.45   94.12
-306555.238  1210.752   170.05   81.63
-306180.050  1257.596   124.82   57.93
-305804.809  1272.143    38.76   40.35
-305429.514  1266.925   -13.90   45.29
-305054.164  1240.176   -71.24   77.60
-304678.761  1180.334  -159.36  119.54
-304303.304  1084.524  -255.11  157.72
-303927.793   946.248  -368.13  172.01
-303552.227   851.147  -253.15  112.71
-303176.608   840.840   -27.43  105.06
-302800.935   931.801   242.06  159.67
-302425.207  1054.727   327.08  160.90
-302049.425  1176.598   324.22  143.22
-301673.589  1239.381   167.00  117.46
-301297.699  1280.366   109.01  104.51
-300921.755  1322.263   111.41  107.23
-300545.757  1340.602    48.76  106.57
-300169.704  1336.434   -11.08   92.28
-299793.597  1283.277  -141.30  120.94
-299417.436  1220.488  -166.87  103.03
-299041.220  1212.361   -21.60  101.73
-298664.950  1239.749    72.77  101.04
-298288.626  1259.811    53.30   78.03
-297912.247  1241.613   -48.34   84.86
-297535.814  1171.866  -185.23   82.30
-297159.326  1099.726  -191.56   75.84
-296782.784  1034.393  -173.46   83.29
-296406.187   980.999  -141.74   67.53
-296029.536   961.691   -51.25   62.85
-295652.830   978.234    43.90   85.05
-295276.070  1026.428   127.88   99.95
-294899.255  1106.220   211.70   94.56
-294522.385  1180.741   197.68   87.12
-294145.461  1267.037   228.89  112.50
-293768.482  1362.764   253.87  121.73
-293391.449  1421.543   155.86  101.98
-293014.360  1445.965    64.75   84.47
-292637.217  1430.219   -41.74   92.37
-292260.019  1425.013   -13.80   98.84
-291882.767  1476.220   135.70  132.85
-291505.459  1563.727   231.86  141.54
-291128.097  1632.778   182.94  137.30
-290750.680  1667.980    93.25  153.05
-290373.208  1703.309    93.57  166.86
-289995.681  1715.811    33.11  157.94
-289618.099  1700.037   -41.77  140.11
-289240.462  1688.770   -29.83  118.37
-288862.770  1640.866  -126.80  121.25
-288485.023  1582.805  -153.66  147.70
-288107.221  1468.306  -302.99  212.59
-287729.364  1326.448  -375.33  194.19
-287351.452  1213.534  -298.71  128.14
-286973.484  1165.719  -126.47   58.43
-286595.462  1196.762    82.10   82.02
-286217.384  1291.976   251.77  124.91
-285839.252  1388.151   254.27  126.47
-285461.064  1479.503   241.49  104.94
-285082.820  1493.377    36.67  107.55
-284704.522  1461.857   -83.30  114.87
-284326.168  1470.683    23.32  110.25
-283947.759  1471.263     1.53   89.18
-283569.294  1503.582    85.37   94.52
-283190.774  1562.290   155.06  108.71
-282812.199  1572.190    26.14  106.11
-282433.568  1538.442   -89.11  126.92
-282054.882  1445.779  -244.63  165.82
-281676.140  1328.234  -310.28  137.25
-281297.343  1275.234  -139.88   88.94
-280918.490  1307.755    85.82  117.28
-280539.582  1390.477   218.26  138.16
-280160.618  1430.567   105.76  114.70
-279783.601  1393.799   -97.50  139.67
-279415.331  1328.396  -177.55  111.37
-279047.009  1315.031   -36.28   95.79
-278678.635  1348.010    89.50  116.51
-278310.208  1406.234   157.99  110.10
-277941.730  1432.749    71.94  105.82
-277573.199  1390.539  -114.50  128.02
-277204.616  1303.279  -236.69  111.49
-276835.980  1250.966  -141.87   86.85
-276467.292  1226.309   -66.86   90.12
-276098.552  1225.516    -2.15   95.52
-275729.759  1231.542    16.34  100.21
-275360.914  1216.455   -40.89   93.85
-274992.016  1185.718   -83.30   83.10
-274623.066  1135.999  -134.73  100.97
-274254.063  1067.537  -185.49   90.85
-273885.008  1014.046  -144.91   68.16
-273515.901   989.537   -66.38   38.20
-273146.740  1043.518   146.19   98.40
-272777.528  1114.476   192.14  107.74
-272408.262  1154.950   109.58   81.95
-272038.944  1165.492    28.54   73.97
-271669.573  1120.614  -121.47   89.51
-271300.150  1053.598  -181.36   88.78
-270930.674   986.834  -180.65   92.75
-270561.145   918.866  -183.89   83.02
-270191.563   863.988  -148.45   66.85
-269821.929   809.749  -146.70   47.62
-269452.242   774.691   -94.81   38.73
-269082.502   744.408   -81.88   26.12
-268712.709   725.910   -50.01   17.72
-268342.863   714.528   -30.77   10.03
-267972.965   711.991    -6.86   10.51
-267603.013   715.828    10.37   19.29
-267233.009   719.431     9.74   25.88
-266862.951   717.642    -4.83   30.36
-266492.841   704.291   -36.07   33.41
-266122.678   686.103   -49.12   31.56
-265752.461   667.348   -50.65   24.96
-265382.192   650.495   -45.51   15.27
-265011.869   640.377   -27.32    9.32
-264641.493   632.562   -21.09    6.61
-264271.065   627.625   -13.33    5.12
-263900.583   622.896   -12.76    4.58
-263530.047   619.451    -9.29    4.15
-263159.459   615.933    -9.49    3.74
-262788.817   613.307    -7.08    3.32
-262418.123   611.206    -5.67    3.17
-262047.374   609.440    -4.76    2.43
-261676.573   608.075    -3.68    2.19
-261305.718   607.003    -2.89    2.13
-260934.810   606.043    -2.59    2.25
-260563.849   605.031    -2.73    2.25
-260192.834   604.466    -1.52    2.20
-259821.766   603.906    -1.51    2.43
-259450.644   602.586    -3.55    2.40
-259079.469   601.495    -2.94    2.50
-258708.240   600.530    -2.60    2.13
-258336.958   600.466    -0.17    2.69
-257965.622   600.825     0.97    3.21
-257594.233   601.495     1.80    3.65
-257222.790   602.741     3.35    4.17
-256851.294   604.448     4.59    4.37
-256479.744   606.205     4.73    3.71
-256108.140   607.770     4.21    1.96
-255736.482   608.234     1.25    1.76
-255364.771   608.582     0.94    1.56
-254993.006   609.062     1.29    2.04
-254621.188   609.505     1.19    2.32
-254249.315   609.915     1.10    2.58
-253877.389   610.544     1.69    2.93
-253505.409   610.660     0.31    3.05
-253133.375   610.768     0.29    2.92
-252761.288   611.976     3.25    2.99
-252389.146   611.581    -1.06    3.61
-252016.950   609.705    -5.04    4.25
-251644.701   606.814    -7.76    4.37
-251272.397   603.234    -9.61    4.73
-250900.040   599.969    -8.77    5.62
-250527.628   596.896    -8.25    5.55
-250155.163   594.562    -6.26    4.89
-249782.643   593.625    -2.52    5.70
-249410.069   595.448     4.89    8.56
-249037.442   600.591    13.80   13.00
-248664.760   606.487    15.82   16.04
-248292.023   617.477    29.48   20.17
-247919.233   629.705    32.79   23.68
-247546.389   650.980    57.05   32.94
-247173.490   672.901    58.77   37.71
-246800.537   704.448    84.57   42.52
-246427.529   733.749    78.53   39.03
-246054.468   766.920    88.90   39.63
-245681.352   785.658    50.21   30.49
-245308.181   781.852   -10.20   31.07
-244934.957   758.157   -63.47   48.10
-244561.677   732.248   -69.39   41.22
-244188.344   724.778   -20.01   37.57
-243814.956   729.642    13.02   41.77
-243441.513   716.017   -36.48   67.40
-243068.016   671.192  -119.99   87.28
-242694.465   621.814  -132.16   74.66
-242320.858   599.938   -58.54   45.47
-241947.198   615.691    42.15   59.82
-241573.482   651.811    96.63   65.96
-241199.712   695.998   118.19   54.20
-240825.888   725.648    79.30   45.32
-240452.008   755.727    80.43   42.54
-240078.074   788.190    86.80   49.92
-239704.085   822.837    92.62   53.37
-239330.042   841.311    49.38   58.68
-238955.944   822.480   -50.32   73.20
-238581.790   790.822   -84.59   81.04
-238207.582   755.924   -93.24   88.94
-237833.320   740.264   -41.83   83.25
-237459.002   765.659    67.83   94.32
-237084.629   811.611   122.72  108.04
-236710.202   879.487   181.24  112.09
-236335.719   950.162   188.69   85.88
-235961.182   967.928    47.42   78.82
-235586.589   970.389     6.57   81.19
-235211.942   976.948    17.50   95.59
-234837.239  1001.121    64.50  115.17
-234462.481  1043.705   113.60  112.66
-234087.668  1075.675    85.28   82.39
-233712.801  1076.049     1.00   61.83
-233337.877  1068.393   -20.42   58.97
-232962.899  1039.469   -77.12   61.77
-232587.866   988.854  -134.93   67.05
-232212.777   946.625  -112.56   60.86
-231837.633   919.123   -73.30   56.73
-231462.434   917.234    -5.03   56.53
-231087.179   928.220    29.27   60.36
-230711.869   929.934     4.57   64.60
-230336.504   919.966   -26.55   67.36
-229961.083   920.741     2.06   59.75
-229585.607   941.120    54.26   65.24
-229210.075   972.051    82.35   57.67
-228834.488   984.484    33.10   58.38
-228458.846   961.631   -60.82   83.10
-228083.148   920.890  -108.42   80.53
-227707.394   900.060   -55.42   74.06
-227331.585   902.596     6.75   77.60
-226955.721   939.093    97.08   77.90
-226579.800   982.596   115.70   78.70
-226203.824  1022.262   105.48   66.30
-225827.793  1036.930    39.00   48.79
-225451.705  1027.602   -24.80   41.53
-225075.562  1002.081   -67.83   39.18
-224699.363   984.705   -46.18   32.74
-224323.109   985.445     1.97   44.11
-223946.799   999.249    36.67   56.03
-223570.432  1028.219    76.96   72.45
-223194.010  1040.293    32.07   84.21
-222817.532  1059.596    51.26   87.84
-222440.999  1069.646    26.68   82.25
-222064.409  1061.134   -22.60   61.08
-221687.763  1069.121    21.20   45.17
-221311.062  1084.520    40.87   45.64
-220934.304  1115.970    83.46   47.10
-220557.490  1136.843    55.38   39.14
-220180.620  1131.065   -15.33   50.07
-219803.695  1099.999   -82.40   67.17
-219426.713  1049.247  -134.60   67.44
-219049.675  1002.946  -122.78   38.81
-218672.580   977.220   -68.21   28.34
-218295.430   956.248   -55.60   22.04
-217918.223   942.318   -36.92   23.40
-217540.961   928.348   -37.02   20.56
-217163.642   919.586   -23.22   16.13
-216786.266   915.648   -10.43   13.64
-216408.834   915.023    -1.66   16.21
-216031.346   918.320     8.73   21.14
-215653.802   916.455    -4.94   23.98
-215276.201   905.046   -30.21   33.41
-214898.544   887.543   -46.34   39.93
-214520.830   863.121   -64.64   42.26
-214143.060   836.538   -70.35   34.19
-213765.234   814.403   -58.57   31.72
-213387.350   788.277   -69.12   27.53
-213009.411   769.877   -48.68   23.40
-212631.414   756.924   -34.26   20.55
-212253.362   751.348   -14.75   21.36
-211875.252   748.645    -7.15   25.83
-211497.086   743.682   -13.12   25.79
-211118.863   736.924   -17.86   26.94
-210740.584   733.675    -8.59   31.53
-210362.247   737.966    11.34   38.60
-209983.854   756.620    49.29   43.94
-209605.405   772.434    41.78   32.62
-209226.898   771.991    -1.17   25.29
-208848.334   754.361   -46.56   38.00
-208469.714   713.373  -108.24   56.70
-208091.037   662.611  -134.03   69.32
-207712.303   588.178  -196.49   92.04
-207333.512   513.822  -196.26   86.45
-206954.664   463.301  -133.33   59.26
-206575.759   458.134   -13.64   58.37
-206196.797   500.623   112.10   84.25
-205817.778   578.060   204.27   92.21
-205438.701   643.121   171.60   94.50
-205059.568   707.065   168.63   80.76
-204691.018   749.596   115.38   54.89
-204322.860   779.783    81.98   38.99
-203954.648   800.991    57.59   28.77
-203586.383   817.448    44.68   23.27
-203218.064   823.797    17.23   18.14
-202849.691   817.678   -16.61   27.32
-202481.265   805.901   -31.96   38.84
-202112.785   775.051   -83.71   59.25
-201744.252   740.799   -92.92   66.57
-201375.664   704.375   -98.80   57.47
-201007.023   695.734   -23.44   46.01
-200638.329   724.776    78.75   67.58
-200269.580   766.495   113.12   71.14
-199900.778   815.135   131.86   58.95
-199531.922   854.089   105.59   33.44
-199163.012   874.508    55.34   24.11
-198794.048   887.816    36.06   20.44
-198425.030   895.508    20.84   21.30
-198055.959   903.381    21.33   19.69
-197686.833   913.572    27.60   21.24
-197317.654   925.734    32.94   20.74
-196948.420   938.164    33.66   23.03
-196579.133   950.778    34.15   20.36
-196209.791   962.379    31.40   19.56
-195840.396   971.190    23.85   16.65
-195470.946   979.799    23.30   12.99
-195101.442   985.375    15.09    7.63
-194731.884   984.408    -2.62    7.19
-194362.272   979.925   -12.13   11.48
-193992.606   970.031   -26.76   14.91
-193622.885   959.278   -29.08   17.52
-193253.110   945.664   -36.81   19.42
-192883.281   931.959   -37.05   20.66
-192513.398   919.964   -32.42   17.47
-192143.460   907.249   -34.36   16.49
-191773.468   880.344   -72.71   39.14
-191403.422   837.234  -116.48   65.37
-191033.321   780.672  -152.80   76.81
-190663.166   726.091  -147.43   57.46
-190292.957   709.414   -45.04   42.98
-189922.693   721.538    32.74   58.23
-189552.374   762.882   111.62   70.93
-189182.001   821.065   157.07   63.72
-188811.574   864.734   117.87   56.69
-188441.092   902.192   101.09   45.31
-188070.555   927.671    68.75   28.68
-187699.964   939.530    32.00   16.73
-187329.318   939.825     0.80   16.29
-186958.617   934.952   -13.14   18.38
-186587.862   928.727   -16.79   19.71
-186217.052   925.149    -9.65   16.35
-185846.187   926.361     3.27   13.74
-185475.268   932.389    16.25   14.49
-185104.294   937.915    14.89   17.14
-184733.265   941.938    10.84   18.07
-184362.181   941.620    -0.86   19.52
-183991.042   936.398   -14.07   19.60
-183619.848   928.697   -20.75   16.39
-183248.600   924.768   -10.58   13.89
-182877.296   924.825     0.15   13.19
-182505.938   927.680     7.69   15.62
-182134.524   930.749     8.26   16.94
-181763.056   929.634    -3.00   16.14
-181391.533   930.322     1.85   14.30
-181019.954   936.600    16.89   15.65
-180648.320   946.307    26.12   17.81
-180276.632   956.403    27.16   21.62
-179904.888   964.791    22.56   26.74
-179533.089   967.220     6.53   29.39
-179161.235   964.072    -8.46   32.23
-178789.325   954.345   -26.15   30.42
-178417.361   945.093   -24.87   24.63
-178045.341   941.600    -9.39   16.43
-177673.266   947.896    16.92   19.68
-177301.135   961.065    35.38   24.45
-176928.949   982.262    56.94   28.30
-176556.708  1002.361    53.98   27.47
-176184.411  1020.769    49.44   25.57
-175812.059  1033.705    34.74   21.50
-175439.652  1036.508     7.52   20.73
-175067.189  1024.805   -31.41   26.17
-174694.670  1004.152   -55.43   30.08
-174322.097   986.852   -46.43   22.21
-173949.467   984.558    -6.15   20.21
-173576.782   992.756    21.99   26.94
-173204.041   994.693     5.20   32.30
-172831.245   987.749   -18.63   37.69
-172458.393   969.850   -48.00   29.80
-172085.486   962.616   -19.40   20.55
-171712.522   973.769    29.90   30.85
-171339.503   996.720    61.52   32.11
-170966.429  1015.178    49.47   27.24
-170593.298  1027.699    33.55   19.61
-170220.112  1024.058    -9.75   25.84
-169846.870   993.713   -81.29   56.38
-169473.572   949.656  -118.00   76.82
-169100.218   890.651  -158.02   83.08
-168726.808   849.164  -111.08   68.97
-168353.342   843.678   -14.69   60.49
-167979.820   854.048    27.76   51.06
-167606.243   857.304     8.71   54.06
-167232.609   848.118   -24.58   61.62
-166858.919   837.545   -28.29   50.22
-166485.174   849.040    30.75   53.80
-166111.372   891.941   114.75   71.86
-165737.514   943.249   137.22   68.34
-165363.600   983.314   107.13   55.49
-164989.629  1010.309    72.17   31.09
-164615.603  1014.165    10.31   33.20
-164241.520  1010.505    -9.78   38.60
-163867.381  1005.262   -14.01   34.61
-163493.186   996.348   -23.82   29.91
-163118.935   979.526   -44.94   42.56
-162744.627   937.924  -111.13   72.97
-162370.263   884.248  -143.36  101.19
-161995.842   821.262  -168.20   96.16
-161621.365   776.276  -120.11   81.52
-161246.832   734.151  -112.46   64.09
-160872.242   717.705   -43.90   56.47
-160497.596   707.277   -27.83   54.30
-160122.893   711.616    11.58   59.18
-159748.134   727.934    43.54   46.92
-159373.318   731.175     8.65   31.82
-158998.446   738.671    19.99   38.34
-158623.517   729.477   -24.52   47.04
-158248.531   703.512   -69.23   53.51
-157873.489   669.164   -91.57   57.21
-157498.389   634.526   -92.33   47.62
-157123.234   599.347   -93.76   29.66
-156748.021   578.840   -54.65   24.34
-156372.752   568.289   -28.11   24.51
-155997.426   568.605     0.84   32.74
-155622.043   574.165    14.81   36.98
-155246.603   579.477    14.15   30.19
-154871.107   571.535   -21.15   25.27
-154495.553   554.552   -45.22   21.84
-154119.943   536.767   -47.34   23.44
-153744.275   517.159   -52.19   19.68
-153368.551   498.396   -49.93   20.80
-152992.770   485.263   -34.95   15.50
-152616.931   488.769     9.33   25.49
-152241.036   511.642    60.84   47.25
-151865.083   531.998    54.14   52.43
-151489.073   557.628    68.16   54.92
-151113.007   576.720    50.76   48.44
-150736.883   591.789    40.06   37.57
-150360.701   595.105     8.81   38.06
-149984.463   594.248    -2.28   40.81
-149608.167   593.763    -1.29   40.08
-149231.814   603.091    24.78   36.44
-148855.404   615.337    32.53   30.58
-148478.937   622.331    18.58   27.78
-148102.412   625.220     7.67   24.35
-147725.829   617.928   -19.36   27.83
-147349.190   604.928   -34.51   29.83
-146972.493   589.318   -41.43   24.78
-146595.738   574.817   -38.48   21.33
-146218.926   564.276   -27.97   16.35
-145842.056   555.516   -23.24   13.37
-145465.129   549.420   -16.17   10.94
-145088.144   547.180    -5.94   11.13
-144711.102   549.734     6.77   15.12
-144334.002   560.821    29.40   24.56
-143956.844   573.013    32.32   24.30
-143579.629   578.344    14.13   20.31
-143202.356   576.854    -3.95   20.53
-142825.025   567.713   -24.22   18.18
-142447.637   557.494   -27.08   12.28
-142070.190   555.009    -6.58   12.61
-141692.686   552.576    -6.44   13.22
-141315.124   548.962    -9.57   14.68
-140937.504   541.923   -18.64   16.51
-140559.827   533.455   -22.42   14.42
-140182.091   527.034   -17.00   13.64
-139804.297   523.337    -9.78   12.16
-139426.446   529.317    15.83   14.46
-139048.536   539.206    26.16   19.63
-138670.568   550.442    29.73   18.64
-138292.543   553.956     9.29   16.10
-137914.459   545.553   -22.22   23.13
-137536.317   525.053   -54.21   28.82
-137158.117   502.548   -59.50   23.22
-136779.859   485.956   -43.86   15.43
-136401.542   477.973   -21.10   10.10
-136023.168   475.263    -7.16    6.43
-135644.735   477.333     5.47    5.77
-135266.243   480.686     8.86    6.29
-134887.694   487.124    17.01    9.40
-134509.086   494.567    19.66   14.42
-134130.420   500.914    16.76   15.06
-133751.695   505.442    11.95   13.91
-133372.912   506.316     2.31   18.86
-132994.070   505.192    -2.97   25.80
-132615.171   501.274   -10.34   31.21
-132236.212   497.572    -9.77   34.74
-131857.195   488.139   -24.88   36.46
-131478.119   474.205   -36.75   35.30
-131098.985   456.998   -45.38   41.19
-130719.792   442.980   -36.96   39.51
-130340.541   434.401   -22.62   38.00
-129969.490   430.302   -11.04   41.71
-129601.501   427.345    -8.04   46.25
-129233.457   416.539   -29.36   45.37
-128865.358   407.124   -25.57   41.68
-128497.205   401.891   -14.21   40.78
-128128.996   393.910   -21.67   45.13
-127760.732   382.878   -29.95   48.26
-127392.414   374.345   -23.16   41.24
-127024.040   372.439    -5.17   38.85
-126655.612   379.028    17.88   41.93
-126287.128   402.220    62.93   43.19
-125918.589   417.373    41.11   43.65
-125549.995   431.762    39.03   48.47
-125181.346   446.459    39.86   49.78
-124812.642   462.344    43.08   55.73
-124443.883   474.206    32.16   49.17
-124075.068   477.539     9.04   39.19
-123706.198   469.248   -22.48   34.43
-123337.273   451.692   -47.58   30.61
-122968.292   438.797   -34.94   28.44
-122599.257   433.484   -14.40   27.80
-122230.165   428.051   -14.72   27.51
-121861.019   409.439   -50.41   38.77
-121491.817   381.713   -75.09   44.49
-121122.560   346.788   -94.57   37.94
-120753.247   319.952   -72.66   31.18
-120383.878   303.330   -45.00   27.23
-120014.455   295.854   -20.24   25.51
-119644.975   290.734   -13.86   22.58
-119275.440   288.762    -5.34   21.27
-118905.850   283.342   -14.66   19.83
-118536.204   280.817    -6.83   20.98
-118166.502   273.317   -20.28   15.98
-117796.744   270.910    -6.51   13.95
-117426.931   266.498   -11.93   10.59
-117057.062   264.698    -4.87    9.98
-116687.138   263.873    -2.23   12.84
-116317.157   267.263     9.16   17.67
-115947.121   274.831    20.45   22.43
-115577.029   288.822    37.80   28.84
-115206.882   301.193    33.42   28.19
-114836.678   313.896    34.31   26.41
-114466.418   321.330    20.08   18.35
-114096.103   328.072    18.21   13.10
-113725.731   329.707     4.41   13.83
-113355.304   330.763     2.85   17.25
-112984.821   331.396     1.71   16.42
-112614.281   333.741     6.33   14.74
-112243.686   337.842    11.06   12.49
-111873.034   341.805    10.69    9.57
-111502.326   345.410     9.72    8.03
-111131.563   350.290    13.16   14.26
-110760.743   359.631    25.19   25.85
-110389.866   369.491    26.58   26.29
-110018.934   384.850    41.40   30.29
-109647.945   406.262    57.71   34.10
-109276.901   420.576    38.57   29.51
-108905.799   428.220    20.59   21.13
-108534.642   426.481    -4.69   17.74
-108163.428   416.623   -26.55   15.18
-107792.158   412.686   -10.60   18.44
-107420.831   408.434   -11.45   23.96
-107049.448   401.139   -19.64   28.68
-106678.009   380.617   -55.24   35.27
-106306.513   361.303   -51.99   34.61
-105934.961   342.398   -50.88   27.43
-105563.352   326.572   -42.58   24.29
-105191.686   313.960   -33.93   21.13
-104819.964   311.966    -5.36   22.22
-104448.185   320.070    21.79   29.50
-104076.350   332.572    33.62   26.82
-103704.458   337.815    14.10   18.08
-103332.509   332.118   -15.32   21.20
-102960.504   320.923   -30.09   20.28
-102588.442   314.513   -17.23   19.16
-102216.323   310.301   -11.32   18.87
-101844.147   305.675   -12.43   20.78
-101471.915   298.021   -20.56   19.77
-101099.625   294.999    -8.12   20.13
-100727.279   299.977    13.37   23.62
-100354.876   309.712    26.14   16.96
 -99982.416   312.356     7.10   13.82
 -99609.899   305.149   -19.34   20.93
 -99237.325   291.617   -36.32   24.64
 -98864.694   279.713   -31.94   22.00
 -98492.006   273.789   -15.89   21.07
 -98119.261   273.623    -0.45   21.94
 -97746.459   285.111    30.81   21.87
 -97373.599   296.970    31.80   14.20
 -97000.683   301.859    13.11   11.44
 -96627.709   302.809     2.55   10.56
 -96254.679   298.428   -11.74   14.27
 -95881.591   287.481   -29.34   19.18
 -95508.445   273.910   -36.36   20.79
 -95135.243   255.423   -49.53   24.21
 -94761.983   239.491   -42.68   21.69
 -94388.666   228.987   -28.13   16.65
 -94015.291   220.791   -21.95   12.53
 -93641.859   222.699     5.11   13.32
 -93268.370   228.642    15.91   11.99
 -92894.823   231.403     7.39   11.73
 -92521.219   234.854     9.24   14.52
 -92147.557   240.442    14.96   14.06
 -91773.838   250.664    27.35   17.09
 -91400.061   260.847    27.24   20.31
 -91026.227   275.891    40.24   22.67
 -90652.335   290.247    38.39   23.01
 -90278.385   301.549    30.22   17.41
 -89904.378   301.727     0.48   23.61
 -89530.313   293.248   -22.67   37.36
 -89156.190   279.504   -36.73   48.82
 -88782.010   250.385   -77.82   66.96
 -88407.772   211.383  -104.21   83.54
 -88033.476   160.045  -137.15   86.24
 -87659.122   110.970  -131.08   55.42
 -87284.710    85.599   -67.76   16.22
 -86910.241    81.191   -11.77    4.24
 -86535.713    86.520    14.23    9.75
 -86161.128    95.276    23.37   14.40
 -85786.485   108.868    36.28   17.58
 -85411.783   124.671    42.17   15.80
 -85037.024   141.842    45.82   19.17
 -84662.207   160.192    48.95   21.04
 -84287.331   181.301    56.30   27.26
 -83912.398   206.193    66.39   29.92
 -83537.406   227.481    56.76   29.38
 -83162.356   246.165    49.82   23.10
 -82787.248   256.522    27.61   15.36
 -82412.082   257.477     2.55   15.49
 -82036.858   254.919    -6.82   15.96
 -81661.575   252.434    -6.62   13.79
 -81286.234   252.303    -0.35   11.98
 -80910.835   254.371     5.51   11.33
 -80535.377   257.882     9.35   14.65
 -80159.861   255.553    -6.20   15.07
 -79784.286   247.994   -20.12   16.55
 -79408.654   232.864   -40.28   25.42
 -79032.962   207.123   -68.51   31.60
 -78657.212   194.701   -33.06   28.38
 -78281.404   193.316    -3.68   28.47
 -77905.537   203.761    27.79   29.09
 -77529.612   215.768    31.94   18.34
 -77153.628   215.302    -1.24   15.84
 -76777.585   206.599   -23.14   15.64
 -76401.484   194.193   -32.98   18.49
 -76025.324   175.661   -49.26   26.55
 -75649.105   160.859   -39.34   23.77
 -75272.828   159.891    -2.57   21.85
 -74896.491   165.614    15.21   23.59
 -74520.096   177.878    32.58   22.31
 -74143.642   190.304    33.01   15.39
 -73767.130   200.396    26.80   17.14
 -73390.558   211.456    29.37   14.76
 -73013.928   217.607    16.33   14.28
 -72637.238   220.905     8.75   15.88
 -72260.490   224.357     9.16   15.98
 -71883.683   229.549    13.78   16.82
 -71506.816   239.426    26.21   21.94
 -71129.891   254.327    39.53   30.71
 -70752.906   270.776    43.63   41.01
 -70375.863   273.289     6.66   45.88
 -69998.760   271.428    -4.93   51.52
 -69621.598   257.502   -36.92   47.40
 -69244.377   247.487   -26.55   38.11
 -68867.096   253.634    16.29   34.04
 -68489.757   272.494    49.98   41.83
 -68112.358   302.247    78.83   50.05
 -67734.900   333.531    82.88   44.99
 -67357.382   346.031    33.11   39.08
 -66979.805   345.937    -0.25   39.02
 -66602.169   341.288   -12.31   37.32
 -66224.473   339.181    -5.58   31.15
 -65846.718   344.672    14.54   28.27
 -65468.903   349.980    14.05   24.15
 -65091.029   350.720     1.96   25.48
 -64713.096   349.809    -2.41   25.74
 -64335.102   350.109     0.79   25.85
 -63957.050   357.142    18.60   22.20
 -63578.937   365.531    22.19   19.39
 -63200.765   372.166    17.54   13.49
 -62822.533   373.856     4.47   11.74
 -62444.242   371.329    -6.68   15.76
 -62065.890   372.501     3.10   19.79
 -61687.479   377.651    13.61   21.33
 -61309.009   390.361    33.58   20.90
 -60930.478   401.442    29.27   15.28
 -60551.888   407.686    16.49   12.64
 -60173.237   405.401    -6.04   19.37
 -59794.527   401.794    -9.52   21.24
 -59415.757   399.004    -7.36   19.06
 -59036.927   398.302    -1.85   15.31
 -58658.036   398.572     0.71   16.07
 -58279.086   399.545     2.57   17.11
 -57900.076   401.927     6.29   18.24
 -57521.006   406.998    13.38   15.71
 -57141.875   409.856     7.54   13.51
 -56762.684   407.910    -5.13   14.17
 -56383.434   399.274   -22.77   17.82
 -56004.123   382.664   -43.79   23.13
 -55624.751   363.031   -51.75   29.12
 -55250.961   339.015   -64.25   30.12
 -54883.147   321.315   -48.12   26.27
 -54515.277   308.700   -34.29   24.56
 -54147.350   304.087   -12.54   28.01
 -53779.367   310.645    17.82   32.54
 -53411.328   326.154    42.14   34.28
 -53043.232   349.873    64.43   28.27
 -52675.080   365.782    43.21   18.34
 -52306.871   371.845    16.47   13.10
 -51938.606   363.439   -22.82   20.63
 -51570.285   346.595   -45.73   25.01
 -51201.907   323.960   -61.44   29.42
 -50833.472   282.356  -112.92   60.35
 -50464.982   243.734  -104.81   67.40
 -50096.434   207.991   -96.98   55.38
 -49727.830   189.207   -50.96   35.72
 -49359.169   197.138    21.51   39.64
 -48990.452   221.788    66.85   48.90
 -48621.678   250.371    77.50   46.94
 -48252.847   269.518    51.91   36.14
 -47883.960   287.526    48.81   14.48
 -47515.015   295.815    22.47   17.02
 -47146.014   306.151    28.01   18.21
 -46776.957   316.850    28.99   16.86
 -46407.842   323.928    19.17   15.78
 -46038.671   324.261     0.90   17.62
 -45669.442   312.878   -30.83   26.23
 -45300.157   307.617   -14.24   23.46
 -44930.815   311.491    10.49   24.54
 -44561.416   323.946    33.72   28.83
 -44191.959   346.834    61.95   23.54
 -43822.446   359.720    34.87   15.05
 -43452.876   361.581     5.03   12.40
 -43083.249   348.829   -34.50   27.99
 -42713.564   311.061  -102.16   53.59
 -42343.823   281.045   -81.18   52.30
 -41974.024   254.085   -72.90   40.34
 -41604.168   239.987   -38.12   39.09
 -41234.255   220.950   -51.46   51.31
 -40864.285   196.563   -65.91   56.11
 -40494.257   162.289   -92.62   31.25
 -40124.172   154.864   -20.06   24.48
 -39754.030   159.220    11.77   31.29
 -39383.830   173.179    37.71   35.57
 -39013.573   186.028    34.70   38.63
 -38643.259   204.357    49.49   48.02
 -38272.887   230.599    70.85   53.12
 -37902.458   260.878    81.74   42.75
 -37531.971   286.101    68.08   22.31
 -37161.427   299.151    35.22   14.57
 -36790.825   308.010    23.91   12.43
 -36420.166   313.070    13.65   10.54
 -36049.449   313.339     0.73   14.32
 -35678.675   308.672   -12.59   21.18
 -35307.842   303.629   -13.60   23.85
 -34936.953   298.398   -14.10   25.60
 -34566.005   300.821     6.53   24.77
 -34195.000   307.330    17.54   22.32
 -33823.937   318.541    30.21   21.65
 -33452.816   332.581    37.83   17.96
 -33081.637   345.933    35.97   18.59
 -32710.401   358.928    35.01   15.20
 -32339.106   369.829    29.36   14.28
 -31967.754   378.873    24.35   13.38
 -31596.344   387.180    22.37   14.32
 -31224.876   394.067    18.54   18.55
 -30853.350   402.847    23.63   21.02
 -30481.766   409.375    17.57   22.95
 -30110.123   420.861    30.90   21.64
 -29738.423   429.544    23.36   20.35
 -29366.665   436.607    19.00   17.74
 -28994.848   434.817    -4.81   20.08
 -28622.974   422.074   -34.27   29.05
 -28251.041   391.512   -82.17   41.51
 -27879.050   367.453   -64.67   39.03
 -27507.001   355.097   -33.21   26.74
 -27134.894   362.707    20.45   28.96
 -26762.728   385.018    59.95   32.22
 -26390.504   407.788    61.17   28.22
 -26018.221   425.713    48.15   21.98
 -25645.881   435.153    25.35   17.87
 -25273.482   438.674     9.45   15.55
 -24901.024   433.661   -13.46   16.91
 -24528.508   414.001   -52.77   29.12
 -24155.933   386.974   -72.54   41.62
 -23783.300   340.111  -125.76   58.70
 -23410.609   296.070  -118.17   59.21
 -23037.859   255.234  -109.55   45.59
 -22665.050   233.563   -58.13   27.53
 -22292.183   229.477   -10.96   16.90
 -21919.257   238.516    24.24   20.31
 -21546.272   249.829    30.33   22.02
 -21173.229   256.910    18.98   22.35
 -20800.127   261.313    11.80   21.95
 -20426.966   264.455     8.42   20.84
 -20053.746   264.747     0.78   19.25
 -19680.468   267.473     7.30   18.50
 -19307.130   271.221    10.04   18.01
 -18933.734   272.891     4.47   16.03
 -18560.279   275.766     7.70   14.66
 -18186.765   279.481     9.94   12.95
 -17813.192   280.050     1.52   10.89
 -17439.560   280.991     2.52    8.51
 -17065.869   287.787    18.19   11.71
 -16692.119   297.220    25.24   14.10
 -16318.309   302.937    15.29   13.55
 -15944.441   305.477     6.80   15.80
 -15570.514   305.139    -0.90   19.09
 -15196.527   304.626    -1.37   19.41
 -14822.481   309.477    12.97   21.31
 -14448.376   318.668    24.57   23.88
 -14074.212   333.083    38.53   26.55
 -13699.989   352.687    52.39   28.79
 -13325.706   364.699    32.09   25.93
 -12951.364   372.207    20.06   19.67
 -12576.962   374.175     5.26   19.67
 -12202.501   371.594    -6.89   20.19
 -11827.981   368.553    -8.12   19.52
 -11453.401   367.727    -2.20   18.73
 -11078.762   365.248    -6.62   19.36
 -10704.063   360.398   -12.94   19.58
 -10329.305   345.873   -38.76   20.73
  -9954.487   332.494   -35.69   24.33
  -9579.609   316.734   -42.04   24.51
  -9204.672   307.180   -25.48   21.18
  -8829.676   299.287   -21.05   20.94
  -8454.619   295.687    -9.60   23.64
  -8079.503   295.261    -1.14   22.32
  -7704.327   298.617     8.95   19.48
  -7329.091   304.967    16.92   18.76
  -6953.796   312.289    19.51   19.58
  -6578.441   304.847   -19.82   38.73
  -6203.026   283.234   -57.57   49.98
  -5827.551   266.607   -44.28   45.72
  -5452.016   264.373    -5.95   43.85
  -5076.421   289.116    65.88   39.55
  -4700.766   311.720    60.17   29.21
  -4325.051   312.194     1.26   37.53
  -3949.276   291.248   -55.74   62.26
  -3573.441   253.247  -101.11   86.71
  -3197.546   204.842  -128.77   90.14
  -2821.591   159.821  -119.75   74.49
  -2445.575   115.396  -118.15   60.06
  -2069.500    71.991  -115.42   53.00
  -1693.364    37.194   -92.51   37.02
  -1317.168    17.491   -52.37   16.28
   -940.912     7.674   -26.09    7.38
   -564.595     5.206    -6.56    7.19
   -188.219     4.381    -2.19    7.70
    188.219     6.863     6.59   12.14
    564.716    20.354    35.83   20.71
    941.274    37.473    45.46   21.18
   1317.893    53.788    43.32   16.48
   1694.572    66.234    33.04    9.13
   2071.311    72.494    16.62    5.32
   2448.111    75.301     7.45    3.07
   2824.972    75.234    -0.18    3.14
   3201.893    74.194    -2.76    3.70
   3578.875    72.545    -4.37    4.12
   3955.917    69.234    -8.78    4.75
   4333.020    66.234    -7.96    4.57
   4710.184    66.141    -0.25    4.43
   5087.408    68.530     6.33    5.18
   5464.694    71.367     7.52    5.21
   5842.040    74.692     8.81    2.81
   6219.447    77.708     7.99    4.04
   6596.915    81.373     9.71    5.36
   6974.444    85.997    12.25    6.29
   7352.033    91.207    13.80    5.60
   7729.684    96.450    13.88    6.30
   8107.395   102.474    15.95    7.62
   8485.168   108.861    16.91    7.69
   8863.002   116.091    19.14    8.08
   9240.896   122.015    15.68    6.68
   9618.852   128.061    16.00    6.44
   9996.869   133.205    13.61    6.05
  10374.947   136.967     9.95    5.52
  10753.087   139.663     7.13    3.67
  11131.287   140.464     2.12    2.42
  11509.549   140.042    -1.11    1.99
  11887.872   138.234    -4.78    4.15
  12266.256   132.567   -14.98    8.54
  12644.702   125.866   -17.71   11.74
  13023.209   117.720   -21.52   10.43
  13401.778   113.823   -10.30    6.87
  13780.408   113.341    -1.27    4.66
  14159.099   117.317    10.50    4.91
  14537.852   122.714    14.25    6.51
  14916.667   130.373    20.22   10.17
  15295.543   144.168    36.41   22.08
  15674.480   156.207    31.77   25.87
  16053.479   167.971    31.04   28.09
  16432.540   177.423    24.94   25.07
  16811.663   187.680    27.05   27.16
  17190.847   206.392    49.35   30.64
  17570.093   224.045    46.55   30.15
  17949.401   240.857    44.33   26.61
  18328.771   253.303    32.81   23.08
  18708.202   268.471    39.97   19.63
  19087.695   281.872    35.31   17.46
  19464.474   291.314    25.06   13.21
  19832.110   293.178     5.07   13.51
  20199.802   273.221   -54.28   39.02
  20567.553   243.562   -80.65   48.34
  20935.361   225.541   -49.00   40.54
  21303.227   220.320   -14.19   35.34
  21671.151   242.954    61.52   38.44
  22039.133   272.219    79.53   23.08
  22407.172   283.300    30.11   15.07
  22775.269   282.854    -1.21   16.18
  23143.424   255.813   -73.45   45.48
  23511.637   215.581  -109.26   58.98
  23879.908   175.693  -108.31   56.54
  24248.237   154.748   -56.87   37.56
  24616.624   168.670    37.79   48.33
  24985.069   197.428    78.06   51.72
  25353.572   220.026    61.32   37.73
  25722.133   223.178     8.55   39.99
  26090.752   209.061   -38.30   45.05
  26459.429   197.009   -32.69   38.49
  26828.165   218.037    57.03   40.55
  27196.958   239.248    57.52   39.64
  27565.810   262.681    63.53   26.87
  27934.720   273.877    30.35   17.27
  28303.688   255.621   -49.48   39.41
  28672.715   222.820   -88.89   57.55
  29041.800   177.621  -122.47   63.67
  29410.943   145.191   -87.85   37.41
  29780.145   153.918    23.64   40.43
  30149.405   180.017    70.68   48.36
  30518.723   218.260   103.55   44.24
  30888.100   244.516    71.08   32.99
  31257.536   261.487    45.94   31.16
  31627.030   279.012    47.43   19.20
  31996.582   278.836    -0.47   18.18
  32366.193   262.234   -44.92   33.81
  32735.863   230.426   -86.05   46.38
  33105.591   202.901   -74.45   38.24
  33475.378   190.167   -34.44   28.95
  33845.224   187.887    -6.17   31.53
  34215.129   191.352     9.37   33.19
  34585.092   179.234   -32.76   33.19
  34955.114   160.221   -51.39   30.78
  35325.194   146.834   -36.17   17.78
  35695.334   154.167    19.81   26.07
  36065.532   170.163    43.21   37.71
  36435.790   196.501    71.14   45.50
  36806.106   218.363    59.04   43.00
  37176.481   234.655    43.99   43.00
  37546.915   248.705    37.93   37.84
  37917.408   255.931    19.50   35.87
  38287.961   256.699     2.07   35.27
  38658.572   267.550    29.28   38.66
  39029.242   277.248    26.16   41.61
  39399.972   291.854    39.40   37.30
  39770.760   303.856    32.37   30.06
  40141.608   309.978    16.51   24.78
  40512.515   317.179    19.42   19.37
  40883.482   322.701    14.89   17.69
  41254.507   328.288    15.06   17.32
  41625.592   331.714     9.23   16.50
  41996.736   331.099    -1.66   17.93
  42367.940   320.154   -29.49   24.86
  42739.202   304.666   -41.72   25.58
  43110.525   291.604   -35.18   20.74
  43481.906   292.072     1.26   21.11
  43853.348   304.072    32.31   23.27
  44224.848   310.774    18.04   19.09
  44596.409   311.010     0.63   20.19
  44968.028   307.576    -9.24   21.42
  45339.708   297.787   -26.34   16.97
  45711.447   289.234   -23.01   14.55
  46083.245   286.901    -6.28   13.40
  46455.104   287.288     1.04   13.31
  46827.022   291.761    12.03   14.45
  47198.999   292.114     0.95   16.03
  47571.037   287.007   -13.73   18.79
  47943.134   278.156   -23.79   16.43
  48315.291   271.581   -17.67   10.13
  48687.508   267.879    -9.95    5.02
  49059.785   267.453    -1.14    5.24
  49432.122   267.111    -0.92    7.27
  49804.518   265.834    -3.43    8.93
  50176.975   265.809    -0.07   10.25
  50549.492   265.823     0.04   12.01
  50922.068   268.847     8.12   14.47
  51294.705   269.166     0.86   14.50
  51667.402   265.458    -9.95   14.39
  52040.159   257.373   -21.69   13.43
  52412.976   251.285   -16.33   10.36
  52785.853   248.762    -6.77    7.41
  53158.790   253.170    11.82    9.08
  53531.788   260.470    19.57    8.05
  53904.846   267.194    18.03    7.50
  54277.964   270.318     8.37    7.10
  54651.142   267.434    -7.73    9.43
  55024.381   262.748   -12.56    9.90
  55397.681   257.261   -14.70    7.32
  55771.040   252.977   -11.47    5.19
  56144.460   251.796    -3.16    5.06
  56517.941   250.207    -4.25    6.57
  56891.482   246.581    -9.71    9.07
  57265.084   242.581   -10.71    9.42
  57638.746   239.037    -9.49    7.65
  58012.469   237.221    -4.86    5.00
  58386.252   237.367     0.39    4.40
  58760.096   236.447    -2.46    5.23
  59134.001   235.247    -3.21    6.37
  59507.966   233.918    -3.55    6.91
  59881.992   231.367    -6.82    6.94
  60256.079   226.606   -12.73    8.62
  60630.227   222.407   -11.22    8.68
  61004.435   217.021   -14.40    7.85
  61378.705   213.015   -10.70    7.27
  61753.035   209.901    -8.32    7.14
  62127.426   206.477    -9.15    6.15
  62501.878   204.537    -5.18    4.78
  62876.392   202.706    -4.89    4.41
  63250.966   198.879   -10.22    6.34
  63625.601   195.414    -9.25    6.28
  64000.297   192.611    -7.48    4.70
  64375.055   190.385    -5.94    2.65
  64749.873   189.398    -2.63    3.13
  65124.753   189.302    -0.26    3.28
  65499.694   190.091     2.10    4.20
  65874.696   193.967    10.34    6.94
  66249.759   199.208    13.97    7.14
  66624.884   201.550     6.24    5.32
  67000.070   199.818    -4.61    6.43
  67375.317   194.541   -14.07    7.40
  67750.626   189.461   -13.54    6.45
  68125.996   186.138    -8.85    4.28
  68501.427   186.139     0.00    3.85
  68876.920   187.621     3.95    4.46
  69252.475   189.165     4.11    3.56
  69628.091   187.818    -3.59    4.76
  70003.768   185.137    -7.14    5.32
  70379.507   182.195    -7.83    4.54
  70755.308   181.123    -2.85    3.69
  71131.171   181.044    -0.21    4.36
  71507.095   181.126     0.22    4.79
  71883.081   181.727     1.60    4.09
  72259.128   181.167    -1.49    3.21
  72635.237   181.563     1.05    3.77
  73011.409   182.142     1.54    4.23
  73387.642   182.273     0.35    4.19
  73763.936   183.714     3.83    4.12
  74140.293   185.273     4.14    4.11
  74516.712   189.208    10.45    7.05
  74893.193   195.261    16.08    9.08
  75269.735   201.208    15.80    8.14
  75646.340   205.398    11.13    5.38
  76023.007   204.746    -1.73    5.45
  76399.735   201.095    -9.69    6.01
  76776.526   197.948    -8.35    5.34
  77153.379   195.412    -6.73    3.96
  77530.295   194.931    -1.28    4.02
  77907.272   196.707     4.71    5.53
  78284.312   199.007     6.10    6.02
  78661.414   201.621     6.93    5.00
  79038.578   202.130     1.35    3.31
  79415.805   202.037    -0.25    1.90
  79793.094   202.273     0.63    1.46
  80170.445   202.003    -0.72    1.27
  80547.859   201.927    -0.20    1.28
  80925.335   202.171     0.64    1.31
  81302.874   202.637     1.23    1.87
  81680.475   203.639     2.65    2.42
  82058.139   204.498     2.27    2.00
  82435.865   204.168    -0.87    2.02
  82813.654   203.220    -2.51    2.62
  83191.506   202.754    -1.23    2.26
  83569.421   203.527     2.05    2.58
  83947.398   205.194     4.41    2.84
  84325.437   208.247     8.08    4.19
  84703.540   211.650     9.00    5.22
  85081.706   215.221     9.44    5.05
  85459.934   218.861     9.62    3.75
  85838.225   222.297     9.09    4.05
  86216.579   225.289     7.91    4.74
  86594.996   228.462     8.38    4.73
  86973.476   231.539     8.13    3.93
  87352.019   233.944     6.35    3.57
  87730.625   234.139     0.51    3.63
  88109.294   232.102    -5.38    5.45
  88488.026   229.852    -5.94    5.42
  88866.821   228.537    -3.47    5.29
  89245.680   228.701     0.44    5.93
  89624.601   230.364     4.39    6.18
  90003.586   230.824     1.21    5.30
  90382.634   229.923    -2.38    3.89
  90761.746   227.968    -5.16    4.75
  91140.920   225.512    -6.48    7.01
  91520.158   223.069    -6.44    9.29
  91899.460   220.494    -6.79   10.02
  92278.825   218.426    -5.45    9.57
  92658.253   215.114    -8.73    8.03
  93037.745   212.339    -7.31    6.19
  93417.300   210.039    -6.06    4.31
  93796.919   208.490    -4.08    3.12
  94176.601   208.181    -0.81    3.15
  94544.408   209.866     4.58    5.19
  94911.917   212.637     7.54    7.12
  95279.485   216.354    10.11    7.96
  95647.112   219.129     7.55    6.43
  96014.799   218.274    -2.32    5.94
  96382.544   216.339    -5.26    5.50
  96750.349   215.101    -3.37    5.61
  97118.213   213.572    -4.16    6.06
  97486.137   212.325    -3.39    6.24
  97854.120   213.052     1.98    6.72
  98222.162   214.892     5.00    8.01
  98590.263   216.663     4.81    9.65
  98958.424   219.076     6.56   10.54
  99326.644   218.747    -0.89   12.99
  99694.924   216.701    -5.56   14.74
 100063.263   213.674    -8.22   14.08
 100431.662   211.593    -5.65   12.18
 100800.121   208.647    -8.00    7.36
 101168.639   207.234    -3.84    4.08
 101537.216   205.879    -3.68    4.34
 101905.854   203.181    -7.32    5.23
 102274.550   199.063   -11.17    4.32
 102643.307   195.788    -8.88    5.36
 103012.123   191.813   -10.78    6.62
 103381.000   187.429   -11.89    6.70
 103749.935   181.541   -15.96    6.35
 104118.931   175.798   -15.56    6.65
 104487.987   170.754   -13.67    6.61
 104857.102   167.626    -8.47    4.89
 105226.278   166.626    -2.71    4.27
 105595.513   169.157     6.86    6.59
 105964.808   174.194    13.64    7.97
 106334.164   179.010    13.04    8.00
 106703.579   184.168    13.96    7.03
 107073.054   189.607    14.72    8.10
 107442.590   198.537    24.17   10.51
 107812.186   204.740    16.79   11.16
 108181.841   208.018     8.87   11.26
 108551.557   207.728    -0.78   12.76
 108921.333   205.153    -6.96   13.63
 109291.170   202.411    -7.41   12.37
 109661.066   199.842    -6.95   10.59
 110031.023   198.131    -4.62    8.91
 110401.041   193.852   -11.57    8.01
 110771.118   190.394    -9.35    9.89
 111141.256   186.594   -10.27   10.93
 111511.455   182.927    -9.91    9.23
 111881.714   181.958    -2.62    7.59
 112252.033   182.670     1.92    7.08
 112622.413   184.437     4.77    7.04
 112992.853   183.791    -1.74    7.21
 113363.354   180.261    -9.53    8.30
 113733.916   175.234   -13.57    9.38
 114104.538   169.941   -14.28    9.01
 114475.221   165.362   -12.35    7.20
 114845.965   161.273   -11.03    5.22
 115216.769   158.141    -8.45    4.32
 115587.634   155.721    -6.53    3.25
 115958.560   154.026    -4.57    2.82
 116329.547   153.021    -2.71    2.51
 116700.594   153.106     0.23    2.52
 117071.702   154.023     2.47    2.83
 117442.872   155.901     5.06    3.74
 117814.102   159.694    10.22    5.37
 118185.393   163.974    11.53    6.11
 118556.745   169.740    15.53    7.16
 118928.158   175.405    15.25    8.16
 119299.633   179.130    10.03    6.32
 119671.168   182.065     7.90    5.33
 120042.764   183.494     3.84    4.82
 120414.422   182.792    -1.89    4.18
 120786.141   183.967     3.16    3.26
 121157.921   184.458     1.32    3.59
 121529.762   183.405    -2.83    3.79
 121901.664   181.287    -5.69    3.57
 122273.628   179.675    -4.33    3.06
 122645.653   178.208    -3.94    3.38
 123017.740   176.364    -4.96    2.88
 123389.887   174.525    -4.94    4.07
 123762.097   172.392    -5.73    3.86
 124134.368   172.338    -0.15    4.69
 124506.700   173.029     1.86    5.38
 124879.093   175.405     6.38    5.75
 125251.549   178.829     9.19    4.33
 125624.066   179.773     2.54    3.24
 125996.644   179.554    -0.59    4.11
 126369.284   179.994     1.18    5.29
 126741.986   179.168    -2.22    6.06
 127114.749   180.984     4.87    7.11
 127487.575   181.958     2.61    6.99
 127860.462   178.639    -8.90    9.92
 128233.410   175.403    -8.68    9.88
 128606.421   174.617    -2.11    8.33
 128979.493   179.021    11.81   10.85
 129352.628   185.914    18.48   10.07
 129725.824   188.846     7.86    6.52
 130099.082   188.383    -1.24    5.33
 130472.402   187.773    -1.63    4.21
 130845.784   188.248     1.27    4.91
 131219.229   190.857     6.99    6.00
 131592.735   193.896     8.14    5.17
 131966.303   195.054     3.10    4.56
 132339.934   195.693     1.71    4.17
 132713.627   194.909    -2.10    5.09
 133087.382   189.484   -14.52   10.59
 133461.199   181.816   -20.51   13.10
 133835.078   173.523   -22.18   10.41
 134209.020   169.507   -10.74    6.61
 134583.024   172.273     7.40    9.23
 134957.090   178.842    17.56   12.23
 135331.219   188.413    25.59   12.32
 135705.410   195.901    20.01    9.27
 136079.664   201.753    15.64    7.84
 136453.980   205.967    11.26    6.15
 136828.359   209.158     8.52    4.71
 137202.800   211.287     5.69    4.12
 137577.304   213.029     4.65    4.33
 137951.870   213.681     1.74    4.26
 138326.499   214.857     3.14    2.29
 138701.191   215.991     3.03    2.01
 139075.946   217.598     4.29    3.04
 139450.763   219.234     4.37    3.33
 139825.643   220.159     2.47    3.65
 140200.585   219.845    -0.84    5.04
 140575.591   217.816    -5.41    8.57
 140950.659   215.585    -5.95   10.84
 141325.791   214.490    -2.92   12.44
 141700.985   213.461    -2.74   15.22
 142076.242   210.455    -8.01   17.02
 142451.562   208.598    -4.95   17.74
 142826.946   205.734    -7.63   17.41
 143202.392   200.418   -14.16   16.71
 143577.901   195.349   -13.50   14.21
 143953.474   191.616    -9.94   12.46
 144329.110   187.714   -10.39   13.97
 144704.808   182.221   -14.62   17.70
 145080.571   176.208   -16.00   18.25
 145456.396   172.520    -9.82   17.38
 145832.285   170.507    -5.36   19.23
 146208.236   174.426    10.43   21.23
 146584.252   177.234     7.47   21.47
 146960.330   175.996    -3.29   19.30
 147336.473   175.595    -1.07   15.36
 147712.678   175.396    -0.53   12.68
 148088.947   177.545     5.71   12.57
 148465.280   183.952    17.03   14.90
 148841.676   192.531    22.80   13.13
 149218.135   196.416    10.32   11.58
 149594.659   198.442     5.38   10.14
 149971.245   198.093    -0.93    8.66
 150347.896   191.208   -18.28   12.06
 150724.610   184.572   -17.62   14.28
 151101.388   175.839   -23.18   14.52
 151478.230   166.721   -24.20   11.88
 151855.136   158.987   -20.52    8.35
 152232.105   155.507    -9.23    8.28
 152609.138   157.354     4.90   10.47
 152986.235   159.010     4.39    9.93
 153363.397   159.503     1.31    8.74
 153740.622   157.301    -5.84    9.91
 154117.911   152.700   -12.20    9.97
 154495.264   148.834   -10.25    7.31
