# NaN NaN NaN ;Mean Elev.(m), Avg Gradient(m/km), RMS Gradient(m/km) - SRTM1     
#   96.064 -21.890  46.348 ;Mean Elev.(m), Avg Gradient(m/km), RMS Gradient(m/km) - ASTER GDEM
#   86.042 -13.711  38.037 ;Mean Elev.(m), Avg Gradient(m/km), RMS Gradient(m/km) - GMTED2010 
  8 126.672547  61.099906   114.519   112.764  5 52486.52122449 18.477
  9 126.676117  61.099415   103.716   104.091  5 52521.52119278 25.934
 11 126.668654  61.096799   106.388   106.525  4 52591.52123614 19.712
 12 126.667104  61.097424   107.368   107.276  4 52626.52115481 13.095
 13 126.670611  61.097480   101.341   101.341  5 52661.52120026 13.723
 14 126.661192  61.096153   110.503   106.344  4 52696.52117838  8.184
 15 126.675920  61.100935   100.447   100.413  6 52731.52120479 11.001
 18 126.662675  61.100852   182.071   182.071  2 52836.52128337  0.319
 24 126.657462  61.101648    99.689    99.689  2 53046.52126735  7.751
 27 126.664470  61.095798   174.380   175.541  4 53151.52131935  4.680
 28 126.673037  61.101953   108.790   108.461  4 53186.52130641 21.788
 29 126.672135  61.101985   108.911   108.848  4 53221.52133219 29.382
 30 126.673282  61.101256   106.114   107.602  4 53256.52130836 39.526
 31 126.654825  61.095006   107.872   107.789  5 53291.52132229 16.110
 32 126.673692  61.100201   108.104   107.973  5 53326.52129714 15.857
 35 126.674763  61.106005   104.599   104.811  3 53431.52126738  6.055
 37 126.664773  61.096851   177.223   176.811  4 53501.52135438  0.978
 38 126.672336  61.099220   110.592   110.715  5 53536.52134537 35.790
 39 126.666661  61.099731   109.581   110.061  3 53571.52135225 35.661
 40 126.680732  61.099907   169.730   163.346  5 53606.52130021 10.745
 41 126.656065  61.100537   105.952   105.952  2 53641.52130119 15.935
 42 126.665499  61.096984   108.634   108.869  4 53676.52131949 19.973
 43 126.678647  61.105117   104.546   104.155  3 53711.52125002  8.358
 47 126.658030  61.097880   104.940   104.927  3 53851.52122847  9.674
 48 126.674168  61.101798   178.938   178.654  4 53886.52123597  2.749
 49 126.661009  61.096114   108.755   108.764  4 53921.52130621 36.930
 50 126.665482  61.096572   107.443   108.043  5 53956.52130239 17.224
 51 126.658194  61.097261   106.864   106.528  4 53991.52122318 15.173
 52 126.663287  61.096464   109.063   109.780  5 54026.52128799 35.881
 53 126.675241  61.099794   107.403   107.161  6 54061.52128154  9.822
 54 126.678628  61.099631   105.183   105.021  6 54096.52125383  6.958
 58 126.669783  61.096613   238.538   237.791  3 54236.52124193  4.463
 59 126.670774  61.100330   128.112   109.420  3 54271.52126294 32.973
 60 126.670066  61.097699   106.780   106.776  4 54306.52126485 33.246
 61 126.676897  61.099764   105.786   105.814  5 54341.52124614 26.914
 63 126.671534  61.098234   104.363   105.118  5 54411.52119277 29.414
 64 126.661251  61.097203   104.870   104.903  4 54446.52116424 11.834
 69 126.669982  61.098775   108.628   108.235  5 54621.52119292 21.646
 70 126.669613  61.097724   109.838   110.151  5 54656.52120262 33.599
 71 126.673673  61.098561   107.538   108.541  5 54691.52118701 40.787
 72 126.661360  61.100872   107.997   107.997  2 54726.52115522 23.058
 73 126.669795  61.099002   108.680   108.191  5 54761.52116397 35.527
 74 126.659015  61.097035   105.819   106.463  5 54796.52114769 19.400
 75 126.670441  61.098359   103.126   103.136  4 54831.52116468 14.615
 76 126.660829  61.099840   103.423   103.088  3 54866.52114356  9.691
 77 126.673285  61.099015   105.389   105.838  6 54901.52116334  7.904
 79 126.667331  61.100178   114.853   114.895  3 54971.52116666 26.793
 81 126.670898  61.098345   106.781   106.189  5 55041.52117317 38.733
 82 126.674587  61.099888   107.766   107.867  5 55076.52115410 40.311
 83 126.666127  61.096587   107.403   107.333  4 55111.52110543 42.022
 84 126.670459  61.097444   107.988   107.851  5 55146.52110739 14.179
 85 126.660587  61.097191   106.682   106.791  4 55181.52108426 11.999
 86 126.672454  61.098826   106.439   107.204  5 55216.52110216 10.920
 87 126.666393  61.096158   102.570   102.415  4 55251.52108037 10.769
 88 126.674330  61.099958   102.862   102.778  5 55286.52109607  8.641
 90 126.669871  61.099877   108.157   108.119  3 55356.52107065 21.348
 91 126.664712  61.097127   110.811   111.977  5 55391.52107154 36.912
 92 126.670708  61.098232   102.550   102.214  5 55426.52108698 27.866
 93 126.677964  61.099989   111.921   112.712  5 55461.52105373 32.029
