# NaN NaN NaN ;Mean Elev.(m), Avg Gradient(m/km), RMS Gradient(m/km) - SRTM1     
#   50.194  -3.496  12.002 ;Mean Elev.(m), Avg Gradient(m/km), RMS Gradient(m/km) - ASTER GDEM
#   51.821  -3.728  16.919 ;Mean Elev.(m), Avg Gradient(m/km), RMS Gradient(m/km) - GMTED2010 
  8    70.660 52499.10637033 34.64 129.161795  63.487924 16.316
  8    70.483 52499.10637097 40.94 129.159105  63.484794 16.316
  8    70.674 52499.10637162 49.51 129.156409  63.481667 38.294
 10    71.653 52569.10638631 29.82 129.172284  63.486615 15.612
 10    69.862 52569.10638695 32.30 129.169594  63.483485 15.612
 10    70.046 52569.10638760 38.29 129.166904  63.480355 15.612
 11    72.084 52604.10637224 22.30 129.159281  63.489377  6.910
 11    72.415 52604.10637288 22.68 129.156591  63.486247  6.910
 11    72.949 52604.10637353 24.13 129.153901  63.483117  6.910
 12    71.857 52639.10635175 18.80 129.174086  63.486263  3.673
 12    72.586 52639.10635240 18.71 129.171396  63.483133  3.673
 12    74.313 52639.10635304 18.60 129.168706  63.480003  3.673
 13    72.329 52674.10634856 16.24 129.161983  63.487869  3.222
 13    72.986 52674.10634921 16.24 129.159293  63.484739  3.222
 13    73.519 52674.10634985 16.43 129.156603  63.481609  3.222
 14    72.574 52709.10636198 13.58 129.173322  63.486397  3.030
 14    73.071 52709.10636262 13.94 129.170632  63.483267  3.030
 14    74.177 52709.10636327 14.21 129.167942  63.480137  3.030
 15    71.656 52744.10639114 11.50 129.158608  63.490071  2.507
 15    72.433 52744.10639178 11.30 129.155918  63.486941  2.507
 15    72.879 52744.10639243 11.53 129.153228  63.483811  2.507
 17    72.704 52814.10641137 25.91 129.173399  63.484072 24.558
 17    74.725 52814.10641202 23.49 129.170709  63.480942 24.558
 18    70.961 52849.10646437 29.41 129.173388  63.484311 30.266
 18    70.915 52849.10646501 24.80 129.170698  63.481181 30.266
 19    70.884 52884.10649946 45.82 129.164321  63.488862 35.339
 19    71.097 52884.10650010 42.58 129.161621  63.485742 35.339
 19    70.972 52884.10650075 51.46 129.158931  63.482612 35.339
 20    70.415 52919.10645606 29.20 129.160990  63.488537 22.905
 20    70.323 52919.10645670 27.61 129.158290  63.485417 22.905
 20    73.021 52919.10645735 25.22 129.155600  63.482287 22.905
 21    69.973 52954.10641929 24.55 129.181621  63.484404  6.166
 21    70.000 52954.10641993 27.80 129.178931  63.481274  6.166
 21    70.226 52954.10642058 26.57 129.176241  63.478144  6.166
 22    72.614 52989.10642752 17.05 129.176002  63.484662  3.142
 22    73.617 52989.10642817 17.69 129.173312  63.481532  3.142
 23    71.880 53024.10641227 14.56 129.167227  63.487068  3.049
 23    73.065 53024.10641292 14.40 129.164537  63.483938  3.049
 23    73.738 53024.10641356 14.36 129.161847  63.480808  3.049
 24    71.782 53059.10640903 14.65 129.177065  63.484434  2.890
 24    73.665 53059.10640967 13.94 129.174375  63.481304  2.890
 26    70.862 53129.10641852 11.52 129.177387  63.483917  5.062
 26    73.157 53129.10641917 10.21 129.174697  63.480787  5.062
 28    72.207 53199.10648711 31.81 129.168114  63.486439 20.138
 28    73.673 53199.10648776 21.45 129.165424  63.483309 20.138
 28    74.699 53199.10648840 21.81 129.162734  63.480179 20.138
 29    71.607 53234.10645726 25.87 129.170102  63.486335 21.521
 29    71.379 53234.10645791 25.34 129.167412  63.483205 21.521
 29    73.910 53234.10645855 26.18 129.164722  63.480075 21.521
 31    70.702 53304.10648451 21.35 129.167938  63.488401  5.386
 31    70.715 53304.10648515 24.83 129.165248  63.485271  5.386
 31    70.795 53304.10648580 30.72 129.162548  63.482151  5.386
 32    72.669 53339.10645361 11.25 129.162850  63.488658  2.296
 32    73.019 53339.10645425 11.42 129.160160  63.485528  2.296
 32    74.073 53339.10645490 11.04 129.157460  63.482408  2.296
 33    72.525 53374.10638587 11.45 129.157506  63.489154  2.626
 33    73.548 53374.10638651 11.50 129.154806  63.486024  2.626
 33    74.227 53374.10638715 11.57 129.152116  63.482894  2.626
 35    72.532 53444.10641111  9.56 129.154540  63.489536  2.484
 35    74.057 53444.10641240  9.64 129.149150  63.483286  2.484
 36    72.779 53479.10648890  2.33 129.165928  63.485477  2.006
 36    73.203 53479.10648955  2.37 129.163238  63.482347  2.006
 37    73.876 53514.10649679 39.71 129.166074  63.486478 23.680
 37    73.906 53514.10649744 36.06 129.163384  63.483348 23.680
 37    73.798 53514.10649808 36.70 129.160684  63.480228 23.680
 38    72.692 53549.10651530 42.88 129.159303  63.488857 32.438
 38    72.399 53549.10651594 45.61 129.156603  63.485737 32.438
 38    72.288 53549.10651659 51.80 129.153913  63.482607 32.438
 39    73.602 53584.10647955 19.86 129.162921  63.486871 24.094
 39    73.269 53584.10648019 21.33 129.160231  63.483741 24.094
 41    70.263 53654.10646034 27.96 129.171737  63.487054 14.905
 41    70.250 53654.10646099 39.94 129.169047  63.483924 14.905
 41    69.876 53654.10646163 53.47 129.166357  63.480794 14.905
 42    69.841 53689.10645724 17.99 129.162091  63.487485  4.013
 42    72.813 53689.10645788 18.11 129.159401  63.484355  4.013
 43    72.156 53724.10638141 14.78 129.158039  63.490514  2.974
 43    72.934 53724.10638206 14.70 129.155349  63.487384  2.974
 43    73.653 53724.10638270 14.08 129.152649  63.484254  2.974
 44    72.457 53759.10632288 14.76 129.180838  63.482646  2.675
 44    74.059 53759.10632353 14.33 129.178148  63.479516  2.675
 45    71.785 53794.10634267 14.22 129.164718  63.486624  2.861
 45    72.694 53794.10634331 13.47 129.162028  63.483504  2.861
 45    74.553 53794.10634396 13.12 129.159328  63.480374  2.861
 46    72.878 53829.10631663 13.00 129.180739  63.483244  2.813
 46    73.998 53829.10631727 13.02 129.178049  63.480114  2.813
 47    76.175 53864.10639684 25.30 129.171634  63.488273 19.552
 47    74.265 53864.10639748 25.94 129.168934  63.485143 19.552
 47    74.979 53864.10639813 24.11 129.166244  63.482013 19.552
 48    76.240 53899.10642181 50.79 129.169668  63.487608 33.892
 48    76.315 53899.10642246 47.79 129.166978  63.484478 33.892
 48    76.135 53899.10642310 50.79 129.164288  63.481348 33.892
 49    72.614 53934.10646648 25.72 129.157184  63.488286 23.825
 49    72.072 53934.10646712 26.33 129.154494  63.485156 23.825
 49    73.647 53934.10646777 27.66 129.151804  63.482026 23.825
 50    73.229 53969.10643753 18.58 129.157204  63.488188 25.149
 50    73.893 53969.10643817 17.93 129.154514  63.485058 25.149
 50    73.992 53969.10643882 23.36 129.151824  63.481928 25.149
 51    72.805 54004.10641019 50.83 129.180237  63.482329 38.813
 51    72.887 54004.10641084 50.09 129.177537  63.479199 38.813
 52    73.234 54039.10644330 16.96 129.173969  63.485224  5.500
 52    74.435 54039.10644394 17.06 129.171279  63.482094  5.500
 53    72.543 54074.10643755 14.11 129.166285  63.488378  3.601
 53    73.602 54074.10643820 13.86 129.163595  63.485248  3.601
 53    74.456 54074.10643884 14.37 129.160905  63.482118  3.601
 55    72.685 54144.10637499 11.80 129.172515  63.485933  3.003
 55    74.096 54144.10637564 12.15 129.169825  63.482803  3.003
 55    74.608 54144.10637628 12.61 129.167135  63.479673  3.003
 57    70.956 54214.10638254 11.57 129.170959  63.487060  6.987
 57    71.040 54214.10638319 11.05 129.168269  63.483930  6.987
 57    74.968 54214.10638383  7.62 129.165579  63.480800  6.987
 58    76.384 54249.10641051 28.97 129.168284  63.486449 24.253
 58    76.060 54249.10641115 28.93 129.165594  63.483319 24.253
 58    76.481 54249.10641180 32.58 129.162904  63.480189 24.253
 59    73.099 54284.10641843 21.85 129.166678  63.487562 21.409
 59    74.132 54284.10641908 19.02 129.163978  63.484442 21.409
 59    74.934 54284.10641972 20.40 129.161288  63.481312 21.409
 60    72.411 54319.10641623 25.20 129.165883  63.486481 21.577
 60    72.223 54319.10641688 25.65 129.163183  63.483361 21.577
 60    74.567 54319.10641752 23.41 129.160493  63.480231 21.577
 61    71.382 54354.10637944 29.43 129.159975  63.489751 19.419
 61    71.293 54354.10638008 28.48 129.157275  63.486621 19.419
 61    72.670 54354.10638073 23.95 129.154585  63.483501 19.419
 62    70.624 54389.10635616 28.14 129.169406  63.487371 16.151
 62    70.811 54389.10635681 29.24 129.166716  63.484241 16.151
 62    72.808 54389.10635745 26.60 129.164026  63.481121 16.151
 63    72.457 54424.10632961 15.62 129.162304  63.488320  3.895
 63    73.674 54424.10633026 15.76 129.159614  63.485190  3.895
 63    74.653 54424.10633090 15.93 129.156924  63.482060  3.895
 64    73.117 54459.10633169 14.68 129.174546  63.484660  3.388
 64    74.814 54459.10633233 14.19 129.171856  63.481530  3.388
 65    73.182 54494.10633426 12.96 129.162249  63.487172  3.030
 65    73.855 54494.10633491 13.00 129.159549  63.484052  3.030
 66    72.864 54529.10634442 11.32 129.172891  63.485481  3.950
 66    74.227 54529.10634507 11.25 129.170191  63.482351  3.950
 67    73.276 54564.10634098  8.17 129.157737  63.489013  2.798
 67    74.032 54564.10634163  8.08 129.155047  63.485883  2.798
 67    74.638 54564.10634227  8.25 129.152357  63.482753  2.798
 68    70.436 54599.10633980 41.54 129.167350  63.486383 22.507
 68    70.317 54599.10634044 46.40 129.164660  63.483253 22.507
 68    70.373 54599.10634109 41.70 129.161970  63.480123 22.507
 69    73.726 54634.10635259 47.52 129.165667  63.487008 28.956
 69    73.640 54634.10635324 46.80 129.162977  63.483878 28.956
 69    73.679 54634.10635388 47.40 129.160287  63.480748 28.956
 70    71.544 54669.10635746 22.86 129.163481  63.487125 20.518
 70    71.323 54669.10635810 26.66 129.160791  63.483995 20.518
 71    72.297 54704.10632114 23.49 129.161567  63.489018 23.231
 71    72.376 54704.10632178 24.17 129.158867  63.485898 23.231
 71    73.170 54704.10632243 22.74 129.156177  63.482768 23.231
 72    71.701 54739.10632002 50.78 129.171133  63.484263 29.539
 72    71.846 54739.10632067 46.62 129.168443  63.481133 29.539
 73    70.405 54774.10630297 26.49 129.161858  63.486459  5.890
 73    70.423 54774.10630361 27.97 129.159168  63.483329  5.890
 74    72.463 54809.10631336 13.30 129.173955  63.484821  3.045
 74    73.167 54809.10631401 12.99 129.171265  63.481691  3.045
 75    72.091 54844.10630035 11.25 129.164075  63.489000  2.524
 75    72.110 54844.10630100 11.54 129.161385  63.485870  2.524
 75    73.120 54844.10630164 10.99 129.158695  63.482740  2.524
 76    72.171 54879.10631628 10.74 129.169682  63.487850  2.897
 76    72.896 54879.10631693 10.90 129.166992  63.484720  2.897
 76    73.529 54879.10631757 10.66 129.164302  63.481590  2.897
 77    72.759 54914.10630456  9.18 129.157571  63.489739  2.461
 77    73.247 54914.10630521  8.95 129.154881  63.486609  2.461
 77    73.763 54914.10630585  8.84 129.152191  63.483479  2.461
 78    70.386 54949.10630865 43.96 129.167897  63.486172 21.723
 78    70.346 54949.10630929 43.55 129.165197  63.483042 21.723
 78    70.567 54949.10630994 31.21 129.162507  63.479912 21.723
 79    75.165 54984.10633357 50.48 129.166922  63.487962 34.671
 79    75.108 54984.10633421 52.20 129.164232  63.484832 34.671
 79    75.172 54984.10633486 53.81 129.161532  63.481702 34.671
 80    72.570 55019.10633050 49.74 129.165598  63.485889 33.003
 80    72.424 55019.10633114 51.59 129.162908  63.482759 33.003
 81    74.669 55054.10632592 19.39 129.165875  63.488608 18.291
 81    73.817 55054.10632657 17.78 129.163185  63.485478 18.291
 81    74.436 55054.10632721 20.02 129.160495  63.482348 18.291
 82    71.020 55089.10628675 50.00 129.158443  63.490102 31.985
 82    71.366 55089.10628740 40.46 129.155743  63.486982 31.985
 82    70.836 55089.10628804 47.74 129.153053  63.483852 31.985
 83    70.878 55124.10626339 48.11 129.171022  63.486073 21.614
 83    70.727 55124.10626403 49.69 129.168322  63.482943 21.614
 83    70.793 55124.10626468 37.19 129.165632  63.479813 21.614
 84    72.166 55159.10624823 20.39 129.160016  63.487555  3.715
 84    72.555 55159.10624887 20.08 129.157326  63.484425  3.715
 85    71.508 55194.10625367 16.92 129.172648  63.483641  3.060
 85    72.842 55194.10625432 17.11 129.169948  63.480511  3.060
 87    72.174 55264.10624865 12.85 129.168883  63.486602  2.988
 87    72.587 55264.10624930 13.01 129.166183  63.483472  2.988
 87    73.161 55264.10624994 12.92 129.163493  63.480342  2.988
 88    72.369 55299.10623278 12.18 129.160361  63.489650  2.780
 88    72.488 55299.10623343 12.01 129.157661  63.486530  2.780
 88    73.062 55299.10623407 11.15 129.154971  63.483400  2.780
 89    71.816 55334.10622594 29.81 129.164581  63.488585 13.922
 89    71.950 55334.10622658 32.50 129.161891  63.485455 13.922
 89    73.160 55334.10622723 27.98 129.159201  63.482325 13.922
 90    74.345 55369.10621776 18.79 129.164166  63.486405 13.216
 90    74.406 55369.10621841 18.93 129.161476  63.483275 13.216
 91    71.207 55404.10623418 26.85 129.172622  63.485797 26.793
 91    71.318 55404.10623483 35.21 129.169932  63.482667 26.793
 91    73.659 55404.10623547 34.59 129.167232  63.479537 26.793
 92    71.495 55439.10623561 21.59 129.164361  63.487865 21.808
 92    71.443 55439.10623626 24.75 129.161671  63.484735 21.808
 92    71.310 55439.10623690 24.44 129.158981  63.481605 21.808
 93    70.596 55474.10618256 24.08 129.157365  63.488266 13.037
 93    73.307 55474.10618320 23.29 129.154665  63.485146 13.037
 93    74.477 55474.10618385 22.10 129.151975  63.482016 13.037
