# NaN NaN NaN ;Mean Elev.(m), Avg Gradient(m/km), RMS Gradient(m/km) - SRTM1     
#   50.102  -2.506  10.403 ;Mean Elev.(m), Avg Gradient(m/km), RMS Gradient(m/km) - ASTER GDEM
#   44.371  -1.639  13.726 ;Mean Elev.(m), Avg Gradient(m/km), RMS Gradient(m/km) - GMTED2010 
  8    69.702 52499.10635937 23.80 129.207635  63.541114 16.316
  8    70.083 52499.10636001 24.77 129.204935  63.537994 16.316
  8    70.389 52499.10636066 26.61 129.202235  63.534864 16.316
  8    70.373 52499.10636130 31.79 129.199535  63.531734 16.316
  8    74.108 52499.10636195 29.60 129.196835  63.528604 16.316
 10    68.966 52569.10637535 46.12 129.218149  63.539800 20.571
 10    69.063 52569.10637599 42.25 129.215444  63.536675 15.612
 10    69.143 52569.10637664 42.60 129.212744  63.533545 15.612
 10    69.149 52569.10637728 45.21 129.210044  63.530415 15.612
 10    68.969 52569.10637793 41.19 129.207344  63.527295 15.612
 11    93.515 52604.10636128 20.99 129.205126  63.542566  7.239
 11    92.990 52604.10636192 20.62 129.202426  63.539436  7.239
 11    92.424 52604.10636257 20.84 129.199726  63.536316  7.239
 11    91.170 52604.10636321 21.54 129.197026  63.533186  7.239
 11    87.239 52604.10636386 23.72 129.194326  63.530056  7.239
 12    94.876 52639.10634079 18.02 129.219961  63.539441  5.815
 12    94.413 52639.10634144 15.83 129.217261  63.536311  5.815
 12    93.621 52639.10634208 15.55 129.214561  63.533191  5.815
 12    92.708 52639.10634273 16.26 129.211861  63.530061  5.815
 12    90.856 52639.10634337 17.48 129.209161  63.526931  5.815
 13    94.193 52674.10633760 14.18 129.207830  63.541066  5.511
 13    93.671 52674.10633825 12.26 129.205130  63.537936  5.511
 13    92.966 52674.10633889 12.35 129.202430  63.534806  5.511
 13    90.156 52674.10633954 13.65 129.199730  63.531676  5.511
 13    87.865 52674.10634018 13.55 129.197030  63.528546  5.511
 14    95.066 52709.10635102 12.34 129.219200  63.539576  5.274
 14    94.809 52709.10635166 10.48 129.216490  63.536446  5.274
 14    94.149 52709.10635231 10.65 129.213790  63.533316  5.274
 14    93.238 52709.10635295 10.02 129.211090  63.530196  5.274
 14    92.102 52709.10635360 10.10 129.208390  63.527066  5.274
 15    94.012 52744.10638018 12.55 129.204467  63.543253  5.901
 15    93.550 52744.10638082 10.93 129.201757  63.540123  5.901
 15    93.035 52744.10638147  7.80 129.199057  63.537003  5.901
 15    92.250 52744.10638211  9.08 129.196357  63.533873  5.901
 15    91.006 52744.10638276  8.21 129.193657  63.530743  5.901
 17    94.666 52814.10640041 11.93 129.219273  63.537251 20.165
 17    93.870 52814.10640106 13.83 129.216573  63.534131 20.165
 17    75.188 52814.10640170 15.34 129.213873  63.531001 20.165
 17    74.745 52814.10640235 23.55 129.211163  63.527871 20.165
 18    71.392 52849.10645341 18.23 129.219265  63.537492 18.433
 18    71.416 52849.10645405 18.39 129.216555  63.534362 18.433
 18    73.067 52849.10645470 18.83 129.213855  63.531242 18.433
 18    74.710 52849.10645534 19.06 129.211155  63.528112 18.433
 18    74.594 52849.10645599 23.32 129.208455  63.524982 18.433
 19    70.911 52884.10648850 33.02 129.210176  63.542056 10.730
 19    71.200 52884.10648914 35.21 129.207476  63.538926 10.730
 19    71.218 52884.10648979 36.84 129.204776  63.535796 10.730
 19    71.305 52884.10649043 38.30 129.202076  63.532666 10.730
 19    71.170 52884.10649108 38.97 129.199376  63.529536 10.730
 20    93.985 52919.10644510 18.31 129.206834  63.541734 22.005
 20    93.292 52919.10644574 14.51 129.204124  63.538604 22.005
 20    92.314 52919.10644639 15.55 129.201424  63.535474 22.005
 20    73.721 52919.10644703 20.43 129.198724  63.532344 22.005
 20    73.944 52919.10644768 26.00 129.196024  63.529214 22.005
 21    68.499 52954.10640833 29.78 129.227503  63.537582  9.576
 21    68.202 52954.10640897 33.01 129.224793  63.534452  9.576
 21    68.417 52954.10640962 32.19 129.222093  63.531332  9.576
 21    68.439 52954.10641026 32.09 129.219393  63.528202  9.576
 21    68.438 52954.10641091 31.26 129.216693  63.525072  9.576
 22    94.775 52989.10641657 18.88 129.221857  63.537843  5.163
 22    92.853 52989.10641721 21.12 129.219157  63.534713  5.163
 22    92.256 52989.10641785 20.72 129.216457  63.531593  5.163
 22    73.265 52989.10641850 20.61 129.213757  63.528463  5.163
 22    75.024 52989.10641914 20.91 129.211057  63.525333  5.163
 23    94.529 53024.10640132 14.29 129.213067  63.540258  3.964
 23    93.337 53024.10640196 15.91 129.210367  63.537138  3.964
 23    92.845 53024.10640260 15.51 129.207667  63.534008  3.964
 23    91.897 53024.10640325 15.13 129.204967  63.530878  3.964
 23    87.156 53024.10640389 16.20 129.202267  63.527748  3.964
 24    94.881 53059.10639807 14.40 129.222924  63.537627  4.845
 24    94.334 53059.10639872 15.91 129.220224  63.534497  4.845
 24    93.453 53059.10639936 16.61 129.217514  63.531367  4.845
 24    91.958 53059.10640000 15.34 129.214814  63.528237  4.845
 24    88.450 53059.10640065 15.22 129.212114  63.525107  4.845
 25    93.975 53094.10643552 13.24 129.198727  63.543846  4.236
 25    93.508 53094.10643616 10.67 129.196027  63.540716  4.236
 25    92.421 53094.10643681 11.46 129.193327  63.537586  4.236
 25    91.311 53094.10643745 11.25 129.190627  63.534456  4.236
 25    90.164 53094.10643809 11.59 129.187927  63.531326  4.236
 26    94.918 53129.10640756  8.43 129.223257  63.537111  4.326
 26    93.931 53129.10640821  8.60 129.220547  63.533981  4.326
 26    90.399 53129.10640885 10.99 129.217847  63.530851  4.326
 26    88.963 53129.10640950 10.68 129.215147  63.527721  4.326
 26    88.391 53129.10641014  9.57 129.212447  63.524591  4.326
 28    73.090 53199.10647615 41.08 129.213976  63.539622 20.134
 28    72.358 53199.10647680 42.91 129.211276  63.536492 20.134
 28    72.862 53199.10647744 43.00 129.208576  63.533362 20.134
 28    72.188 53199.10647809 42.53 129.205876  63.530242 20.134
 28    74.859 53199.10647873 31.83 129.203176  63.527112 20.134
 29    94.732 53234.10644630 10.59 129.215945  63.539534 24.371
 29    93.408 53234.10644695 11.91 129.213245  63.536404 24.371
 29    90.039 53234.10644759 12.58 129.210545  63.533274 24.371
 29    75.160 53234.10644824 16.73 129.207845  63.530144 24.371
 29    74.707 53234.10644888 32.16 129.205145  63.527014 24.371
 30   100.041 53269.10641317 10.66 129.198315  63.543414 16.132
 30    93.183 53269.10641382 10.85 129.195615  63.540294 16.132
 30    91.602 53269.10641446 13.52 129.192915  63.537164 16.132
 30    74.086 53269.10641511 19.03 129.190215  63.534034 16.132
 30    74.289 53269.10641575 32.44 129.187515  63.530904 16.132
 31    70.074 53304.10647420 39.45 129.211112  63.538462 13.739
 31    69.920 53304.10647484 47.03 129.208412  63.535332 13.739
 31    70.201 53304.10647548 42.88 129.205712  63.532202 13.739
 31    70.457 53304.10647613 45.32 129.203012  63.529072 13.739
 32    94.025 53339.10644265 14.12 129.208701  63.541853  4.237
 32    93.539 53339.10644329 13.96 129.206001  63.538723  4.237
 32    91.961 53339.10644394 14.19 129.203291  63.535593  4.237
 32    87.490 53339.10644458 15.89 129.200591  63.532463  4.237
 32    75.346 53339.10644523 14.59 129.197891  63.529333  4.237
 33    93.876 53374.10637491 12.20 129.203334  63.542354  3.313
 33    93.197 53374.10637555 11.71 129.200634  63.539224  3.313
 33    92.313 53374.10637619 11.54 129.197934  63.536094  3.313
 33    90.855 53374.10637684 12.17 129.195234  63.532964  3.313
 33    89.267 53374.10637748 12.80 129.192534  63.529834  3.313
 35    94.131 53444.10640015  9.90 129.200367  63.542736  3.371
 35    93.215 53444.10640080  9.21 129.197667  63.539606  3.371
 35    92.354 53444.10640144  9.53 129.194967  63.536476  3.371
 35    91.216 53444.10640208 10.68 129.192267  63.533346  3.371
 35    89.233 53444.10640273 10.76 129.189567  63.530216  3.371
 36    94.426 53479.10647794  0.83 129.211791  63.538657  2.961
 36    93.670 53479.10647859  1.48 129.209091  63.535527  2.961
 36    90.516 53479.10647923  1.92 129.206391  63.532407  2.961
 36    89.023 53479.10647988  2.62 129.203691  63.529277  2.961
 37    74.011 53514.10648583 44.81 129.211932  63.539675 21.170
 37    74.199 53514.10648648 41.86 129.209232  63.536545 21.170
 37    73.908 53514.10648712 37.09 129.206522  63.533415 21.170
 37    74.129 53514.10648777 29.64 129.203822  63.530285 21.170
 37    74.452 53514.10648841 37.21 129.201122  63.527155 21.170
 38    72.879 53549.10650434 39.90 129.205149  63.542052 13.616
 38    72.926 53549.10650498 40.34 129.202449  63.538922 13.616
 38    73.046 53549.10650627 39.96 129.197049  63.532662 13.616
 38    72.572 53549.10650692 44.08 129.194349  63.529532 13.616
 39    99.993 53584.10646859 11.52 129.208765  63.540059 19.624
 39    93.624 53584.10646923 14.01 129.206065  63.536939 19.624
 39    74.067 53584.10646988 15.20 129.203365  63.533809 19.624
 39    74.217 53584.10647052 20.31 129.200665  63.530679 19.624
 39    74.240 53584.10647117 27.78 129.197965  63.527549 19.624
 40    94.660 53619.10642460 10.67 129.197798  63.544429 16.979
 40    93.391 53619.10642525 11.27 129.195098  63.541299 16.979
 40    92.436 53619.10642589 13.16 129.192398  63.538169 16.979
 40    74.325 53619.10642654 18.03 129.189698  63.535039 16.979
 40    74.104 53619.10642718 28.29 129.186998  63.531909 16.979
 41    70.157 53654.10644938 33.62 129.217612  63.540234 11.587
 41    70.125 53654.10645003 33.92 129.214902  63.537104 11.587
 41    70.260 53654.10645067 27.76 129.212202  63.533974 11.587
 41    70.313 53654.10645132 24.78 129.209502  63.530854 11.587
 41    70.311 53654.10645196 35.48 129.206802  63.527724 11.587
 42    69.141 53689.10644628 22.97 129.207945  63.540679  6.093
 42    69.136 53689.10644692 24.20 129.205245  63.537549  6.093
 42    69.069 53689.10644757 25.15 129.202535  63.534419  6.093
 42    69.179 53689.10644821 23.65 129.199835  63.531289  6.093
 42    68.910 53689.10644886 22.71 129.197135  63.528159  6.093
 43    92.384 53724.10637110 20.69 129.201170  63.540584  4.583
 43    91.052 53724.10637174 20.98 129.198470  63.537454  4.583
 43    68.811 53724.10637239 21.01 129.195770  63.534324  4.583
 43    88.641 53724.10637303 19.82 129.193070  63.531194  4.583
 44    83.600 53759.10631193 19.41 129.226700  63.535825  5.185
 44    68.133 53759.10631257 20.74 129.224000  63.532705  5.185
 44    68.346 53759.10631321 19.82 129.221300  63.529575  5.185
 44    71.409 53759.10631386 18.88 129.218600  63.526445  5.185
 44    75.828 53759.10631450 17.43 129.215900  63.523315  5.185
 45    94.327 53794.10633171 16.60 129.210561  63.539820  5.604
 45    89.923 53794.10633235 18.30 129.207851  63.536690  5.604
 45    88.959 53794.10633300 17.64 129.205151  63.533560  5.604
 45    74.155 53794.10633364 18.87 129.202451  63.530430  5.604
 45    73.988 53794.10633429 17.32 129.199761  63.527300  5.604
 46    95.059 53829.10630567 14.70 129.226623  63.536431  5.006
 46    94.529 53829.10630631 15.43 129.223913  63.533301  5.006
 46    68.067 53829.10630696 15.56 129.221213  63.530171  5.006
 46    89.992 53829.10630760 14.46 129.218513  63.527041  5.006
 46    75.468 53829.10630825 14.13 129.215813  63.523911  5.006
 47    99.803 53864.10638652 19.31 129.214802  63.538329 18.234
 47    99.398 53864.10638717 16.36 129.212102  63.535199 18.234
 47    75.667 53864.10638781 18.47 129.209402  63.532079 18.234
 47    75.665 53864.10638845 25.78 129.206702  63.528949 18.234
 48    76.066 53899.10641085 23.38 129.215537  63.540791 18.347
 48    75.990 53899.10641150 24.74 129.212837  63.537661 18.347
 48    76.061 53899.10641214 24.97 129.210127  63.534531 18.347
 48    76.291 53899.10641279 26.21 129.207427  63.531411 18.347
 48    76.282 53899.10641343 28.57 129.204727  63.528281 18.347
 50    93.135 53969.10642657 17.19 129.203049  63.541379 18.877
 50    72.843 53969.10642721 18.31 129.200349  63.538249 18.877
 50    73.494 53969.10642786 17.18 129.197649  63.535119 18.877
 50    74.558 53969.10642850 19.39 129.194949  63.531989 18.877
 51    73.339 54004.10639923 48.66 129.226108  63.535512 23.499
 51    73.298 54004.10639988 48.61 129.223408  63.532392 23.499
 51    72.946 54004.10640052 48.77 129.220708  63.529262 23.499
 51    73.414 54004.10640117 44.02 129.217998  63.526132 23.499
 52    68.643 54039.10643234 39.85 129.219832  63.538410 12.529
 52    68.545 54039.10643298 35.22 129.217132  63.535280 12.529
 52    68.660 54039.10643363 36.12 129.214432  63.532150 12.529
 52    68.391 54039.10643427 30.87 129.211732  63.529030 12.529
 52    68.503 54039.10643492 24.48 129.209032  63.525900 12.529
 53    68.938 54074.10642659 22.50 129.212136  63.541566  6.120
 53    69.010 54074.10642724 26.29 129.209436  63.538436  6.120
 53    68.976 54074.10642788 25.00 129.206736  63.535316  6.120
 53    68.783 54074.10642853 24.08 129.204036  63.532186  6.120
 53    74.516 54074.10642917 20.92 129.201336  63.529056  6.120
 54    93.216 54109.10637275 15.95 129.197028  63.541724  3.275
 54    92.477 54109.10637339 15.70 129.194328  63.538594  3.275
 54    91.344 54109.10637404 15.22 129.191628  63.535464  3.275
 54    89.847 54109.10637468 15.86 129.188928  63.532334  3.275
 55    95.039 54144.10636403 12.36 129.218385  63.539118  3.339
 55    94.392 54144.10636468 12.02 129.215685  63.535988  3.339
 55    93.651 54144.10636532 13.15 129.212985  63.532868  3.339
 55    91.327 54144.10636597 13.23 129.210285  63.529738  3.339
 55    90.659 54144.10636661 13.26 129.207585  63.526608  3.339
 57    95.316 54214.10637158  3.14 129.216834  63.540242  7.025
 57    94.960 54214.10637223  4.23 129.214124  63.537112  7.025
 57    93.994 54214.10637287  4.51 129.211424  63.533982  7.025
 57    73.926 54214.10637352  8.28 129.208724  63.530862  7.025
 57    74.155 54214.10637416 11.96 129.206024  63.527732  7.025
 58   100.313 54249.10639955 19.45 129.214151  63.539633 22.298
 58    75.921 54249.10640019 20.13 129.211451  63.536503 22.298
 58    76.141 54249.10640084 23.51 129.208741  63.533373 22.298
 58    76.425 54249.10640148 27.55 129.206041  63.530253 22.298
 58    76.455 54249.10640213 29.98 129.203341  63.527123 22.298
 59    99.975 54284.10640747 14.62 129.212525  63.540756 21.595
 59    73.538 54284.10640812 15.43 129.209825  63.537626 21.595
 59    73.843 54284.10640876 17.45 129.207125  63.534496 21.595
 59    74.334 54284.10640941 19.27 129.204425  63.531366 21.595
 59    74.403 54284.10641005 26.00 129.201725  63.528246 21.595
 60    72.388 54319.10640527 17.78 129.211724  63.539676 21.301
 60    73.219 54319.10640592 16.07 129.209024  63.536546 21.301
 60    73.723 54319.10640656 17.69 129.206324  63.533416 21.301
 60    74.491 54319.10640721 17.51 129.203624  63.530286 21.301
 60    74.445 54319.10640785 24.93 129.200924  63.527166 21.301
 61    71.779 54354.10636848 27.46 129.205816  63.542950 16.718
 61    71.730 54354.10636912 21.73 129.203116  63.539820 16.718
 61    71.267 54354.10636977 24.19 129.200416  63.536690 16.718
 61    73.894 54354.10637041 22.21 129.197716  63.533560 16.718
 61    74.669 54354.10637105 23.81 129.195016  63.530430 16.718
 62    70.049 54389.10634520 42.09 129.215268  63.540566 14.704
 62    69.831 54389.10634585 36.89 129.212568  63.537436 14.704
 62    69.893 54389.10634649 33.51 129.209868  63.534306 14.704
 62    69.688 54389.10634714 30.50 129.207158  63.531176 14.704
 62    69.726 54389.10634778 29.70 129.204458  63.528046 14.704
 63    94.033 54424.10631865 22.16 129.208149  63.541508  5.511
 63    68.953 54424.10631930 25.42 129.205449  63.538388  5.511
 63    69.019 54424.10631994 25.04 129.202749  63.535258  5.511
 63    73.515 54424.10632059 21.61 129.200049  63.532128  5.511
 63    88.678 54424.10632123 17.80 129.197349  63.528998  5.511
 64    95.183 54459.10632073 15.29 129.220419  63.537852  5.175
 64    94.288 54459.10632137 16.20 129.217709  63.534722  5.175
 64    93.605 54459.10632202 15.34 129.215009  63.531592  5.175
 64    91.156 54459.10632266 14.36 129.212309  63.528462  5.175
 64    88.101 54459.10632331 14.48 129.209609  63.525342  5.175
 65    94.450 54494.10632330 12.90 129.208092  63.540368  4.001
 65    93.875 54494.10632395 12.10 129.205382  63.537238  4.001
 65    93.233 54494.10632459 11.18 129.202682  63.534108  4.001
 65    92.332 54494.10632524 12.46 129.199982  63.530978  4.001
 65    90.782 54494.10632588 12.67 129.197282  63.527858  4.001
 66    95.324 54529.10633346 10.89 129.218750  63.538660  3.993
 66    94.757 54529.10633411  9.90 129.216050  63.535540  3.993
 66    93.801 54529.10633475  9.81 129.213350  63.532410  3.993
 66    93.016 54529.10633540  9.90 129.210640  63.529280  3.993
 66    90.106 54529.10633604 10.14 129.207940  63.526150  3.993
 67    94.253 54564.10633003 10.00 129.203576  63.542201  4.273
 67    94.726 54564.10633067  8.01 129.200876  63.539071  4.273
 67    93.256 54564.10633131  7.11 129.198176  63.535941  4.273
 67    92.338 54564.10633196  6.90 129.195476  63.532811  4.273
 67    90.791 54564.10633260  9.00 129.192776  63.529681  4.273
 68    69.525 54599.10632884 34.32 129.213203  63.539566 24.902
 68    69.482 54599.10632948 32.41 129.210503  63.536436 24.902
 68    69.666 54599.10633013 28.80 129.207803  63.533316 24.902
 68    74.816 54599.10633077 26.92 129.205103  63.530186 24.902
 68    74.494 54599.10633142 33.95 129.202403  63.527056 24.902
 69    94.229 54634.10634164 17.56 129.211527  63.540190 19.684
 69    73.787 54634.10634228 18.07 129.208817  63.537060 19.684
 69    73.842 54634.10634292 19.02 129.206117  63.533940 19.684
 69    74.653 54634.10634357 19.82 129.203417  63.530810 19.684
 69    74.889 54634.10634421 25.58 129.200717  63.527680 19.684
 70    94.589 54669.10634650 10.76 129.209336  63.540309 26.367
 70    93.926 54669.10634714 11.36 129.206636  63.537179 26.367
 70    91.202 54669.10634779 12.68 129.203926  63.534049 26.367
 70    73.652 54669.10634843 18.49 129.201226  63.530929 26.367
 70    73.878 54669.10634908 24.94 129.198536  63.527799 26.367
 71    72.984 54704.10631018 40.69 129.207411  63.542217 16.739
 71    73.221 54704.10631211 36.79 129.199301  63.532827 16.739
 71    72.975 54704.10631276 38.70 129.196601  63.529697 16.739
 72    72.123 54739.10630906 34.62 129.217000  63.537452 19.850
 72    72.449 54739.10630971 34.17 129.214300  63.534322 19.850
 72    71.925 54739.10631035 36.15 129.211600  63.531192 19.850
 72    72.390 54739.10631100 44.14 129.208890  63.528062 19.850
 73    69.351 54774.10629201 40.43 129.207700  63.539642 15.685
 73    69.618 54774.10629265 40.48 129.205000  63.536512 15.685
 73    69.625 54774.10629330 46.68 129.202300  63.533392 15.685
 73    69.322 54774.10629394 46.76 129.199600  63.530262 15.685
 74    69.430 54809.10630240 28.78 129.219833  63.537999  5.766
 74    69.389 54809.10630305 24.15 129.217123  63.534879  5.766
 74    69.211 54809.10630369 20.54 129.214423  63.531749  5.766
 74    69.103 54809.10630434 19.65 129.211723  63.528619  5.766
 74    68.657 54809.10630498 18.64 129.209023  63.525489  5.766
 75    69.202 54844.10628939 22.21 129.209929  63.542184  6.636
 75    69.337 54844.10629004 21.58 129.207229  63.539054  6.636
 75    69.193 54844.10629068 20.16 129.204529  63.535924  6.636
 75    68.950 54844.10629133 20.73 129.201829  63.532794  6.636
 75    68.482 54844.10629197 20.59 129.199129  63.529674  6.636
 76    68.936 54879.10630532 17.46 129.215554  63.541038  5.427
 76    68.837 54879.10630597 20.31 129.212854  63.537908  5.427
 76    68.769 54879.10630661 18.24 129.210144  63.534778  5.427
 76    68.415 54879.10630726 17.57 129.207444  63.531648  5.427
 76    68.389 54879.10630790 17.12 129.204744  63.528518  5.427
 77    94.244 54914.10629360 13.99 129.203414  63.542926  4.842
 77    68.645 54914.10629425 15.25 129.200714  63.539796  4.842
 77    68.275 54914.10629489 15.53 129.198014  63.536666  4.842
 77    75.361 54914.10629554 13.82 129.195314  63.533536  4.842
 77    73.873 54914.10629618 14.82 129.192614  63.530416  4.842
 78    68.842 54949.10629769 42.06 129.213757  63.539363 18.138
 78    68.682 54949.10629833 39.38 129.211047  63.536233 18.138
 78    68.817 54949.10629898 37.51 129.208347  63.533103 18.138
 78    68.741 54949.10629962 39.37 129.205647  63.529972 21.723
 78    68.316 54949.10630027 39.63 129.202947  63.526852 21.723
 79    75.219 54984.10632261 33.38 129.212779  63.541144 17.343
 79    75.121 54984.10632325 34.22 129.210079  63.538024 17.343
 79    74.861 54984.10632390 35.13 129.207379  63.534894 17.343
 79    75.023 54984.10632454 34.86 129.204679  63.531764 17.343
 79    74.989 54984.10632519 35.42 129.201979  63.528634 17.343
 80    73.068 55019.10631954 49.75 129.211452  63.539071 27.733
 80    73.062 55019.10632018 49.49 129.208742  63.535941 27.733
 80    73.193 55019.10632083 48.36 129.206042  63.532821 27.733
 80    73.142 55019.10632147 48.21 129.203342  63.529691 27.733
 81   100.383 55054.10631496 11.17 129.211732  63.541794 23.625
 81    94.159 55054.10631561 11.92 129.209032  63.538664 23.625
 81    72.918 55054.10631625 15.05 129.206332  63.535534 23.625
 81    73.566 55054.10631690 15.76 129.203632  63.532404 23.625
 81    73.580 55054.10631754 22.97 129.200932  63.529284 23.625
 82    84.931 55089.10627579 19.20 129.204285  63.543299 29.975
 82    70.567 55089.10627644 17.89 129.201575  63.540169 29.975
 82    70.849 55089.10627708 19.37 129.198875  63.537039 29.975
 82    73.485 55089.10627773 19.73 129.196175  63.533909 29.975
 82    73.735 55089.10627837 24.95 129.193485  63.530779 29.975
 83    70.657 55124.10625243 50.43 129.216879  63.539262 21.007
 83    70.517 55124.10625307 51.09 129.214179  63.536132 21.007
 83    71.050 55124.10625372 49.29 129.211479  63.533002 21.007
 83    71.123 55124.10625436 49.48 129.208769  63.529872 21.007
 83    71.037 55124.10625501 48.60 129.206069  63.526742 21.007
 84    69.452 55159.10623727 26.69 129.205860  63.540740  6.054
 84    69.373 55159.10623791 28.20 129.203160  63.537610  6.054
 84    69.302 55159.10623856 27.24 129.200460  63.534480  6.054
 84    69.365 55159.10623920 25.44 129.197760  63.531360  6.054
 85    69.713 55194.10624207 22.87 129.221211  63.539949  5.774
 85    69.572 55194.10624271 23.23 129.218511  63.536829  5.774
 85    69.505 55194.10624336 23.47 129.215811  63.533699  5.774
 85    69.287 55194.10624400 22.46 129.213101  63.530569  5.774
 85    69.330 55194.10624465 20.57 129.210401  63.527439  5.774
 87    94.517 55264.10623769 16.45 129.214737  63.539792  4.633
 87    68.343 55264.10623834 17.64 129.212037  63.536662  4.633
 87    68.789 55264.10623898 16.45 129.209337  63.533532  4.633
 87    68.262 55264.10623963 17.96 129.206637  63.530402  4.633
 87    68.605 55264.10624027 16.25 129.203937  63.527272  4.633
 88    94.350 55299.10622182 14.43 129.206206  63.542849  4.737
 88    93.615 55299.10622247 13.95 129.203496  63.539719  4.737
 88    91.842 55299.10622311 14.83 129.200796  63.536589  4.737
 88    68.422 55299.10622376 15.13 129.198096  63.533459  4.737
 88    68.452 55299.10622440 14.14 129.195396  63.530329  4.737
 89    72.558 55334.10621498 31.38 129.210440  63.541769 17.883
 89    72.707 55334.10621562 32.68 129.207740  63.538639 17.883
 89    72.679 55334.10621627 34.45 129.205040  63.535509 17.883
 89    72.695 55334.10621691 34.24 129.202340  63.532389 17.883
 89    72.392 55334.10621756 33.21 129.199640  63.529259 17.883
 90    99.898 55369.10620680 11.72 129.210016  63.539588 22.244
 90    92.665 55369.10620745 13.26 129.207316  63.536468 22.244
 90    73.669 55369.10620809 17.68 129.204616  63.533338 22.244
 90    74.342 55369.10620874 19.57 129.201916  63.530208 22.244
 91    99.992 55404.10622322 12.37 129.218485  63.538978 21.736
 91    94.410 55404.10622387 13.45 129.215785  63.535848 21.736
 91    93.613 55404.10622451 14.29 129.213085  63.532728 21.736
 91    75.946 55404.10622516 17.75 129.210385  63.529598 21.736
 91    74.157 55404.10622580 28.91 129.207685  63.526468 21.736
 92   100.365 55439.10622465 12.64 129.210212  63.541050 22.993
 92    93.988 55439.10622530 12.52 129.207512  63.537920 22.993
 92    93.330 55439.10622594 12.76 129.204812  63.534790 22.993
 92    73.799 55439.10622659 17.47 129.202112  63.531660 22.993
 92    73.239 55439.10622723 24.59 129.199412  63.528540 22.993
 93    93.867 55474.10617160 20.71 129.203197  63.541463 16.955
 93    93.251 55474.10617224 19.60 129.200497  63.538333 16.955
 93    92.141 55474.10617289 19.69 129.197797  63.535203 16.955
 93    89.975 55474.10617353 20.06 129.195097  63.532073 16.955
