-265979.211   605.706     0.00   39.06
-265610.098   588.463   -46.70   49.37
-265240.931   555.155   -90.20   57.78
-264871.711   507.197  -129.86   77.85
-264502.436   427.634  -215.41  117.51
-264133.108   343.768  -227.02  116.93
-263763.725   303.324  -109.47   80.37
-263394.288   312.157    23.90   87.19
-263024.797   357.644   123.08   99.19
-262655.252   409.971   141.57   91.73
-262285.653   441.123    84.27   97.46
-261916.000   452.632    31.13   98.39
-261546.293   457.797    13.97   83.15
-261176.531   440.015   -48.08   72.43
-260806.715   401.014  -105.44   81.85
-260436.845   356.265  -120.96   72.77
-260066.920   314.429  -113.07   65.70
-259696.941   305.471   -24.21   61.37
-259326.908   342.420    99.83   85.63
-258956.820   404.000   166.35  111.54
-258586.678   496.671   250.31  104.97
-258216.482   580.500   226.39   70.03
-257846.231   629.348   131.90   44.70
-257475.925   653.662    65.64   17.28
-257105.565   650.704    -7.98   19.56
-256735.151   636.229   -39.07   24.91
-256364.682   619.403   -45.41   28.20
-255994.159   607.130   -33.11   33.93
-255623.580   596.164   -29.58   39.17
-255252.948   585.086   -29.88   39.16
-254882.260   564.260   -56.17   45.68
-254511.518   537.414   -72.39   44.79
-254140.721   525.597   -31.86   46.49
-253769.870   516.290   -25.09   52.51
-253398.963   518.775     6.70   57.03
-253028.002   524.197    14.61   51.67
-252656.986   528.268    10.97   45.52
-252285.916   551.211    61.82   53.32
-251914.790   585.931    93.53   56.39
-251543.610   627.143   111.01   50.06
-251172.374   657.507    81.77   39.01
-250801.084   674.959    46.99   23.27
-250429.739   673.451    -4.06   22.20
-250058.339   655.097   -49.41   32.07
-249686.884   632.843   -59.90   29.31
-249315.373   615.465   -46.77   24.94
-248943.808   610.086   -14.47   28.16
-248572.188   617.639    20.32   31.08
-248200.512   629.882    32.93   26.79
-247828.782   632.149     6.10   24.20
-247456.996   629.394    -7.41   28.67
-247085.155   624.427   -13.36   30.76
-246713.259   617.061   -19.80   28.48
-246341.308   609.973   -19.05   27.63
-245969.301   607.794    -5.86   26.83
-245597.239   618.205    27.98   27.89
-245225.122   633.643    41.48   23.53
-244852.949   642.634    24.15   14.44
-244480.722   640.529    -5.65   16.52
-244108.438   626.083   -38.79   28.49
-243736.100   603.732   -60.02   34.68
-243363.705   577.662   -69.99   40.13
-242991.256   548.493   -78.30   43.74
-242618.751   513.535   -93.82   51.08
-242246.190   479.444   -91.48   51.09
-241873.574   467.451   -32.18   40.72
-241500.902   478.639    30.02   45.22
-241128.175   499.620    56.28   40.62
-240755.392   511.845    32.79   25.04
-240382.554   506.843   -13.41   27.82
-240009.660   478.889   -74.95   43.58
-239636.710   445.235   -90.22   49.85
-239263.704   407.865  -100.17   62.03
-238890.643   362.926  -120.43   60.62
-238517.526   326.608   -97.32   59.47
-238144.353   288.794  -101.31   52.82
-237771.124   261.699   -72.58   48.52
-237397.840   246.314   -41.20   42.28
-237024.499   236.370   -26.63   38.98
-236651.103   233.600    -7.42   37.46
-236277.651   246.375    34.20   52.95
-235904.142   264.803    49.33   72.18
-235530.578   289.042    64.87   84.80
-235156.958   302.417    35.79   82.96
-234783.282   299.775    -7.07   67.68
-234409.550   303.958    11.19   57.04
-234035.761   321.831    47.80   65.81
-233661.917   370.070   129.01   76.97
-233288.016   420.557   135.00   65.92
-232914.060   444.314    63.52   45.84
-232540.047   440.313   -10.69   48.75
-232165.978   406.942   -89.19   60.83
-231791.852   369.059  -101.24   51.21
-231417.671   355.958   -35.01   40.90
-231043.433   359.686     9.96   50.76
-230669.139   374.236    38.87   67.08
-230294.788   418.380   117.90   82.72
-229920.381   461.380   114.82   74.61
-229545.918   490.690    78.26   53.42
-229171.398   492.653     5.24   46.73
-228796.822   460.750   -85.15   60.30
-228422.189   436.386   -65.02   50.26
-228047.500   435.096    -3.44   38.66
-227672.754   448.296    35.22   38.15
-227297.952   463.877    41.56   38.13
-226923.093   470.324    17.19   40.08
-226548.178   457.200   -35.00   49.51
-226173.206   433.294   -63.74   52.40
-225798.177   391.176  -112.28   70.31
-225423.092   344.580  -124.20   67.90
-225047.950   328.611   -42.56   53.14
-224672.751   345.028    43.75   62.92
-224297.496   391.958   125.04   70.99
-223922.183   440.986   130.61   47.35
-223546.814   464.236    61.93   25.00
-223171.388   461.296    -7.83   29.12
-222795.905   435.873   -67.69   47.60
-222420.365   383.676  -138.97   70.65
-222044.769   331.429  -139.08   67.68
-221669.115   302.577   -76.79   50.43
-221293.404   302.957     1.01   52.64
-220917.637   334.623    84.26   61.91
-220541.812   372.456   100.65   50.64
-220165.931   403.181    81.72   36.89
-219789.992   417.873    39.07   28.37
-219413.996   405.296   -33.44   48.20
-219037.943   363.563  -110.95   68.04
-218661.833   323.847  -105.58   65.49
-218285.665   305.000   -50.09   48.89
-217909.441   307.958     7.86   46.39
-217533.159   321.534    36.07   43.28
-217156.820   341.629    53.38   32.59
-216780.423   357.329    41.70   29.24
-216403.970   374.167    44.72   36.84
-216027.459   404.080    79.43   41.83
-215650.890   430.045    68.94   31.67
-215274.264   444.878    39.38   23.64
-214897.581   452.771    20.95   18.72
-214520.840   455.194     6.43   16.79
-214144.042   455.127    -0.18   15.05
-213767.186   449.472   -15.00   18.70
-213390.273   434.111   -40.75   27.94
-213013.302   412.394   -57.60   31.10
-212636.274   382.042   -80.49   37.07
-212259.188   348.592   -88.69   43.24
-211882.044   315.155   -88.64   42.30
-211504.843   288.426   -70.85   32.71
-211127.584   270.457   -47.62   24.25
-210750.267   274.943    11.89   31.60
-210372.892   300.370    67.37   50.73
-209995.460   340.944   107.48   52.78
-209617.970   371.556    81.08   39.29
-209240.422   382.944    30.16   31.54
-208862.816   378.167   -12.65   33.17
-208485.152   376.123    -5.41   28.14
-208107.431   382.386    16.58   26.42
-207729.651   389.333    18.39   24.39
-207351.814   387.956    -3.64   28.47
-206973.918   361.851   -69.07   40.71
-206595.964   333.014   -76.28   30.29
-206217.953   319.644   -35.36   17.97
-205839.883   321.200     4.12   16.99
-205461.755   335.959    39.02   24.58
-205083.569   358.205    58.81   26.43
-204705.325   377.704    51.54   25.88
-204327.023   395.014    45.75   24.18
-203948.662   407.812    33.82   19.98
-203570.243   409.373     4.13   18.36
-203191.766   399.227   -26.80   22.25
-202813.231   382.480   -44.23   26.45
-202434.637   364.686   -46.99   22.08
-202055.985   353.822   -28.69   21.47
-201677.274   344.437   -24.78   23.26
-201298.505   335.178   -24.44   22.83
-200919.678   321.181   -36.94   22.02
-200540.792   309.929   -29.69   22.75
-200161.848   296.500   -35.43   22.43
-199782.845   285.132   -29.99   20.69
-199403.784   285.480     0.92   31.61
-199024.664   284.044    -3.79   37.70
-198645.485   277.569   -17.07   35.87
-198266.248   265.690   -31.32   34.77
-197897.624   247.042   -50.58   27.63
-197529.644   237.620   -25.60   20.36
-197161.609   244.288    18.11   26.57
-196793.519   267.722    63.65   38.50
-196425.375   293.581    70.23   38.13
-196057.175   318.260    67.02   29.13
-195688.921   334.838    45.01   23.65
-195320.611   351.569    45.42   26.81
-194952.247   369.486    48.63   31.29
-194583.827   385.137    42.47   30.13
-194215.352   385.838     1.90   31.03
-193846.823   369.795   -43.53   39.06
-193478.238   347.176   -61.36   39.39
-193109.598   320.597   -72.09   35.71
-192740.903   298.583   -59.70   32.72
-192372.152   274.264   -65.94   35.00
-192003.347   252.250   -59.68   31.35
-191634.486   239.569   -34.37   21.97
-191265.570   238.639    -2.52   18.70
-190896.598   246.083    20.17   21.82
-190527.572   262.417    44.25   22.56
-190158.490   284.845    60.76   23.74
-189789.352   304.000    51.88   29.69
-189420.159   327.014    62.33   29.56
-189050.911   345.192    49.22   26.23
-188681.607   361.479    44.10   22.48
-188312.248   370.973    25.70   20.91
-187942.833   381.548    28.62   21.26
-187573.363   381.589     0.11   26.93
-187203.837   368.347   -35.83   40.84
-186834.256   350.014   -49.60   43.43
-186464.619   334.808   -41.13   33.60
-186094.927   328.620   -16.74   24.22
-185725.178   333.082    12.07   22.84
-185355.374   341.056    21.56   24.14
-184985.515   353.671    34.10   22.98
-184615.599   364.113    28.22   22.28
-184245.628   371.918    21.09   21.39
-183875.601   377.757    15.78   18.64
-183505.518   383.589    15.76   16.36
-183135.380   388.757    13.96   17.82
-182765.185   394.767    16.23   25.37
-182394.935   402.169    19.99   27.66
-182024.629   407.581    14.61   29.47
-181654.267   410.986     9.19   29.54
-181283.848   411.568     1.57   28.18
-180913.374   414.319     7.43   23.70
-180542.844   418.662    11.72   20.64
-180172.258   426.588    21.38   16.96
-179801.616   427.635     2.82   14.59
-179430.917   428.500     2.33   11.18
-179060.163   424.808    -9.96   11.51
-178689.352   422.353    -6.62   12.23
-178318.485   421.861    -1.33   11.69
-177947.562   420.044    -4.90   11.75
-177576.583   412.903   -19.25   16.65
-177205.547   401.913   -29.61   19.73
-176834.455   388.972   -34.87   21.75
-176463.307   374.930   -37.83   24.22
-176092.103   365.219   -26.16   22.35
-175720.842   365.211    -0.02   20.47
-175349.524   374.486    24.98   22.15
-174978.151   387.178    34.17   18.74
-174606.721   393.432    16.84   13.67
-174235.234   393.514     0.22   14.78
-173863.691   389.178   -11.67   15.89
-173492.091   374.616   -39.18   24.18
-173120.435   352.767   -58.78   35.33
-172748.723   325.534   -73.25   38.47
-172376.953   304.397   -56.85   25.66
-172005.127   300.630   -10.13   20.96
-171633.245   310.849    27.48   26.16
-171261.305   326.946    43.27   24.38
-170889.309   342.808    42.63   23.87
-170517.257   359.905    45.95   24.25
-170145.147   374.817    40.07   20.92
-169772.981   385.542    28.81   12.94
-169400.758   391.070    14.85   10.59
-169028.478   395.181    11.04   15.01
-168656.141   398.586     9.14   18.03
-168283.748   403.703    13.74   14.79
-167911.297   403.647    -0.15   10.41
-167538.789   393.649   -26.84   16.42
-167166.225   378.809   -39.83   22.46
-166793.603   363.743   -40.43   20.56
-166420.925   353.594   -27.23   12.70
-166048.189   357.432    10.30   14.96
-165675.396   364.394    18.67   14.51
-165302.547   366.365     5.28   14.22
-164929.640   359.806   -17.59   19.02
-164556.676   351.903   -21.19   17.95
-164183.654   346.563   -14.31   11.43
-163810.576   348.658     5.61   10.32
-163437.440   357.222    22.95   12.56
-163064.247   365.890    23.22   13.95
-162690.997   377.507    31.12   12.97
-162317.689   384.500    18.73    9.09
-161944.324   388.205     9.92    8.36
-161570.902   387.535    -1.79   10.14
-161197.422   387.397    -0.37   12.22
-160823.885   389.171     4.75   13.53
-160450.290   394.459    14.15   12.61
-160076.638   397.515     8.18    9.82
-159702.928   395.773    -4.66    9.97
-159329.161   392.721    -8.17   12.21
-158955.336   385.573   -19.12   14.30
-158581.454   378.912   -17.81   12.76
-158207.514   373.392   -14.76   12.58
-157833.516   367.704   -15.21   12.16
-157459.461   363.411   -11.48   12.86
-157085.348   358.099   -14.20   13.30
-156711.177   355.055    -8.13   13.48
-156336.948   354.493    -1.50   13.91
-155962.662   357.257     7.38   14.33
-155588.318   359.260     5.35   13.40
-155213.916   357.930    -3.55   13.31
-154839.456   350.411   -20.08   15.21
-154464.938   342.352   -21.51   13.28
-154090.363   337.315   -13.45   10.36
-153715.729   339.609     6.12   14.14
-153341.037   346.600    18.66   17.06
-152966.288   352.706    16.29   17.74
-152591.480   350.227    -6.61   18.92
-152216.614   341.765   -22.57   19.91
-151841.690   330.613   -29.74   20.22
-151466.708   321.100   -25.37   13.87
-151091.668   320.452    -1.73   11.67
-150716.570   324.859    11.75   13.37
-150341.414   333.096    21.95   15.40
-149966.199   344.589    30.63   17.78
-149590.926   355.703    29.61   20.87
-149215.595   370.726    40.02   23.99
-148840.205   384.070    35.54   27.42
-148464.757   401.740    47.06   32.08
-148089.251   418.662    45.06   33.82
-147713.686   440.635    58.50   36.57
-147338.063   461.145    54.59   30.54
-146962.382   476.480    40.81   27.02
-146586.642   489.691    35.16   18.11
-146210.843   492.613     7.77   17.92
-145834.986   492.435    -0.47   23.43
-145459.070   486.397   -16.06   27.85
-145083.096   480.423   -15.89   27.00
-144707.063   480.247    -0.47   22.66
-144330.972   484.527    11.38   16.29
-143954.822   487.425     7.70   12.64
-143578.613   481.164   -16.64   20.40
-143202.345   468.324   -34.12   28.72
-142826.019   454.671   -36.27   31.36
-142449.634   446.814   -20.87   31.69
-142073.190   444.120    -7.16   25.56
-141696.687   439.235   -12.97   27.88
-141320.125   404.947   -91.05   57.34
-140943.504   363.290  -110.59   61.30
-140566.825   321.219  -111.67   53.77
-140190.086   288.732   -86.22   32.27
-139813.289   275.973   -33.86   31.95
-139436.432   264.493   -30.46   35.79
-139059.517   260.149   -11.53   41.14
-138682.542   252.863   -19.32   43.57
-138305.509   248.873   -10.58   46.55
-137928.416   238.233   -28.21   45.68
-137551.264   225.214   -34.51   41.31
-137174.052   211.693   -35.84   33.59
-136796.782   202.928   -23.23   30.64
-136419.452   198.027   -12.99   29.57
-136042.063   190.014   -21.23   26.93
-135664.615   176.151   -36.73   25.61
-135287.108   155.465   -54.79   25.17
-134909.541   135.589   -52.64   25.99
-134531.914   124.653   -28.96   21.81
-134154.229   129.053    11.65   32.84
-133776.484   156.041    71.44   60.62
-133398.679   186.268    80.00   67.78
-133020.815   199.288    34.45   60.96
-132642.891   187.420   -31.40   60.36
-132264.908   151.453   -95.14   57.64
-131886.865   119.797   -83.73   32.01
-131508.763   117.703    -5.54   26.46
-131130.601   136.746    50.35   45.95
-130752.379   179.260   112.39   65.37
-130374.097   240.055   160.69   70.37
-129995.756   286.867   123.72   60.27
-129617.355   334.342   125.45   32.61
-129238.895   354.070    52.12   20.25
-128860.374   363.096    23.84   17.92
-128481.794   361.000    -5.54   27.52
-128103.153   357.387    -9.54   34.79
-127724.453   350.536   -18.09   36.91
-127345.693   349.824    -1.88   28.67
-126966.873   357.292    19.71   23.60
-126587.993   370.096    33.79   24.40
-126209.053   387.667    46.36   20.61
-125830.053   397.528    26.02   11.39
-125450.992   397.658     0.34   11.34
-125071.872   388.425   -24.35   17.33
-124692.692   368.784   -51.79   25.32
-124313.451   350.279   -48.79   26.00
-123934.150   343.987   -16.59   25.92
-123554.789   346.203     5.84   26.58
-123183.560   350.527    11.65   24.53
-122815.755   351.493     2.63   26.67
-122447.893   340.095   -30.98   32.52
-122079.975   333.188   -18.77   27.46
-121712.000   333.216     0.08   22.52
-121343.970   336.913    10.04   19.15
-120975.883   344.446    20.46   16.85
-120607.739   350.529    16.52   14.83
-120239.539   355.757    14.20   13.18
-119871.283   360.643    13.27   10.48
-119502.971   365.293    12.63   10.05
-119134.601   370.014    12.81    9.56
-118766.176   373.400     9.19   10.37
-118397.694   375.800     6.51   10.16
-118029.155   378.027     6.04   10.63
-117660.559   380.099     5.62    9.59
-117291.907   381.760     4.51    8.29
-116923.199   382.986     3.33    6.46
-116554.434   384.373     3.76    6.49
-116185.612   385.875     4.07    6.38
-115816.733   384.635    -3.36    9.74
-115447.798   379.411   -14.16   13.05
-115078.805   369.838   -25.94   14.65
-114709.756   360.342   -25.73   12.19
-114340.651   353.040   -19.78   10.61
-113971.488   346.575   -17.51    9.62
-113602.268   340.800   -15.64    9.50
-113232.992   335.764   -13.64    7.16
-112863.659   333.053    -7.34    5.77
-112494.268   332.486    -1.53    7.28
-112124.821   333.107     1.68    9.49
-111755.317   335.014     5.16    9.72
-111385.755   340.133    13.85   11.27
-111016.137   351.375    30.41   18.82
-110646.461   370.693    52.25   30.46
-110276.729   393.500    61.68   33.20
-109906.939   415.453    59.36   28.25
-109537.092   429.890    39.03   15.09
-109167.187   430.711     2.22   19.95
-108797.226   425.389   -14.38   26.35
-108427.207   415.276   -27.33   34.45
-108057.131   405.111   -27.47   38.78
-107686.998   394.187   -29.51   38.98
-107316.807   370.110   -65.03   43.48
-106946.559   345.720   -65.87   48.90
-106576.254   317.681   -75.71   50.07
-106205.891   291.877   -69.67   52.35
-105835.471   267.356   -66.19   48.87
-105464.993   258.822   -23.03   49.09
-105094.458   238.068   -56.00   53.78
-104723.865   218.397   -53.08   59.72
-104353.215   190.781   -74.50   50.30
-103982.507   183.795   -18.84   40.47
-103611.741   209.257    68.67   63.44
-103240.918   248.959   107.06   76.77
-102870.037   308.270   159.90   67.41
-102499.099   350.740   114.48   52.99
-102128.102   385.890    94.74   35.02
-101757.048   403.444    47.30   23.26
-101385.936   414.603    30.06   16.35
-101014.767   417.141     6.84   15.68
-100643.539   409.671   -20.12   25.46
-100272.254   396.847   -34.54   38.04
 -99900.911   380.753   -43.34   46.59
 -99529.510   358.889   -58.87   52.60
 -99158.050   315.432  -116.98   72.21
 -98786.533   286.676   -77.40   77.35
 -98414.958   256.230   -81.93   61.53
 -98043.325   246.333   -26.63   50.36
 -97671.634   271.446    67.56   65.64
 -97299.885   311.456   107.62   66.88
 -96928.078   350.026   103.73   53.53
 -96556.212   376.029    69.92   28.35
 -96184.288   374.342    -4.54   35.26
 -95812.307   361.500   -34.52   46.18
 -95440.267   351.733   -26.25   41.34
 -95068.168   350.761    -2.61   34.92
 -94696.012   355.280    12.14   29.67
 -94323.797   369.548    38.33   26.34
 -93951.523   387.132    47.23   25.06
 -93579.192   406.167    51.12   26.73
 -93206.802   423.645    46.93   27.20
 -92834.353   437.486    37.16   22.66
 -92461.847   438.145     1.77   25.81
 -92089.281   428.284   -26.47   32.42
 -91716.657   416.662   -31.19   34.64
 -91343.975   404.770   -31.91   31.62
 -90971.234   392.568   -32.74   28.13
 -90598.434   380.581   -32.15   27.36
 -90225.576   368.041   -33.63   20.34
 -89852.659   363.187   -13.01   15.13
 -89479.684   370.863    20.58   20.59
 -89106.650   382.573    31.39   20.69
 -88733.557   381.904    -1.79   20.69
 -88360.405   368.547   -35.79   28.32
 -87987.195   354.873   -36.63   23.97
 -87613.926   348.635   -16.71   14.41
 -87240.597   354.812    16.54   18.93
 -86867.210   364.587    26.18   18.60
 -86493.765   373.058    22.68   13.23
 -86120.260   379.987    18.55   11.43
 -85746.696   387.957    21.33   15.13
 -85373.073   399.813    31.73   16.71
 -84999.391   409.606    26.20   13.06
 -84625.651   415.123    14.76   12.70
 -84251.851   415.319     0.52   14.84
 -83877.992   411.479   -10.27   16.75
 -83504.074   405.452   -16.12   23.61
 -83130.096   395.500   -26.61   28.64
 -82756.060   377.635   -47.76   29.92
 -82381.964   362.827   -39.58   31.19
 -82007.809   345.905   -45.22   33.77
 -81633.595   331.822   -37.63   33.05
 -81259.322   314.947   -45.08   26.72
 -80884.989   299.630   -40.92   23.99
 -80510.597   283.870   -42.09   21.68
 -80136.145   272.411   -30.60   14.67
 -79761.634   284.618    32.59   36.00
 -79387.064   316.014    83.81   55.27
 -79012.434   351.566    94.89   51.93
 -78637.744   378.708    72.44   31.50
 -78262.995   381.158     6.54   32.42
 -77888.187   369.542   -30.99   40.01
 -77513.319   362.247   -19.46   35.30
 -77138.391   362.192    -0.15   30.11
 -76763.404   372.553    27.63   27.71
 -76388.357   387.243    39.17   22.68
 -76013.250   392.587    14.24   18.28
 -75638.083   389.851    -7.29   18.12
 -75262.857   376.760   -34.89   25.53
 -74887.571   353.547   -61.85   30.83
 -74512.225   330.147   -62.34   34.12
 -74136.820   309.014   -56.29   30.85
 -73761.354   302.507   -17.33   26.00
 -73385.829   309.946    19.81   28.38
 -73010.243   326.943    45.25   30.27
 -72634.598   346.720    52.65   25.34
 -72258.892   361.643    39.72   21.57
 -71883.127   376.373    39.20   18.87
 -71507.301   386.400    26.68   13.68
 -71131.416   390.054     9.72    9.16
 -70755.470   388.425    -4.33    9.12
 -70379.464   382.260   -16.39   10.46
 -70003.398   371.603   -28.34   15.12
 -69627.272   360.763   -28.82   19.88
 -69251.086   346.446   -38.06   21.80
 -68874.839   335.257   -29.74   24.67
 -68498.532   322.893   -32.85   31.54
 -68122.165   306.297   -44.09   38.15
 -67745.737   271.805   -91.62   60.11
 -67369.249   239.384   -86.11   64.20
 -66992.700   219.066   -53.95   52.10
 -66616.091   218.833    -0.62   53.83
 -66239.422   259.372   107.62   65.31
 -65862.692   304.333   119.34   42.17
 -65485.902   313.688    24.83   31.73
 -65109.051   291.521   -58.82   57.59
 -64732.139   249.342  -111.90   72.42
 -64355.167   208.667  -107.89   62.73
 -63978.134   183.653   -66.34   42.82
 -63601.041   175.773   -20.90   29.69
 -63223.887   181.573    15.38   31.32
 -62846.672   201.600    53.09   37.02
 -62469.396   226.205    65.22   39.59
 -62092.059   257.351    82.54   36.65
 -61714.662   285.000    73.26   33.52
 -61337.204   309.853    65.84   28.24
 -60959.685   325.529    41.52   18.28
 -60582.105   330.320    12.69   12.86
 -60204.464   325.384   -13.07   21.05
 -59826.762   311.521   -36.70   31.82
 -59448.999   289.649   -57.90   40.84
 -59071.175   270.724   -50.09   49.29
 -58693.290   261.587   -24.18   54.52
 -58315.344   257.787   -10.05   57.52
 -57937.337   246.701   -29.32   55.16
 -57559.268   223.630   -61.02   59.09
 -57181.139   229.474    15.45   50.77
 -56802.948   243.306    36.57   49.30
 -56424.696   258.897    41.22   42.46
 -56046.383   268.041    24.17   27.07
 -55668.008   249.753   -48.33   37.17
 -55289.572   217.027   -86.47   48.45
 -54911.075   177.671  -103.97   59.67
 -54532.516   136.360  -109.12   48.99
 -54153.896   127.784   -22.65   43.32
 -53775.214   148.013    53.42   59.66
 -53396.471   179.608    83.42   64.98
 -53017.666   223.280   115.28   50.15
 -52638.800   254.565    82.57   26.52
 -52259.872   264.560    26.38   17.19
 -51880.883   264.057    -1.33   19.56
 -51501.832   246.151   -47.24   39.19
 -51122.719   211.836   -90.51   53.25
 -50743.544   163.514  -127.43   63.51
 -50364.308   109.724  -141.83   58.70
 -49985.010    73.378   -95.82   48.87
 -49605.651    42.066   -82.54   22.24
 -49226.229    26.486   -41.06   14.85
 -48846.746    20.800   -14.98   16.04
 -48472.661    42.521    58.06   52.49
 -48105.035    82.539   108.85   69.96
 -47737.351   128.500   125.00   60.91
 -47369.610   159.333    83.84   42.03
 -47001.811   176.635    47.04   40.88
 -46633.954   193.936    47.03   37.98
 -46266.040   207.767    37.59   26.61
 -45898.068   217.818    27.31   14.76
 -45530.038   219.644     4.96   12.28
 -45161.950   212.227   -20.15   18.74
 -44793.804   203.315   -24.21   24.55
 -44425.600   195.560   -21.06   25.31
 -44057.339   193.795    -4.79   23.51
 -43689.019   198.630    13.13   19.68
 -43320.642   204.365    15.57   13.17
 -42952.206   203.890    -1.29   13.86
 -42583.712   202.507    -3.75   17.29
 -42215.161   200.904    -4.35   20.66
 -41846.551   205.219    11.71   21.73
 -41477.883   214.329    24.71   20.68
 -41109.157   225.581    30.52   17.44
 -40740.373   232.519    18.81   14.46
 -40371.531   237.608    13.80   14.84
 -40002.630   237.372    -0.64   14.72
 -39633.671   239.233     5.04   14.20
 -39264.654   240.065     2.25   14.97
 -38895.578   240.000    -0.18   14.93
 -38526.445   240.571     1.55   13.53
 -38157.252   243.905     9.03   13.15
 -37788.002   249.026    13.87   12.17
 -37418.693   252.347     8.99   10.90
 -37049.325   253.779     3.88   12.53
 -36679.899   255.635     5.02   13.49
 -36310.415   258.095     6.66   11.92
 -35940.872   256.411    -4.56   14.10
 -35571.270   249.329   -19.16   19.92
 -35201.610   239.527   -26.51   24.19
 -34831.891   223.904   -42.25   27.04
 -34462.114   214.329   -25.89   24.27
 -34092.277   217.853     9.53   25.11
 -33722.383   224.500    17.97   26.36
 -33352.429   238.857    38.81   20.97
 -32982.416   242.811    10.68   19.93
 -32612.345   236.333   -17.50   21.13
 -32242.215   225.014   -30.58   22.65
 -31872.026   215.740   -25.05   22.28
 -31501.779   206.743   -24.30   18.32
 -31131.472   194.026   -34.34   18.06
 -30761.106   184.041   -26.96   17.62
 -30390.682   180.286   -10.14   16.02
 -30020.198   183.315     8.18   21.92
 -29649.655   191.493    22.07   27.26
 -29279.054   196.056    12.31   25.14
 -28908.393   195.526    -1.43   18.20
 -28537.673   197.043     4.09   15.50
 -28166.894   203.827    18.30   18.67
 -27796.056   214.314    28.28   20.90
 -27425.158   228.067    37.08   20.36
 -27054.202   240.171    32.63   17.20
 -26683.186   250.934    29.01   20.55
 -26312.111   263.831    34.75   21.51
 -25940.976   278.513    39.56   21.38
 -25569.782   282.417    10.52   20.76
 -25198.529   266.610   -42.57   35.46
 -24827.216   240.944   -69.12   38.12
 -24455.844   211.613   -78.98   30.21
 -24084.413   191.069   -55.31   18.70
 -23712.922   179.961   -29.90   12.66
 -23341.371   174.389   -15.00   10.74
 -22969.761   171.093    -8.87   11.79
 -22598.091   168.405    -7.23   10.61
 -22226.362   168.853     1.20    9.74
 -21854.573   169.068     0.58    9.77
 -21482.725   167.452    -4.34   10.84
 -21110.816   166.227    -3.29   11.77
 -20738.848   169.260     8.16   15.80
 -20366.821   181.384    32.59   21.45
 -19994.733   199.500    48.69   24.58
 -19622.586   220.895    57.49   25.36
 -19250.379   235.636    39.61   25.56
 -18878.112   242.213    17.67   20.39
 -18505.785   236.329   -15.80   22.15
 -18133.398   221.703   -39.28   25.55
 -17760.951   204.932   -45.03   25.21
 -17388.444   185.240   -52.86   24.60
 -17015.877   166.733   -49.67   24.19
 -16643.250   149.260   -46.89   22.69
 -16270.563   135.224   -37.66   17.24
 -15897.816   123.237   -32.16   11.34
 -15525.009   115.446   -20.90   13.39
 -15152.142   105.082   -27.79   14.30
 -14779.214    97.600   -20.06   11.31
 -14406.226    96.878    -1.93   10.06
 -14033.178   101.068    11.23   11.07
 -13660.070   108.453    19.79   10.77
 -13286.901   113.833    14.42    9.40
 -12913.672   116.453     7.02    7.47
 -12540.383   117.431     2.62    5.33
 -12167.033   117.013    -1.12    6.19
 -11793.623   116.639    -1.00    7.21
 -11420.152   120.418    10.12    8.67
 -11046.621   125.792    14.39    6.62
 -10673.029   128.026     5.98    4.40
 -10299.377   129.514     3.98    2.26
  -9925.664   129.855     0.91    2.58
  -9551.891   128.108    -4.67    3.81
  -9178.056   125.770    -6.25    5.54
  -8804.162   122.973    -7.48    6.07
  -8430.206   120.054    -7.81    4.55
  -8056.190   117.040    -8.06    4.12
  -7682.113   114.395    -7.07    5.87
  -7307.975   109.816   -12.24    7.89
  -6933.777   103.533   -16.79    8.14
  -6559.517    97.579   -15.91    6.96
  -6185.197    91.689   -15.73    7.33
  -5810.816    86.500   -13.86    6.72
  -5436.373    82.630   -10.33    6.64
  -5061.870    77.141   -14.66    7.54
  -4687.306    72.274   -12.99    8.07
  -4312.681    65.947   -16.89    8.12
  -3937.995    59.986   -15.91    7.76
  -3563.247    54.947   -13.45    6.53
  -3188.439    47.429   -20.06    9.81
  -2813.569    39.627   -20.81   14.45
  -2438.638    29.971   -25.75   17.01
  -2063.646    21.320   -23.07   16.76
  -1688.593    13.689   -20.35   15.13
  -1313.478     8.325   -14.30   12.41
   -938.303     4.040   -11.42    8.76
   -563.065     0.779    -8.69    3.61
   -187.767     0.000    -2.08    0.00
    187.593     0.162     0.43    0.83
    563.015     0.680     1.38    1.57
    938.498     0.760     0.21    1.75
   1314.042     0.481    -0.74    1.83
   1689.648     0.307    -0.46    1.58
   2065.315     0.133    -0.46    1.35
   2441.044     0.521     1.03    1.31
   2816.835     0.587     0.18    1.12
   3192.687     0.686     0.26    1.23
   3568.601     1.026     0.91    1.67
   3944.577     1.822     2.12    2.02
   4320.614     3.307     3.95    2.95
   4696.714     4.189     2.35    3.12
   5072.874     5.590     3.72    3.98
   5449.097     7.014     3.78    4.10
   5825.382     8.756     4.63    3.74
   6201.729    10.107     3.59    2.68
   6578.137    10.803     1.85    1.83
   6954.608    11.260     1.21    1.68
   7331.140    12.368     2.94    2.05
   7707.734    17.921    14.74   15.16
   8084.391    41.880    63.61   48.78
   8461.109    93.838   137.92   77.81
   8837.890   147.068   141.28   69.03
   9214.733   184.632    99.68   36.80
   9591.638   196.041    30.27   22.38
   9968.605   189.143   -18.30   25.46
  10345.635   184.181   -13.16   23.46
  10722.726   177.823   -16.86   24.94
  11099.880   176.384    -3.82   26.65
  11477.097   171.026   -14.20   32.88
  11854.375   160.447   -28.04   37.36
  12231.716   158.701    -4.63   36.88
  12609.120   160.092     3.69   34.02
  12986.586   168.947    23.46   38.13
  13364.114   181.205    32.47   40.51
  13741.705   191.907    28.34   43.30
  14119.359   200.853    23.69   42.36
  14497.075   213.301    32.96   41.32
  14874.854   222.158    23.44   39.69
  15252.695   236.528    38.03   33.60
  15630.599   245.354    23.36   32.00
  16008.566   252.635    19.26   27.37
  16386.595   260.177    19.95   25.06
  16764.688   267.184    18.53   22.72
  17142.843   275.130    21.01   20.73
  17521.060   284.714    25.34   21.91
  17899.341   295.882    29.52   22.41
  18277.685   308.520    33.41   19.43
  18656.091   318.400    26.11   14.17
  19034.561   322.750    11.49   11.58
  19413.093   321.082    -4.41   12.10
  19791.689   317.184   -10.30   11.16
  20170.348   313.411    -9.96    9.15
  20549.069   311.734    -4.43    6.22
  20927.854   311.595    -0.37    4.83
  21306.702   312.667     2.83    4.06
  21685.613   312.013    -1.72    4.12
  22064.588   310.671    -3.54    3.40
  22443.625   310.351    -0.85    4.66
  22822.726   310.014    -0.89    6.45
  23201.890   310.176     0.43    6.62
  23581.118   310.085    -0.24    4.67
  23960.409   308.868    -3.21    5.55
  24339.763   306.569    -6.06    6.98
  24719.181   303.078    -9.20    8.42
  25098.662   299.730    -8.82   10.33
  25478.207   296.367    -8.86   14.68
  25857.815   294.122    -5.92   17.28
  26235.020   295.776     4.39   17.42
  26602.463   299.547    10.26   13.82
  26969.965   304.377    13.14    8.22
  27337.526   307.697     9.03    5.40
  27705.146   308.947     3.40    5.19
  28072.826   305.187   -10.23   10.19
  28440.564   295.946   -25.13   16.85
  28808.362   279.147   -45.68   21.36
  29176.219   266.584   -34.15   18.33
  29544.135   263.867    -7.39   17.84
  29912.111   275.577    31.82   26.05
  30280.146   292.216    45.21   24.24
  30648.240   295.375     8.58   20.27
  31016.394   288.703   -18.12   25.30
  31384.607   270.718   -48.84   30.86
  31752.880   246.770   -65.03   27.83
  32121.212   236.382   -28.21   23.53
  32489.604   234.342    -5.54   19.15
  32858.055   247.026    34.43   23.89
  33226.566   260.203    35.76   20.68
  33595.137   269.289    24.65   17.95
  33963.767   280.736    31.05   18.19
  34332.456   294.859    38.31   22.47
  34701.206   310.097    41.33   19.84
  35070.015   315.137    13.67   18.15
  35438.884   314.056    -2.93   20.42
  35807.813   309.090   -13.46   19.28
  36176.801   308.822    -0.73   16.30
  36545.850   317.171    22.62   15.34
  36914.958   327.614    28.29   11.17
  37284.126   333.750    16.62    6.32
  37653.354   336.292     6.88    3.91
  38022.643   335.579    -1.93    3.87
  38391.991   333.703    -5.08    4.33
  38761.399   329.812   -10.53    7.14
  39130.867   322.389   -20.09   12.13
  39500.395   310.835   -31.27   21.16
  39869.984   295.250   -42.17   25.60
  40239.632   281.987   -35.88   22.60
  40609.341   277.149   -13.09   20.98
  40979.110   284.592    20.13   23.00
  41348.939   298.286    37.03   17.58
  41718.828   298.342     0.15   21.06
  42088.778   288.111   -27.66   27.93
  42458.788   279.079   -24.41   25.52
  42828.858   275.625    -9.33   23.55
  43198.989   287.775    32.83   23.37
  43569.180   296.944    24.77   16.83
  43939.432   287.637   -25.14   23.06
  44309.744   274.405   -35.73   21.67
  44680.117   266.118   -22.38   14.85
  45050.550   261.167   -13.37   12.43
  45421.043   256.553   -12.45   15.01
  45791.598   250.718   -15.75   15.40
  46162.213   246.605   -11.10   13.81
  46532.888   248.946     6.31   14.76
  46903.624   262.188    35.72   19.63
  47274.421   275.306    35.38   17.11
  47645.279   287.025    31.60   12.07
  48016.197   295.944    24.05    7.71
  48387.177   302.821    18.54    7.65
  48758.217   309.425    17.80    7.37
  49129.318   315.671    16.83    8.13
  49500.480   321.944    16.90    7.04
  49871.703   327.434    14.79    5.70
  50242.986   330.919     9.39    5.20
  50614.331   330.104    -2.19    6.04
  50985.737   327.919    -5.88    7.15
  51357.204   324.925    -8.06    7.35
  51728.732   320.189   -12.75    5.91
  52100.321   316.101   -11.00    5.34
  52471.971   312.486    -9.73    3.99
  52843.682   309.808    -7.21    5.04
  53215.455   307.053    -7.41    7.14
  53587.288   303.613    -9.25    8.50
  53959.183   300.263    -9.01    8.15
  54331.140   297.105    -8.49    7.15
  54703.157   294.440    -7.16    6.70
  55075.236   294.064    -1.01    6.08
  55447.377   295.880     4.88    7.59
  55819.579   301.218    14.34    8.94
  56191.842   309.039    21.01    9.43
  56564.167   316.013    18.73    8.19
  56936.553   321.234    14.02    5.59
  57309.001   324.130     7.78    3.10
  57681.510   324.038    -0.25    4.00
  58054.081   324.182     0.39    5.21
  58426.714   326.429     6.03    8.02
  58799.408   325.895    -1.43    9.06
  59172.164   320.662   -14.04   11.29
  59544.981   311.816   -23.73   14.85
  59917.861   298.266   -36.34   16.35
  60290.802   288.908   -25.09   11.51
  60663.805   286.718    -5.87    8.81
  61036.870   290.649    10.54   12.00
  61409.997   301.280    28.49   13.85
  61783.186   311.935    28.55   14.53
  62156.436   320.829    23.83   12.37
  62529.749   327.324    17.40   11.70
  62903.123   331.538    11.28   10.30
  63276.560   333.236     4.55    8.16
  63650.059   330.550    -7.19   10.11
  64023.620   323.932   -17.72   11.38
  64397.243   313.592   -27.67   12.01
  64770.928   303.973   -25.74    9.56
  65144.675   298.065   -15.81    8.18
  65518.485   292.068   -16.04    5.03
  65892.356   288.211   -10.32    4.53
  66266.290   285.347    -7.66    4.50
  66640.287   282.329    -8.07    4.33
  67014.346   279.613    -7.26    3.97
  67388.467   277.785    -4.89    4.71
  67762.650   275.947    -4.91    4.50
  68136.896   274.564    -3.69    3.96
  68511.205   274.756     0.51    3.10
  68885.576   275.722     2.58    3.88
  69260.009   274.974    -2.00    5.86
  69634.505   273.256    -4.59    7.14
  70009.064   270.182    -8.21    8.58
  70383.686   264.947   -13.98   10.21
  70758.370   257.474   -19.94   11.97
  71133.116   251.447   -16.08   11.80
  71507.926   244.526   -18.47    7.88
  71882.798   241.737    -7.44    7.34
  72257.733   242.132     1.05   10.06
  72632.731   242.187     0.15   11.38
  73007.792   239.197    -7.97   11.70
  73382.915   233.849   -14.26   11.46
  73758.102   228.475   -14.33    9.29
  74133.351   225.208    -8.71    4.81
  74508.664   227.262     5.47    5.22
  74884.039   230.096     7.55    5.30
  75259.478   233.089     7.97    4.38
  75634.979   235.267     5.80    3.87
  76010.544   236.506     3.30    3.65
  76386.172   238.130     4.32    3.98
  76761.863   238.948     2.18    4.24
  77137.617   240.143     3.18    4.66
  77513.435   242.013     4.98    4.60
  77889.316   243.618     4.27    4.11
  78265.260   244.711     2.91    3.88
  78641.267   247.597     7.68    5.42
  79017.338   251.789    11.15    7.13
  79393.472   256.831    13.40    7.23
  79769.670   259.909     8.18    5.91
  80145.931   260.789     2.34    5.68
  80522.256   259.473    -3.50    6.65
  80898.644   259.413    -0.16    7.13
  81275.096   260.847     3.81    6.98
  81651.611   261.425     1.53    5.60
  82028.190   257.712    -9.86    8.27
  82404.833   248.218   -25.21   12.03
  82781.539   238.882   -24.79   12.56
  83158.309   229.750   -24.24   10.04
  83535.143   222.753   -18.57    5.42
  83912.041   218.792   -10.51    4.76
  84289.002   214.974   -10.13    4.95
  84666.028   212.184    -7.40    4.69
  85043.117   208.718    -9.19    4.48
  85420.270   206.500    -5.88    3.93
  85797.487   204.885    -4.28    3.16
  86174.769   203.224    -4.40    4.02
  86552.114   199.221   -10.61    7.61
  86929.523   191.630   -20.11   10.91
  87306.996   180.671   -29.03   14.37
  87684.534   170.622   -26.62   12.32
  88062.135   162.812   -20.68    9.18
  88439.801   160.743    -5.48    7.11
  88817.531   164.949    11.14   10.89
  89195.326   171.720    17.92   12.21
  89573.184   176.844    13.56    8.60
  89951.107   178.392     4.10    5.94
  90329.094   175.212    -8.41    8.12
  90707.146   167.338   -20.83    9.72
  91085.262   159.724   -20.14   11.19
  91463.443   155.013   -12.46    9.18
  91841.688   153.333    -4.44    6.95
  92219.997   158.188    12.83   10.33
  92598.371   165.297    18.79    9.10
  92976.810   172.132    18.06   11.17
  93355.313   179.440    19.31   11.04
  93733.881   183.282    10.15    9.23
  94112.514   184.500     3.22    6.29
  94491.212   180.506   -10.55    8.58
  94869.974   173.737   -17.87    8.87
  95248.801   166.329   -19.56    7.52
  95627.692   161.506   -12.73    6.06
  96006.649   160.603    -2.39    6.93
  96385.671   164.718    10.86   11.42
  96764.757   171.077    16.78   13.26
  97143.909   180.013    23.57   12.90
  97523.125   188.203    21.60   13.62
  97902.406   197.913    25.60   17.29
  98281.753   207.972    26.52   17.73
  98661.164   222.562    38.46   17.81
  99040.641   234.533    31.55   13.27
  99420.183   239.169    12.21   10.39
  99799.790   237.262    -5.02   12.19
 100179.463   227.625   -25.39   15.37
 100559.200   213.000   -38.52   13.90
 100939.003   202.067   -28.79   12.67
 101307.046   195.430   -18.03    8.63
 101674.360   194.026    -3.82    7.56
 102041.735   198.481    12.13    9.48
 102409.170   203.481    13.61    7.29
 102776.666   207.062     9.75    5.81
 103144.223   209.304     6.10    4.92
 103511.841   208.154    -3.13    5.84
 103879.519   205.603    -6.94    7.39
 104247.258   200.908   -12.77    9.34
 104615.057   193.833   -19.24   11.00
 104982.918   184.289   -25.95   12.61
 105350.839   175.130   -24.90   12.11
 105718.822   165.923   -25.02    9.55
 106086.865   158.367   -20.53    8.74
 106454.969   151.260   -19.31    8.73
 106823.134   146.769   -12.20    7.75
 107191.360   146.707    -0.17    9.26
 107559.648   153.500    18.45   15.60
 107927.996   164.293    29.30   16.91
 108296.405   175.038    29.17   14.50
 108664.876   183.882    24.00    9.64
 109033.408   187.571    10.01    6.53
 109402.001   188.026     1.23    5.81
 109770.655   187.167    -2.33    6.26
 110139.370   187.000    -0.45    6.46
 110508.147   189.675     7.25    7.15
 110876.985   196.740    19.16   12.27
 111245.885   200.950    11.41   12.44
 111614.845   198.000    -8.00   19.00
 111983.868   189.714   -22.46   21.12
 112352.951   175.905   -37.42   15.00
 112722.096   166.700   -24.94    7.61
 113091.303   162.162   -12.29    7.89
 113460.571   157.712   -12.05    8.00
 113829.901   153.351   -11.81    6.24
 114199.293   152.837    -1.39    5.36
 114568.746   154.432     4.32    6.08
 114938.260   158.506    11.03    6.29
 115307.837   160.689     5.91    4.71
 115677.475   163.304     7.07    6.51
 116047.175   166.257     7.99    7.95
 116416.936   172.225    16.14   11.36
 116786.760   181.534    25.17   12.37
 117156.645   191.125    25.93   14.57
 117526.592   199.356    22.25   10.40
 117896.602   199.805     1.21    9.77
 118266.673   195.233   -12.36   13.00
 118636.806   185.228   -27.03   14.24
 119007.001   175.473   -26.35    9.81
 119377.258   169.300   -16.67    7.35
 119747.577   164.757   -12.27    5.57
 120117.959   161.212    -9.57    6.04
 120488.402   156.452   -12.85    5.60
 120858.908   152.143   -11.63    5.63
 121229.476   147.986   -11.22    4.45
 121600.106   144.450    -9.54    3.93
 121970.798   143.054    -3.77    3.72
 122341.553   143.613     1.51    4.45
 122712.370   145.865     6.07    5.25
 123083.249   149.367     9.44    6.54
 123454.191   153.405    10.89    5.80
 123825.195   158.909    14.84    8.52
 124196.261   164.479    15.01    9.23
 124567.390   170.562    16.39   10.50
 124938.582   177.767    19.41    8.48
 125309.836   180.975     8.64    5.71
 125681.153   179.243    -4.66    7.99
 126052.532   171.950   -19.64   11.01
 126423.974   164.533   -19.97    9.31
 126795.479   158.961   -15.00    6.13
 127167.046   155.676    -8.84    4.89
 127538.677   152.212    -9.32    6.49
 127910.369   148.167   -10.89    6.28
 128282.125   144.637    -9.49    5.15
 128653.944   141.514    -8.40    2.38
 129025.825   141.792     0.75    3.40
 129397.769   143.811     5.43    4.71
 129769.777   147.550    10.05    5.30
 130141.847   151.405    10.36    3.60
 130513.980   153.889     6.67    3.40
 130886.176   156.527     7.09    3.63
 131258.436   159.562     8.16    4.49
 131630.758   162.811     8.73    4.36
 132003.144   165.792     8.01    4.48
 132375.593   168.400     7.00    3.72
 132748.105   170.250     4.97    3.79
 133120.680   172.237     5.33    4.75
 133493.318   175.113     7.72    6.06
 133866.020   177.763     7.11    5.79
 134238.785   179.924     5.80    6.12
 134611.613   181.013     2.92    6.83
 134984.505   181.544     1.43    6.71
 135357.460   184.273     7.32    7.71
 135730.479   190.367    16.34   10.41
 136103.561   196.385    16.13    8.90
 136476.707   198.114     4.63    8.06
 136849.916   195.731    -6.39    9.47
 137223.189   189.709   -16.13   10.30
 137596.525   182.370   -19.66   10.16
 137969.925   176.430   -15.91    8.46
 138343.389   171.403   -13.46    6.14
 138716.917   168.615    -7.46    3.68
 139090.508   169.091     1.27    3.98
 139464.163   170.500     3.77    4.36
 139837.882   173.837     8.93    5.26
 140211.664   178.444    12.33    5.75
 140585.511   180.950     6.70    5.11
 140959.421   181.910     2.57    4.05
 141333.396   179.800    -5.64    5.25
 141707.434   176.782    -8.07    5.25
 142081.537   172.848   -10.52    4.70
 142455.703   169.987    -7.65    4.09
 142829.934   167.304    -7.17    4.18
 143204.228   165.182    -5.67    3.05
 143578.587   165.125    -0.15    3.01
 143953.010   166.147     2.73    3.67
 144327.497   167.525     3.68    3.46
 144702.049   168.689     3.11    3.24
 145076.665   169.728     2.77    2.78
 145451.345   169.662    -0.18    2.29
 145826.089   170.100     1.17    2.00
 146200.898   170.649     1.46    2.33
 146575.771   171.562     2.44    2.87
 146950.709   173.145     4.22    2.85
 147325.711   174.163     2.71    2.41
 147700.778   175.218     2.81    3.05
 148075.909   176.525     3.48    3.36
 148451.105   178.154     4.34    4.14
 148826.365   180.025     4.99    4.43
 149201.690   182.597     6.85    4.47
 149577.080   186.114     9.37    5.23
 149952.534   189.821     9.87    5.01
 150328.053   192.675     7.60    4.52
 150703.637   193.975     3.46    3.70
 151079.286   191.456    -6.71    5.19
 151455.000   187.392   -10.82    6.42
 151830.778   184.538    -7.60    5.86
 152206.622   182.500    -5.42    3.45
 152582.530   183.750     3.33    4.17
 152958.504   186.886     8.34    5.36
 153334.542   190.117     8.59    5.68
 153710.645   194.163    10.76    5.26
 154086.814   196.527     6.29    4.21
 154463.048   197.852     3.52    4.28
 154839.346   198.649     2.12    4.60
 155215.711   196.663    -5.28    5.81
 155592.140   192.195   -11.87    8.35
 155968.634   186.076   -16.25   10.12
 156345.194   177.013   -24.07    9.66
 156721.819   172.506   -11.97    8.95
 157098.510   167.590   -13.05    9.72
 157475.266   162.167   -14.40    9.49
 157852.087   159.000    -8.40    9.42
 158228.974   156.309    -7.14    9.77
 158605.926   153.337    -7.88   11.14
 158982.944   147.282   -16.06   14.86
 159360.027   137.038   -27.17   15.36
 159737.176   131.974   -13.43   12.36
 160114.391   133.712     4.61   13.53
 160491.671   144.320    28.12   18.61
 160869.017   159.909    41.32   18.98
 161246.429   171.237    30.02   13.25
 161623.906   177.375    16.26   13.24
 162001.450   180.880     9.28   12.49
 162379.059   180.250    -1.67   10.48
 162756.734   178.040    -5.85   10.97
 163134.475   170.413   -20.20   13.63
 163512.282   162.367   -21.30    9.99
 163890.155   157.684   -12.40    7.74
 164268.094   151.128   -17.35   11.59
 164646.099   142.263   -23.46   17.36
 165024.170   132.308   -26.34   16.66
 165402.307   128.620    -9.75   14.14
 165780.510   132.210     9.49   16.88
 166158.780   144.385    32.19   18.71
 166537.116   160.350    42.20   19.57
 166915.518   173.213    34.00   14.45
 167293.986   175.212     5.28   13.66
 167672.521   169.770   -14.38   20.13
 168051.122   152.747   -44.97   21.83
 168429.789   138.658   -37.21   13.76
 168808.523   133.538   -13.52    8.54
 169187.323   136.156     6.91   11.03
 169566.190   141.400    13.84   10.23
 169945.123   145.608    11.11    6.28
 170324.123   143.900    -4.51    7.37
 170703.190   135.432   -22.34   12.34
 171082.323   127.628   -20.59   12.29
 171461.523   125.350    -6.01   10.77
 171840.790   125.724     0.99   11.07
 172220.123   121.099   -12.19   15.74
 172599.523   113.108   -21.06   20.10
 172978.990   100.304   -33.75   16.97
 173358.524    89.701   -27.94    5.46
 173738.125    86.200    -9.22    3.73
 174117.793    85.833    -0.97    4.64
 174497.527    88.750     7.68    7.98
 174877.329    96.864    21.37   12.03
 175257.198   106.444    25.22   12.20
 175637.133   115.700    24.36   10.06
 176008.515   122.203    17.51    7.53
 176375.635   126.481    11.66    5.52
 176742.816   128.831     6.40    5.05
 177110.060   131.114     6.22    5.60
 177477.365   134.600     9.49    6.54
 177844.733   140.247    15.37    9.42
 178212.163   146.000    15.66    9.32
 178579.655   152.128    16.68    7.74
 178947.210   156.413    11.66    6.29
 179314.827   158.397     5.40    5.13
 179682.506   156.425    -5.37    7.13
 180050.248   149.506   -18.82   11.45
 180418.052   140.188   -25.34   11.82
 180785.918   134.276   -16.07    7.77
 181153.847   135.387     3.02    9.51
 181521.839   141.716    17.20   12.88
 181889.893   149.988    22.48   11.18
 182258.009   156.434    17.51    6.31
 182626.189   157.765     3.62    6.70
 182994.430   157.243    -1.42    7.69
 183362.735   156.074    -3.17    7.70
 183731.102   153.149    -7.94   10.25
 184099.532   145.654   -20.34   14.58
 184468.025   136.092   -25.95   15.74
 184836.580   125.562   -28.57   15.60
 185205.199   115.276   -27.91   13.29
 185573.880   106.262   -24.45   11.41
 185942.624   101.104   -13.99    8.06
 186311.431   101.850     2.02    8.75
 186680.301   109.646    21.14   13.49
 187049.234   119.062    25.53   11.53
 187418.230   120.833     4.80    9.52
 187787.290   112.875   -21.57   15.97
 188156.412   101.051   -32.04   19.41
 188525.597    86.562   -39.25   15.00
 188894.846    78.725   -21.23    7.41
 189264.157    78.463    -0.71    6.45
 189633.532    84.544    16.47   11.51
 190002.970    92.875    22.55   11.58
 190372.472    98.962    16.47   10.08
 190742.037   102.914    10.70    9.10
 191111.665   106.580     9.92   10.12
 191481.356   111.225    12.57   11.85
 191851.111   116.367    13.91   13.18
 192220.930   122.429    16.39   12.14
 192590.812   128.418    16.19   11.57
 192960.757   134.262    15.80   11.56
 193330.766   139.457    14.04   10.47
 193700.839   142.450     8.09    8.58
 194070.975   144.628     5.89    8.29
 194441.175   147.949     8.97    8.90
 194811.438   154.772    18.43   15.12
 195181.766   165.762    29.68   20.43
 195552.157   176.457    28.88   20.74
 195922.611   188.646    32.91   19.04
 196293.130   192.188     9.56   20.36
 196663.712   191.590    -1.61   22.45
 197034.359   186.038   -14.98   21.04
 197405.069   179.722   -17.04   15.37
 197775.843   174.654   -13.67   11.07
 198146.681   167.000   -20.64   12.68
 198517.584   159.975   -18.94   13.09
 198888.550   156.103   -10.44    9.62
 199259.580   159.438     8.99   11.71
 199630.675   171.443    32.36   17.39
 200001.833   179.573    21.91   15.32
 200373.056   184.438    13.11   12.99
 200744.343   187.800     9.06   10.97
 201115.694   187.241    -1.51   11.47
 201487.110   180.188   -18.99   14.85
 201858.590   167.114   -35.20   18.63
 202230.134   152.198   -40.15   18.03
 202601.743   135.848   -44.00   16.18
 202973.416   120.613   -41.00   19.84
 203345.153   101.570   -51.24   20.35
 203716.955    93.802   -20.89   15.05
 204088.822    95.342     4.14   15.01
 204460.753   105.531    27.40   19.38
 204832.748   122.637    45.99   19.92
 205204.809   133.153    28.27   17.65
 205576.934   140.745    20.41   17.82
