# NaN NaN NaN ;Mean Elev.(m), Avg Gradient(m/km), RMS Gradient(m/km) - SRTM1     
#   60.733   0.742  26.950 ;Mean Elev.(m), Avg Gradient(m/km), RMS Gradient(m/km) - ASTER GDEM
#   66.564   0.806  27.498 ;Mean Elev.(m), Avg Gradient(m/km), RMS Gradient(m/km) - GMTED2010 
  8 129.958289  62.447873    79.463    79.439 13 52512.50948408 46.784
 10 129.925950  62.466925    82.837    82.837  2 52582.50953415 25.010
 11 129.934146  62.464669    82.176    82.148  7 52617.50950628 22.048
 12 129.930235  62.465672    81.978    81.862  6 52652.50948134 19.342
 13 129.938795  62.465051    81.483    81.482 10 52687.50947853 19.920
 14 129.923691  62.468100    81.662    81.662  2 52722.50952674 14.660
 19 129.927954  62.466839    82.766    82.775  4 52897.50964334 39.994
 20 129.936829  62.464795    81.374    81.363  8 52932.50958904 47.977
 23 129.934112  62.466267    81.933    81.928  8 53037.50956833 20.087
 24 129.924070  62.468871    81.877    81.877  2 53072.50959441 18.635
 25 129.939189  62.464157    82.237    82.337 10 53107.50956846 17.314
 27 129.926958  62.466758    88.417    88.423  3 53177.50962657 46.031
 28 129.923766  62.468490    84.228    84.228  2 53212.50964709 26.329
 29 129.935977  62.464656    82.436    82.420  9 53247.50961485 45.896
 31 129.925116  62.467154    82.697    82.697  2 53317.50960803 20.694
 32 129.938941  62.465546    83.261    83.126 10 53352.50957308 18.118
 34 129.936041  62.465076    82.741    82.752  8 53422.50956695 16.586
 37 129.932700  62.465175    85.001    85.029  6 53527.50963752 39.349
 38 129.923800  62.467647    85.215    85.215  2 53562.50966736 31.817
 39 129.940272  62.464622    84.412    84.217 10 53597.50960613 34.655
 42 129.937539  62.464495    82.841    83.536  9 53702.50956950 18.956
 43 129.969835  62.440662    85.555    86.491 15 53737.50947404 17.897
 50 129.935424  62.464742    84.136    84.156  8 53982.50955631 49.156
 52 129.934580  62.465415    83.689    83.722  8 54052.50957898 22.030
 53 129.935281  62.464347    84.374    84.396  8 54087.50957063 15.578
 54 129.967061  62.441574    85.798    85.939 14 54122.50948940 14.496
 55 129.925850  62.467049    83.114    83.114  2 54157.50953337 14.485
 56 129.954265  62.450677    85.241    85.890 13 54192.50949077 12.077
 59 129.931447  62.464461    85.068    84.985  5 54297.50956847 25.679
 60 129.935539  62.464900    84.073    83.979  8 54332.50955871 26.998
 61 129.953721  62.449433    84.888    85.554 12 54367.50949648 27.234
 62 129.930800  62.465568    81.715    81.728  5 54402.50950182 50.241
 63 129.935784  62.465937    84.072    84.069  9 54437.50945887 18.422
 65 129.949802  62.453383    84.570    84.904 12 54507.50946750 15.792
 66 129.930799  62.464835    83.230    83.044  5 54542.50950150 12.822
 67 129.953745  62.449400    85.684    85.787 12 54577.50946906  9.317
 68 129.930253  62.465293    86.638    86.652  5 54612.50949268 48.243
 69 129.926134  62.467715    85.792    85.792  2 54647.50950014 28.241
 70 129.931846  62.465603    83.201    83.225  6 54682.50950031 46.718
 71 129.954375  62.449297    87.461    87.446 12 54717.50944470 29.246
 73 129.936348  62.465682    83.379    83.110  9 54787.50943829 39.333
 75 129.937695  62.464931    83.006    82.998  9 54857.50943419 16.016
 76 129.928976  62.466612    83.169    83.085  5 54892.50946976 14.838
 77 129.947950  62.455622    84.178    84.521 11 54927.50943030 12.814
 79 129.924630  62.468065    87.821    87.821  2 54997.50949040 51.687
 80 129.929099  62.465616    84.621    84.605  4 55032.50947933 44.699
 81 129.936075  62.464346    85.129    85.032  8 55067.50946765 23.203
 82 129.952384  62.451076    83.916    83.927 13 55102.50940410 45.362
 84 129.938455  62.464817    82.908    82.899 10 55172.50937552 21.197
 86 129.942625  62.461851    82.519    82.750  8 55242.50937951 14.608
 87 129.932435  62.464842    83.209    83.372  6 55277.50940229 12.786
 88 129.939693  62.465036    84.975    84.460 11 55312.50936581 28.153
 89 129.932068  62.465188    85.906    85.907  7 55347.50937252 51.272
 90 129.932840  62.465875    83.210    83.195  7 55382.50936360 49.843
 92 129.937077  62.465381    83.504    83.516  9 55452.50937315 49.762
 93 129.957305  62.449278    81.849    81.881 15 55487.50929165 47.965
