-295688.075   401.108     0.00   12.63
-295318.305   408.407    19.73   17.46
-294948.481   420.793    33.48   25.82
-294578.603   447.000    70.83   34.76
-294208.670   473.206    70.82   39.10
-293838.684   501.781    77.21   39.27
-293468.642   526.871    67.79   31.16
-293098.547   553.959    73.17   34.01
-292728.397   581.725    74.99   38.88
-292358.193   616.069    92.75   49.77
-291987.935   651.913    96.78   49.16
-291617.622   646.380   -14.94   51.28
-291247.255   630.000   -44.22   61.85
-290876.833   595.203   -93.91   65.19
-290506.357   559.231   -97.07   50.57
-290135.826   557.457    -4.79   52.90
-289765.241   591.552    91.98   86.51
-289394.601   625.203    90.77   81.54
-289023.907   633.368    22.02   77.70
-288653.158   583.155  -135.40   89.21
-288282.354   524.855  -157.18   51.13
-287911.496   511.750   -35.33   33.44
-287540.583   524.870    35.36   48.69
-287169.615   553.836    78.06   55.39
-286798.593   575.971    59.65   46.31
-286427.516   586.562    28.53   40.31
-286056.384   594.300    20.85   35.57
-285685.197   605.250    29.49   31.59
-285313.956   621.786    44.53   24.84
-284942.660   629.958    22.01   16.81
-284571.308   627.014    -7.93   18.70
-284199.902   611.662   -41.32   22.50
-283828.441   591.403   -54.53   22.35
-283456.925   574.528   -45.41   23.72
-283085.354   554.380   -54.21   24.36
-282713.728   539.113   -41.07   18.42
-282342.047   526.153   -34.86   16.49
-281970.311   519.420   -18.11   17.23
-281598.520   513.324   -16.39   22.61
-281226.674   514.400     2.89   29.96
-280854.773   519.408    13.46   35.57
-280482.816   526.706    19.61   39.85
-280110.804   529.270     6.89   35.31
-279738.737   537.103    21.05   37.27
-279366.615   541.320    11.33   48.17
-278994.438   559.493    48.82   61.50
-278622.205   590.676    83.75   69.27
-278249.917   610.179    52.37   65.46
-277877.574   605.603   -12.29   60.94
-277505.176   580.971   -66.13   66.82
-277132.721   557.319   -63.49   57.84
-276760.212   552.580   -12.72   58.33
-276387.647   571.167    49.88   64.91
-276015.027   590.873    52.87   55.77
-275642.351   607.268    43.98   46.36
-275269.620   612.085    12.92   41.61
-274896.833   609.653    -6.52   43.08
-274523.991   603.620   -16.18   47.17
-274151.093   599.099   -12.12   39.80
-273778.139   608.082    24.08   41.79
-273405.130   628.116    53.70   47.26
-273032.065   645.620    46.91   44.50
-272658.944   640.647   -13.32   54.09
-272285.768   618.113   -60.37   69.30
-271912.536   577.279  -109.38   75.21
-271539.248   539.378  -101.51   73.89
-271165.905   504.971   -92.14   63.89
-270792.505   477.041   -74.78   55.05
-270419.050   453.507   -63.00   52.31
-270045.539   430.000   -62.92   51.85
-269671.972   396.229   -90.38   43.28
-269298.349   369.890   -70.48   35.27
-268924.670   345.600   -64.99   30.82
-268550.935   328.778   -45.00   24.79
-268177.144   313.403   -41.12   13.75
-267803.297   309.761    -9.74   11.63
-267429.394   314.070    11.52   22.07
-267055.435   325.786    31.32   34.55
-266681.420   341.875    43.01   42.52
-266307.349   362.486    55.09   57.76
-265933.222   387.225    66.11   68.95
-265559.038   413.412    69.97   75.48
-265184.798   419.841    17.17   62.01
-264810.502   415.433   -11.77   50.14
-264436.150   406.771   -23.13   40.19
-264061.742   391.157   -41.69   28.09
-263687.277   377.875   -35.46   26.21
-263312.755   357.239   -55.09   29.39
-262938.178   338.417   -50.24   32.54
-262563.544   318.366   -53.51   19.17
-262188.854   323.746    14.36   39.40
-261814.107   377.694   143.92   97.19
-261439.303   432.457   146.08  102.29
-261064.444   494.583   165.69   77.44
-260689.527   527.043    86.56   51.14
-260314.555   537.068    26.73   50.53
-259939.525   541.091    10.72   53.01
-259564.439   532.453   -23.02   67.89
-259189.296   529.788    -7.10   77.19
-258814.097   512.757   -45.38   78.55
-258438.841   494.609   -48.35   60.00
-258063.529   495.959     3.60   48.88
-257688.159   509.129    35.08   54.96
-257312.733   531.042    58.36   61.74
-256937.250   556.085    66.68   57.90
-256561.710   567.268    29.77   46.33
-256186.114   570.069     7.46   33.59
-255810.460   562.521   -20.09   36.86
-255434.750   538.097   -64.99   51.13
-255058.982   514.657   -62.37   51.11
-254683.158   484.157   -81.14   54.77
-254307.277   466.239   -47.66   57.70
-253931.339   448.200   -47.97   50.25
-253555.344   431.441   -44.56   31.05
-253179.291   433.113     4.44   24.29
-252803.182   447.535    38.34   28.28
-252427.016   461.833    38.00   31.41
-252050.792   474.465    33.57   31.87
-251674.511   489.408    39.71   43.65
-251298.173   506.819    46.25   51.00
-250921.778   524.800    47.76   48.02
-250545.326   550.000    66.93   47.77
-250168.816   570.623    54.76   58.11
-249792.249   609.946   104.40   77.65
-249415.625   661.364   136.49   77.89
-249038.943   697.480    95.86   63.55
-248662.204   715.015    46.53   50.69
-248285.408   714.986    -0.08   44.78
-247908.554   714.429    -1.48   36.15
-247531.643   718.097     9.73   26.93
-247154.674   722.986    12.97   27.84
-246777.648   719.183   -10.08   48.85
-246400.564   697.141   -58.44   67.88
-246023.423   659.620   -99.47   72.44
-245646.224   616.056  -115.47   58.75
-245268.967   581.632   -91.23   39.98
-244891.653   560.380   -56.31   21.63
-244514.281   555.176   -13.79   17.82
-244136.852   565.690    27.85   33.77
-243759.364   593.186    72.82   61.52
-243381.819   618.274    66.44   78.65
-243004.217   635.597    45.87   84.54
-242626.556   640.389    12.69   86.04
-242248.837   628.438   -31.63   77.33
-241871.061   607.155   -56.33   75.42
-241493.227   577.676   -78.00   75.62
-241115.335   531.696  -121.65   78.60
-240737.385   485.732  -121.59   72.26
-240359.377   452.294   -88.44   47.80
-239981.311   441.042   -29.76   25.76
-239603.186   454.972    36.83   31.42
-239225.004   466.792    31.25   27.16
-238846.764   465.000    -4.74   31.16
-238468.466   451.803   -34.88   32.43
-238090.109   437.556   -37.65   16.63
-237711.695   443.229    14.99   22.49
-237333.222   463.635    53.91   35.11
-236954.691   494.164    80.63   39.76
-236576.102   523.907    78.54   36.79
-236197.454   538.147    37.60   24.17
-235818.748   527.356   -28.49   32.68
-235439.984   504.296   -60.87   36.71
-235061.162   486.639   -46.60   26.96
-234682.281   479.151   -19.76   20.14
-234303.341   485.743    17.39   25.33
-233924.344   492.767    18.53   28.51
-233545.287   494.043     3.37   27.11
-233166.173   499.351    14.00   23.07
-232786.999   506.235    18.15   21.19
-232409.118   522.851    43.96   24.93
-232041.184   539.580    45.46   22.33
-231673.195   549.667    27.41   24.47
-231305.151   552.479     7.64   31.12
-230937.053   551.208    -3.45   32.02
-230568.900   547.789    -9.29   29.36
-230200.692   547.789     0.00   20.92
-229832.429   545.486    -6.25   14.34
-229464.111   539.861   -15.27   17.27
-229095.738   524.451   -41.83   26.14
-228727.311   506.397   -48.99   28.20
-228358.828   493.917   -33.86   21.49
-227990.290   494.301     1.04   24.30
-227621.697   509.887    42.28   32.76
-227253.049   532.625    61.67   32.55
-226884.346   558.729    70.78   32.88
-226515.588   582.736    65.09   29.44
-226146.775   605.786    62.48   24.29
-225777.907   620.319    39.39   17.36
-225408.983   623.029     7.34   20.53
-225040.004   614.986   -21.79   35.13
-224670.970   599.000   -43.31   55.11
-224301.881   584.662   -38.84   66.59
-223932.736   572.431   -33.13   74.24
-223563.536   584.181    31.82   75.62
-223194.281   624.718   109.76   90.99
-222824.970   659.569    94.35   89.56
-222455.604   680.986    57.97   77.32
-222086.183   657.014   -64.88  108.44
-221716.706   601.887  -149.17  124.89
-221347.173   562.479  -106.62  111.71
-220977.585   555.915   -17.76  112.40
-220607.942   576.986    56.99  108.16
-220238.243   594.222    46.61   89.01
-219868.488   585.932   -22.42   78.38
-219498.678   575.608   -27.91   58.80
-219128.812   571.767   -10.38   39.43
-218758.891   570.219    -4.18   31.36
-218388.914   559.123   -29.98   43.04
-218018.881   542.616   -44.60   54.04
-217648.792   524.444   -49.09   56.20
-217278.648   496.027   -76.76   58.86
-216908.448   467.310   -77.56   64.32
-216538.192   432.932   -92.83   61.80
-216167.880   406.186   -72.21   54.82
-215797.512   381.806   -65.81   52.74
-215427.089   364.845   -45.78   51.94
-215056.609   333.761   -83.89   45.37
-214686.074   308.465   -68.26   35.73
-214315.482   282.444   -70.20   25.66
-213944.835   263.225   -51.84   27.19
-213574.132   244.597   -50.24   24.04
-213203.372   232.662   -32.19   18.42
-212832.557   227.319   -14.40   13.05
-212461.685   241.855    39.19   36.18
-212090.757   274.778    88.74   55.30
-211719.773   311.899   100.04   49.56
-211348.733   327.614    42.35   33.72
-210977.637   321.764   -15.76   40.64
-210606.484   303.086   -50.32   43.01
-210235.276   290.901   -32.82   35.01
-209864.011   293.786     7.77   33.02
-209492.689   305.000    30.20   40.26
-209121.312   328.986    64.57   50.99
-208749.877   355.535    71.46   47.73
-208378.387   373.932    49.51   44.66
-208006.840   388.859    40.17   40.68
-207635.237   398.757    26.63   38.94
-207263.577   410.611    31.89   33.82
-206891.861   423.216    33.90   29.36
-206520.088   436.458    35.61   23.58
-206148.259   445.041    23.08   24.36
-205776.373   454.597    25.69   26.43
-205404.430   457.958     9.03   28.78
-205032.431   447.819   -27.25   41.32
-204660.375   429.889   -48.18   50.72
-204288.263   395.167   -93.29   57.28
-203916.094   371.542   -63.47   47.30
-203543.868   366.597   -13.28   35.41
-203171.585   379.458    34.54   34.06
-202799.246   398.274    50.52   34.69
-202426.849   407.803    25.58   44.51
-202054.396   407.784    -0.05   46.20
-201681.886   414.319    17.54   45.95
-201309.320   429.338    40.31   54.37
-200936.696   459.397    80.65   66.25
-200564.015   464.893    14.75   67.33
-200191.277   459.059   -15.65   64.20
-199818.483   427.253   -85.30   71.43
-199445.631   378.507  -130.72   77.57
-199072.722   343.878   -92.85   69.49
-198699.756   323.333   -55.08   47.02
-198326.733   340.781    46.77   57.68
-197953.653   389.254   129.90   69.35
-197580.516   437.575   129.48   63.45
-197207.321   463.472    69.38   53.71
-196834.070   455.205   -22.14   66.41
-196460.761   417.685  -100.49   84.14
-196087.395   397.878   -53.04   74.20
-195713.971   411.712    37.04   80.74
-195340.490   429.577    47.83   75.66
-194966.952   444.137    38.97   69.97
-194593.357   427.352   -44.92   83.83
-194219.704   383.507  -117.32   91.88
-193845.993   326.217  -153.27   90.46
-193472.226   273.133  -142.00   75.41
-193098.400   237.735   -94.68   53.33
-192724.517   222.960   -39.51   40.66
-192350.577   213.676   -24.82   35.00
-191976.579   205.947   -20.66   28.07
-191602.524   202.681    -8.73   23.60
-191228.411   201.257    -3.81   18.51
-190854.240   198.958    -6.14   18.15
-190480.011   196.822    -5.71   19.65
-190105.725   188.125   -23.23   20.05
-189731.381   179.000   -24.37   19.42
-189356.979   184.562    14.85   48.24
-188982.520   211.347    71.52   88.68
-188608.003   258.507   125.90  120.76
-188233.428   279.958    57.26  114.41
-187858.795   293.521    36.20   91.81
-187484.104   291.732    -4.77   68.10
-187109.355   295.419     9.84   53.35
-186734.548   318.382    61.26   58.02
-186359.683   347.360    77.29   58.95
-185984.761   372.221    66.30   59.51
-185609.780   399.392    72.45   58.23
-185234.741   426.725    72.87   51.14
-184859.644   447.284    54.80   44.25
-184484.489   456.083    23.45   44.71
-184109.276   441.319   -39.34   55.09
-183734.004   420.306   -55.99   58.58
-183358.675   384.973   -94.12   62.61
-182983.287   360.603   -64.91   51.51
-182607.841   351.569   -24.06   40.78
-182232.337   357.479    15.74   45.18
-181856.774   380.111    60.25   49.07
-181481.153   404.851    65.85   54.05
-181105.474   424.174    51.43   51.88
-180729.736   433.014    23.52   47.12
-180353.940   443.618    28.21   39.64
-179978.085   456.068    33.12   32.96
-179602.172   472.870    44.69   28.77
-179226.200   485.176    32.73   21.86
-178850.170   485.819     1.71   20.67
-178474.082   464.438   -56.84   36.62
-178097.934   422.694  -110.96   55.28
-177721.728   382.486  -106.86   55.81
-177345.464   357.181   -67.24   45.01
-176969.141   354.347    -7.53   41.92
-176592.759   369.452    40.13   43.76
-176216.318   403.873    91.42   41.78
-175839.818   443.446   105.09   39.98
-175463.260   472.412    76.91   37.44
-175086.643   484.480    32.04   43.11
-174709.967   485.015     1.42   49.60
-174333.233   469.716   -40.60   48.82
-173956.439   452.394   -45.96   50.33
-173579.586   425.932   -70.21   68.95
-173202.675   399.514   -70.08   77.76
-172825.704   366.178   -88.42   78.56
-172448.675   325.219  -108.62   76.13
-172071.586   295.431   -78.98   59.21
-171694.438   277.392   -47.82   35.68
-171317.232   297.070    52.16   61.07
-170939.966   363.203   175.27  106.22
-170562.641   426.603   168.00   91.28
-170185.257   468.000   109.68   64.93
-169807.813   477.014    23.88   63.41
-169430.310   455.851   -56.05   73.39
-169052.749   450.444   -14.32   86.63
-168675.127   444.164   -16.63   87.48
-168297.447   442.347    -4.81   87.34
-167919.707   447.819    14.48   76.20
-167541.907   461.260    35.57   84.78
-167164.049   484.028    60.25  101.70
-166786.131   520.689    96.99  119.21
-166408.153   533.721    34.47  128.85
-166030.116   518.413   -40.49  121.87
-165652.019   509.632   -23.22  108.28
-165273.863   484.757   -65.77   82.01
-164895.647   475.639   -24.10   60.48
-164517.372   479.288     9.64   53.32
-164139.037   494.417    39.98   56.68
-163760.642   511.466    45.05   61.45
-163382.187   514.986     9.30   65.70
-163003.673   519.014    10.64   60.94
-162625.099   523.703    12.38   57.40
-162246.466   529.059    14.14   54.49
-161867.772   557.413    74.86   58.39
-161489.019   585.382    73.83   66.18
-161110.205   630.284   118.51   83.36
-160731.332   681.375   134.83   82.64
-160352.399   727.784   122.45   71.04
-159973.406   760.944    87.48   61.96
-159594.353   768.653    20.33   59.01
-159215.240   760.562   -21.34   60.06
-158836.067   753.041   -19.83   54.84
-158456.834   763.622    27.90   50.37
-158077.541   777.515    36.62   42.25
-157698.187   773.067   -11.72   42.45
-157328.992   755.794   -46.78   37.08
-156961.176   729.413   -71.71   39.85
-156593.304   706.324   -62.76   40.49
-156225.375   689.133   -46.72   38.37
-155857.390   675.279   -37.64   34.20
-155489.349   667.413   -21.37   33.49
-155121.252   671.515    11.14   33.26
-154753.098   689.013    47.52   36.99
-154384.888   696.957    21.57   38.59
-154016.621   707.533    28.72   40.91
-153648.299   726.768    52.22   39.50
-153279.920   733.800    19.09   38.37
-152911.484   724.814   -24.39   41.77
-152542.992   712.453   -33.54   41.65
-152174.444   701.429   -29.91   34.21
-151805.839   696.533   -13.28   29.31
-151437.177   686.971   -25.93   30.02
-151068.459   674.547   -33.69   35.80
-150699.684   662.086   -33.79   38.70
-150330.853   652.907   -24.88   36.16
-149961.965   648.754   -11.26   36.70
-149593.020   639.813   -24.23   35.97
-149224.019   633.348   -17.52   35.69
-148854.961   617.213   -43.71   37.58
-148485.846   605.072   -32.89   39.48
-148116.675   594.760   -27.93   43.36
-147747.446   580.471   -38.70   37.07
-147378.161   577.947    -6.83   39.36
-147008.819   571.132   -18.45   40.73
-146639.420   571.622     1.32   40.75
-146269.965   571.221    -1.09   40.86
-145900.452   566.838   -11.86   35.10
-145530.882   559.014   -21.17   31.24
-145161.255   539.351   -53.19   36.04
-144791.572   518.159   -57.32   41.29
-144421.831   500.514   -47.72   38.16
-144052.033   492.324   -22.14   28.22
-143682.178   493.554     3.33   27.35
-143312.266   501.718    22.07   28.62
-142942.297   502.400     1.84   26.70
-142572.271   494.183   -22.20   20.21
-142202.187   484.560   -26.00   17.09
-141832.046   475.342   -24.90   12.27
-141461.848   470.400   -13.35    8.30
-141091.593   470.375    -0.07    9.59
-140721.280   479.276    24.03   19.88
-140350.910   493.083    37.27   28.45
-139980.483   508.147    40.66   33.85
-139609.998   520.689    33.85   29.80
-139239.456   526.149    14.73   25.30
-138868.856   525.568    -1.57   18.52
-138498.199   524.573    -2.68   12.49
-138127.484   527.473     7.82   12.39
-137756.712   533.892    17.31   13.99
-137385.882   545.878    32.32   18.81
-137014.995   567.486    58.25   35.16
-136644.050   595.689    76.02   48.87
-136273.047   619.216    63.41   49.65
-135901.987   627.622    22.65   47.72
-135530.869   622.622   -13.47   52.97
-135159.693   608.311   -38.55   48.51
-134788.460   597.419   -29.34   31.52
-134417.169   615.595    48.95   43.40
-134045.820   648.616    88.91   49.22
-133674.413   670.066    57.74   37.89
-133302.948   674.178    11.07   39.93
-132931.425   661.197   -34.94   56.50
-132559.845   646.861   -38.58   61.27
-132188.206   641.133   -15.41   68.48
-131816.510   648.493    19.80   63.89
-131444.755   655.486    18.81   53.65
-131072.943   648.294   -19.34   46.00
-130701.072   635.784   -33.64   46.64
-130329.144   596.544  -105.49   56.81
-129957.157   551.667  -120.63   64.68
-129585.112   519.765   -85.74   44.16
-129213.009   504.987   -39.71   23.58
-128840.848   500.696   -11.53   18.39
-128468.628   494.467   -16.73   19.30
-128096.350   480.029   -38.78   17.04
-127724.014   464.892   -40.65   18.86
-127351.620   449.056   -42.52   17.65
-126979.167   439.068   -26.81   13.25
-126606.656   435.493    -9.60   10.49
-126234.087   440.356    13.05   12.49
-125861.459   451.306    29.38   11.90
-125488.773   460.311    24.16   11.86
-125116.028   470.630    27.68   12.55
-124743.225   479.919    24.91   13.82
-124370.363   491.890    32.10   15.11
-123997.443   502.671    28.91   14.98
-123624.464   512.230    25.62   14.41
-123251.426   521.757    25.54   18.57
-122878.330   526.920    13.84   20.83
-122505.175   529.411     6.67   22.59
-122131.961   511.079   -49.11   40.11
-121758.689   484.958   -69.97   48.73
-121385.358   455.507   -78.88   46.66
-121011.968   429.028   -70.91   27.05
-120638.519   421.347   -20.57   19.35
-120265.012   428.653    19.56   24.77
-119891.445   447.716    51.03   32.21
-119517.820   472.819    67.18   29.79
-119144.136   497.676    66.51   26.30
-118770.392   514.973    46.28   18.57
-118396.590   526.553    30.97   12.74
-118022.729   532.986    17.21    7.17
-117648.809   533.434     1.20    6.46
-117274.829   528.270   -13.81   12.19
-116900.791   519.270   -24.06   15.97
-116526.693   506.730   -33.52   18.59
-116152.537   495.707   -29.46   19.84
-115778.321   485.811   -26.44   20.29
-115404.046   481.135   -12.49   19.11
-115029.711   479.493    -4.39   14.34
-114655.318   478.630    -2.31   10.92
-114280.865   468.863   -26.08   20.01
-113906.352   456.808   -32.18   26.23
-113531.781   442.797   -37.40   30.09
-113157.150   435.014   -20.77   31.79
-112782.459   434.853    -0.43   29.98
-112407.709   436.386     4.09   28.95
-112032.900   437.253     2.31   25.91
-111658.031   436.229    -2.73   24.57
-111283.103   434.293    -5.16   21.91
-110908.115   430.250   -10.78   19.79
-110533.067   425.534   -12.57   17.65
-110157.960   416.959   -22.86   18.24
-109782.793   404.284   -33.78   25.67
-109407.567   380.257   -64.03   38.63
-109032.281   349.446   -82.09   52.28
-108656.935   314.600   -92.83   53.96
-108281.529   298.507   -42.87   61.74
-107906.064   303.697    13.82   89.05
-107530.538   311.808    21.60  109.29
-107154.953   314.052     5.97  118.38
-106779.308   304.056   -26.61  117.19
-106403.603   287.800   -43.26  106.36
-106027.838   277.750   -26.74   89.01
-105652.013   273.267   -11.93   76.45
-105276.128   290.681    46.32   80.87
-104900.183   336.855   122.81   97.91
-104524.179   373.000    96.12   95.39
-104148.113   360.461   -33.34  109.42
-103771.988   320.500  -106.23  123.12
-103395.803   281.120  -104.67  112.49
-103019.558   225.243  -148.50   80.66
-102643.252   204.635   -54.76   54.94
-102266.886   197.882   -17.94   47.43
-101890.460   203.392    14.64   57.46
-101513.973   211.840    22.44   67.89
-101137.426   213.366     4.05   73.17
-100760.819   213.093    -0.72   69.13
-100384.152   207.686   -14.36   64.93
-100007.424   198.120   -25.39   52.30
 -99630.636   196.648    -3.91   49.98
 -99253.787   200.411     9.98   51.81
 -98876.877   218.014    46.70   64.55
 -98499.907   251.658    89.24   85.89
 -98122.877   315.693   169.83   92.56
 -97745.786   375.480   158.53   67.41
 -97368.634   411.662    95.93   48.52
 -96991.422   421.562    26.24   47.19
 -96614.149   407.987   -35.98   58.49
 -96236.815   388.417   -51.86   69.66
 -95859.421   365.253   -61.37   60.45
 -95481.966   359.479   -15.30   47.57
 -95104.450   353.027   -17.09   29.57
 -94726.873   348.507   -11.97   21.65
 -94349.235   330.844   -46.77   30.15
 -93971.537   306.151   -65.37   35.17
 -93593.777   273.618   -86.11   44.82
 -93215.957   234.851  -102.60   50.14
 -92838.076   201.554   -88.11   48.34
 -92460.133   167.789   -89.33   36.36
 -92082.130   143.662   -63.82   19.26
 -91704.065   134.909   -23.15   17.75
 -91325.940   137.486     6.81   27.73
 -90947.753   153.395    42.06   44.22
 -90569.505   173.750    53.81   54.84
 -90191.196   199.347    67.66   68.52
 -89812.826   230.167    81.45   81.46
 -89434.394   264.822    91.57   78.35
 -89055.901   277.973    34.74   67.71
 -88677.347   266.240   -30.99   72.03
 -88298.732   237.933   -74.76   61.32
 -87920.055   224.274   -36.07   47.84
 -87541.317   227.397     8.25   41.13
 -87162.517   251.458    63.51   38.20
 -86783.656   277.973    69.98   37.87
 -86404.733   304.000    68.68   38.05
 -86025.749   324.987    55.37   34.74
 -85646.703   344.082    50.37   28.62
 -85267.596   353.935    25.99   25.27
 -84888.427   361.703    20.48   25.81
 -84509.197   364.027     6.13   25.26
 -84129.904   363.203    -2.17   24.97
 -83750.551   356.797   -16.88   24.02
 -83371.135   347.948   -23.32   23.03
 -82991.657   338.822   -24.05   21.10
 -82619.620   327.355   -30.82   21.68
 -82251.982   314.658   -34.54   20.94
 -81884.287   303.440   -30.51   18.05
 -81516.534   295.082   -22.73   11.43
 -81148.724   294.960    -0.33    8.65
 -80780.856   300.153    14.11   11.22
 -80412.930   306.243    16.55   10.56
 -80044.947   310.562    11.73    8.72
 -79676.906   313.795     8.78    7.08
 -79308.807   316.507     7.37    6.34
 -78940.650   318.973     6.70    5.95
 -78572.436   321.644     7.25    6.29
 -78204.163   326.548    13.32    7.68
 -77835.833   332.189    15.31    8.49
 -77467.445   341.390    24.97   14.17
 -77098.999   350.067    23.55   18.06
 -76730.495   364.000    37.81   23.42
 -76361.933   369.716    15.51   28.12
 -75993.313   336.909   -88.99   67.32
 -75624.635   306.703   -81.93   72.48
 -75255.899   281.855   -67.38   59.75
 -74887.105   278.419    -9.32   48.01
 -74518.252   305.390    73.12   45.49
 -74149.342   321.716    44.25   39.50
 -73780.373   327.468    15.59   41.74
 -73411.346   328.800     3.61   40.69
 -73042.261   329.342     1.47   35.87
 -72673.118   330.581     3.36   31.85
 -72303.916   334.333    10.16   26.16
 -71934.656   341.603    19.69   22.60
 -71565.338   350.959    25.33   20.12
 -71195.961   358.827    21.30   18.37
 -70826.526   360.384     4.21   13.22
 -70457.033   358.384    -5.41   13.36
 -70087.481   351.203   -19.43   21.50
 -69717.870   343.419   -21.06   26.17
 -69348.201   326.247   -46.45   39.64
 -68978.474   315.213   -29.84   46.65
 -68608.687   286.247   -78.33   66.62
 -68238.843   265.324   -56.57   73.20
 -67868.939   250.182   -40.93   64.36
 -67498.977   245.861   -11.68   58.75
 -67128.957   270.000    65.23   70.24
 -66758.877   313.493   117.52   70.03
 -66388.739   367.013   144.59   53.95
 -66018.542   407.041   108.12   44.33
 -65648.286   430.026    62.07   37.65
 -65277.972   441.473    30.91   34.85
 -64907.598   434.947   -17.62   42.20
 -64537.166   414.417   -55.42   40.12
 -64166.675   388.743   -69.29   34.06
 -63796.125   367.493   -57.34   29.16
 -63425.515   346.373   -56.98   29.50
 -63054.847   327.746   -50.25   26.11
 -62684.120   308.893   -50.85   27.10
 -62313.334   292.286   -44.79   25.08
 -61942.488   274.013   -49.27   25.25
 -61571.584   258.338   -42.26   20.83
 -61200.620   251.053   -19.64   16.43
 -60829.598   250.750    -0.82   20.08
 -60458.516   258.873    21.89   25.23
 -60087.374   266.597    20.81   24.29
 -59716.174   270.051     9.30   23.14
 -59344.914   268.819    -3.32   24.37
 -58973.595   261.618   -19.39   23.77
 -58602.216   254.254   -19.83   23.94
 -58230.779   242.720   -31.05   20.25
 -57859.281   235.056   -20.63   19.84
 -57487.725   224.987   -27.10   18.44
 -57116.109   214.097   -29.30   20.08
 -56744.433   200.413   -36.81   20.37
 -56372.698   189.452   -29.49   16.46
 -56000.903   184.919   -12.19   13.59
 -55629.049   191.466    17.61   21.78
 -55257.135   201.800    27.79   25.70
 -54885.161   212.581    28.98   24.75
 -54513.128   221.117    22.94   20.75
 -54141.035   234.000    34.62   24.30
 -53768.883   249.117    40.62   27.31
 -53396.670   263.176    37.77   23.25
 -53024.398   273.240    27.03   22.33
 -52652.066   281.689    22.69   26.88
 -52279.674   283.227     4.13   28.69
 -51907.222   273.000   -27.46   36.43
 -51534.711   258.467   -39.01   45.33
 -51162.139   235.868   -60.65   48.75
 -50789.508   223.133   -34.17   45.36
 -50416.816   231.733    23.07   51.43
 -50044.065   246.081    38.49   59.05
 -49671.253   273.315    73.05   64.36
 -49298.381   303.311    80.44   55.38
 -48925.450   332.213    77.50   26.88
 -48552.458   342.877    28.59   20.62
 -48179.406   343.947     2.87   25.18
 -47806.293   333.247   -28.68   35.40
 -47433.121   318.750   -38.85   37.47
 -47059.888   311.014   -20.73   34.04
 -46686.595   304.127   -18.45   39.67
 -46313.242   297.000   -19.09   46.04
 -45939.828   278.316   -50.03   46.73
 -45566.354   256.597   -58.15   34.76
 -45192.819   239.961   -44.54   25.09
 -44819.224   232.041   -21.20   19.27
 -44445.569   244.480    33.29   36.14
 -44071.853   272.743    75.62   44.67
 -43698.077   306.945    91.50   40.11
 -43324.240   335.560    76.54   31.45
 -42950.342   350.284    39.38   30.60
 -42576.384   359.329    24.19   40.64
 -42202.365   368.829    25.40   41.56
 -41828.286   367.797    -2.76   48.91
 -41454.145   343.840   -64.03   79.79
 -41079.944   289.329  -145.67  104.56
 -40705.683   235.689  -143.32   96.26
 -40331.360   181.364  -145.13   77.35
 -39956.977   164.189   -45.87   78.23
 -39582.533   161.244    -7.87   96.91
 -39208.027   158.137    -8.29  107.17
 -38833.461   156.789    -3.60  114.71
 -38458.835   143.236   -36.18  112.01
 -38084.147   140.184    -8.14  108.50
 -37709.398   135.443   -12.65  104.18
 -37334.588   126.867   -22.88   95.04
 -36959.717   120.800   -16.18   88.13
 -36584.785   113.987   -18.17   74.75
 -36209.791   110.795    -8.51   59.43
 -35834.737   126.338    41.44   58.69
 -35459.621   148.000    57.75   60.55
 -35084.444   170.538    60.07   54.99
 -34709.206   186.467    42.45   45.56
 -34333.907   191.227    12.68   39.05
 -33958.546   190.387    -2.24   37.05
 -33583.124   185.000   -14.35   41.78
 -33207.641   168.532   -43.86   48.06
 -32832.096   143.197   -67.46   57.16
 -32456.490   114.753   -75.73   52.74
 -32080.822    93.440   -56.73   40.82
 -31705.093    75.618   -47.43   29.50
 -31329.302    62.986   -33.62   24.28
 -30953.450    61.908    -2.87   40.04
 -30577.536    79.292    46.24   72.14
 -30201.561   106.553    72.51   87.20
 -29825.523   125.260    49.75   85.43
 -29449.425   139.910    38.95   65.34
 -29073.264   145.247    14.19   36.29
 -28697.042   137.513   -20.56   19.06
 -28320.758   133.432   -10.84    8.28
 -27944.412   136.750     8.81    8.89
 -27568.004   146.373    25.57   13.00
 -27191.535   158.627    32.55   17.63
 -26815.003   181.224    60.01   32.76
 -26438.410   211.608    80.68   48.14
 -26061.755   258.203   123.70   57.42
 -25685.038   302.577   117.79   45.72
 -25308.258   327.816    66.98   27.66
 -24931.417   334.236    17.04   16.31
 -24554.513   320.776   -35.71   23.72
 -24177.548   303.667   -45.39   20.60
 -23800.520   302.859    -2.14   20.86
 -23423.430   305.699     7.53   22.28
 -23046.278   315.526    26.06   21.37
 -22669.064   326.635    29.45   18.59
 -22291.787   331.605    13.17   16.98
 -21914.448   337.211    14.85   11.22
 -21537.047   338.026     2.16    6.82
 -21159.584   335.184    -7.53    5.21
 -20782.058   330.453   -12.53    6.79
 -20404.469   322.733   -20.45   11.22
 -20026.818   314.423   -22.01   13.11
 -19649.105   306.079   -22.09   14.21
 -19271.329   301.384   -12.43   12.21
 -18893.491   303.711     6.16   12.59
 -18515.590   311.808    21.43   14.40
 -18137.626   321.329    25.19   14.97
 -17759.600   328.473    18.90   14.12
 -17381.511   328.247    -0.60   17.02
 -17003.359   321.587   -17.61   19.62
 -16625.145   320.240    -3.56   19.53
 -16246.868   324.368    10.91   19.71
 -15868.528   331.568    19.03   19.26
 -15490.125   342.027    27.64   20.19
 -15111.659   347.014    13.18   23.52
 -14733.131   351.895    12.89   23.91
 -14354.539   354.236     6.18   24.31
 -13975.885   344.827   -24.85   23.99
 -13597.167   332.216   -33.30   23.05
 -13218.387   314.538   -46.67   27.76
 -12839.543   289.635   -65.73   31.65
 -12460.637   264.107   -67.37   36.27
 -12081.667   232.724   -82.81   42.03
 -11702.634   212.079   -54.47   40.91
 -11323.538   195.205   -44.51   38.14
 -10944.379   187.867   -19.35   33.86
 -10565.156   194.395    17.21   35.67
 -10185.870   199.200    12.67   30.68
  -9806.521   192.171   -18.53   30.02
  -9427.109   176.459   -41.41   29.15
  -9047.633   164.234   -32.22   23.05
  -8668.094   179.053    39.04   39.16
  -8288.491   211.000    84.16   51.71
  -7913.337   246.160    93.72   46.28
  -7545.883   264.618    50.23   29.89
  -7178.371   253.307   -30.78   41.50
  -6810.799   235.792   -47.65   42.25
  -6443.168   220.316   -42.10   31.53
  -6075.478   216.921    -9.23   26.95
  -5707.729   228.987    32.81   28.21
  -5339.921   242.260    36.09   29.70
  -4972.054   251.289    24.54   26.33
  -4604.128   246.132   -14.02   32.28
  -4236.142   214.587   -85.72   56.69
  -3868.097   171.910  -115.95   69.29
  -3499.993   124.760  -128.09   60.77
  -3131.829    95.759   -78.77   43.22
  -2763.606    77.959   -48.34   38.08
  -2395.324    69.333   -23.42   49.59
  -2026.982    59.203   -27.50   52.52
  -1658.581    42.855   -44.37   42.89
  -1290.120    24.680   -49.33   30.35
   -921.600    15.237   -25.62   24.01
   -553.020     5.085   -27.54   13.62
   -184.381     0.618   -12.12    4.55
    184.318     0.000    -1.68    0.00
    553.076     0.208     0.56    1.29
    921.894     1.917     4.63    7.06
   1290.772     6.363    12.05   12.99
   1659.710     8.056     4.59   13.80
   2028.707     6.949    -3.00   12.54
   2397.764     4.685    -6.14   10.08
   2766.881     2.447    -6.06    7.34
   3136.057     6.753    11.66   12.35
   3505.294    14.724    21.59   14.86
   3874.590    27.571    34.79   15.99
   4243.946    41.921    38.85   13.89
   4613.362    51.356    25.54   14.00
   4982.839    60.623    25.08   10.52
   5352.375    66.792    16.69    7.01
   5721.971    71.633    13.10    8.36
   6091.627    77.500    15.87    9.40
   6461.343    85.481    21.59   11.53
   6831.120    92.260    18.33   10.16
   7200.957    95.947     9.97    7.86
   7570.853    98.082     5.77    6.92
   7940.810    96.671    -3.81    7.17
   8310.828    94.129    -6.87    7.97
   8680.905    91.211    -7.89    6.85
   9051.043    89.055    -5.82    5.31
   9421.241    88.141    -2.47    4.04
   9791.500    88.111    -0.08    4.42
  10161.818    90.200     5.64    5.58
  10532.198    92.097     5.12    5.61
  10902.637    95.367     8.83    5.48
  11273.138    98.784     9.22    5.82
  11643.698   102.461     9.92    7.81
  12014.320   106.055     9.70    9.29
  12385.002   107.390     3.60   10.66
  12755.744   104.479    -7.85   15.55
  13126.547    97.474   -18.89   19.75
  13497.411    91.595   -15.85   21.84
  13868.335    87.886   -10.00   22.62
  14239.320    86.365    -4.10   22.51
  14610.366    85.075    -3.48   21.34
  14981.473    84.120    -2.57   18.38
  15352.640    85.256     3.06   15.21
  15723.869    85.947     1.86   13.79
  16095.158    88.547     7.00   11.85
  16466.508    94.500    16.03   12.22
  16837.919   103.293    23.68   14.68
  17209.391   117.671    38.71   18.47
  17580.924   133.372    42.26   19.91
  17952.518   150.013    44.78   17.67
  18324.173   161.684    31.40   16.57
  18695.889   173.378    31.46   13.85
  19067.667   179.785    17.23   12.54
  19439.505   185.855    16.33   11.01
  19811.405   189.234     9.08    9.86
  20183.365   192.295     8.23    7.67
  20555.387   191.805    -1.32    6.62
  20927.471   185.179   -17.81   14.07
  21299.615   172.408   -34.32   23.58
  21671.821   148.909   -63.14   30.45
  22044.089   126.584   -59.97   28.31
  22416.417   104.187   -60.16   18.90
  22788.807    89.947   -38.24   14.44
  23161.259    76.658   -35.68   14.33
  23533.772    65.711   -29.39   17.31
  23906.347    49.870   -42.52   27.05
  24278.983    37.872   -32.20   29.08
  24651.680    31.052   -18.30   26.24
  25024.440    24.118   -18.60   20.56
  25397.260    24.935     2.19   18.17
  25770.143    35.507    28.35   21.98
  26143.087    51.747    43.55   25.47
  26516.093    69.122    46.58   26.62
  26889.161    86.425    46.38   28.01
  27262.291   101.716    40.98   25.66
  27635.482   115.221    36.19   22.66
  28008.735   112.378    -7.62   33.61
  28382.051    83.934   -76.20   53.31
  28755.428    54.254   -79.49   49.71
  29128.867    34.579   -52.69   28.55
  29502.368    32.608    -5.28   14.53
  29875.931    44.662    32.27   20.31
  30249.556    55.431    28.82   26.39
  30623.243    66.262    28.99   27.90
  30996.992    77.054    28.87   27.12
  31370.803    87.936    29.11   24.67
  31744.677    98.053    27.06   21.91
  32118.613   107.276    24.67   15.77
  32492.611   112.623    14.30   11.80
  32866.671   112.724     0.27   10.09
  33240.793   112.130    -1.59    9.00
  33614.978   110.688    -3.85    6.99
  33989.225   100.773   -26.49   24.88
  34363.535    76.618   -64.53   43.68
  34737.907    70.667   -15.90   47.08
  35112.341    81.921    30.06   52.57
  35486.838   105.948    64.16   51.26
  35861.398   135.423    78.69   25.63
  36236.020   153.312    47.75   19.81
  36610.704   170.558    46.03   25.56
  36985.452   199.308    76.72   35.77
  37360.261   240.932   111.06   55.32
  37735.134   285.438   118.72   57.41
  38110.069   322.361    98.48   40.67
  38485.067   335.595    35.29   25.09
  38860.128   326.473   -24.32   36.96
  39235.251   293.934   -86.74   49.58
  39610.438   260.699   -88.59   36.59
  39985.687   251.325   -24.98   31.00
  40360.999   262.473    29.71   47.06
  40736.374   299.590    98.88   53.70
  41111.812   333.333    89.88   34.87
  41487.313   345.848    33.33   18.53
  41862.877   342.013   -10.21   17.34
  42238.504   328.077   -37.10   21.33
  42614.194   305.805   -59.28   29.00
  42989.948   281.628   -64.35   36.40
  43365.764   258.974   -60.28   43.49
  43741.644   242.333   -44.27   44.67
  44117.587   230.442   -31.63   37.65
  44493.593   236.160    15.21   35.96
  44869.662   249.633    35.83   36.97
  45245.795   268.600    50.43   38.15
  45621.991   293.613    66.49   33.92
  45998.250   311.297    47.00   27.21
  46374.573   311.772     1.26   22.61
  46750.959   296.548   -40.45   36.79
  47127.409   259.325   -98.88   54.51
  47503.922   210.189  -130.51   54.62
  47880.499   171.205  -103.53   46.58
  48257.139   139.947   -83.00   30.40
  48633.843   121.430   -49.16   19.04
  49010.611   108.803   -33.52   12.65
  49387.442   102.987   -15.43    8.91
  49764.337   103.571     1.55   10.23
  50141.296   110.623    18.71   17.45
  50518.319   129.205    49.29   28.85
  50895.405   148.859    52.12   30.16
  51272.555   176.269    72.68   35.26
  51649.769   194.480    48.28   34.91
  52027.047   205.975    30.47   31.06
  52404.389   218.569    33.38   22.74
  52781.795   224.325    15.25   16.99
  53159.264   228.230    10.34   11.94
  53536.798   232.117    10.30   10.34
  53914.396   237.039    13.04    8.50
  54292.058   240.592     9.41    7.68
  54669.784   243.333     7.26   11.13
  55047.575   245.779     6.47   14.42
  55425.429   244.618    -3.07   17.21
  55803.348   243.118    -3.97   17.37
  56181.331   242.101    -2.69   17.73
  56559.378   239.907    -5.81   17.24
  56937.490   231.872   -21.25   18.51
  57315.666   221.135   -28.39   17.97
  57693.906   208.974   -32.15   13.96
  58072.211   203.716   -13.90   11.14
  58450.580   209.582    15.50   19.12
  58829.014   218.000    22.24   24.32
  59207.512   227.712    25.66   25.75
  59586.075   238.066    27.35   24.48
  59964.702   242.526    11.78   20.92
  60343.395   246.506    10.51   18.90
  60722.151   251.425    12.99   20.55
  61100.973   251.620     0.52   18.09
  61479.859   250.195    -3.76   13.55
  61858.810   245.795   -11.61   13.27
  62237.825   238.547   -19.12   10.83
  62616.906   236.637    -5.04   10.77
  62996.051   235.444    -3.15   11.39
  63375.262   236.975     4.04   10.57
  63754.537   239.514     6.69    6.47
  64133.877   242.805     8.68    6.67
  64513.282   249.782    18.39    9.32
  64892.753   260.857    29.19   15.64
  65272.288   275.231    37.87   19.27
  65651.888   289.105    36.55   19.50
  66031.554   300.575    30.21   13.68
  66411.284   305.787    13.73   10.63
  66789.828   306.114     0.86   10.96
  67157.092   304.697    -3.86   10.64
  67524.417   301.039    -9.96   12.79
  67891.803   294.195   -18.63   16.85
  68259.249   278.910   -41.60   20.84
  68626.756   261.092   -48.49   23.57
  68994.323   235.861   -68.65   29.14
  69361.951   209.351   -72.12   35.67
  69729.639   179.623   -80.85   34.54
  70097.389   159.052   -55.94   27.36
  70465.199   144.575   -39.36   14.90
  70833.069   141.587    -8.12    9.68
  71201.001   145.692    11.16   12.45
  71568.993   150.974    14.35   13.67
  71937.046   158.118    19.41   11.48
  72305.160   163.590    14.86    8.37
  72673.335   168.882    14.37    8.25
  73041.571   174.468    15.17    9.25
  73409.868   181.385    18.78    9.94
  73778.225   186.835    14.80    7.33
  74146.644   190.974    11.23    5.65
  74515.124   194.128     8.56    6.86
  74883.665   196.224     5.69    8.14
  75252.267   198.975     7.46    7.85
  75620.930   200.707     4.70    6.80
  75989.655   201.241     1.45    5.94
  76358.440   203.303     5.59    6.81
  76727.287   208.351    13.69   10.71
  77096.195   216.269    21.47   14.13
  77465.165   222.769    17.62   14.29
  77834.195   230.026    19.67   13.47
  78203.288   236.300    17.00    9.69
  78572.441   239.453     8.54    4.95
  78941.656   240.038     1.58    3.53
  79310.932   238.432    -4.35    3.68
  79680.270   236.753    -4.55    4.32
  80049.670   236.027    -1.97    4.63
  80419.131   235.692    -0.91    4.41
  80788.653   235.000    -1.87    4.20
  81158.237   230.538   -12.08    7.95
  81527.883   224.274   -16.95   10.20
  81897.591   215.012   -25.05   12.58
  82267.360   204.081   -29.56   12.26
  82637.191   193.494   -28.63   12.31
  83007.083   185.253   -22.28    8.10
  83377.038   180.608   -12.56    5.35
  83747.054   177.392    -8.69    5.27
  84117.132   172.333   -13.67    7.59
  84487.272   167.466   -13.15    7.29
  84857.474   163.650   -10.31    5.06
  85227.738   162.595    -2.85    3.88
  85598.064   165.000     6.50    4.60
  85968.452   167.707     7.31    4.43
  86338.902   169.329     4.38    3.20
  86709.414   169.405     0.21    3.03
  87079.988   165.962    -9.29    6.45
  87450.625   160.274   -15.35    9.04
  87821.323   154.325   -16.05    8.64
  88192.084   150.338   -10.75    5.19
  88562.907   151.364     2.77    5.52
  88933.792   155.107    10.09    6.51
  89304.740   161.113    16.19    8.11
  89675.750   169.054    21.41    9.54
  90046.822   177.950    23.98   11.04
  90417.957   184.068    16.48    8.08
  90789.154   185.975     5.14    5.30
  91160.413   183.635    -6.30    7.23
  91531.735   178.792   -13.04    6.99
  91903.120   175.685    -8.37    4.76
  92274.567   174.700    -2.65    5.05
  92646.077   174.297    -1.08    6.92
  93017.649   171.863    -6.55    8.05
  93389.284   168.270    -9.67    6.82
  93760.982   166.544    -4.64    4.23
  94132.742   168.213     4.49    4.03
  94504.565   171.260     8.19    4.68
  94876.451   175.095    10.31    4.22
  95248.400   178.684     9.65    4.05
  95620.411   181.520     7.63    4.25
  95992.486   184.337     7.57    4.11
  96364.623   186.842     6.73    3.31
  96736.824   187.821     2.63    2.58
  97109.087   188.354     1.43    2.18
  97481.413   187.949    -1.09    2.28
  97853.803   187.000    -2.55    2.23
  98226.255   185.620    -3.70    3.02
  98598.771   182.333    -8.82    4.76
  98971.349   178.038   -11.53    6.06
  99343.991   172.179   -15.72    7.75
  99716.696   166.462   -15.34    8.84
 100089.464   160.481   -16.04    7.51
 100462.296   155.139   -14.33    5.52
 100835.191   150.675   -11.97    4.42
 101208.149   147.127    -9.52    5.50
 101581.171   140.539   -17.66    8.42
 101954.255   134.244   -16.88    9.19
 102327.404   130.747    -9.37    6.92
 102700.616   131.850     2.96    8.06
 103073.891   136.913    13.56    9.48
 103447.230   143.064    16.48    7.59
 103820.632   147.551    12.02    6.31
 104194.098   150.118     6.87    5.99
 104567.628   153.975    10.32    6.02
 104941.221   157.808    10.26    6.06
 105314.878   162.410    12.32    7.04
 105688.599   168.646    16.69    8.79
 106062.383   176.987    22.32   11.02
 106436.232   183.592    17.67    9.77
 106810.144   188.863    14.10    6.58
 107184.120   192.813    10.57    4.87
 107558.159   195.825     8.05    5.59
 107932.263   198.280     6.56    5.85
 108306.431   196.623    -4.43    7.94
 108680.663   191.392   -13.98   11.56
 109054.958   181.950   -25.23   13.16
 109429.318   175.311   -17.74    9.53
 109803.742   173.556    -4.69    8.87
 110178.230   171.514    -5.45   11.46
 110552.782   169.275    -5.98   12.53
 110927.398   165.416   -10.30    9.33
 111302.079   168.785     8.99   11.51
 111676.824   177.493    23.24   12.20
 112051.633   182.913    14.46    8.53
 112426.506   184.090     3.14    7.34
 112801.444   181.468    -6.99    7.46
 113176.446   178.582    -7.70    5.17
 113551.513   177.150    -3.82    4.33
 113926.644   174.075    -8.20    6.50
 114301.839   168.756   -14.18    8.56
 114677.099   161.615   -19.03    8.20
 115052.424   157.724   -10.37    6.39
 115427.813   156.923    -2.13    5.43
 115803.267   158.215     3.44    6.42
 116178.785   162.288    10.85    7.97
 116554.368   164.103     4.83    9.00
 116930.016   159.886   -11.23   13.21
 117305.729   153.921   -15.88   14.74
 117681.506   146.875   -18.75   11.42
 118057.349   143.784    -8.23    6.97
 118433.256   148.593    12.79   10.83
 118809.228   155.959    19.60   11.57
 119185.265   164.262    22.08   11.32
 119561.366   170.027    15.33    9.80
 119937.533   172.425     6.38   11.31
 120313.765   174.224     4.78   12.40
 120690.062   176.266     5.43   14.73
 121066.424   176.218    -0.13   14.97
 121442.851   172.123   -10.88   14.20
 121819.344   167.190   -13.11   10.52
 122195.901   163.231   -10.52    6.90
 122572.524   160.961    -6.03    3.40
 122949.212   161.584     1.66    2.54
 123325.966   161.654     0.18    4.01
 123702.784   163.628     5.24    5.44
 124079.668   168.100    11.87    8.41
 124456.618   173.808    15.14   10.15
 124833.633   181.500    20.41    9.54
 125210.713   184.554     8.10    9.63
 125587.859   184.272    -0.75    9.93
 125965.070   182.784    -3.94    7.79
 126342.347   182.456    -0.87    5.31
 126719.690   183.211     2.00    3.94
 127097.098   183.938     1.93    3.80
 127474.572   186.316     6.30    5.13
 127852.112   192.637    16.75   11.02
 128229.717   197.260    12.24   11.31
 128607.388   199.671     6.38   10.70
 128985.125   203.222     9.40    9.00
 129362.928   203.525     0.80    7.76
 129740.797   204.756     3.26    8.04
 130118.731   206.792     5.39    7.94
 130496.732   210.325     9.35    8.71
 130874.798   216.553    16.47   11.38
 131252.931   220.925    11.56   12.19
 131631.130   224.013     8.17   11.77
 132009.394   227.012     7.93    9.78
 132387.725   229.608     6.86    8.84
 132766.122   231.312     4.50    8.21
 133144.586   231.079    -0.62    8.60
 133523.115   228.363    -7.18    8.28
 133901.711   227.620    -1.96    7.34
 134280.373   229.850     5.89    6.62
 134659.101   229.025    -2.18    6.77
 135037.896   224.833   -11.07    9.04
 135416.757   219.650   -13.68    8.09
 135795.685   217.603    -5.40    5.84
 136174.679   216.637    -2.55    5.88
 136553.739   214.590    -5.40    7.89
 136932.866   209.800   -12.64    8.19
 137312.060   207.108    -7.10    5.89
 137691.321   210.198     8.15    7.96
 138070.648   213.743     9.35    6.95
 138450.041   216.488     7.23    4.68
 138829.502   219.608     8.22    4.39
 139209.029   223.238     9.57    6.32
 139588.623   227.038    10.01    6.18
 139968.284   228.052     2.67    6.26
 140348.011   222.788   -13.87    9.72
 140727.806   217.359   -14.29    9.08
 141107.667   214.823    -6.68    6.68
 141487.596   217.295     6.51    8.91
 141856.957   222.325    13.62    8.40
 142224.088   227.740    14.75    4.93
 142591.282   232.350    12.56    7.10
 142958.538   237.308    13.50   10.17
 143325.855   242.675    14.61   10.49
 143693.235   246.633    10.77    9.66
 144060.677   245.575    -2.88   10.81
 144428.181   242.500    -8.37    9.05
 144795.748   241.321    -3.21    6.54
 145163.376   241.346     0.07    7.85
 145531.067   240.200    -3.12   11.39
 145898.820   238.259    -5.28   15.78
 146266.636   234.012   -11.55   17.85
 146634.514   227.550   -17.57   18.06
 147002.454   220.821   -18.29   15.60
 147370.457   214.312   -17.69   10.13
 147738.522   207.935   -17.33    6.18
 148106.649   203.738   -11.40    5.75
 148474.840   200.747    -8.12    5.51
 148843.092   198.288    -6.68    4.01
 149211.408   198.000    -0.78    4.26
 149579.785   199.312     3.56    5.26
 149948.226   200.720     3.82    4.91
 150316.729   201.625     2.46    4.23
 150685.295   200.355    -3.45    5.29
 151053.924   196.395   -10.74    7.50
 151422.615   191.892   -12.22    8.01
 151791.370   188.915    -8.07    6.94
 152160.187   188.122    -2.15    5.91
 152529.067   190.519     6.50    6.68
 152898.010   194.250    10.12    5.17
 153267.016   199.049    13.01    5.73
 153636.085   205.122    16.45    7.79
 154005.216   210.988    15.89    8.51
 154374.411   213.027     5.52    6.97
 154743.669   208.630   -11.91   10.57
 155112.990   200.766   -21.29   11.92
 155482.374   190.086   -28.92   10.86
 155851.822   180.481   -26.00   10.92
 156221.332   173.000   -20.25    9.44
 156590.906   170.141    -7.74    7.45
 156960.543   171.950     4.89    9.88
 157330.244   178.709    18.28   13.40
 157700.007   187.200    22.97   11.94
 158069.835   190.646     9.32   10.42
 158439.725   191.200     1.50    9.53
 158809.679   189.013    -5.91    9.09
 159179.696   187.296    -4.64    7.99
 159549.777   189.975     7.24    9.87
 159919.922   195.494    14.91   10.77
 160290.130   202.241    18.23    7.67
 160660.401   207.950    15.42    4.23
 161030.736   210.063     5.71    3.26
 161401.135   207.704    -6.37    7.64
 161771.598   201.494   -16.76   12.31
 162142.124   191.531   -26.89   15.29
 162512.714   183.474   -21.74   11.87
 162883.368   179.850    -9.78    7.43
 163254.086   181.608     4.74    7.51
 163624.867   185.462    10.40    4.83
 163995.713   186.333     2.35    4.14
 164366.622   183.272    -8.26    5.21
 164737.595   178.692   -12.35    6.42
 165108.633   170.600   -21.81    9.24
 165479.734   164.512   -16.41    8.59
 165850.899   161.815    -7.27    7.66
 166222.129   166.296    12.07   12.42
 166593.422   176.667    27.93   14.32
 166964.780   184.782    21.86   10.36
 167336.202   189.354    12.31    4.38
 167707.688   189.494     0.38    3.88
 168079.239   189.049    -1.20    3.82
 168450.854   190.580     4.12    4.68
 168822.533   193.975     9.14    5.15
 169194.276   196.410     6.55    3.96
 169566.084   197.231     2.21    3.01
 169937.956   196.099    -3.04    3.66
 170309.893   193.654    -6.57    4.24
 170681.894   189.235   -11.88    7.07
 171053.960   182.863   -17.13   10.11
 171426.091   177.831   -13.52    8.71
 171798.286   178.215     1.03    9.22
 172170.545   183.038    12.96   11.06
 172542.869   190.099    18.97    9.67
 172915.258   196.734    17.82    7.19
 173287.712   200.288     9.54    5.38
 173660.230   200.103    -0.50    5.38
 174032.814   195.950   -11.15    6.94
 174405.462   191.438   -12.11    6.84
 174778.175   188.432    -8.06    5.92
 175150.953   189.633     3.22    7.66
 175523.795   192.129     6.70    8.77
