-122809.972    -1.000     0.00    0.00
-122432.415    -1.000     0.00    0.00
-122054.964    -1.000     0.00    0.00
-121677.618    -1.000     0.00    0.00
-121300.377    -1.000     0.00    0.00
-120923.241    -1.000     0.00    0.00
-120546.210    -1.000     0.00    0.00
-120169.285    -1.000     0.00    0.00
-119792.464    -1.000     0.00    0.00
-119415.748    -1.000     0.00    0.00
-119039.136    -1.000     0.00    0.00
-118662.629    -1.000     0.00    0.00
-118286.227    -1.000     0.00    0.00
-117909.929    -1.000     0.00    0.00
-117533.736    -1.000     0.00    0.00
-117157.646    -1.000     0.00    0.00
-116781.661    -1.000     0.00    0.00
-116405.780    -1.000     0.00    0.00
-116030.003    -1.000     0.00    0.00
-115654.330    -1.000     0.00    0.00
-115278.761    -1.000     0.00    0.00
-114903.295    -1.000     0.00    0.00
-114527.933    -1.000     0.00    0.00
-114152.674    -1.000     0.00    0.00
-113777.519    -1.000     0.00    0.00
-113402.468    -1.000     0.00    0.00
-113027.519    -1.000     0.00    0.00
-112652.674    -1.000     0.00    0.00
-112277.932    -1.000     0.00    0.00
-111903.293    -1.000     0.00    0.00
-111528.757    -1.000     0.00    0.00
-111154.324    -1.000     0.00    0.00
-110779.994    -1.000     0.00    0.00
-110405.766    -1.000     0.00    0.00
-110031.641    -1.000     0.00    0.00
-109657.618    -1.000     0.00    0.00
-109283.698    -1.000     0.00    0.00
-108909.880    -1.000     0.00    0.00
-108536.165    -1.000     0.00    0.00
-108162.551    -1.000     0.00    0.00
-107789.040    -1.000     0.00    0.00
-107415.631    -1.000     0.00    0.00
-107042.323    -1.000     0.00    0.00
-106669.118    -1.000     0.00    0.00
-106296.014    -1.000     0.00    0.00
-105923.012    -1.000     0.00    0.00
-105550.111    -1.000     0.00    0.00
-105177.312    -1.000     0.00    0.00
-104804.615    -1.000     0.00    0.00
-104432.018    -1.000     0.00    0.00
-104059.523    -1.000     0.00    0.00
-103687.130    -1.000     0.00    0.00
-103314.837    -1.000     0.00    0.00
-102942.645    -1.000     0.00    0.00
-102570.554    -1.000     0.00    0.00
-102198.564    -1.000     0.00    0.00
-101826.675    -1.000     0.00    0.00
-101454.886    -1.000     0.00    0.00
-101083.198    -1.000     0.00    0.00
-100711.611    -1.000     0.00    0.00
-100340.124    -1.000     0.00    0.00
 -99968.737    -1.000     0.00    0.00
 -99597.450    -1.000     0.00    0.00
 -99226.264    -1.000     0.00    0.00
 -98855.178    -1.000     0.00    0.00
 -98484.192    -1.000     0.00    0.00
 -98113.305    -1.000     0.00    0.00
 -97742.519    -1.000     0.00    0.00
 -97371.832    -1.000     0.00    0.00
 -97001.245    -1.000     0.00    0.00
 -96630.758    -1.000     0.00    0.00
 -96260.370    -1.000     0.00    0.00
 -95890.081    -1.000     0.00    0.00
 -95519.892    -1.000     0.00    0.00
 -95149.802    -1.000     0.00    0.00
 -94779.812    -1.000     0.00    0.00
 -94409.920    -1.000     0.00    0.00
 -94040.128    -1.000     0.00    0.00
 -93670.434    -1.000     0.00    0.00
 -93300.839    -1.000     0.00    0.00
 -92931.344    -1.000     0.00    0.00
 -92561.946    -1.000     0.00    0.00
 -92192.648    -1.000     0.00    0.00
 -91823.448    -1.000     0.00    0.00
 -91454.346    -1.000     0.00    0.00
 -91085.343    -1.000     0.00    0.00
 -90716.438    -1.000     0.00    0.00
 -90347.632    -1.000     0.00    0.00
 -89978.923    -1.000     0.00    0.00
 -89610.313    -1.000     0.00    0.00
 -89241.801    -1.000     0.00    0.00
 -88873.386    -1.000     0.00    0.00
 -88505.069    -1.000     0.00    0.00
 -88136.851    -1.000     0.00    0.00
 -87768.729    -1.000     0.00    0.00
 -87400.706    -1.000     0.00    0.00
 -87032.780    -1.000     0.00    0.00
 -86664.951    -1.000     0.00    0.00
 -86297.220    -1.000     0.00    0.00
 -85929.586    -1.000     0.00    0.00
 -85562.049    -1.000     0.00    0.00
 -85194.609    -1.000     0.00    0.00
 -84827.266    -1.000     0.00    0.00
 -84460.021    -1.000     0.00    0.00
 -84092.872    -1.000     0.00    0.00
 -83725.820    -1.000     0.00    0.00
 -83358.865    -1.000     0.00    0.00
 -82992.006    -1.000     0.00    0.00
 -82625.244    -1.000     0.00    0.00
 -82258.579    -1.000     0.00    0.00
 -81892.010    -1.000     0.00    0.00
 -81525.537    -1.000     0.00    0.00
 -81159.160    -1.000     0.00    0.00
 -80792.880    -1.000     0.00    0.00
 -80426.696    -1.000     0.00    0.00
 -80060.608    -1.000     0.00    0.00
 -79694.616    -1.000     0.00    0.00
 -79328.720    -1.000     0.00    0.00
 -78962.919    -1.000     0.00    0.00
 -78597.214    -1.000     0.00    0.00
 -78231.605    -1.000     0.00    0.00
 -77866.092    -1.000     0.00    0.00
 -77500.674    -1.000     0.00    0.00
 -77135.351    -1.000     0.00    0.00
 -76770.124    -1.000     0.00    0.00
 -76404.992    -1.000     0.00    0.00
 -76039.955    -1.000     0.00    0.00
 -75675.014    -1.000     0.00    0.00
 -75310.167    -1.000     0.00    0.00
 -74945.416    -1.000     0.00    0.00
 -74580.759    -1.000     0.00    0.00
 -74216.197    -1.000     0.00    0.00
 -73851.730    -1.000     0.00    0.00
 -73487.358    -1.000     0.00    0.00
 -73123.080    -1.000     0.00    0.00
 -72758.897    -1.000     0.00    0.00
 -72394.808    -1.000     0.00    0.00
 -72030.813    -1.000     0.00    0.00
 -71666.913    -1.000     0.00    0.00
 -71303.107    -1.000     0.00    0.00
 -70939.395    -1.000     0.00    0.00
 -70575.777    -1.000     0.00    0.00
 -70212.254    -1.000     0.00    0.00
 -69848.824    -1.000     0.00    0.00
 -69485.488    -1.000     0.00    0.00
 -69122.246    -1.000     0.00    0.00
 -68759.097    -1.000     0.00    0.00
 -68396.042    -1.000     0.00    0.00
 -68017.143    -1.000     0.00    0.00
 -67634.101    -1.000     0.00    0.00
 -67251.168    -1.000     0.00    0.00
 -66868.342    -1.000     0.00    0.00
 -66485.624    -1.000     0.00    0.00
 -66103.015    -1.000     0.00    0.00
 -65720.513    -1.000     0.00    0.00
 -65338.118    -1.000     0.00    0.00
 -64955.832    -0.831     0.44    0.66
 -64573.653    -0.438     1.03    1.13
 -64191.581    -0.217     0.58    1.28
 -63809.617    -0.040     0.46    1.34
 -63427.760     0.191     0.61    1.40
 -63046.010     0.310     0.31    1.38
 -62664.368     0.527     0.57    1.33
 -62282.832     0.687     0.42    1.26
 -61901.403     0.886     0.52    1.18
 -61520.081     0.894     0.02    1.13
 -61138.866     0.883    -0.03    1.01
 -60757.758     1.023     0.37    0.86
 -60376.756     1.093     0.18    0.70
 -59995.860     1.016    -0.20    0.71
 -59615.071     0.723    -0.77    0.77
 -59234.388     0.347    -0.99    0.65
 -58853.811     0.038    -0.81    0.19
 -58473.341     0.000    -0.10    0.00
 -58092.976     0.000     0.00    0.00
 -57712.717     0.000     0.00    0.00
 -57332.565     0.000     0.00    0.00
 -56952.518     0.000     0.00    0.00
 -56572.576     0.000     0.00    0.00
 -56192.740     0.000     0.00    0.00
 -55813.010     0.000     0.00    0.00
 -55433.385     0.000     0.00    0.00
 -55053.865     0.000     0.00    0.00
 -54674.451     0.000     0.00    0.00
 -54295.142     0.094     0.25    0.29
 -53915.937     0.198     0.28    0.40
 -53536.838     0.331     0.35    0.47
 -53157.844     0.504     0.46    0.50
 -52778.954     0.605     0.27    0.49
 -52400.169     0.758     0.40    0.43
 -52021.489     0.805     0.12    0.40
 -51642.913     0.870     0.17    0.34
 -51264.442     0.946     0.20    0.23
 -50886.075     0.992     0.12    0.09
 -50507.812     1.000     0.02    0.00
 -50129.653     1.000     0.00    0.00
 -49751.599     1.000     0.00    0.00
 -49373.648     1.000     0.00    0.00
 -48995.802     1.000     0.00    0.00
 -48618.059     1.000     0.00    0.00
 -48240.420     0.992    -0.02    0.09
 -47862.885     0.984    -0.02    0.13
 -47485.453     0.953    -0.08    0.25
 -47108.125     0.885    -0.18    0.46
 -46730.900     0.742    -0.38    0.62
 -46353.778     0.923     0.48    0.82
 -45976.760     1.135     0.56    0.93
 -45599.845     1.386     0.67    0.88
 -45223.032     1.729     0.91    0.65
 -44846.323     1.883     0.41    0.41
 -44469.717     1.930     0.12    0.31
 -44093.214     1.921    -0.02    0.35
 -43716.813     1.984     0.17    0.18
 -43340.515     2.000     0.04    0.00
 -42964.319     2.000     0.00    0.00
 -42588.226     2.000     0.00    0.00
 -42212.235     2.000     0.00    0.00
 -41836.347     1.937    -0.17    0.35
 -41460.561     1.744    -0.51    0.66
 -41084.877     1.650    -0.25    0.75
 -40709.295     1.661     0.03    0.72
 -40333.815     1.648    -0.03    0.73
 -39958.437     1.650     0.00    0.72
 -39583.160     1.812     0.43    0.57
 -39207.986     1.913     0.27    0.36
 -38832.913     1.914     0.00    0.31
 -38457.941     1.863    -0.14    0.43
 -38083.071     1.802    -0.16    0.54
 -37708.303     1.535    -0.71    0.80
 -37333.635     1.078    -1.22    0.97
 -36959.069     0.872    -0.55    0.97
 -36584.604     0.860    -0.03    0.97
 -36210.240     1.040     0.48    1.00
 -35835.977     1.268     0.61    0.95
 -35461.815     1.375     0.29    0.91
 -35087.754     1.504     0.35    0.86
 -34713.794     1.124    -1.02    0.96
 -34339.934     0.824    -0.80    0.95
 -33966.175     0.360    -1.24    0.74
 -33592.516     0.388     0.07    0.76
 -33218.957     0.800     1.10    0.96
 -32845.499     1.344     1.46    0.92
 -32472.141     1.791     1.20    0.57
 -32098.884     1.875     0.23    0.46
 -31725.726     1.814    -0.16    0.56
 -31352.668     1.734    -0.21    0.66
 -30979.711     1.472    -0.70    0.86
 -30606.853     1.173    -0.80    0.95
 -30234.095     0.824    -0.94    0.93
 -29861.436     0.794    -0.08    0.92
 -29488.877     1.094     0.81    0.95
 -29116.418     1.587     1.32    0.78
 -28744.058     1.969     1.03    0.17
 -28371.797     1.968    -0.00    0.25
 -27999.636     1.789    -0.48    0.60
 -27627.574     1.562    -0.61    0.82
 -27255.611     1.333    -0.62    0.92
 -26883.747     1.240    -0.25    0.95
 -26511.982     1.209    -0.08    0.95
 -26140.315     1.281     0.19    0.93
 -25768.748     1.266    -0.04    0.96
 -25397.279     1.423     0.42    0.90
 -25025.909     1.433     0.03    0.85
 -24654.638     1.496     0.17    0.78
 -24283.465     1.472    -0.06    0.81
 -23912.390     1.333    -0.37    0.90
 -23541.414     1.364     0.08    0.90
 -23170.535     1.500     0.37    0.85
 -22799.755     1.630     0.35    0.76
 -22429.074     1.692     0.17    0.70
 -22058.490     1.617    -0.20    0.77
 -21688.004     1.164    -1.22    0.98
 -21317.616     0.750    -1.12    0.96
 -20947.325     0.350    -1.08    0.75
 -20577.133     0.227    -0.33    0.62
 -20207.038     0.252     0.07    0.63
 -19837.040     0.301     0.13    0.69
 -19467.140     0.336     0.09    0.71
 -19097.337     0.480     0.39    0.83
 -18727.632     0.776     0.80    0.96
 -18358.024     1.016     0.65    0.99
 -17988.513     1.405     1.05    0.91
 -17619.099     1.688     0.77    0.70
 -17249.782     1.664    -0.06    0.72
 -16880.562     1.658    -0.02    0.72
 -16511.439     1.654    -0.01    0.73
 -16142.412     1.688     0.09    0.70
 -15773.483     1.808     0.33    0.57
 -15404.649     2.000     0.52    0.00
 -15035.913     2.000     0.00    0.00
 -14667.273     1.870    -0.35    0.42
 -14298.729     1.555    -0.86    0.80
 -13930.281     1.336    -0.59    0.92
 -13561.930     1.145    -0.52    0.98
 -13193.675     0.992    -0.42    0.99
 -12825.516     0.863    -0.35    0.97
 -12457.453     0.672    -0.52    0.92
 -12089.486     0.524    -0.40    0.86
 -11721.614     0.608     0.23    0.91
 -11353.839     1.016     1.11    1.00
 -10986.159     1.394     1.03    0.90
 -10618.575     1.775     1.04    0.57
 -10251.086     1.785     0.03    0.54
  -9883.693     1.843     0.16    0.44
  -9516.395     1.900     0.16    0.38
  -9149.193     1.976     0.21    0.15
  -8782.085     2.000     0.06    0.00
  -8415.073     2.000     0.00    0.00
  -8048.156     2.000     0.00    0.00
  -7681.334     2.000     0.00    0.00
  -7314.607     2.000     0.00    0.00
  -6947.975     2.000     0.00    0.00
  -6581.438     2.000     0.00    0.00
  -6214.995     2.000     0.00    0.00
  -5848.647     2.000     0.00    0.00
  -5482.394     2.000     0.00    0.00
  -5116.235     2.000     0.00    0.00
  -4750.170     2.000     0.00    0.00
  -4384.200     1.909    -0.25    0.39
  -4018.324     1.619    -0.79    0.77
  -3652.543     1.297    -0.88    0.94
  -3286.855     0.902    -1.08    0.99
  -2921.262     0.488    -1.13    0.85
  -2555.762     0.175    -0.86    0.55
  -2190.357     0.000    -0.48    0.00
  -1825.045     0.000     0.00    0.00
  -1459.827     0.000     0.00    0.00
  -1094.703     0.000     0.00    0.00
   -729.672     0.000     0.00    0.00
   -364.735     0.000     0.00    0.00
      0.109     0.000     0.00    0.00
    364.859     0.000     0.00    0.00
    729.516     0.444     1.22    0.98
   1094.080     1.225     2.14    1.39
   1458.550     2.055     2.28    1.32
   1822.927     2.738     1.87    0.76
   2187.212     2.966     0.63    0.22
   2551.403     2.811    -0.43    0.68
   2915.502     2.780    -0.09    0.70
   3279.507     2.592    -0.52    0.97
   3643.420     2.248    -0.94    1.26
   4007.240     1.811    -1.20    1.44
   4370.968     1.345    -1.28    1.46
   4734.603     0.746    -1.65    1.27
   5098.146     0.302    -1.22    0.88
   5461.596     0.241    -0.17    0.74
   5824.954     0.843     1.65    1.32
   6188.219     1.429     1.61    1.46
   6559.427     2.008     1.56    1.36
   6942.332     2.516     1.33    1.06
   7325.131     2.821     0.80    0.63
   7707.823     2.816    -0.01    0.66
   8090.411     2.772    -0.12    0.75
   8472.892     2.748    -0.06    0.79
   8855.268     2.764     0.04    0.76
   9237.538     2.882     0.31    0.56
   9619.702     2.992     0.29    0.09
  10001.761     3.000     0.02    0.00
  10383.715     3.000     0.00    0.00
  10765.564     3.000     0.00    0.00
  11147.307     3.000     0.00    0.00
  11528.945     2.905    -0.25    0.29
  11910.479     2.311    -1.56    1.16
  12291.907     1.802    -1.34    1.49
  12673.231     2.024     0.58    1.97
  13054.449     3.016     2.60    2.82
  13435.564     4.278     3.31    2.96
  13816.573     4.900     1.63    2.56
  14197.479     4.173    -1.91    2.35
  14578.279     3.580    -1.56    2.06
  14958.976     3.000    -1.52    1.43
  15339.568     2.726    -0.72    0.81
  15720.056     2.984     0.68    0.13
  16100.441     2.898    -0.23    0.49
  16480.721     2.462    -1.15    1.12
  16860.897     3.190     1.92    2.58
  17240.970     5.675     6.54    6.57
  17620.938    12.325    17.50   12.37
  18000.804    16.789    11.75   12.43
  18380.565    19.863     8.10   10.62
  18760.223    18.881    -2.59   10.09
  19139.778    12.706   -16.27    7.27
  19519.230    10.817    -4.98    5.30
  19898.578    11.138     0.85    5.79
  20277.824     9.831    -3.45    5.66
  20656.966     8.648    -3.12    4.85
  21036.005     5.932    -7.16    3.08
  21414.942     4.411    -4.01    0.80
  21793.775     4.024    -1.02    0.39
  22172.506     3.675    -0.92    0.92
  22551.135     2.746    -2.45    1.75
  22929.660     1.541    -3.18    1.85
  23308.084     0.524    -2.69    1.22
  23686.405     0.000    -1.38    0.00
  24064.624     0.103     0.27    0.44
  24442.740     0.366     0.69    0.90
  24820.754     0.692     0.86    1.19
  25198.667     0.754     0.16    1.24
  25576.477     0.602    -0.40    1.16
  25954.186     0.198    -1.07    0.69
  26331.793     0.000    -0.53    0.00
  26709.298     0.752     1.99    1.56
  27086.701     1.540     2.09    1.92
  27464.003     2.500     2.55    1.91
  27841.204     3.344     2.24    1.44
  28218.303     3.772     1.14    0.81
  28595.301     3.317    -1.21    1.47
  28972.197     2.488    -2.20    1.89
  29348.993     1.580    -2.41    1.92
  29725.687     0.750    -2.20    1.51
  30102.281     0.169    -1.54    0.74
  30478.774     0.000    -0.45    0.00
  30855.165     0.603     1.60    1.37
  31231.456     1.602     2.65    1.91
  31607.647     2.722     2.98    1.81
  31983.737     3.700     2.60    0.98
  32359.726     4.000     0.80    0.00
  32735.615     3.808    -0.51    0.73
  33111.404     3.155    -1.74    1.56
  33487.092     5.079     5.12    9.70
  33862.681    14.903    26.16   24.16
  34238.169    29.476    38.81   30.56
  34613.557    43.904    38.43   29.18
  34988.845    57.941    37.40   26.05
  35364.034    55.419    -6.72   25.64
  35739.123    52.447    -7.92   25.07
  36114.112    44.715   -20.62   23.41
  36489.001    37.508   -19.22   20.24
  36863.791    28.381   -24.35   12.08
  37238.481    27.368    -2.70   11.23
  37613.073    32.008    12.39   14.56
  37987.564    39.569    20.19   16.98
  38361.957    43.080     9.38   17.26
  38736.251    42.250    -2.22   17.67
  39110.445    40.384    -4.99   16.57
  39484.540    39.008    -3.68   15.09
  39858.537    41.579     6.87   18.93
  40232.435    49.200    20.38   25.82
  40606.234    58.718    25.46   31.88
  40979.934    70.912    32.63   38.39
  41353.536    78.309    19.80   36.86
  41727.040    83.383    13.59   31.41
  42100.444    82.323    -2.84   24.26
  42473.751    83.715     3.73   18.23
  42846.959    84.680     2.58   13.04
  43220.069    84.480    -0.54   10.85
  43593.081    82.525    -5.24   10.77
  43965.995    76.185   -17.00   10.82
  44338.812    69.423   -18.14    9.89
  44711.530    61.301   -21.79    9.05
  45084.150    54.290   -18.81    8.57
  45456.673    47.814   -17.39    7.02
  45829.098    43.696   -11.06    5.45
  46201.425    40.234    -9.30    5.18
  46573.655    36.634    -9.67    5.74
  46945.788    33.532    -8.34    5.35
  47317.823    30.424    -8.36    3.81
  47689.761    30.049    -1.01    4.08
  48061.601    31.350     3.50    5.61
  48433.345    33.681     6.27    6.88
  48804.992    35.440     4.73    7.40
  49176.541    37.558     5.70    7.74
  49547.994    40.732     8.54    7.36
  49919.350    44.208     9.36    6.67
  50290.609    46.922     7.31    5.57
  50661.772    49.870     7.94    5.63
  51032.838    53.320     9.30    6.89
  51403.808    57.513    11.30    6.53
  51774.681    58.968     3.92    6.69
  52145.457    58.792    -0.47    8.17
  52516.138    57.675    -3.01    9.41
  52886.722    59.936     6.10   11.74
  53257.210    68.983    24.42   18.42
  53627.602    90.577    58.30   30.89
  53997.899   124.935    92.78   50.18
  54368.099   172.550   128.61   60.52
  54738.203   205.496    89.02   48.86
  55108.212   229.237    64.16   32.75
  55478.125   232.098     7.73   36.20
  55847.942   215.532   -44.79   42.03
  56217.664   193.517   -59.54   37.57
  56587.290   181.935   -31.33   26.01
  56956.821   181.065    -2.36   17.72
  57326.257   193.689    34.17   26.11
  57695.598   214.823    57.22   31.83
  58064.843   236.383    58.39   30.32
  58433.993   258.598    60.18   26.59
  58803.048   273.065    39.20   22.51
  59172.009   279.730    18.07   18.01
  59540.874   272.597   -19.34   24.47
  59909.645   262.903   -26.29   27.33
  60278.321   249.441   -36.51   26.93
  60646.902   239.081   -28.11   26.90
  61015.389   226.762   -33.43   25.91
  61383.781   206.033   -56.27   27.02
  61752.079   179.952   -70.81   40.23
  62120.282   150.387   -80.29   47.95
  62488.392   121.213   -79.25   37.98
  62856.407   103.837   -47.21   24.07
  63224.327    99.992   -10.45   21.65
  63592.154   117.992    48.94   30.67
  63959.887   137.894    54.12   38.28
  64327.526   171.899    92.49   46.99
  64695.071   197.887    70.70   41.52
  65062.522   204.221    17.24   35.30
  65429.880   182.900   -58.04   49.25
  65797.144   137.323  -124.10   60.35
  66164.314    92.373  -122.42   51.71
  66531.391    64.197   -76.76   35.90
  66898.375    59.073   -13.96   26.60
  67265.265    73.733    39.95   37.53
  67632.062   102.984    79.74   46.70
  67998.766   146.270   118.04   56.00
  68365.376   178.009    86.57   55.65
  68731.894   179.919     5.21   71.76
  69098.318   162.542   -47.42   91.60
  69464.650   123.587  -106.33   96.24
  69830.889    86.528  -101.18   86.29
  70197.035    58.254   -77.22   75.91
  70563.088    35.418   -62.38   59.13
  70929.049    16.919   -50.55   38.81
  71294.917     5.672   -30.74   16.32
  71660.693     0.910   -13.02    4.10
  72026.376     0.049    -2.35    0.31
  72391.967     0.000    -0.13    0.00
  72757.466     0.000     0.00    0.00
  73122.872     0.000     0.00    0.00
  73488.187     0.000     0.00    0.00
  73853.409     0.000     0.00    0.00
  74218.539     0.000     0.00    0.00
  74583.578     0.000     0.00    0.00
  74948.524     0.000     0.00    0.00
  75313.379     0.000     0.00    0.00
  75678.142     0.000     0.00    0.00
  76042.813     0.000     0.00    0.00
  76407.393     0.000     0.00    0.00
  76771.881     0.000     0.00    0.00
  77136.278     0.000     0.00    0.00
  77500.584     0.000     0.00    0.00
  77864.798     0.000     0.00    0.00
  78228.921     0.000     0.00    0.00
  78592.952     0.000     0.00    0.00
  78956.893     0.000     0.00    0.00
  79320.743     0.000     0.00    0.00
  79684.502     0.000     0.00    0.00
  80048.169     0.123     0.34    0.47
  80411.746     0.533     1.13    1.55
  80775.233     1.627     3.01    3.33
  81139.251     3.089     4.02    4.73
  81522.007     5.277     5.72    5.52
  81904.659     7.488     5.78    5.68
  82287.207     8.615     2.95    5.63
  82669.651     9.148     1.39    6.08
  83051.992     8.484    -1.74    5.99
  83434.229     9.846     3.56    7.14
  83816.363    12.161     6.06    8.23
  84198.394    15.702     9.27    9.18
  84580.322    17.577     4.91    9.59
  84962.146    19.068     3.90    9.59
  85343.868    22.795     9.76   10.16
  85725.486    30.648    20.58   13.70
  86107.002    42.588    31.30   14.64
  86488.415    52.734    26.60   15.47
  86869.725    66.894    37.13   18.54
  87250.932    87.089    52.97   30.09
  87632.037   115.669    74.99   37.27
  88013.040   149.256    88.15   38.63
  88393.940   167.537    47.99   31.55
  88774.738   172.322    12.57   33.21
  89155.434   166.246   -15.96   33.63
  89536.027   157.333   -23.42   24.11
  89916.518   157.098    -0.62   15.72
  90296.908   168.079    28.87   18.54
  90677.196   183.787    41.30   23.20
  91057.381   197.808    36.88   24.01
  91437.466   212.175    37.80   24.63
  91817.448   224.836    33.32   26.89
  92197.329   236.085    29.61   27.78
  92577.108   248.500    32.69   23.90
  92956.786   256.557    21.22   20.97
  93336.363   259.098     6.70   18.06
  93715.838   251.750   -19.36   26.03
  94095.213   231.000   -54.69   37.48
  94474.486   206.878   -63.60   37.87
  94853.658   184.948   -57.83   27.11
  95232.730   175.967   -23.69   19.12
  95611.700   173.526    -6.44   13.64
  95990.570   179.377    15.44   14.37
  96369.339   188.723    24.67   14.90
  96748.007   202.892    37.42   18.60
  97126.575   217.463    38.49   22.49
  97505.043   236.504    50.31   23.34
  97883.410   256.664    53.28   25.06
  98261.677   271.325    38.76   17.90
  98639.843   275.418    10.82   18.04
  99017.910   274.375    -2.76   25.89
  99395.877   272.025    -6.22   31.91
  99773.743   269.374    -7.02   33.35
 100151.510   259.883   -25.12   30.52
 100529.177   244.211   -41.49   31.16
 100906.744   225.513   -49.52   28.86
 101284.211   203.353   -58.70   23.67
 101661.579   186.631   -44.31   22.55
 102038.848   164.805   -57.85   26.17
 102416.017   145.656   -50.77   27.41
 102793.086   131.896   -36.49   18.24
 103170.057   128.074   -10.14    9.96
 103546.928   129.588     4.02    9.80
 103923.700   135.767    16.40    9.26
 104300.374   141.083    14.11    9.46
 104676.948   146.947    15.57   11.13
 105053.423   152.934    15.90   11.79
 105429.800   159.669    17.89   12.16
 105806.078   166.116    17.13   11.88
 106182.257   171.664    14.75   11.64
 106558.338   177.034    14.28   10.43
 106934.320   183.091    16.11    9.80
 107310.204   188.368    14.04   10.68
 107685.989   194.537    16.41   10.85
 108061.676   203.475    23.79   13.78
 108437.265   214.992    30.66   16.03
 108812.756   226.066    29.49   15.28
 109188.149   237.184    29.62   11.93
 109563.444   241.876    12.50    9.99
 109938.641   244.924     8.12   10.60
 110313.741   248.875    10.53   12.02
 110688.742   255.238    16.97   13.83
 111063.646   264.748    25.37   14.14
 111438.453   276.439    31.19   14.72
 111813.162   289.316    34.36   15.94
 112187.773   304.425    40.33   17.75
 112562.288   319.566    40.42   18.18
 112936.705   333.250    36.55   15.38
 113311.024   339.636    17.06   14.37
 113685.247   343.754    11.00   15.67
 114059.373   346.714     7.91   15.44
 114433.401   350.831    11.00   14.09
 114807.333   357.246    17.15   13.58
 115181.168   367.675    27.90   15.40
 115554.907   379.947    32.83   16.97
 115928.548   392.252    32.93   17.31
 116302.093   401.798    25.55   18.07
 116675.542   407.356    14.88   17.30
 117048.894   404.876    -6.64   19.11
 117422.150   385.155   -52.83   39.36
 117795.309   341.410  -117.22   66.22
 118168.372   295.622  -122.73   63.80
 118541.340   257.026  -103.48   35.27
 118914.211   244.884   -32.56   14.79
 119286.986   248.675    10.17   14.76
 119659.665   257.059    22.49   16.08
 120032.248   264.421    19.76   21.16
 120404.736   283.449    51.08   36.17
 120777.128   312.574    78.20   49.74
 121149.424   344.530    85.83   47.81
 121521.625   368.107    63.34   36.59
 121893.730   378.067    26.76   25.82
 122265.740   382.209    11.13   23.84
 122637.655   381.279    -2.50   21.25
 123009.474   372.051   -24.82   23.31
 123381.198   352.198   -53.40   31.74
 123752.827   337.576   -39.34   28.30
 124124.361   321.105   -44.33   19.20
 124495.800   319.157    -5.24   22.12
 124867.144   330.068    29.38   31.00
 125238.393   332.617     6.86   41.44
 125609.548   334.557     5.23   52.11
 125980.608   322.570   -32.30   61.08
 126351.573   296.681   -69.78   56.88
 126722.444   274.108   -60.86   39.29
 127093.220   261.286   -34.58   16.50
 127463.902   262.730     3.89   11.98
 127834.490   271.973    24.94   12.14
 128204.984   280.711    23.58   12.69
 128575.383   288.538    21.13   15.03
 128945.688   298.319    26.41   16.45
 129315.899   310.042    31.66   17.61
 129686.016   324.327    38.60   19.65
 130056.040   340.455    43.58   20.26
 130425.969   355.133    39.68   18.47
 130795.805   369.932    40.01   19.43
 131165.547   380.148    27.63   17.71
 131535.196   388.128    21.59   13.20
 131904.751   390.336     5.97    8.39
 132274.212   380.314   -27.13   21.89
 132643.581   360.000   -54.99   34.76
 133012.855   331.893   -76.11   37.13
 133382.037   314.437   -47.28   24.10
 133751.126   311.059    -9.15   17.69
 134120.121   325.933    40.31   26.33
 134489.023   351.726    69.91   30.17
 134857.833   370.355    50.51   23.57
 135226.549   375.933    15.13   17.56
 135595.173   364.174   -31.90   24.84
 135963.704   344.198   -54.20   27.54
 136332.142   329.333   -40.34   20.83
 136700.488   325.202   -11.22   21.18
 137068.741   333.438    22.36   25.39
 137436.902   346.227    34.74   23.76
 137804.970   353.033    18.49   16.46
 138172.946   350.866    -5.89   16.84
 138540.829   335.504   -41.75   29.13
 138908.621   310.719   -67.38   39.53
 139276.320   281.681   -78.97   38.80
 139643.928   258.067   -64.23   24.76
 140011.443   252.783   -14.38   16.63
 140378.867   260.425    20.80   21.22
 140746.198   277.983    47.80   21.19
 141113.438   286.220    22.43   14.68
 141480.586   282.781    -9.37   19.09
 141847.643   270.714   -32.87   21.51
 142214.607   259.478   -30.62   14.38
 142581.481   256.356    -8.51    7.61
 142948.263   261.866    15.02   12.75
 143314.954   275.191    36.34   18.08
 143681.553   290.467    41.67   18.69
 144048.061   302.353    32.43   16.41
 144414.478   314.915    34.28   14.87
 144780.804   326.160    30.69   19.80
 145147.039   342.248    43.93   23.79
 145513.183   362.636    55.68   23.18
 145879.236   378.429    43.14   18.41
 146245.198   388.368    27.16   11.45
 146611.069   385.479    -7.90   16.90
 146976.850   377.644   -21.42   21.59
 147342.540   364.425   -36.15   21.62
 147708.140   353.093   -30.99   19.34
 148073.649   346.878   -17.00   15.87
 148439.068   340.462   -17.56   11.22
 148804.396   335.100   -14.67    8.28
 149169.634   327.955   -19.56   10.87
 149534.782   321.521   -17.62   16.44
 149899.840   313.025   -23.27   20.44
 150264.807   299.851   -36.09   25.39
 150629.685   283.932   -43.62   27.71
 150994.473   271.556   -33.93   22.70
 151359.171   264.560   -19.18   14.87
 151723.779   264.537    -0.06   11.79
 152088.297   272.448    21.70   12.11
 152452.725   283.932    31.51   15.71
 152817.064   295.608    32.04   19.88
 153181.314   307.391    32.34   17.95
 153545.474   313.771    17.52   13.44
 153909.544   313.932     0.44   12.63
 154273.526   309.927   -11.00   14.53
 154637.418   303.650   -17.25   15.79
 155001.220   296.403   -19.92   19.39
 155364.934   287.949   -23.24   25.47
 155728.558   280.092   -21.60   28.18
 156104.760   269.531   -28.07   33.61
 156487.254   259.017   -27.49   37.82
 156869.645   251.243   -20.33   41.93
 157251.936   236.932   -37.43   42.69
 157634.125   223.294   -35.68   43.30
 158016.213   211.458   -30.98   44.56
 158398.200   193.915   -45.92   47.83
 158780.086   172.598   -55.82   52.59
 159161.871   144.950   -72.41   39.39
 159543.556   125.027   -52.19   11.46
 159925.139   129.175    10.87   12.55
 160306.622   136.675    19.66   10.74
 160688.004   141.093    11.58    9.54
 161069.286   143.265     5.70    9.18
 161450.467   144.291     2.69    8.39
 161831.548   144.388     0.26    7.10
 162212.529   143.027    -3.57    5.43
 162593.409   140.697    -6.12    5.06
 162974.189   139.500    -3.14    4.13
 163354.870   140.229     1.91    4.86
 163735.450   144.581    11.44    8.80
 164115.930   152.091    19.74   10.56
 164496.311   159.328    19.02    8.59
 164876.592   166.128    17.88    4.02
 165256.773   168.466     6.15    3.51
 165636.855   169.880     3.72    3.17
 166016.837   168.136    -4.59    5.22
 166396.719   164.838    -8.68    6.83
 166776.503   162.840    -5.26    6.03
 167156.187   163.239     1.05    6.42
 167535.772   167.603    11.50    7.22
 167915.257   171.746    10.91    4.90
 168294.644   171.940     0.51    4.89
 168673.932   170.681    -3.32    5.28
 169053.121   169.477    -3.17    4.35
 169432.211   169.356    -0.32    3.05
 169811.202   170.645     3.40    2.04
 170190.095   169.403    -3.28    4.45
 170568.889   163.504   -15.57   11.03
 170947.584   155.814   -20.31   13.31
 171326.181   150.095   -15.10   10.96
 171704.680   150.825     1.93   11.17
 172083.081   158.119    19.27   14.61
 172461.383   169.955    31.28   13.37
 172839.587   180.060    26.72   10.40
 173217.693   187.991    20.97    9.86
 173595.701   195.607    20.14    8.26
 173973.612   200.521    13.00    7.79
 174351.424   203.932     9.03    8.64
 174729.139   207.333     9.01    8.89
 175106.756   210.664     8.82    8.77
 175484.275   212.393     4.58    7.64
 175861.697   211.652    -1.96    7.34
 176239.022   209.931    -4.56    7.57
 176616.249   209.504    -1.13    7.32
 176993.379   208.810    -1.84    6.56
 177370.411   208.076    -1.95    6.70
 177747.347   205.918    -5.72    7.06
 178124.185   203.593    -6.17    6.55
 178500.926   202.634    -2.55    4.99
 178877.571   204.627     5.29    6.02
 179254.118   207.835     8.52    6.46
 179630.569   209.922     5.54    6.20
 180006.923   210.195     0.73    6.37
 180383.181   208.536    -4.41    6.78
 180759.342   205.244    -8.75    5.73
 181135.406   203.034    -5.87    4.25
 181511.374   201.444    -4.23    3.23
 181887.246   200.940    -1.34    2.29
 182263.021   200.733    -0.55    2.68
 182638.700   199.373    -3.62    4.03
 183014.283   197.364    -5.35    4.04
 183389.771   194.322    -8.10    3.72
 183765.162   192.540    -4.75    4.19
 184140.457   191.256    -3.42    4.46
 184515.656   191.224    -0.09    4.45
 184890.760   192.699     3.93    5.58
 185265.768   194.235     4.10    6.28
 185640.680   196.900     7.11    7.58
 186015.497   200.393     9.32    8.13
 186390.219   203.802     9.10    8.36
 186764.845   208.517    12.59    7.47
 187139.375   211.017     6.67    6.79
 187513.811   212.366     3.60    6.64
 187888.151   213.975     4.30    6.77
 188262.396   215.115     3.05    6.84
 188636.547   216.190     2.87    6.43
 189010.602   215.890    -0.80    6.47
 189384.562   213.698    -5.86    5.68
 189758.428   212.602    -2.93    5.46
 190132.198   214.055     3.89    7.58
 190505.875   214.449     1.06   10.70
 190879.456   213.684    -2.05   13.02
 191252.943   212.181    -4.02   14.66
 191626.336   213.853     4.48   16.15
 191999.634   218.682    12.93   17.95
 192372.838   226.078    19.81   15.26
 192745.948   233.539    20.00   12.67
 193118.963   238.769    14.02   12.14
 193491.884   243.138    11.71   12.97
 193864.712   246.409     8.77   13.77
 194237.445   247.857     3.89   13.14
 194610.085   247.055    -2.15   12.35
 194982.630   243.342    -9.96   13.12
 195355.082   240.267    -8.25   12.68
 195727.441   238.103    -5.81   11.20
 196099.705   237.905    -0.53    9.69
 196471.877   238.600     1.87    8.74
 196843.954   237.034    -4.21   10.68
 197215.939   235.190    -4.96   11.87
 197587.830   232.457    -7.35   12.76
 197959.627   230.853    -4.31   12.67
 198331.332   230.209    -1.73   11.75
 198702.943   227.207    -8.08   12.52
 199074.462   226.095    -2.99   13.54
 199445.887   222.405    -9.93   14.48
 199817.220   220.034    -6.39   13.34
 200188.459   216.589    -9.28   10.46
 200559.606   212.479   -11.07    8.74
 200930.661   208.522   -10.66    8.25
 201301.622   205.026    -9.42    6.91
 201672.491   202.179    -7.67    6.30
 202043.268   197.964   -11.37    6.41
 202413.952   192.763   -14.03   11.37
 202784.544   187.723   -13.60   13.71
 203155.043   183.974   -10.12   14.88
 203525.451   181.612    -6.38   16.22
 203895.766   182.071     1.24   19.98
 204265.989   181.966    -0.29   22.52
 204636.120   180.752    -3.28   22.99
 205006.159   175.293   -14.75   21.73
 205376.106   176.750     3.94   21.96
 205745.962   181.901    13.93   23.68
 206115.726   190.190    22.41   23.28
 206485.398   199.274    24.57   17.59
 206854.978   207.284    21.67   12.47
 207224.467   213.675    17.29   11.66
 207593.865   220.300    17.93   11.04
 207963.171   221.197     2.43   12.83
 208332.385   218.655    -6.88   14.47
 208701.509   208.878   -26.48   18.40
 209070.541   196.426   -33.74   19.65
 209439.482   179.110   -46.93   25.26
 209808.332   153.026   -70.71   33.33
 210177.092   130.635   -60.71   29.80
 210545.760   114.043   -45.00   15.56
 210914.337   114.672     1.71   14.80
 211282.824   124.750    27.35   16.40
 211651.219   135.483    29.13   11.83
 212019.525   143.903    22.86    9.36
 212387.739   154.539    28.88   17.73
 212755.863   171.000    44.71   26.11
 213123.897   188.644    47.94   24.53
 213491.840   201.440    34.77   15.14
 213859.693   205.651    11.45    9.24
 214227.456   200.000   -15.36   12.85
