 -79241.111   280.148     0.00   25.27
 -78866.524   272.295   -20.96   24.28
 -78491.838   275.561     8.72   25.75
 -78117.055   286.923    30.32   29.50
 -77742.173   299.982    34.83   22.99
 -77367.194   302.117     5.69   22.53
 -76992.116   291.760   -27.61   29.60
 -76616.940   277.874   -37.01   30.82
 -76241.666   257.932   -53.14   28.76
 -75866.293   235.252   -60.42   30.83
 -75490.821   218.340   -45.04   28.15
 -75115.252   206.676   -31.06   24.44
 -74739.583   199.340   -19.53   30.20
 -74363.816   188.479   -28.90   33.24
 -73987.950   183.932   -12.10   27.63
 -73611.985   190.686    17.96   29.25
 -73235.921   215.407    65.73   40.88
 -72859.758   244.030    76.09   39.73
 -72483.496   274.570    81.16   28.20
 -72107.134   294.062    51.79   25.52
 -71730.674   304.221    26.98   18.18
 -71354.114   295.081   -24.27   28.81
 -70977.454   279.271   -41.97   34.38
 -70600.695   254.007   -67.05   30.72
 -70223.837   235.436   -49.28   27.11
 -69846.879   216.975   -48.97   24.19
 -69469.821   197.582   -51.43   27.66
 -69092.663   178.207   -51.37   26.20
 -68715.405   155.596   -59.93   25.42
 -68338.047   144.875   -28.41   20.69
 -67960.590   149.682    12.73   29.12
 -67583.032   176.350    70.63   46.96
 -67205.373   207.393    82.20   43.46
 -66827.615   234.152    70.83   35.39
 -66449.756   249.081    39.51   25.05
 -66071.797   255.215    16.23   20.57
 -65693.737   257.808     6.86   19.62
 -65315.576   256.897    -2.41   23.68
 -64937.315   246.420   -27.70   31.70
 -64558.953   225.184   -56.12   39.40
 -64180.490   198.555   -70.36   33.38
 -63801.926   189.039   -25.14   23.74
 -63423.262   193.355    11.40   23.08
 -63044.496   210.900    46.32   31.91
 -62665.628   237.810    71.03   33.50
 -62286.660   258.735    55.22   31.35
 -61907.590   273.841    39.85   25.21
 -61528.419   279.342    14.51   16.13
 -61149.146   271.469   -20.76   21.38
 -60769.772   252.018   -51.27   31.02
 -60390.296   226.780   -66.50   33.25
 -60010.718   206.205   -54.20   21.73
 -59631.038   201.639   -12.02   19.04
 -59251.257   206.514    12.83   23.77
 -58871.373   216.524    26.35   23.88
 -58491.388   222.249    15.07   21.47
 -58111.300   222.618     0.97   20.20
 -57731.110   223.355     1.94   15.02
 -57350.817   226.000     6.96   10.99
 -56970.423   226.924     2.43   12.16
 -56589.925   225.907    -2.67   12.70
 -56209.326   221.049   -12.77   13.17
 -55828.623   214.062   -18.35   13.62
 -55447.818   207.701   -16.70   14.73
 -55066.910   198.743   -23.52   18.49
 -54685.899   187.991   -28.22   20.81
 -54304.785   174.376   -35.73   16.81
 -53923.567   165.301   -23.80   11.55
 -53542.247   156.688   -22.59   11.20
 -53160.824   150.168   -17.09   11.31
 -52779.297   143.982   -16.21   10.44
 -52397.667   142.013    -5.16   12.60
 -52015.933   144.769     7.22   17.15
 -51634.096   145.135     0.96   15.81
 -51252.155   148.155     7.91   14.88
 -50870.110   157.005    23.16   22.05
 -50487.961   168.464    29.99   24.29
 -50105.709   169.498     2.70   23.53
 -49723.352   156.940   -32.84   32.07
 -49340.892   129.984   -70.48   31.81
 -48958.327   108.577   -55.95   24.15
 -48575.658    94.372   -37.12   25.67
 -48208.071    80.752   -37.05   25.93
 -47844.756    68.045   -34.97   18.08
 -47481.350    59.105   -24.60    9.33
 -47117.853    53.656   -14.99   10.20
 -46754.265    50.537    -8.58   11.54
 -46390.585    45.975   -12.54   11.78
 -46026.815    41.696   -11.76    9.18
 -45662.953    39.416    -6.27    5.53
 -45298.999    38.847    -1.56    4.31
 -44934.954    38.044    -2.21    3.88
 -44570.817    37.469    -1.58    4.08
 -44206.589    36.497    -2.67    3.59
 -43842.269    34.174    -6.38    3.65
 -43477.857    32.948    -3.36    3.23
 -43113.353    32.584    -1.00    3.10
 -42748.757    32.118    -1.28    2.85
 -42384.070    33.152     2.84    3.04
 -42019.290    34.898     4.79    3.44
 -41654.418    36.452     4.26    3.96
 -41289.454    38.653     6.03    3.91
 -40924.397    39.667     2.78    5.01
 -40559.248    37.828    -5.04    7.60
 -40194.007    35.237    -7.09    8.68
 -39828.673    30.891   -11.89    6.21
 -39463.246    28.092    -7.66    2.97
 -39097.727    28.158     0.18    2.79
 -38732.115    31.412     8.90    5.44
 -38366.411    34.956     9.69    6.33
 -38000.613    38.923    10.84    6.02
 -37634.723    43.810    13.36    7.81
 -37268.739    46.672     7.82    7.98
 -36902.663    47.601     2.54    8.39
 -36536.493    47.771     0.46    7.73
 -36170.230    46.948    -2.25    6.28
 -35803.874    46.013    -2.55    4.02
 -35437.425    44.812    -3.28    5.34
 -35070.882    43.782    -2.81    6.82
 -34704.245    43.690    -0.25    7.71
 -34337.515    43.763     0.20    7.65
 -33970.691    43.296    -1.27    6.85
 -33603.774    42.383    -2.49    6.04
 -33236.762    41.356    -2.80    5.40
 -32869.657    41.479     0.34    5.30
 -32502.458    42.779     3.54    6.80
 -32135.165    42.480    -0.81    8.38
 -31767.778    40.389    -5.69    8.91
 -31400.296    38.092    -6.25    7.41
 -31032.721    36.981    -3.02    5.65
 -30665.051    39.101     5.77    7.71
 -30297.286    43.700    12.50   11.39
 -29929.428    51.100    20.12   13.05
 -29561.474    57.818    18.26   13.28
 -29193.426    60.628     7.63   12.43
 -28825.284    62.601     5.36   11.68
 -28457.046    64.626     5.50   10.59
 -28088.714    65.101     1.29    7.70
 -27720.287    66.314     3.29    5.35
 -27351.765    64.788    -4.14    6.90
 -26983.148    59.485   -14.39    7.62
 -26614.436    58.103    -3.75    7.29
 -26245.629    62.660    12.36   12.94
 -25876.726    74.601    32.37   23.08
 -25507.728    94.745    54.59   30.77
 -25138.634   112.756    48.80   32.24
 -24769.446   125.578    34.73   26.81
 -24400.161   128.706     8.47   21.32
 -24030.781   126.176    -6.85   17.10
 -23661.305   120.607   -15.07   13.70
 -23291.734   112.932   -20.77   18.07
 -22922.066    99.908   -35.23   20.48
 -22552.303    83.932   -43.20   18.56
 -22182.443    73.284   -28.79   13.86
 -21812.488    67.243   -16.33    9.77
 -21442.436    70.567     8.98   12.24
 -21072.288    76.085    14.91   12.42
 -20702.044    78.727     7.13   13.20
 -20331.703    75.432    -8.90   17.66
 -19961.266    64.408   -29.76   23.25
 -19590.733    47.924   -44.49   22.86
 -19220.102    33.755   -38.23   16.16
 -18849.375    24.719   -24.37   10.44
 -18478.552    19.826   -13.19    7.18
 -18107.631    15.668   -11.21    8.86
 -17736.614    10.705   -13.38   10.47
 -17365.499     4.385   -17.03    8.14
 -16994.287     0.243   -11.16    4.73
 -16622.979    -1.060    -3.51    0.00
 -16251.573    -1.060     0.00    0.00
 -15880.070    -1.060     0.00    0.00
 -15508.469    -1.060     0.00    0.00
 -15136.771    -1.060     0.00    0.00
 -14764.975    -1.060     0.00    0.00
 -14393.082    -1.044     0.04    0.13
 -14021.091    -0.189     2.30    2.76
 -13649.002     1.932     5.70    4.93
 -13276.816     4.067     5.74    5.86
 -12904.531     5.881     4.87    6.07
 -12532.149     6.250     0.99    6.17
 -12159.668     7.134     2.37    5.91
 -11787.090     7.306     0.46    5.81
 -11414.413     6.377    -2.49    5.86
 -11041.637     5.580    -2.14    5.94
 -10668.764     5.737     0.42    6.14
 -10295.792     7.337     4.29    6.49
  -9922.721     9.225     5.06    5.95
  -9549.552    11.742     6.75    3.81
  -9176.284    12.884     3.06    2.79
  -8802.917    10.015    -7.68    6.02
  -8429.451     6.452    -9.54    6.94
  -8055.887     3.327    -8.37    5.61
  -7682.223     4.668     3.59    6.95
  -7308.460     8.214     9.49    8.18
  -6934.599    12.143    10.51    7.50
  -6560.637    13.268     3.01    5.81
  -6186.577    12.940    -0.88    5.53
  -5812.417    12.087    -2.28    4.81
  -5438.158    11.528    -1.49    3.65
  -5063.799    12.190     1.77    1.98
  -4689.340    11.515    -1.80    2.46
  -4314.782    10.004    -4.03    4.19
  -3940.124     8.876    -3.01    4.67
  -3565.366     8.940     0.17    4.52
  -3190.508     9.601     1.76    3.83
  -2815.550    11.028     3.80    0.68
  -2440.492    10.810    -0.58    0.64
  -2065.333    10.480    -0.88    0.50
  -1690.075     9.956    -1.40    1.21
  -1314.716     8.302    -4.41    3.05
   -939.256     5.468    -7.55    4.57
   -563.696     2.532    -7.82    4.27
   -188.035    -0.192    -7.25    1.78
    187.726    -1.052    -2.29    0.09
    563.588    -1.060    -0.02    0.00
    939.551    -0.838     0.59    0.76
   1315.615    -0.560     0.74    1.06
   1691.780    -0.108     1.20    1.34
   2068.046     0.436     1.45    1.45
   2444.414     1.025     1.56    1.32
   2820.882     1.377     0.93    0.93
   3197.452     1.127    -0.66    1.03
   3574.123     0.408    -1.91    1.21
   3950.896    -0.212    -1.64    1.06
   4327.771    -0.693    -1.28    0.76
   4704.747    -0.695    -0.00    0.74
   5081.825    -0.477     0.58    0.87
   5459.004    -0.060     1.11    0.96
   5836.286     0.350     1.09    0.85
   6213.670     0.461     0.30    0.78
   6591.155     0.623     0.43    0.69
   6968.743     0.516    -0.28    0.79
   7346.433     0.436    -0.21    0.83
   7724.226     0.353    -0.22    0.87
   8102.121     0.320    -0.09    0.87
   8480.118    -0.012    -0.88    0.95
   8858.218    -0.052    -0.10    0.95
   9236.421     0.142     0.51    0.95
   9614.727     0.393     0.66    0.86
   9993.135     0.932     1.42    0.09
  10371.646     0.940     0.02    0.00
  10750.260     0.940     0.00    0.00
  11128.978     0.940     0.00    0.00
  11507.798     0.917    -0.06    0.15
  11886.722     0.915    -0.00    0.16
  12265.749     0.901    -0.04    0.20
  12644.880     0.585    -0.83    0.73
  13024.114     0.087    -1.32    0.98
  13403.452    -0.398    -1.28    0.93
  13782.893    -0.668    -0.71    1.49
  14162.438     2.326     7.89    6.01
  14542.087     5.696     8.88    6.74
  14921.840     8.932     8.52    5.72
  15301.697     8.074    -2.26    6.30
  15681.658     4.134   -10.37    6.29
  16061.724     2.498    -4.30    5.98
  16441.893     2.532     0.09    6.38
  16822.167     4.696     5.69    7.23
  17202.546     5.380     1.80    7.45
  17583.029     4.636    -1.96    7.11
  17963.616     2.604    -5.34    6.09
  18344.309     1.000    -4.22    4.56
  18725.106     0.184    -2.14    2.82
  19106.008     1.607     3.73    4.25
  19487.015     3.318     4.49    4.85
  19868.127     4.775     3.82    4.77
  20249.344     6.093     3.46    4.31
  20630.666     7.002     2.38    3.30
  21012.094     6.774    -0.60    2.90
  21393.627     5.503    -3.33    2.99
  21775.266     4.116    -3.63    2.78
  22157.010     2.965    -3.02    2.54
  22538.860     2.295    -1.75    2.43
  22920.816     0.809    -3.89    1.91
  23302.877    -0.216    -2.68    1.36
  23685.045    -0.760    -1.42    1.03
  24067.318    -1.060    -0.78    0.00
  24449.698    -0.964     0.25    0.45
  24832.184    -0.774     0.50    1.02
  25214.776    -0.627     0.39    1.13
  25597.474    -0.729    -0.27    0.84
  25980.279    -0.888    -0.41    0.60
  26356.242    -1.035    -0.39    0.16
  26719.332    -1.060    -0.07    0.00
  27082.515    -1.060     0.00    0.00
  27445.790    -1.060     0.00    0.00
  27809.157    -1.060     0.00    0.00
  28172.618    -0.950     0.30    0.51
  28536.171    -0.532     1.15    1.27
  28899.817    -0.068     1.28    1.68
  29263.556     0.717     2.16    2.16
  29627.388     1.484     2.11    2.38
  29991.314     2.124     1.76    2.42
  30355.332     2.808     1.88    2.44
  30719.444     3.468     1.81    2.44
  31083.648     4.274     2.21    2.39
  31447.947     5.019     2.05    1.86
  31812.338     5.131     0.31    1.81
  32176.824     3.996    -3.11    2.53
  32541.402     2.460    -4.21    2.82
  32906.075     1.739    -1.98    2.80
  33270.841     0.956    -2.14    2.43
  33635.701     0.266    -1.89    1.89
  34000.655    -0.044    -0.85    1.37
  34365.703     0.116     0.44    1.23
  34730.845     0.777     1.81    1.72
  35096.081     1.324     1.50    1.74
  35461.411     1.861     1.47    1.64
  35826.836     2.300     1.20    1.57
  36192.354     2.324     0.07    1.49
  36557.968     2.260    -0.18    1.38
  36923.675     2.025    -0.64    1.38
  37289.478     1.572    -1.24    1.29
  37655.374     1.452    -0.33    1.30
  38021.366     1.464     0.03    1.28
  38387.452     1.582     0.32    1.41
  38753.634     1.625     0.12    1.64
  39119.910     1.669     0.12    1.66
  39486.281     2.257     1.61    1.73
  39852.747     2.862     1.65    1.62
  40219.308     2.837    -0.07    1.68
  40585.965     2.539    -0.81    1.84
  40952.717     1.504    -2.82    1.80
  41319.564     0.628    -2.39    1.58
  41686.507     0.096    -1.45    1.43
  42053.545     0.393     0.81    1.63
  42420.679     0.612     0.60    1.82
  42787.908     1.215     1.64    1.97
  43155.234     1.425     0.57    2.11
  43522.655     1.126    -0.81    2.28
  43890.172     1.065    -0.17    2.34
  44257.785     1.219     0.42    2.29
  44625.494     1.345     0.34    2.17
  44993.299     1.670     0.88    2.04
  45361.200     1.948     0.76    2.04
  45729.198     2.378     1.17    1.93
  46097.292     3.069     1.88    2.16
  46465.482     3.040    -0.08    2.08
  46833.769     2.665    -1.02    2.35
  47202.153     1.781    -2.40    2.65
  47570.633     1.421    -0.98    2.56
  47939.210     1.148    -0.74    2.41
  48307.884     1.680     1.44    2.34
  48676.655     1.871     0.52    1.80
  49045.522     1.192    -1.84    1.35
  49414.487     1.351     0.43    1.61
  49783.549     1.065    -0.77    1.73
  50152.708     0.932    -0.36    1.70
  50521.964     1.253     0.87    1.73
  50891.318     0.971    -0.76    1.45
  51260.769     0.857    -0.31    1.29
  51630.318     1.096     0.65    1.41
  51999.964     1.235     0.37    1.53
  52369.708     1.753     1.40    1.72
  52739.550     2.409     1.77    1.76
  53109.490     3.208     2.16    2.07
  53479.527     4.313     2.99    2.70
  53849.662     5.276     2.60    2.81
  54219.896     5.820     1.47    2.51
  54590.228     6.035     0.58    2.28
  54960.658     6.726     1.87    2.03
  55331.186     6.949     0.60    2.23
  55701.812     7.328     1.02    2.53
  56072.537     6.209    -3.02    4.16
  56443.361     5.103    -2.98    4.56
  56814.283     4.258    -2.28    3.86
  57185.304     4.575     0.85    3.27
  57556.424     6.174     4.31    1.22
  57927.642     5.832    -0.92    1.14
  58298.960     5.743    -0.24    1.46
  58670.376     5.546    -0.53    1.66
  59041.892     4.963    -1.57    2.77
  59413.507     4.143    -2.21    3.66
  59785.221     2.979    -3.13    4.19
  60157.034     2.374    -1.63    4.22
  60528.947     1.807    -1.53    3.91
  60900.960     1.049    -2.04    3.43
  61273.071     1.010    -0.10    3.30
  61645.283     0.724    -0.77    2.90
  62017.594     1.002     0.75    2.83
  62390.006     0.924    -0.21    2.65
  62762.517    -0.068    -2.66    0.93
  63135.128    -0.067     0.00    1.17
  63507.839    -0.206    -0.37    1.23
  63880.650    -0.206     0.00    1.27
  64253.561    -0.252    -0.12    1.26
  64626.573    -0.184     0.18    1.23
  64999.686    -0.319    -0.36    1.10
  65372.898    -0.466    -0.39    0.97
  65746.211    -0.607    -0.38    0.66
  66119.625    -0.506     0.27    0.78
  66493.140    -0.414     0.25    0.89
  66866.755    -0.509    -0.26    0.87
  67240.472    -0.409     0.27    1.33
  67614.289    -0.349     0.16    1.53
  67988.207    -0.052     0.79    1.73
  68362.227     0.342     1.05    1.91
  68736.347     1.035     1.85    2.00
  69110.569     0.698    -0.90    1.89
  69484.893     0.704     0.02    2.00
  69859.317     0.421    -0.76    1.90
  70233.844    -0.414    -2.23    1.33
  70608.472    -0.798    -1.02    0.57
  70983.201    -0.467     0.88    0.88
  71358.033     0.065     1.42    1.12
  71732.966     0.444     1.01    1.07
  72108.002     0.296    -0.39    1.04
  72483.139     0.182    -0.30    0.95
  72858.379     0.328     0.39    1.09
  73233.720     0.305    -0.06    1.07
  73609.165     0.340     0.09    1.06
  73984.711     0.284    -0.15    0.99
  74360.360     0.190    -0.25    0.96
  74736.111     0.284     0.25    1.00
  75111.966     0.010    -0.73    1.01
  75487.922    -0.286    -0.79    0.90
  75863.982    -0.229     0.15    0.87
  76240.145    -0.191     0.10    0.78
  76616.410    -0.084     0.28    1.11
  76992.779     0.188     0.72    1.35
  77369.250     0.316     0.34    1.36
  77745.825     0.281    -0.09    1.39
  78122.504     0.102    -0.48    1.21
  78499.285    -0.342    -1.18    0.85
  78876.171    -0.529    -0.49    0.74
  79253.159    -0.700    -0.46    0.70
  79630.252    -0.919    -0.58    0.53
  80007.448    -1.045    -0.33    0.12
  80384.748    -1.027     0.05    0.36
  80762.152    -0.975     0.14    0.48
  81139.660    -0.920     0.15    0.60
  81517.272    -0.631     0.77    1.02
  81894.988    -0.302     0.87    1.63
  82272.809    -0.154     0.39    1.79
  82650.734    -0.191    -0.10    1.79
  83028.763    -0.567    -1.00    1.59
  83406.897    -1.060    -1.30    0.00
  83785.135    -0.823     0.63    0.72
  84163.479    -0.580     0.64    0.90
  84541.927    -0.052     1.39    1.22
  84920.479     0.140     0.51    1.25
  85299.137     0.254     0.30    1.41
  85677.900     0.108    -0.39    1.27
  86056.768     0.390     0.74    1.53
  86435.741     0.785     1.04    1.53
  86814.820     0.669    -0.31    1.33
  87194.004     0.666    -0.01    1.36
  87573.293     0.406    -0.69    1.34
  87952.689     0.302    -0.27    1.34
  88332.189     0.261    -0.11    1.27
  88711.796     0.497     0.62    1.31
  89091.508     0.604     0.28    1.14
  89471.326     0.849     0.65    1.19
  89851.251     0.809    -0.10    1.25
  90231.281     0.460    -0.92    1.16
  90611.418     0.394    -0.17    1.20
  90991.661     0.134    -0.68    1.07
  91372.010     0.139     0.01    1.02
  91752.466     0.150     0.03    0.95
  92133.028     0.256     0.28    1.23
  92513.697     0.349     0.25    1.21
  92894.473     0.296    -0.14    1.17
  93275.356     0.444     0.39    1.55
  93656.345     1.315     2.29    2.26
  94037.442     1.971     1.72    2.56
  94418.645     2.068     0.25    2.73
  94799.956     1.743    -0.85    2.36
  95181.374     1.226    -1.36    2.05
  95562.900     1.584     0.94    2.40
  95944.533     1.663     0.21    2.35
  96326.274     1.673     0.03    2.38
  96708.122     1.432    -0.63    2.33
  97090.078     1.001    -1.13    1.86
  97472.142     0.612    -1.02    1.33
  97854.313     0.679     0.17    1.33
  98236.593     0.702     0.06    1.29
  98618.981     1.153     1.18    1.56
  99001.477     1.902     1.96    1.79
  99384.082     2.092     0.50    1.99
  99766.794     2.001    -0.24    1.96
 100149.616     1.459    -1.42    2.00
 100532.545     1.004    -1.19    1.81
 100915.584     0.410    -1.55    1.41
 101280.307     0.129    -0.77    1.11
 101643.275     0.165     0.10    1.06
 102006.338     0.166     0.00    1.06
 102369.494     0.543     1.04    1.41
 102732.745     0.729     0.51    1.50
 103096.089     1.116     1.06    1.82
 103459.528     1.256     0.38    1.73
 103823.062     1.513     0.71    1.79
 104186.689     1.713     0.55    1.82
 104550.411     1.486    -0.62    1.72
 104914.228     1.126    -0.99    1.59
 105278.139     0.711    -1.14    1.27
 105642.145     0.311    -1.10    1.10
 106006.245     0.226    -0.23    1.07
 106370.440     0.056    -0.47    0.99
 106734.731    -0.165    -0.61    0.77
 107099.116     0.050     0.59    1.06
 107463.596     0.186     0.37    1.16
 107828.172     0.200     0.04    1.16
 108192.842     0.604     1.11    1.44
 108557.608     1.011     1.12    1.71
 108922.469     1.667     1.80    2.05
 109287.426     1.979     0.85    2.05
 109652.478     2.005     0.07    2.27
 110017.626     1.782    -0.61    2.33
 110382.869     1.264    -1.42    2.09
 110748.208     0.972    -0.80    1.87
 111113.643     0.577    -1.08    1.47
 111479.174     0.399    -0.49    1.29
 111844.800     0.231    -0.46    1.28
 112210.523    -0.007    -0.65    1.01
 112576.342    -0.136    -0.35    0.93
 112942.257    -0.108     0.08    0.95
 113308.269     0.258     1.00    1.34
 113674.376     0.463     0.56    1.36
 114040.580     0.852     1.06    1.74
 114406.881     1.209     0.98    1.72
 114773.278     1.046    -0.45    1.52
 115139.772     0.940    -0.29    1.25
 115506.363     0.925    -0.04    1.23
 115873.050     0.948     0.06    1.20
 116239.834     0.901    -0.13    1.25
 116606.716     1.002     0.28    1.27
 116973.694     1.134     0.36    1.21
 117340.769     1.086    -0.13    1.18
 117707.942     0.817    -0.73    1.23
 118075.212     1.015     0.54    1.32
 118442.579     0.956    -0.16    1.34
 118810.044     0.840    -0.31    1.33
 119177.606     0.925     0.23    1.41
 119545.266     0.925    -0.00    1.44
 119913.024     0.622    -0.82    1.20
 120280.879     0.792     0.46    1.14
 120648.832     0.925     0.36    1.15
 121016.883     0.771    -0.42    1.13
 121385.032     0.698    -0.20    1.25
 121753.279     0.690    -0.02    1.32
 122121.624     0.879     0.51    1.40
 122490.068     0.896     0.05    1.35
 122858.610     0.917     0.06    1.38
 123227.250     1.071     0.42    1.39
 123595.989     0.881    -0.52    1.38
 123964.826     0.756    -0.34    1.41
 124333.762     0.910     0.42    1.48
 124702.796     1.074     0.44    1.45
 125071.930     1.563     1.33    1.61
 125441.162     2.330     2.08    2.08
 125810.493     2.589     0.70    2.23
 126179.924     3.094     1.37    2.80
 126549.453     4.539     3.91    4.09
 126919.082     4.806     0.72    4.59
 127288.809     5.479     1.82    4.99
 127658.637     6.337     2.32    5.52
 128028.563     6.294    -0.12    5.11
 128398.590     5.885    -1.10    4.72
 128768.715     4.304    -4.27    4.56
 129138.941     2.819    -4.01    3.44
 129509.266     1.452    -3.69    1.70
 129879.691     1.328    -0.33    2.17
 130250.216     1.546     0.59    2.23
 130620.841     1.416    -0.35    1.67
 130991.567     1.654     0.64    1.66
 131362.392     2.279     1.68    2.06
 131733.318     2.548     0.73    2.13
 132104.344     1.933    -1.66    1.97
 132475.470     1.933     0.00    1.90
 132846.697     1.376    -1.50    1.43
 133218.025     1.014    -0.97    1.27
 133589.453     0.985    -0.08    1.28
 133960.982     0.987     0.01    1.24
 134332.612     0.970    -0.05    1.26
 134704.342     1.205     0.63    1.40
 135076.174     1.398     0.52    1.41
 135448.107     1.451     0.14    1.39
 135820.141     1.509     0.16    1.53
 136192.276     1.248    -0.70    1.59
 136564.513     1.274     0.07    1.47
 136936.851     1.238    -0.10    1.41
 137309.291     1.516     0.75    1.77
 137681.832     1.948     1.16    2.06
 138054.475     1.886    -0.17    2.11
 138427.219     1.586    -0.80    2.17
 138800.066     1.306    -0.75    1.93
 139173.014     0.684    -1.67    1.31
 139546.065     0.585    -0.27    1.15
 139919.218     0.866     0.75    1.19
 140292.472     0.972     0.29    1.22
 140665.829     1.111     0.37    1.19
 141039.289     1.134     0.06    1.12
 141412.851     1.173     0.10    1.14
 141786.515     0.874    -0.80    1.20
 142160.282     0.940     0.18    1.19
 142534.152     0.986     0.12    1.18
 142908.124     1.045     0.16    1.17
 143282.200     1.248     0.54    1.15
 143656.378     1.218    -0.08    1.21
 144030.660     1.440     0.59    1.41
 144405.044     1.476     0.10    1.42
 144779.532     1.364    -0.30    1.40
 145154.123     1.451     0.23    1.50
 145528.818     1.324    -0.34    1.36
 145903.616     1.276    -0.13    1.33
 146278.517     1.444     0.45    1.28
 146653.522     1.148    -0.79    1.06
 147028.631     1.051    -0.26    1.03
 147403.844     1.040    -0.03    1.05
 147779.161     1.030    -0.03    0.99
 148154.582     1.022    -0.02    1.06
 148530.106     1.074     0.14    1.05
 148905.736     1.179     0.28    1.03
 149281.469     1.222     0.11    1.08
 149657.306     1.188    -0.09    1.13
 150033.249     1.249     0.16    1.13
 150409.295     1.311     0.17    1.13
 150785.446     1.276    -0.09    1.17
 151161.702     1.205    -0.19    1.15
 151538.063     0.856    -0.93    1.10
 151914.529     0.679    -0.47    1.14
 152291.099     0.644    -0.09    1.11
 152667.775     0.753     0.29    1.06
 153044.556     0.850     0.26    1.03
 153421.442     0.881     0.08    0.98
 153798.433     1.011     0.35    1.24
 154175.530     1.118     0.28    1.58
 154552.733     1.637     1.38    1.79
 154930.041     2.039     1.06    1.86
 155307.454     2.125     0.23    2.17
 155684.974     1.633    -1.30    2.46
 156062.599     1.459    -0.46    2.76
 156440.330     1.488     0.08    3.00
 156818.168     1.768     0.74    2.80
 157196.111     2.014     0.65    2.59
 157574.161     2.045     0.08    2.55
 157952.317     2.101     0.15    2.86
 158330.579     1.462    -1.69    3.19
 158708.948     0.948    -1.36    3.39
 159087.424     1.231     0.75    3.46
 159466.006     1.229    -0.01    3.38
 159844.695     0.636    -1.57    3.34
 160223.491    -0.386    -2.70    2.85
 160602.394    -1.134    -1.97    2.24
 160981.404    -2.045    -2.40    0.17
 161360.521    -2.060    -0.04    0.00
 161739.745    -2.060     0.00    0.00
 162119.077    -2.060     0.00    0.00
 162498.516    -2.060     0.00    0.00
 162878.063    -2.060     0.00    0.00
 163257.717    -2.060     0.00    0.00
 163637.479    -2.060     0.00    0.00
 164017.348    -2.060     0.00    0.00
 164397.326    -2.060     0.00    0.00
 164777.411    -2.060     0.00    0.00
 165157.605    -2.060     0.00    0.00
 165537.907    -2.060     0.00    0.00
 165918.317    -2.060     0.00    0.00
 166298.835    -2.060     0.00    0.00
 166679.462    -1.879     0.48    0.75
 167060.198    -1.541     0.89    1.54
 167441.042    -1.408     0.35    1.74
 167821.994    -1.628    -0.58    1.43
 168203.056    -2.060    -1.13    0.00
 168584.226    -2.060     0.00    0.00
 168965.506    -2.060     0.00    0.00
 169346.894    -2.060     0.00    0.00
 169728.392    -2.060     0.00    0.00
 170109.999    -2.060     0.00    0.00
 170491.716    -2.060     0.00    0.00
 170873.542    -2.060     0.00    0.00
 171255.477    -2.060     0.00    0.00
 171637.522    -2.060     0.00    0.00
 172019.677    -2.060     0.00    0.00
 172401.942    -2.060     0.00    0.00
 172784.317    -2.060     0.00    0.00
 173166.802    -2.060     0.00    0.00
 173549.397    -2.060     0.00    0.00
 173932.102    -2.060     0.00    0.00
