# NaN NaN NaN ;Mean Elev.(m), Avg Gradient(m/km), RMS Gradient(m/km) - SRTM1     
#   18.045  -0.589   4.460 ;Mean Elev.(m), Avg Gradient(m/km), RMS Gradient(m/km) - ASTER GDEM
#   25.454  -1.082   6.598 ;Mean Elev.(m), Avg Gradient(m/km), RMS Gradient(m/km) - GMTED2010 
  6    49.564 52441.12204615 28.01 124.814149  65.034520 10.352
  6    48.824 52441.12204680 28.35 124.811167  65.031411 14.561
  6    49.051 52441.12204744 28.77 124.808187  65.028311 14.561
  6    49.396 52441.12204808 28.38 124.805207  65.025201 14.561
  6    49.517 52441.12204873 28.42 124.802227  65.022101 14.561
  6    49.679 52441.12204937 28.43 124.799237  65.018991 14.561
  6    49.796 52441.12205002 27.77 124.796257  65.015891 14.561
  6    49.852 52441.12205066 28.24 124.793277  65.012781 14.561
  6    49.732 52441.12205131 27.87 124.790307  65.009681 14.561
  7    47.915 52476.12204353 25.30 124.815746  65.031127 21.038
  7    48.057 52476.12204417 24.93 124.812766  65.028017 21.038
  7    47.881 52476.12204482 25.98 124.809786  65.024917 21.038
  7    47.833 52476.12204546 27.60 124.806806  65.021807 21.038
  7    48.148 52476.12204611 26.41 124.803826  65.018707 21.038
  7    48.092 52476.12204675 28.06 124.800846  65.015597 21.038
  7    48.231 52476.12204739 29.49 124.797866  65.012487 21.038
  7    48.431 52476.12204804 31.85 124.794886  65.009387 21.038
  7    48.491 52476.12204868 35.83 124.791906  65.006277 21.038
  8    46.673 52511.12199585 33.34 124.818186  65.031188 22.116
  8    46.775 52511.12199649 21.86 124.815206  65.028088 22.116
  8    46.340 52511.12199714 20.13 124.812226  65.024978 22.116
  8    46.298 52511.12199778 19.81 124.809246  65.021878 22.116
  8    46.174 52511.12199843 19.52 124.806266  65.018768 22.116
  8    46.451 52511.12199907 18.23 124.803286  65.015658 22.116
  8    46.879 52511.12199972 18.38 124.800314  65.012558 21.710
  8    47.645 52511.12200036 18.78 124.797334  65.009448 21.710
  8    48.468 52511.12200101 18.68 124.794354  65.006348 21.710
  9    47.071 52546.12201857 41.90 124.822238  65.019407 26.116
  9    47.012 52546.12201921 40.07 124.819258  65.016297 26.116
  9    47.040 52546.12201986 40.05 124.816278  65.013197 26.116
  9    47.096 52546.12202050 44.00 124.813298  65.010087 26.116
  9    47.103 52546.12202115 46.13 124.810318  65.006987 26.116
  9    46.978 52546.12202179 43.28 124.807338  65.003877 26.116
  9    46.944 52546.12202243 44.32 124.804358  65.000777 26.116
  9    47.031 52546.12202308 47.20 124.801378  64.997667 26.116
 10    45.612 52581.12203936 30.64 124.819967  65.027666  7.927
 10    45.827 52581.12204000 31.57 124.816987  65.024556  7.927
 10    45.982 52581.12204065 36.42 124.814008  65.021456 16.535
 10    45.907 52581.12204129 42.89 124.811018  65.018346 16.535
 10    45.837 52581.12204194 42.39 124.808038  65.015236 16.535
 10    45.803 52581.12204258 39.21 124.805058  65.012136 16.535
 10    45.926 52581.12204323 38.57 124.802078  65.009026 16.535
 10    45.948 52581.12204387 37.91 124.799108  65.005926 16.535
 10    45.746 52581.12204451 31.89 124.796128  65.002816 16.535
 11    46.069 52616.12200728 20.44 124.813799  65.039523  3.834
 11    46.156 52616.12200792 20.44 124.810819  65.036423  3.834
 11    46.024 52616.12200857 21.74 124.807839  65.033313  3.834
 11    46.279 52616.12200921 20.85 124.804859  65.030213  3.834
 11    46.360 52616.12200986 19.89 124.801877  65.027108  3.394
 11    46.542 52616.12201050 19.73 124.798897  65.023998  3.394
 11    46.526 52616.12201115 19.77 124.795917  65.020898  3.394
 11    46.518 52616.12201179 19.08 124.792937  65.017788  3.394
 11    46.528 52616.12201244 19.06 124.789957  65.014678  3.394
 11    46.391 52616.12201308 19.28 124.786977  65.011578  3.394
 12    46.129 52651.12198777 19.13 124.820319  65.018848  3.074
 12    46.009 52651.12198841 18.83 124.817339  65.015738  3.074
 12    46.108 52651.12198906 19.44 124.814359  65.012628  3.074
 12    46.143 52651.12198970 19.35 124.811379  65.009528  3.074
 12    46.279 52651.12199035 19.31 124.808399  65.006418  3.074
 12    46.313 52651.12199099 18.63 124.805429  65.003318  3.074
 12    46.366 52651.12199164 18.29 124.802449  65.000208  3.074
 13    45.708 52686.12197549 18.12 124.817591  65.032923  3.256
 13    45.367 52686.12197613 19.77 124.814611  65.029823  3.256
 13    45.492 52686.12197678 19.77 124.811622  65.026718  3.667
 13    45.498 52686.12197742 19.77 124.808642  65.023608  3.667
 13    45.718 52686.12197807 18.47 124.805662  65.020508  3.667
 13    45.800 52686.12197871 18.21 124.802682  65.017398  3.667
 13    45.917 52686.12197936 18.31 124.799702  65.014288  3.667
 13    45.906 52686.12198000 17.81 124.796722  65.011188  3.667
 13    45.842 52686.12198065 17.92 124.793752  65.008078  3.667
 14    46.054 52721.12202624 13.12 124.817753  65.027423  2.202
 14    45.684 52721.12202689 13.33 124.814763  65.024323  2.202
 14    45.486 52721.12202753 14.20 124.811783  65.021213  2.202
 14    45.836 52721.12202817 13.32 124.808803  65.018113  2.202
 14    45.909 52721.12202882 12.80 124.805823  65.015003  2.202
 14    45.934 52721.12202946 12.65 124.802843  65.011903  2.202
 14    45.740 52721.12203011 12.82 124.799863  65.008793  2.202
 14    45.930 52721.12203075 12.21 124.796883  65.005683  2.202
 15    45.989 52756.12204722 14.34 124.810410  65.042105  2.594
 15    46.102 52756.12204787 14.45 124.807420  65.038995  2.594
 15    46.191 52756.12204851 14.80 124.804440  65.035885  2.594
 15    46.369 52756.12204916 14.42 124.801460  65.032785  2.594
 15    46.326 52756.12204980 14.70 124.798480  65.029682  3.016
 15    46.343 52756.12205045 14.82 124.795500  65.026572  3.016
 15    47.029 52756.12205109 13.78 124.792510  65.023472  3.016
 15    48.097 52756.12205174 13.88 124.789540  65.020362  3.016
 15    48.761 52756.12205238 13.57 124.786550  65.017252  3.016
 16    50.216 52791.12200017 37.29 124.826154  65.020243 27.782
 16    50.321 52791.12200082 38.73 124.823174  65.017133 27.782
 16    50.382 52791.12200146 39.23 124.820194  65.014033 27.782
 16    50.241 52791.12200210 40.34 124.817214  65.010923 27.782
 16    50.274 52791.12200275 35.36 124.814234  65.007823 27.782
 16    50.282 52791.12200339 32.34 124.811254  65.004713 27.782
 16    50.345 52791.12200404 31.07 124.808274  65.001603 27.782
 16    50.337 52791.12200468 29.74 124.805294  64.998503 27.782
 16    50.183 52791.12200533 31.01 124.802314  64.995393 27.782
 17    48.609 52826.12206982 41.95 124.822161  65.018437 26.630
 17    48.728 52826.12207047 44.13 124.819181  65.015337 26.630
 17    48.758 52826.12207111 42.63 124.816191  65.012227 26.630
 17    48.725 52826.12207176 41.79 124.813211  65.009127 26.630
 17    48.661 52826.12207240 39.87 124.810231  65.006017 26.630
 17    48.705 52826.12207304 43.44 124.807261  65.002907 26.630
 17    48.795 52826.12207369 44.36 124.804281  64.999807 26.630
 17    48.846 52826.12207433 46.32 124.801301  64.996697 26.630
 18    46.841 52861.12211494 29.73 124.824775  65.020853 15.235
 18    46.805 52861.12211559 35.99 124.821795  65.017743 15.235
 18    46.902 52861.12211623 39.67 124.818805  65.014643 15.235
 18    47.096 52861.12211688 36.66 124.815825  65.011533 15.235
 18    46.941 52861.12211752 31.19 124.812845  65.008433 15.235
 18    46.823 52861.12211817 28.26 124.809865  65.005323 15.235
 18    46.698 52861.12211881 27.25 124.806895  65.002213 15.235
 18    46.806 52861.12211946 25.97 124.803915  64.999113 15.235
 19    47.376 52896.12214353 34.19 124.815752  65.031880 17.174
 19    47.230 52896.12214418 31.42 124.812772  65.028770 17.174
 19    47.284 52896.12214482 31.89 124.809793  65.025667 21.511
 19    47.252 52896.12214547 32.78 124.806813  65.022557 21.511
 19    47.160 52896.12214611 33.18 124.803823  65.019457 21.511
 19    47.227 52896.12214676 33.58 124.800843  65.016347 21.511
 19    47.246 52896.12214740 32.88 124.797863  65.013237 21.511
 19    47.356 52896.12214804 32.12 124.794893  65.010137 21.511
 19    47.525 52896.12214869 32.13 124.791913  65.007027 21.511
 20    46.292 52931.12209062 47.12 124.809727  65.038122 21.497
 20    46.269 52931.12209126 49.06 124.806747  65.035022 21.497
 20    46.189 52931.12209191 47.59 124.803757  65.031912 21.497
 20    46.227 52931.12209255 48.76 124.800777  65.028812 21.497
 20    46.344 52931.12209320 46.97 124.797799  65.025704 18.811
 20    46.347 52931.12209384 46.60 124.794819  65.022594 18.811
 20    46.407 52931.12209448 46.08 124.791839  65.019494 18.811
 20    46.443 52931.12209513 49.25 124.788869  65.016384 18.811
 20    46.295 52931.12209577 49.55 124.785889  65.013274 18.811
 21    46.114 52966.12209019 17.89 124.824069  65.019494  3.565
 21    46.245 52966.12209083 18.19 124.821089  65.016394  3.565
 21    46.389 52966.12209147 18.56 124.818109  65.013284  3.565
 21    46.364 52966.12209212 18.22 124.815129  65.010184  3.565
 21    46.510 52966.12209276 20.17 124.812149  65.007074  3.565
 21    46.522 52966.12209341 18.36 124.809169  65.003974  3.565
 21    46.526 52966.12209405 17.38 124.806189  65.000864  3.565
 21    46.530 52966.12209470 16.99 124.803209  64.997754  3.565
 22    46.057 53001.12211803 11.82 124.816520  65.036038  2.869
 22    46.082 53001.12211867 11.46 124.813530  65.032938  2.869
 22    46.034 53001.12211932 11.40 124.810550  65.029828  2.869
 22    46.157 53001.12211996 11.14 124.807570  65.026718  2.869
 22    46.317 53001.12212061 10.18 124.804590  65.023618  2.869
 22    46.201 53001.12212125 10.11 124.801609  65.020515  1.670
 22    46.333 53001.12212190  9.61 124.798629  65.017405  1.670
 22    46.213 53001.12212254  9.65 124.795649  65.014295  1.670
 22    46.201 53001.12212319  9.65 124.792669  65.011195  1.670
 22    46.172 53001.12212383  9.61 124.789689  65.008085  1.670
 23    45.683 53036.12206695 10.39 124.811555  65.037687  2.811
 23    45.690 53036.12206760  9.83 124.808575  65.034577  2.811
 23    45.752 53036.12206824  9.41 124.805595  65.031477  2.811
 23    45.843 53036.12206889  9.56 124.802611  65.028372  1.736
 23    46.020 53036.12206953  8.64 124.799631  65.025262  1.736
 23    46.037 53036.12207018  8.70 124.796651  65.022162  1.736
 23    46.121 53036.12207082  8.56 124.793671  65.019052  1.736
 23    46.218 53036.12207147  8.49 124.790691  65.015942  1.736
 23    45.995 53036.12207211  8.07 124.787711  65.012842  1.736
 24    45.763 53071.12209019  9.18 124.817572  65.027588  1.873
 24    45.459 53071.12209084  9.04 124.814592  65.024488  1.873
 24    45.709 53071.12209148  8.81 124.811612  65.021378  1.873
 24    45.526 53071.12209213  8.58 124.808632  65.018278  1.873
 24    45.582 53071.12209277  8.30 124.805652  65.015168  1.873
 24    45.885 53071.12209341  7.90 124.802672  65.012068  1.873
 24    45.751 53071.12209406  8.06 124.799692  65.008958  1.873
 24    45.919 53071.12209470  7.86 124.796712  65.005848  1.873
 25    45.708 53106.12206740  7.91 124.811114  65.041992  2.481
 25    45.227 53106.12206805  8.39 124.808124  65.038892  2.481
 25    45.364 53106.12206869  7.50 124.805144  65.035782  2.481
 25    45.759 53106.12206934  7.58 124.802164  65.032682  2.481
 25    45.912 53106.12206998  7.44 124.799186  65.029575  1.738
 25    46.294 53106.12207063  6.89 124.796206  65.026465  1.738
 25    46.304 53106.12207127  6.63 124.793226  65.023365  1.738
 25    46.327 53106.12207192  6.37 124.790246  65.020255  1.738
 25    46.415 53106.12207256  6.21 124.787266  65.017145  1.738
 25    46.378 53106.12207321  6.32 124.784286  65.014045  1.738
 26    45.661 53141.12209788 35.79 124.821423  65.023683 31.681
 26    45.819 53141.12209853 36.66 124.818443  65.020573 31.681
 26    45.678 53141.12209917 38.99 124.815463  65.017473 31.681
 26    45.706 53141.12209982 38.59 124.812483  65.014363 31.681
 26    45.709 53141.12210046 40.44 124.809503  65.011263 31.681
 26    45.626 53141.12210110 40.85 124.806523  65.008153 31.681
 26    45.613 53141.12210175 40.48 124.803543  65.005043 31.681
 26    45.806 53141.12210239 41.85 124.800563  65.001943 31.681
 28    47.355 53211.12214569 28.70 124.816561  65.030882 16.284
 28    47.302 53211.12214634 20.23 124.813580  65.027781 15.689
 28    46.981 53211.12214698 19.04 124.810600  65.024671 15.689
 28    46.683 53211.12214762 19.45 124.807620  65.021561 15.689
 28    47.092 53211.12214827 18.59 124.804640  65.018461 15.689
 28    48.071 53211.12214891 17.58 124.801660  65.015351 15.689
 28    48.635 53211.12214956 18.58 124.798680  65.012251 15.689
 28    49.490 53211.12215020 17.58 124.795700  65.009141 15.689
 28    49.944 53211.12215085 17.54 124.792720  65.006031 15.689
 29    47.356 53246.12211365 28.60 124.816135  65.032225 17.810
 29    47.328 53246.12211429 20.73 124.813152  65.029122 15.567
 29    47.220 53246.12211494 19.92 124.810172  65.026012 15.567
 29    47.050 53246.12211558 18.90 124.807192  65.022912 15.567
 29    47.010 53246.12211623 18.93 124.804212  65.019802 15.567
 29    47.285 53246.12211687 18.35 124.801232  65.016692 15.567
 29    47.750 53246.12211752 18.23 124.798252  65.013592 15.567
 29    47.951 53246.12211816 18.46 124.795272  65.010482 15.567
 29    49.644 53246.12211880 18.45 124.792292  65.007372 15.567
 30    47.662 53281.12210053 23.75 124.821879  65.021553 16.466
 30    47.438 53281.12210118 23.26 124.818889  65.018453 16.466
 30    47.111 53281.12210182 21.38 124.815909  65.015343 16.466
 30    46.920 53281.12210247 23.79 124.812929  65.012233 16.466
 30    47.311 53281.12210311 21.18 124.809949  65.009133 16.466
 30    47.697 53281.12210376 20.67 124.806969  65.006023 16.466
 30    48.445 53281.12210440 21.20 124.803989  65.002923 16.466
 30    49.371 53281.12210505 20.46 124.801009  64.999813 16.466
 31    47.275 53316.12211197 17.76 124.819274  65.024908  4.014
 31    47.346 53316.12211262 17.79 124.816293  65.021798  3.301
 31    47.126 53316.12211326 18.11 124.813313  65.018698  3.301
 31    46.980 53316.12211391 18.18 124.810323  65.015588  3.301
 31    47.245 53316.12211455 17.55 124.807343  65.012488  3.301
 31    47.322 53316.12211520 17.31 124.804373  65.009378  3.301
 31    47.339 53316.12211584 17.16 124.801393  65.006278  3.301
 31    47.654 53316.12211649 16.75 124.798413  65.003168  3.301
 32    46.822 53351.12207708  9.99 124.816294  65.028604  2.647
 32    46.601 53351.12207772 10.15 124.813314  65.025504  2.647
 32    46.678 53351.12207837 10.00 124.810337  65.022400  1.943
 32    46.594 53351.12207901 10.01 124.807357  65.019290  1.943
 32    46.512 53351.12207965 10.37 124.804377  65.016180  1.943
 32    46.813 53351.12208030 10.49 124.801397  65.013080  1.943
 32    46.933 53351.12208094 10.00 124.798417  65.009970  1.943
 32    46.937 53351.12208159 10.07 124.795437  65.006870  1.943
 33    46.963 53386.12206313  8.47 124.821468  65.019578  1.791
 33    46.910 53386.12206377  8.38 124.818488  65.016468  1.791
 33    46.720 53386.12206442  8.04 124.815508  65.013368  1.791
 33    46.594 53386.12206506  8.12 124.812528  65.010258  1.791
 33    46.891 53386.12206571  8.35 124.809548  65.007158  1.791
 33    46.687 53386.12206635  8.55 124.806568  65.004048  1.791
 33    46.792 53386.12206700  8.50 124.803588  65.000948  1.791
 33    46.968 53386.12206764  8.19 124.800608  64.997838  1.791
 34    46.634 53421.12206574  8.74 124.821220  65.024686  1.790
 34    46.637 53421.12206639  8.52 124.818240  65.021576  1.790
 34    46.657 53421.12206703  8.68 124.815260  65.018476  1.790
 34    46.613 53421.12206768  8.48 124.812280  65.015366  1.790
 34    46.618 53421.12206832  8.17 124.809300  65.012266  1.790
 34    46.794 53421.12206897  8.07 124.806320  65.009156  1.790
 34    46.774 53421.12206961  8.27 124.803340  65.006056  1.790
 34    46.414 53421.12207026  8.32 124.800370  65.002946  1.790
 34    46.354 53421.12207090  8.08 124.797390  64.999836  1.790
 35    47.356 53456.12207159  7.39 124.830026  65.021403  1.822
 35    47.151 53456.12207223  7.46 124.827036  65.018303  1.822
 35    47.037 53456.12207288  6.90 124.824056  65.015193  1.822
 35    46.894 53456.12207352  7.08 124.821076  65.012093  1.822
 35    46.593 53456.12207417  7.10 124.818096  65.008983  1.822
 35    46.748 53456.12207481  7.00 124.815116  65.005873  1.822
 35    46.803 53456.12207546  6.70 124.812136  65.002773  1.822
 35    47.035 53456.12207610  6.86 124.809156  64.999663  1.822
 35    46.802 53456.12207675  6.87 124.806176  64.996563  1.822
 35    48.902 53456.12207739  6.72 124.803196  64.993453  1.822
 36    45.945 53491.12215552 23.40 124.815191  65.030500 15.475
 36    45.979 53491.12215616 20.14 124.812211  65.027390 15.475
 36    45.963 53491.12215681 20.48 124.809231  65.024280 15.475
 36    46.755 53491.12215745 19.39 124.806251  65.021180 15.475
 36    48.795 53491.12215810 18.66 124.803271  65.018070 15.475
 36    49.668 53491.12215874 18.16 124.800291  65.014970 15.475
 36    50.245 53491.12215939 21.41 124.797301  65.011860 15.475
 36    50.544 53491.12216003 24.59 124.794331  65.008750 15.475
 36    50.821 53491.12216067 28.91 124.791351  65.005650 15.475
 37    49.475 53526.12213889 50.35 124.819884  65.025638 39.824
 37    49.540 53526.12213954 50.89 124.816907  65.022535 46.424
 37    49.561 53526.12214018 53.61 124.813917  65.019425 46.424
 37    49.441 53526.12214083 54.29 124.810937  65.016315 46.424
 37    49.485 53526.12214147 54.07 124.807957  65.013215 46.424
 37    49.551 53526.12214212 51.82 124.804977  65.010105 46.424
 37    49.642 53526.12214276 52.50 124.802007  65.007005 46.424
 37    49.608 53526.12214341 50.93 124.799027  65.003895 46.424
 38    48.591 53561.12216532 39.54 124.815123  65.037149 21.595
 38    48.512 53561.12216596 42.83 124.812143  65.034039 21.595
 38    48.636 53561.12216661 42.45 124.809163  65.030939 21.595
 38    48.697 53561.12216725 44.82 124.806179  65.027837 23.158
 38    48.721 53561.12216789 45.01 124.803199  65.024727 23.158
 38    48.716 53561.12216854 48.75 124.800219  65.021617 23.158
 38    48.691 53561.12216918 47.54 124.797239  65.018517 23.158
 38    48.706 53561.12216983 49.38 124.794259  65.015407 23.158
 38    48.710 53561.12217047 48.78 124.791279  65.012307 23.158
 38    48.689 53561.12217112 50.74 124.788299  65.009197 23.158
 39    47.174 53596.12210495 35.54 124.817253  65.032088 14.823
 39    47.410 53596.12210559 36.15 124.814269  65.028984 28.618
 39    47.374 53596.12210624 44.76 124.811289  65.025874 28.618
 39    47.339 53596.12210688 45.24 124.808309  65.022774 28.618
 39    47.458 53596.12210753 45.31 124.805329  65.019664 28.618
 39    47.404 53596.12210817 48.36 124.802349  65.016554 28.618
 39    47.408 53596.12210882 50.35 124.799379  65.013454 28.618
 39    47.391 53596.12210946 52.11 124.796399  65.010344 28.618
 39    47.387 53596.12211011 44.93 124.793419  65.007244 28.618
 40    48.247 53631.12210127 52.61 124.820730  65.019416 43.993
 40    48.362 53631.12210191 52.44 124.817740  65.016306 43.993
 40    48.151 53631.12210256 54.81 124.814760  65.013206 43.993
 40    48.182 53631.12210320 52.75 124.811780  65.010096 43.993
 40    48.243 53631.12210385 51.64 124.808800  65.006986 43.993
 40    48.324 53631.12210449 52.67 124.805820  65.003886 43.993
 40    48.377 53631.12210514 53.12 124.802840  65.000776 43.993
 40    48.217 53631.12210578 50.65 124.799860  64.997676 43.993
 41    46.013 53666.12212243 33.79 124.817575  65.030609  7.848
 41    46.055 53666.12212308 36.98 124.814597  65.027510 18.646
 41    46.148 53666.12212372 39.19 124.811607  65.024400 18.646
 41    46.158 53666.12212436 42.39 124.808627  65.021290 18.646
 41    46.170 53666.12212501 40.66 124.805647  65.018190 18.646
 41    46.232 53666.12212565 38.81 124.802667  65.015080 18.646
 41    46.224 53666.12212630 41.77 124.799687  65.011980 18.646
 41    46.238 53666.12212694 41.84 124.796707  65.008870 18.646
 41    46.159 53666.12212759 37.24 124.793727  65.005770 18.646
 42    46.514 53701.12207390 14.19 124.816155  65.028860  2.889
 42    46.397 53701.12207455 14.34 124.813175  65.025760  2.889
 42    46.620 53701.12207519 14.02 124.810196  65.022656  2.350
 42    46.533 53701.12207584 13.71 124.807216  65.019546  2.350
 42    46.550 53701.12207648 13.98 124.804236  65.016446  2.350
 42    46.579 53701.12207713 13.60 124.801256  65.013336  2.350
 42    46.849 53701.12207777 13.04 124.798276  65.010226  2.350
 42    46.675 53701.12207842 12.69 124.795296  65.007126  2.350
 43    46.302 53736.12198255 13.21 124.814826  65.037965  2.897
 43    46.175 53736.12198320 12.68 124.811846  65.034855  2.897
 43    46.211 53736.12198384 12.46 124.808866  65.031755  2.897
 43    46.202 53736.12198449 12.07 124.805886  65.028645  2.897
 43    46.301 53736.12198513 11.84 124.802906  65.025545  2.897
 43    46.456 53736.12198578 11.24 124.799920  65.022436  1.919
 43    46.692 53736.12198642 11.39 124.796940  65.019326  1.919
 43    46.703 53736.12198707 10.76 124.793970  65.016226  1.919
 43    46.789 53736.12198771 10.83 124.790990  65.013116  1.919
 43    46.932 53736.12198835 10.75 124.788010  65.010006  1.919
 44    46.439 53771.12198937  9.47 124.821024  65.020502  2.841
 44    46.400 53771.12199002  9.49 124.818044  65.017402  2.841
 44    46.389 53771.12199066  8.96 124.815062  65.014300  1.806
 44    46.265 53771.12199130  8.81 124.812082  65.011190  1.806
 44    46.481 53771.12199195  8.70 124.809102  65.008080  1.806
 44    46.459 53771.12199259  8.65 124.806132  65.004980  1.806
 44    46.617 53771.12199324  8.53 124.803152  65.001870  1.806
 44    46.681 53771.12199388  8.54 124.800172  64.998770  1.806
 45    46.460 53806.12197877  9.95 124.815785  65.033180  2.647
 45    46.264 53806.12197941  9.75 124.812805  65.030080  2.647
 45    46.088 53806.12198006  9.51 124.809823  65.026975  1.804
 45    45.981 53806.12198070  9.42 124.806843  65.023865  1.804
 45    46.083 53806.12198135  8.89 124.803863  65.020765  1.804
 45    46.194 53806.12198199  8.68 124.800883  65.017655  1.804
 45    46.369 53806.12198264  8.73 124.797903  65.014545  1.804
 45    46.659 53806.12198328  8.80 124.794923  65.011445  1.804
 45    46.381 53806.12198393  8.86 124.791943  65.008335  1.804
 47    49.161 53876.12204804 41.12 124.819445  65.022717 36.035
 47    49.159 53876.12204868 38.62 124.816465  65.019607 36.035
 47    48.863 53876.12204933 30.24 124.813485  65.016507 36.035
 47    48.596 53876.12204997 25.43 124.810505  65.013397 36.035
 47    48.683 53876.12205061 24.13 124.807525  65.010297 36.035
 47    48.899 53876.12205126 25.99 124.804545  65.007187 36.035
 47    49.214 53876.12205190 31.52 124.801565  65.004087 36.035
 47    49.346 53876.12205255 36.32 124.798595  65.000977 36.035
 48    50.093 53911.12209556 15.03 124.816630  65.028976 13.631
 48    49.510 53911.12209621 15.50 124.813650  65.025866 13.631
 48    48.756 53911.12209685 15.86 124.810670  65.022756 13.631
 48    48.418 53911.12209750 16.35 124.807690  65.019656 13.631
 48    48.967 53911.12209814 16.03 124.804709  65.016552 21.823
 48    49.556 53911.12209879 16.80 124.801729  65.013442 21.823
 48    49.954 53911.12209943 17.45 124.798749  65.010332 21.823
 48    50.316 53911.12210007 19.77 124.795769  65.007232 21.823
 49    47.070 53946.12211244 24.14 124.814853  65.037461 21.107
 49    47.227 53946.12211308 22.34 124.811863  65.034351 21.107
 49    47.120 53946.12211373 22.12 124.808883  65.031251 21.107
 49    46.978 53946.12211437 19.77 124.805903  65.028141 21.107
 49    46.865 53946.12211502 20.20 124.802923  65.025031 21.107
 49    47.018 53946.12211566 20.58 124.799943  65.021931 21.107
 49    47.122 53946.12211631 21.29 124.796953  65.018821 21.107
 49    47.198 53946.12211695 21.76 124.793983  65.015721 21.107
 49    49.302 53946.12211760 21.52 124.790997  65.012614 22.864
 49    50.090 53946.12211824 21.76 124.788017  65.009504 22.864
 50    48.621 53981.12205848 16.69 124.812587  65.034645  9.307
 50    48.668 53981.12205912 16.41 124.809607  65.031535  9.307
 50    48.538 53981.12205977 18.11 124.806627  65.028425  9.307
 50    48.470 53981.12206041 18.49 124.803647  65.025325  9.307
 50    48.452 53981.12206106 19.09 124.800667  65.022215  9.307
 50    48.762 53981.12206170 19.64 124.797687  65.019115  9.307
 50    49.133 53981.12206235 20.24 124.794707  65.016005  9.307
 50    49.751 53981.12206299 21.69 124.791727  65.012895  9.307
 50    50.031 53981.12206364 23.47 124.788753  65.009794 20.796
 51    47.532 54016.12208235 20.33 124.825417  65.019554 21.917
 51    47.230 54016.12208300 19.66 124.822437  65.016444 21.917
 51    46.911 54016.12208364 20.74 124.819452  65.013334 16.939
 51    47.408 54016.12208429 19.62 124.816472  65.010234 16.939
 51    47.566 54016.12208493 19.79 124.813492  65.007124 16.939
 51    48.745 54016.12208558 19.50 124.810512  65.004024 16.939
 51    49.070 54016.12208622 21.41 124.807532  65.000914 16.939
 51    49.707 54016.12208687 21.88 124.804552  64.997814 16.939
 52    46.391 54051.12208206 15.43 124.820704  65.021281  3.210
 52    46.649 54051.12208271 14.45 124.817724  65.018171  3.210
 52    46.491 54051.12208335 14.95 124.814744  65.015061  3.210
 52    46.622 54051.12208400 14.95 124.811764  65.011961  3.210
 52    46.805 54051.12208464 13.58 124.808783  65.008856  3.010
 52    48.132 54051.12208529 13.78 124.805803  65.005746  3.010
 52    49.274 54051.12208593 13.51 124.802823  65.002646  3.010
 52    49.500 54051.12208658 13.67 124.799853  64.999536  3.010
 53    46.746 54086.12207276 13.13 124.815358  65.030092  3.296
 53    46.661 54086.12207340 13.21 124.812378  65.026992  3.296
 53    46.773 54086.12207405 13.19 124.809398  65.023882  3.296
 53    47.054 54086.12207469 12.94 124.806418  65.020782  3.296
 53    47.013 54086.12207533 12.95 124.803438  65.017672  3.296
 53    48.600 54086.12207598 12.49 124.800458  65.014572  3.296
 53    49.402 54086.12207662 12.06 124.797485  65.011464  2.491
 53    47.003 54086.12207727 12.20 124.794505  65.008354  2.491
 54    47.655 54121.12199292 12.21 124.826611  65.058805  2.739
 54    46.267 54121.12199679 11.18 124.808711  65.040175  2.739
 54    46.281 54121.12199743 10.52 124.805731  65.037065  2.739
 54    46.324 54121.12199808 10.29 124.802751  65.033965  2.739
 54    46.461 54121.12199872 10.11 124.799761  65.030855  2.739
 54    46.727 54121.12199937 10.05 124.796791  65.027745  2.739
 54    46.907 54121.12200001  9.62 124.793811  65.024645  2.739
 54    47.152 54121.12200066  9.67 124.790831  65.021535  2.739
 54    47.040 54121.12200130  9.06 124.787851  65.018425  2.739
 54    46.979 54121.12200194  9.00 124.784871  65.015325  2.739
 55    46.683 54156.12203188  8.32 124.818657  65.029421  3.049
 55    46.271 54156.12203253  8.49 124.815667  65.026321  3.049
 55    46.057 54156.12203317  8.13 124.812687  65.023211  3.049
 55    46.159 54156.12203382  8.10 124.809707  65.020101  3.049
 55    46.279 54156.12203446  7.74 124.806727  65.017001  3.049
 55    46.353 54156.12203511  7.33 124.803748  65.013896  1.715
 55    46.830 54156.12203575  7.21 124.800768  65.010786  1.715
 55    48.263 54156.12203640  7.50 124.797788  65.007676  1.715
 55    49.459 54156.12203704  7.13 124.794808  65.004576  1.715
 56    45.937 54191.12199524  8.80 124.811235  65.036429  2.683
 56    45.922 54191.12199589  8.81 124.808245  65.033319  2.683
 56    46.086 54191.12199653  8.07 124.805265  65.030219  2.683
 56    46.286 54191.12199718  7.88 124.802283  65.027113  1.721
 56    46.525 54191.12199782  7.80 124.799303  65.024003  1.721
 56    46.730 54191.12199847  7.41 124.796323  65.020903  1.721
 56    46.830 54191.12199911  7.05 124.793353  65.017793  1.721
 56    47.091 54191.12199975  7.02 124.790373  65.014683  1.721
 56    47.826 54191.12200040  7.13 124.787393  65.011583  1.721
 57    46.705 54226.12204384 20.09 124.817587  65.025199  7.330
 57    46.603 54226.12204449 19.74 124.814607  65.022089  7.330
 57    47.282 54226.12204513 20.06 124.811627  65.018989  7.330
 57    48.554 54226.12204578 19.40 124.808637  65.015879  7.330
 57    49.237 54226.12204642 19.62 124.805657  65.012779  7.330
 57    49.731 54226.12204707 20.16 124.802677  65.009669  7.330
 57    50.009 54226.12204771 23.35 124.799707  65.006569  7.330
 57    50.145 54226.12204836 27.45 124.796727  65.003459  7.330
 58    49.746 54261.12206358 18.91 124.817538  65.025765 19.237
 58    48.214 54261.12206423 18.92 124.814558  65.022655 19.237
 58    47.979 54261.12206487 19.53 124.811578  65.019545 19.237
 58    48.454 54261.12206552 20.70 124.808598  65.016445 19.237
 58    49.164 54261.12206616 20.19 124.805618  65.013335 19.237
 58    50.347 54261.12206681 19.99 124.802638  65.010235 19.237
 58    50.952 54261.12206745 20.28 124.799658  65.007125 19.237
 58    51.273 54261.12206810 23.61 124.796678  65.004025 19.237
 59    48.459 54296.12206741 21.42 124.818578  65.028847 15.304
 59    48.382 54296.12206805 20.39 124.815598  65.025747 15.304
 59    48.240 54296.12206870 20.33 124.812618  65.022637 15.304
 59    47.950 54296.12206934 20.59 124.809638  65.019537 15.304
 59    48.439 54296.12206999 20.07 124.806658  65.016427 15.304
 59    49.207 54296.12207063 20.23 124.803678  65.013327 15.304
 59    49.526 54296.12207128 20.57 124.800698  65.010217 15.304
 59    50.046 54296.12207192 20.36 124.797718  65.007107 15.304
 59    50.224 54296.12207257 22.27 124.794748  65.004007 15.304
 60    47.807 54331.12205902 23.12 124.815395  65.030068 19.412
 60    47.463 54331.12205966 20.23 124.812410  65.026964 21.090
 60    47.043 54331.12206030 20.54 124.809430  65.023854 21.090
 60    47.431 54331.12206095 19.98 124.806450  65.020754 21.090
 60    46.807 54331.12206159 20.63 124.803470  65.017644 21.090
 60    49.177 54331.12206224 20.52 124.800490  65.014534 21.090
 60    47.724 54331.12206288 20.35 124.797520  65.011434 21.090
 60    50.050 54331.12206353 20.74 124.794540  65.008324 21.090
 61    47.258 54366.12200128 29.16 124.811675  65.036339 20.353
 61    47.209 54366.12200192 23.01 124.808695  65.033239 20.353
 61    46.957 54366.12200257 22.24 124.805715  65.030129 20.353
 61    47.193 54366.12200321 22.01 124.802735  65.027029 20.353
 61    47.293 54366.12200386 22.03 124.799754  65.023920 15.431
 61    47.266 54366.12200450 21.91 124.796774  65.020810 15.431
 61    47.322 54366.12200515 21.29 124.793794  65.017710 15.431
 61    47.507 54366.12200579 21.15 124.790814  65.014600 15.431
 61    49.792 54366.12200644 20.80 124.787834  65.011490 15.431
 62    46.064 54401.12200135 32.67 124.818698  65.028319 12.938
 62    46.310 54401.12200200 37.33 124.815708  65.025209 12.938
 62    46.208 54401.12200264 40.99 124.812728  65.022109 12.938
 62    46.188 54401.12200329 42.13 124.809748  65.018999 12.938
 62    46.247 54401.12200393 39.84 124.806768  65.015899 12.938
 62    46.275 54401.12200458 40.49 124.803787  65.012794 15.385
 62    46.351 54401.12200522 39.93 124.800807  65.009684 15.385
 62    46.386 54401.12200587 39.09 124.797837  65.006584 15.385
 62    46.256 54401.12200651 35.47 124.794857  65.003474 15.385
 63    46.383 54436.12195730 15.02 124.815599  65.036457  3.253
 63    46.116 54436.12195794 14.80 124.812609  65.033357  3.253
 63    46.145 54436.12195858 14.48 124.809629  65.030247  3.253
 63    46.252 54436.12195923 13.89 124.806649  65.027137  3.253
 63    46.412 54436.12195987 13.37 124.803669  65.024037  3.253
 63    46.558 54436.12196052 13.30 124.800689  65.020927  3.253
 63    46.632 54436.12196116 12.93 124.797709  65.017827  3.253
 63    46.751 54436.12196181 13.32 124.794736  65.014719  3.075
 63    47.111 54436.12196245 13.36 124.791756  65.011609  3.075
 63    46.905 54436.12196310 13.46 124.788776  65.008509  3.075
 64    46.867 54471.12198658 11.35 124.821957  65.022300  2.796
 64    46.938 54471.12198723 11.72 124.818967  65.019200  2.796
 64    46.940 54471.12198787 11.02 124.815987  65.016090  2.796
 64    46.746 54471.12198852 10.90 124.813003  65.012988  2.504
 64    46.761 54471.12198916 10.63 124.810023  65.009878  2.504
 64    46.841 54471.12198981 11.10 124.807053  65.006768  2.504
 64    46.910 54471.12199045 10.66 124.804073  65.003668  2.504
 64    47.069 54471.12199109 10.49 124.801093  65.000558  2.504
 65    46.226 54506.12197007 10.51 124.815254  65.037083  2.889
 65    46.185 54506.12197072 10.33 124.812274  65.033973  2.889
 65    46.313 54506.12197136  9.41 124.809294  65.030873  2.889
 65    46.205 54506.12197201  9.20 124.806312  65.027769  1.904
 65    46.415 54506.12197265  9.12 124.803332  65.024659  1.904
 65    46.572 54506.12197330  9.00 124.800352  65.021559  1.904
 65    46.728 54506.12197394  8.94 124.797372  65.018449  1.904
 65    46.879 54506.12197459  8.55 124.794392  65.015339  1.904
 65    47.249 54506.12197523  8.98 124.791412  65.012239  1.904
 65    47.113 54506.12197588  9.37 124.788442  65.009129  1.904
 66    46.329 54541.12200078  7.86 124.817226  65.026415  1.821
 66    46.420 54541.12200142  7.48 124.814246  65.023305  1.821
 66    46.288 54541.12200207  7.56 124.811266  65.020205  1.821
 66    46.328 54541.12200271  7.37 124.808286  65.017095  1.821
 66    46.586 54541.12200336  7.26 124.805306  65.013985  1.821
 66    46.930 54541.12200400  7.33 124.802326  65.010885  1.821
 66    48.068 54541.12200465  7.23 124.799346  65.007775  1.821
 66    46.851 54541.12200529  7.18 124.796366  65.004675  1.821
 67    46.530 54576.12197173  7.25 124.813047  65.035840  2.581
 67    46.416 54576.12197238  6.95 124.810066  65.032735  1.680
 67    46.410 54576.12197302  6.82 124.807086  65.029625  1.680
 67    46.553 54576.12197367  6.94 124.804096  65.026515  1.680
 67    46.799 54576.12197431  6.76 124.801126  65.023415  1.680
 67    46.628 54576.12197496  6.54 124.798146  65.020305  1.680
 67    46.954 54576.12197560  6.30 124.795166  65.017205  1.680
 67    47.266 54576.12197625  6.64 124.792186  65.014095  1.680
 67    48.263 54576.12197689  6.16 124.789206  65.010985  1.680
 68    51.438 54611.12199174 38.49 124.819331  65.029749 36.910
 68    51.455 54611.12199239 35.03 124.816351  65.026639 36.910
 68    51.412 54611.12199303 36.22 124.813371  65.023539 36.910
 68    51.448 54611.12199368 36.84 124.810381  65.020429 36.910
 68    51.605 54611.12199432 47.34 124.807401  65.017329 36.910
 68    51.564 54611.12199497 54.05 124.804421  65.014219 36.910
 68    51.595 54611.12199561 49.09 124.801451  65.011109 36.910
 68    51.618 54611.12199625 39.90 124.798471  65.008009 36.910
 68    51.407 54611.12199690 38.35 124.795491  65.004899 36.910
 69    48.450 54646.12199960 18.80 124.816731  65.028099 13.894
 69    48.375 54646.12200024 19.20 124.813751  65.024999 13.894
 69    48.443 54646.12200089 18.90 124.810771  65.021889 13.894
 69    48.626 54646.12200153 19.12 124.807791  65.018789 13.894
 69    48.619 54646.12200218 20.10 124.804811  65.015679 13.894
 69    49.380 54646.12200282 19.61 124.801831  65.012579 13.894
 69    49.930 54646.12200347 20.12 124.798851  65.009469 13.894
 69    50.363 54646.12200411 21.41 124.795871  65.006359 13.894
 70    48.060 54681.12200032 19.83 124.816136  65.029746 14.016
 70    47.982 54681.12200096 17.64 124.813156  65.026636 14.016
 70    47.749 54681.12200161 16.77 124.810166  65.023536 14.016
 70    47.694 54681.12200225 16.98 124.807186  65.020426 14.016
 70    47.754 54681.12200290 16.46 124.804206  65.017326 14.016
 70    47.939 54681.12200354 16.85 124.801226  65.014216 14.016
 70    48.312 54681.12200419 16.86 124.798246  65.011116 14.016
 70    48.554 54681.12200483 17.81 124.795276  65.008006 14.016
 70    49.602 54681.12200548 18.41 124.792296  65.004896 14.016
 71    48.690 54716.12194852 13.99 124.813862  65.037402 15.837
 71    48.778 54716.12194917 14.14 124.810872  65.034302 15.837
 71    48.871 54716.12194981 13.96 124.807892  65.031196 17.100
 71    48.822 54716.12195046 14.58 124.804912  65.028086 17.100
 71    48.838 54716.12195110 14.59 124.801932  65.024986 17.100
 71    48.766 54716.12195175 14.90 124.798952  65.021876 17.100
 71    48.978 54716.12195239 15.43 124.795972  65.018766 17.100
 71    49.157 54716.12195304 15.35 124.792992  65.015666 17.100
 71    49.357 54716.12195368 15.81 124.790022  65.012556 17.100
 72    46.702 54751.12197235 25.34 124.819734  65.025479 16.547
 72    46.695 54751.12197300 26.85 124.816754  65.022369 16.547
 72    46.501 54751.12197364 26.72 124.813774  65.019269 16.547
 72    46.531 54751.12197428 23.74 124.810794  65.016159 16.547
 72    46.514 54751.12197493 23.42 124.807814  65.013049 16.547
 72    45.893 54751.12197557 23.70 124.804834  65.009949 16.547
 72    45.832 54751.12197622 23.32 124.801854  65.006839 16.547
 72    49.185 54751.12197686 23.14 124.798874  65.003739 16.547
 73    46.287 54786.12193836 18.87 124.816653  65.035575  3.251
 73    45.895 54786.12193900 19.02 124.813663  65.032465  3.251
 73    46.103 54786.12193964 18.53 124.810683  65.029355  3.251
 73    46.242 54786.12194029 17.46 124.807703  65.026255  3.251
 73    46.468 54786.12194093 17.03 124.804723  65.023145  3.251
 73    46.572 54786.12194158 16.95 124.801743  65.020045  3.251
 73    46.738 54786.12194222 18.11 124.798763  65.016935  3.251
 73    46.832 54786.12194287 17.59 124.795783  65.013835  3.251
 73    46.941 54786.12194351 16.78 124.792813  65.010725  3.251
 73    46.766 54786.12194416 16.20 124.789833  65.007615  3.251
 74    46.717 54821.12196630 12.94 124.818696  65.022365  2.232
 74    46.857 54821.12196695 13.02 124.815716  65.019265  2.232
 74    46.824 54821.12196759 12.80 124.812736  65.016155  2.232
 74    46.835 54821.12196824 12.82 124.809756  65.013045  2.232
 74    46.970 54821.12196888 12.17 124.806776  65.009945  2.232
 74    46.740 54821.12196953 12.13 124.803796  65.006835  2.232
 74    46.782 54821.12197017 11.89 124.800816  65.003735  2.232
 74    46.909 54821.12197082 11.88 124.797836  65.000625  2.232
 75    46.003 54856.12193506 11.91 124.815523  65.032579  2.053
 75    45.912 54856.12193571 11.66 124.812543  65.029469  2.053
 75    46.164 54856.12193635 11.50 124.809563  65.026369  2.053
 75    46.329 54856.12193700 10.70 124.806583  65.023259  2.053
 75    46.511 54856.12193764 10.57 124.803603  65.020149  2.053
 75    46.734 54856.12193828 10.58 124.800623  65.017049  2.053
 75    46.795 54856.12193893  9.94 124.797643  65.013939  2.053
 75    46.937 54856.12193957 10.03 124.794663  65.010839  2.053
 75    46.605 54856.12194022  9.63 124.791683  65.007729  2.053
 76    46.356 54891.12196863  9.92 124.816576  65.030971  1.968
 76    45.841 54891.12196928  9.97 124.813596  65.027871  1.968
 76    46.224 54891.12196992  9.49 124.810616  65.024761  1.968
 76    46.124 54891.12197057  9.41 124.807636  65.021661  1.968
 76    46.253 54891.12197121  9.62 124.804656  65.018551  1.968
 76    46.401 54891.12197186  9.01 124.801676  65.015451  1.968
 76    46.490 54891.12197250  9.07 124.798696  65.012341  1.968
 76    47.760 54891.12197315  8.84 124.795716  65.009231  1.968
 76    48.486 54891.12197379  9.00 124.792736  65.006131  1.968
 77    46.013 54926.12193299  8.88 124.810398  65.037327  2.215
 77    46.125 54926.12193363  8.51 124.807417  65.034222  1.702
 77    46.249 54926.12193428  8.23 124.804437  65.031112  1.702
 77    46.288 54926.12193492  8.43 124.801447  65.028012  1.702
 77    46.523 54926.12193557  8.01 124.798467  65.024902  1.702
 77    46.724 54926.12193621  7.83 124.795497  65.021792  1.702
 77    46.790 54926.12193686  7.56 124.792517  65.018692  1.702
 77    46.903 54926.12193750  7.91 124.789537  65.015582  1.702
 77    47.161 54926.12193815  7.73 124.786557  65.012482  1.702
 78    46.929 54961.12196758 34.80 124.818944  65.026301 21.031
 78    46.772 54961.12196823 28.92 124.815964  65.023201 21.031
 78    46.474 54961.12196887 27.01 124.812984  65.020091 21.031
 78    46.315 54961.12196952 25.81 124.810004  65.016991 21.031
 78    46.547 54961.12197016 25.64 124.807024  65.013881 21.031
 78    46.842 54961.12197080 25.87 124.804044  65.010771 21.031
 78    47.046 54961.12197145 26.64 124.801064  65.007671 21.031
 78    47.075 54961.12197209 30.43 124.798084  65.004561 21.031
 79    50.538 54996.12198823 17.14 124.817520  65.031469 16.286
 79    50.159 54996.12198888 16.67 124.814540  65.028359 16.286
 79    50.037 54996.12198952 17.13 124.811560  65.025259 16.286
 79    49.298 54996.12199017 17.72 124.808580  65.022149 16.286
 79    49.891 54996.12199081 18.08 124.805600  65.019049 16.286
 79    49.902 54996.12199146 18.89 124.802620  65.015939 16.286
 79    50.303 54996.12199210 18.89 124.799640  65.012839 16.286
 79    50.488 54996.12199275 21.11 124.796660  65.009729 16.286
 79    50.689 54996.12199339 25.19 124.793680  65.006619 16.286
 80    48.462 55031.12197842 50.16 124.816404  65.029190 39.186
 80    48.488 55031.12197907 50.63 124.813424  65.026090 39.186
 80    48.516 55031.12197971 51.45 124.810444  65.022980 39.186
 80    48.547 55031.12198036 50.55 124.807464  65.019880 39.186
 80    48.603 55031.12198100 52.79 124.804484  65.016770 39.186
 80    48.666 55031.12198165 50.69 124.801504  65.013670 39.186
 80    48.740 55031.12198229 50.86 124.798524  65.010560 39.186
 80    48.766 55031.12198294 49.31 124.795544  65.007450 39.186
 81    47.704 55066.12196763 22.63 124.816984  65.032213 12.346
 81    47.696 55066.12196827 17.47 124.813994  65.029103 12.346
 81    47.311 55066.12196891 17.54 124.811014  65.026003 12.346
 81    47.173 55066.12196956 17.21 124.808034  65.022893 12.346
 81    47.019 55066.12197020 17.81 124.805054  65.019783 12.346
 81    47.094 55066.12197085 18.21 124.802074  65.016683 12.346
 81    47.318 55066.12197149 18.20 124.799094  65.013573 12.346
 81    48.185 55066.12197214 17.92 124.796114  65.010473 12.346
 81    48.858 55066.12197278 18.28 124.793144  65.007363 12.346
 82    47.733 55101.12190791 48.80 124.812617  65.041183 28.147
 82    47.703 55101.12190855 50.66 124.809637  65.038073 28.147
 82    47.710 55101.12190920 51.47 124.806657  65.034973 28.147
 82    47.715 55101.12190984 52.53 124.803671  65.031868 29.854
 82    47.737 55101.12191048 50.88 124.800691  65.028758 29.854
 82    47.744 55101.12191113 53.76 124.797711  65.025648 29.854
 82    47.749 55101.12191177 52.37 124.794731  65.022548 29.854
 82    47.801 55101.12191242 50.59 124.791751  65.019438 29.854
 82    47.857 55101.12191306 50.96 124.788771  65.016338 29.854
 82    47.931 55101.12191371 48.80 124.785801  65.013228 29.854
 83    46.012 55136.12191461 29.69 124.819189  65.025798 16.527
 83    46.145 55136.12191525 32.96 124.816209  65.022688 16.527
 83    46.125 55136.12191589 35.93 124.813229  65.019588 16.527
 83    46.089 55136.12191654 37.34 124.810249  65.016478 16.527
 83    46.222 55136.12191718 38.54 124.807269  65.013368 16.527
 83    46.260 55136.12191783 40.66 124.804289  65.010268 16.527
 83    46.294 55136.12191847 38.61 124.801309  65.007158 16.527
 83    46.282 55136.12191912 33.13 124.798329  65.004058 16.527
 84    45.938 55171.12187578 19.30 124.814045  65.034292  2.812
 84    46.178 55171.12187643 17.76 124.811065  65.031182  2.812
 84    46.306 55171.12187707 17.88 124.808085  65.028082  2.812
 84    46.425 55171.12187771 17.30 124.805105  65.024972  2.812
 84    46.461 55171.12187836 17.38 124.802125  65.021862  2.812
 84    46.567 55171.12187900 17.10 124.799145  65.018762  2.812
 84    46.709 55171.12187965 17.54 124.796165  65.015652  2.812
 84    46.998 55171.12188029 16.62 124.793185  65.012552  2.812
 84    48.029 55171.12188094 17.07 124.790205  65.009442  2.812
 85    46.128 55206.12190815 15.28 124.819551  65.025182  2.456
 85    46.081 55206.12190879 15.59 124.816571  65.022072  2.456
 85    46.145 55206.12190944 15.46 124.813591  65.018972  2.456
 85    46.258 55206.12191008 14.93 124.810611  65.015862  2.456
 85    46.512 55206.12191073 14.35 124.807631  65.012752  2.456
 85    46.588 55206.12191137 14.53 124.804651  65.009652  2.456
 85    46.345 55206.12191202 14.92 124.801671  65.006542  2.456
 85    46.237 55206.12191266 14.73 124.798691  65.003442  2.456
 86    45.678 55241.12188111 14.60 124.813626  65.037247  3.496
 86    45.804 55241.12188175 13.61 124.810640  65.034145  2.704
 86    45.969 55241.12188240 13.72 124.807660  65.031035  2.704
 86    46.013 55241.12188304 13.71 124.804680  65.027925  2.704
 86    45.926 55241.12188369 13.77 124.801700  65.024825  2.704
 86    46.120 55241.12188433 13.74 124.798720  65.021715  2.704
 86    46.269 55241.12188498 14.01 124.795740  65.018615  2.704
 86    46.176 55241.12188562 13.87 124.792760  65.015505  2.704
 86    46.023 55241.12188627 13.52 124.789780  65.012405  2.704
 87    46.052 55276.12190127 13.23 124.815411  65.030545  2.504
 87    45.922 55276.12190192 12.72 124.812431  65.027445  2.504
 87    45.772 55276.12190256 13.10 124.809451  65.024335  2.504
 87    46.024 55276.12190321 12.76 124.806471  65.021235  2.504
 87    46.184 55276.12190385 12.44 124.803491  65.018125  2.504
 87    46.171 55276.12190450 11.80 124.800511  65.015015  2.504
 87    45.840 55276.12190514 11.97 124.797531  65.011915  2.504
 87    45.739 55276.12190579 11.76 124.794551  65.008805  2.504
 87    45.531 55276.12190643 12.11 124.791571  65.005705  2.504
 88    45.649 55311.12186568 28.92 124.812829  65.034970 13.164
 88    45.514 55311.12186632 32.42 124.809849  65.031864 12.310
 88    45.510 55311.12186697 34.39 124.806859  65.028754 12.310
 88    45.528 55311.12186761 31.14 124.803879  65.025654 12.310
 88    45.287 55311.12186825 30.32 124.800899  65.022544 12.310
 88    45.235 55311.12186890 28.77 124.797919  65.019434 12.310
 88    45.334 55311.12186954 25.59 124.794949  65.016334 12.310
 88    46.361 55311.12187019 22.90 124.791969  65.013224 12.310
 88    47.489 55311.12187083 22.06 124.788989  65.010124 12.310
 89    51.394 55346.12187078 46.04 124.817302  65.028502 34.174
 89    51.391 55346.12187142 46.68 124.814322  65.025402 34.174
 89    51.333 55346.12187207 49.24 124.811342  65.022292 34.174
 89    51.377 55346.12187271 48.91 124.808362  65.019192 34.174
 89    51.248 55346.12187336 49.37 124.805382  65.016082 34.174
 89    51.395 55346.12187400 49.45 124.802402  65.012972 34.174
 89    51.347 55346.12187465 47.26 124.799422  65.009872 34.174
 89    51.307 55346.12187529 49.94 124.796442  65.006762 34.174
 89    51.380 55346.12187593 48.58 124.793462  65.003662 34.174
 90    48.402 55381.12186282 20.31 124.815682  65.032140 11.446
 90    48.386 55381.12186346 17.49 124.812702  65.029030 11.446
 90    48.104 55381.12186411 16.88 124.809712  65.025930 11.446
 90    47.831 55381.12186475 17.42 124.806732  65.022820 11.446
 90    47.754 55381.12186540 16.99 124.803752  65.019720 11.446
 90    47.500 55381.12186604 18.58 124.800772  65.016610 11.446
 90    48.172 55381.12186669 17.48 124.797792  65.013500 11.446
 90    48.641 55381.12186733 17.23 124.794822  65.010400 11.446
 90    49.328 55381.12186797 19.02 124.791842  65.007290 11.446
 91    47.610 55416.12189074 35.05 124.820764  65.024567 17.821
 91    47.589 55416.12189139 36.59 124.817784  65.021457 17.821
 91    47.590 55416.12189203 37.35 124.814804  65.018357 17.821
 91    47.578 55416.12189268 37.21 124.811824  65.015247 17.821
 91    47.715 55416.12189332 38.29 124.808844  65.012147 17.821
 91    47.755 55416.12189397 36.54 124.805864  65.009037 17.821
 91    47.722 55416.12189461 37.56 124.802884  65.005927 17.821
 91    47.775 55416.12189526 37.89 124.799904  65.002827 17.821
 92    47.805 55451.12187386 47.48 124.814453  65.031889 32.345
 92    47.762 55451.12187450 48.39 124.811473  65.028779 32.345
 92    47.714 55451.12187515 50.81 124.808493  65.025679 32.345
 92    47.790 55451.12187579 53.61 124.805513  65.022569 32.345
 92    47.779 55451.12187644 51.99 124.802533  65.019459 32.345
 92    47.770 55451.12187708 52.08 124.799553  65.016359 32.345
 92    47.793 55451.12187773 51.72 124.796573  65.013249 32.345
 92    47.857 55451.12187837 49.44 124.793593  65.010149 32.345
 92    47.960 55451.12187901 46.94 124.790613  65.007039 32.345
 93    46.059 55486.12179687 40.36 124.811685  65.037988 14.366
 93    45.921 55486.12179751 43.16 124.808705  65.034888 14.366
 93    45.883 55486.12179816 40.58 124.805722  65.031783 18.081
 93    45.945 55486.12179880 40.88 124.802742  65.028673 18.081
 93    45.836 55486.12179945 39.93 124.799762  65.025563 18.081
 93    45.988 55486.12180009 38.15 124.796782  65.022463 18.081
 93    45.977 55486.12180074 37.01 124.793802  65.019353 18.081
 93    46.066 55486.12180138 37.60 124.790822  65.016253 18.081
 93    46.048 55486.12180203 37.48 124.787852  65.013143 18.081
