-116468.356   294.393     0.00    8.38
-116088.560   287.514   -18.11   13.83
-115708.674   281.843   -14.93   15.29
-115328.700   272.464   -24.68   16.29
-114948.636   264.958   -19.75   14.73
-114568.484   259.687   -13.86   11.60
-114188.242   256.653    -7.98    7.66
-113807.911   253.870    -7.32    5.05
-113427.491   251.663    -5.80    8.21
-113046.981   248.476    -8.38   11.18
-112666.383   245.026    -9.06   12.14
-112285.694   239.458   -14.63   11.65
-111904.917   234.663   -12.59    9.99
-111524.049   229.200   -14.34   10.54
-111143.092   226.957    -5.89   11.23
-110762.046   226.775    -0.48    9.68
-110380.909   228.840     5.42    8.56
-109999.683   233.938    13.37    7.21
-109618.367   237.700     9.87    4.77
-109236.961   239.673     5.17    3.81
-108855.465   240.772     2.88    4.17
-108473.879   241.614     2.21    4.18
-108107.545   240.122    -4.07    6.40
-107742.894   235.367   -13.04    8.48
-107378.161   229.110   -17.15    7.70
-107013.347   226.278    -7.76    5.70
-106648.453   226.722     1.22    6.12
-106283.478   226.967     0.67    7.03
-105918.422   225.948    -2.79    7.53
-105553.285   225.374    -1.57    7.77
-105188.067   227.564     6.00   12.29
-104822.768   235.053    20.50   16.02
-104457.388   243.447    22.97   15.60
-104091.926   246.810     9.20   15.34
-103726.384   246.151    -1.80   16.27
-103360.760   241.699   -12.18   16.15
-102995.054   238.553    -8.60   15.01
-102629.268   236.666    -5.16   13.30
-102263.399   236.585    -0.22   12.87
-101897.450   239.178     7.08   13.99
-101531.418   241.538     6.45   16.19
-101165.305   241.775     0.65   16.86
-100799.111   242.183     1.11   15.55
-100432.834   241.141    -2.84   13.27
-100066.476   241.277     0.37   11.93
 -99700.036   239.268    -5.48   14.79
 -99333.514   233.223   -16.49   18.97
 -98966.911   226.050   -19.56   19.33
 -98600.225   222.485    -9.72   16.92
 -98233.457   223.045     1.53   16.15
 -97866.607   222.103    -2.57   16.37
 -97499.675   221.330    -2.11   15.24
 -97132.660   218.809    -6.87   13.74
 -96765.564   216.899    -5.20   11.57
 -96398.385   214.305    -7.06   11.97
 -96031.123   209.928   -11.92   14.16
 -95663.780   204.005   -16.12   14.24
 -95296.353   196.685   -19.92   12.14
 -94928.844   192.582   -11.16    9.70
 -94561.253   189.160    -9.31    7.01
 -94193.579   187.966    -3.25    8.93
 -93825.822   186.958    -2.74   13.23
 -93457.982   185.351    -4.37   16.95
 -93090.060   184.054    -3.52   18.71
 -92722.055   179.985   -11.05   19.43
 -92353.966   176.633    -9.11   18.13
 -91985.795   175.462    -3.18   17.29
 -91617.541   172.747    -7.37   16.27
 -91249.203   170.505    -6.09   16.06
 -90880.783   167.675    -7.68   16.36
 -90512.279   165.598    -5.64   15.40
 -90143.692   164.534    -2.89   14.40
 -89775.021   165.575     2.83   16.03
 -89406.267   166.957     3.75   18.75
 -89037.430   167.764     2.19   20.24
 -88668.509   168.632     2.35   20.56
 -88299.505   168.928     0.80   17.67
 -87930.417   169.202     0.74   14.08
 -87561.246   166.104    -8.39   14.91
 -87191.990   161.399   -12.74   16.47
 -86822.651   153.007   -22.72   14.65
 -86453.228   148.347   -12.61   11.62
 -86083.722   145.683    -7.21    7.56
 -85714.131   144.264    -3.84    8.74
 -85344.456   139.452   -13.02   14.94
 -84974.697   129.433   -27.10   20.71
 -84604.854   121.782   -20.68   20.78
 -84234.927   112.651   -24.68   18.55
 -83864.916   108.842   -10.29   16.93
 -83494.820   106.948    -5.12   13.45
 -83124.640   108.652     4.60   11.35
 -82754.376   109.354     1.90    9.77
 -82384.027   109.337    -0.04    8.12
 -82013.593   106.061    -8.84    8.45
 -81643.075   101.190   -13.15    9.59
 -81272.473    94.881   -17.02   12.07
 -80901.786    87.136   -20.89   13.38
 -80531.014    78.343   -23.71   13.67
 -80160.157    72.299   -16.30   12.35
 -79789.215    66.870   -14.63   14.73
 -79418.188    63.918    -7.96   13.73
 -79047.077    57.860   -16.32   15.19
 -78675.880    51.775   -16.39   16.57
 -78304.598    43.207   -23.08   14.27
 -77933.231    39.367   -10.34   12.78
 -77561.779    39.918     1.48   15.28
 -77190.242    47.090    19.30   19.59
 -76818.619    52.218    13.80   22.85
 -76446.911    53.745     4.11   21.46
 -76075.118    49.423   -11.62   19.55
 -75703.239    46.171    -8.75   14.59
 -75331.274    44.110    -5.54    9.09
 -74959.224    43.559    -1.48    9.53
 -74587.088    42.267    -3.47   12.46
 -74214.866    41.254    -2.72   15.01
 -73842.559    37.871    -9.09   16.21
 -73470.166    39.314     3.88   15.36
 -73097.687    43.230    10.51   14.82
 -72725.121    47.716    12.04   15.62
 -72352.470    56.938    24.74   16.89
 -71979.733    62.015    13.62   13.77
 -71606.910    62.393     1.01   13.87
 -71234.000    58.197   -11.25   14.44
 -70861.004    52.336   -15.71   12.09
 -70487.922    51.610    -1.94   10.49
 -70114.753    53.170     4.18   12.26
 -69741.498    58.267    13.66   12.76
 -69368.157    63.156    13.09   11.49
 -68994.729    64.994     4.92   13.59
 -68621.214    66.928     5.18   16.24
 -68247.613    73.697    18.12   21.38
 -67873.925    81.947    22.08   24.02
 -67500.150    98.294    43.73   24.54
 -67126.288   112.872    38.99   22.19
 -66752.339   121.809    23.90   15.39
 -66378.304   123.220     3.77   14.43
 -66004.181   123.291     0.19   15.80
 -65629.971   128.711    14.48   18.80
 -65255.674   137.870    24.47   21.15
 -64881.290   149.556    31.21   21.23
 -64506.818   157.880    22.23   18.41
 -64132.260   164.879    18.69   17.12
 -63757.613   169.315    11.84   17.84
 -63382.880   174.868    14.82   18.93
 -63008.059   179.258    11.71   17.18
 -62633.150   183.251    10.65   15.14
 -62258.153   186.032     7.41   11.67
 -61883.069   184.532    -4.00    9.19
 -61507.897   183.735    -2.12    8.34
 -61132.638   183.782     0.12    8.18
 -60757.290   184.014     0.62    8.20
 -60381.855   183.852    -0.43    8.73
 -60006.331   185.697     4.91   10.95
 -59630.719   188.766     8.17   18.50
 -59255.020   192.829    10.81   24.27
 -58879.232   198.418    14.87   27.40
 -58503.356   200.193     4.72   26.74
 -58127.391   203.585     9.02   21.60
 -57751.338   207.407    10.16   17.56
 -57375.197   208.428     2.71   15.69
 -56998.967   207.627    -2.13   16.64
 -56622.649   203.777   -10.23   20.32
 -56246.242   195.466   -22.08   21.70
 -55869.746   188.207   -19.28   19.59
 -55493.162   184.355   -10.23   14.58
 -55116.489   184.610     0.68   11.71
 -54739.726   184.786     0.47   10.46
 -54362.875   187.026     5.94    8.68
 -53985.935   188.786     4.67    9.45
 -53608.906   191.326     6.74    9.20
 -53231.788   193.556     5.91    7.31
 -52854.581   192.438    -2.96    7.04
 -52477.284   188.591   -10.19    7.20
 -52099.898   184.604   -10.56    7.00
 -51722.423   181.749    -7.57    7.66
 -51344.858   180.423    -3.51    8.57
 -50967.204   178.309    -5.60    9.60
 -50589.460   176.360    -5.16   10.24
 -50211.627   171.534   -12.77    9.41
 -49833.704   167.591   -10.43    8.39
 -49455.691   163.447   -10.96    5.73
 -49077.589   160.815    -6.96    5.19
 -48699.396   158.753    -5.45    5.89
 -48321.114   157.418    -3.53    7.29
 -47942.741   155.624    -4.74    7.87
 -47564.279   155.758     0.35    6.93
 -47185.726   154.969    -2.09    5.01
 -46807.084   154.909    -0.16    3.83
 -46428.351   154.203    -1.86    5.13
 -46049.527   152.489    -4.53    7.22
 -45670.614   150.908    -4.17    8.62
 -45291.609   148.816    -5.52    9.42
 -44912.515   146.499    -6.11    9.48
 -44533.330   145.023    -3.89    9.58
 -44154.054   143.005    -5.32    8.65
 -43774.687   142.052    -2.51    7.73
 -43395.230   143.159     2.92    5.95
 -43015.682   146.293     8.26    6.28
 -42636.043   150.852    12.01    8.24
 -42256.313   155.909    13.32    8.56
 -41876.492   159.918    10.56    7.53
 -41496.580   161.601     4.43    8.00
 -41116.576   160.381    -3.21   10.19
 -40736.482   157.232    -8.28   12.89
 -40356.296   154.532    -7.10   13.24
 -39976.019   150.428   -10.79   14.43
 -39595.651   144.993   -14.29   17.53
 -39215.191   137.846   -18.78   17.45
 -38834.639   130.694   -18.79   16.34
 -38453.996   123.479   -18.96   12.17
 -38073.262   119.124   -11.44   10.66
 -37692.435   114.443   -12.29   10.52
 -37311.517   113.799    -1.69   13.26
 -36930.507   113.522    -0.73   15.74
 -36549.405   116.983     9.08   17.09
 -36168.211   121.549    11.98   15.26
 -35786.925   125.554    10.50   11.46
 -35405.546   129.312     9.85    6.96
 -35024.076   130.928     4.23    3.71
 -34642.513   130.505    -1.11    3.62
 -34260.858   129.871    -1.66    4.24
 -33879.111   127.033    -7.43    5.99
 -33506.219   122.614   -11.85    7.43
 -33141.810   118.033   -12.57    7.54
 -32777.319   112.977   -13.87    6.39
 -32412.745   109.324   -10.02    6.29
 -32048.089   107.860    -4.01    7.23
 -31683.350   108.091     0.63   10.50
 -31318.528   112.277    11.47   14.73
 -30953.624   118.957    18.31   19.95
 -30588.636   125.339    17.49   21.15
 -30223.566   130.918    15.28   19.54
 -29858.413   133.309     6.55   14.49
 -29493.177   131.591    -4.70   11.59
 -29127.858   125.271   -17.30   10.81
 -28762.456   119.115   -16.85    9.87
 -28396.971   113.491   -15.39    7.84
 -28031.402   106.598   -18.86    8.12
 -27665.750   100.966   -15.40    8.10
 -27300.015    94.122   -18.71   10.44
 -26934.196    85.956   -22.32    9.58
 -26568.295    77.482   -23.16   11.66
 -26202.309    68.937   -23.35   13.02
 -25836.240    62.484   -17.63   12.32
 -25470.087    58.739   -10.23    9.20
 -25103.851    58.983     0.67    7.68
 -24737.531    61.152     5.92    5.57
 -24371.127    62.029     2.39    3.71
 -24004.640    61.071    -2.61    3.80
 -23638.068    58.360    -7.39    6.17
 -23271.413    54.322   -11.01    8.14
 -22904.673    50.693    -9.90    8.20
 -22537.850    50.236    -1.25    8.01
 -22170.942    51.591     3.69    7.93
 -21803.950    56.296    12.82    8.17
 -21436.874    57.227     2.54   10.09
 -21069.713    55.287    -5.28   11.61
 -20702.469    52.900    -6.50   10.96
 -20335.140    51.258    -4.47    9.08
 -19967.726    51.039    -0.60    7.51
 -19600.228    49.862    -3.20    7.15
 -19232.645    49.130    -1.99    6.94
 -18864.978    46.243    -7.85    7.89
 -18497.225    43.625    -7.12    8.06
 -18129.389    42.335    -3.51    8.67
 -17761.467    40.015    -6.31    8.42
 -17393.460    42.208     5.96    8.66
 -17025.369    43.381     3.19    8.54
 -16657.192    43.491     0.30    8.17
 -16288.931    43.992     1.36    8.02
 -15920.584    44.758     2.08    8.13
 -15552.152    49.461    12.76    7.60
 -15183.635    53.381    10.64    4.62
 -14815.033    56.296     7.91    5.16
 -14446.345    59.432     8.51    7.70
 -14077.572    62.363     7.95    9.66
 -13708.714    66.178    10.34   12.19
 -13339.770    66.014    -0.44   14.78
 -12970.740    63.442    -6.97   15.96
 -12601.625    59.451   -10.81   13.94
 -12232.424    57.499    -5.29   10.64
 -11863.137    56.227    -3.45    8.00
 -11493.765    55.585    -1.74    5.68
 -11124.306    53.900    -4.56    4.11
 -10754.762    52.274    -4.40    2.72
 -10385.132    50.048    -6.02    2.84
 -10015.415    48.152    -5.13    3.20
  -9645.613    45.985    -5.86    3.57
  -9275.724    43.641    -6.34    2.93
  -8905.749    42.604    -2.80    2.57
  -8535.688    42.068    -1.45    3.10
  -8165.541    39.318    -7.43    6.26
  -7795.307    33.724   -15.11    9.80
  -7424.986    27.358   -17.19    9.75
  -7054.579    20.394   -18.80    5.39
  -6684.086    15.056   -14.41    6.46
  -6313.505     9.522   -14.93    7.49
  -5942.839     5.002   -12.19    7.02
  -5572.085     1.347    -9.86    4.04
  -5201.244    -0.072    -3.83    0.00
  -4830.317     1.610     4.54    4.62
  -4459.303     4.428     7.59    6.53
  -4088.201     6.570     5.77    6.29
  -3717.013     7.998     3.85    5.01
  -3345.737     6.873    -3.03    3.18
  -2974.374     5.168    -4.59    2.73
  -2602.924     3.447    -4.63    3.19
  -2231.387     2.079    -3.68    3.18
  -1859.762     0.737    -3.61    2.47
  -1488.050     0.289    -1.21    1.94
  -1116.250    -0.072    -0.97    0.00
   -744.363     0.215     0.77    2.13
   -372.388     0.103    -0.30    1.77
     -0.326    -0.072    -0.47    0.00
    371.825     0.498     1.53    2.88
    744.063     1.766     3.41    4.89
   1116.389     2.622     2.30    5.23
   1488.803     3.789     3.13    5.60
   1861.305     4.937     3.08    5.40
   2233.895     6.122     3.18    5.11
   2606.573     7.873     4.70    4.47
   2979.339     9.143     3.41    3.44
   3352.193     9.629     1.30    3.63
   3725.136     9.750     0.33    4.30
   4098.167    10.333     1.56    4.03
   4471.287    10.524     0.51    3.55
   4844.495    11.367     2.26    1.76
   5217.792    11.252    -0.31    1.93
   5591.177    10.831    -1.13    1.82
   5964.651    10.400    -1.15    2.11
   6338.213     9.683    -1.92    1.85
   6711.865     9.358    -0.87    2.31
   7085.605     9.437     0.21    2.57
   7459.434     9.204    -0.62    2.91
   7833.353     8.946    -0.69    3.16
   8207.360     8.466    -1.28    3.64
   8581.456     8.497     0.08    3.50
   8955.642     8.522     0.07    3.31
   9329.917     8.206    -0.85    3.45
   9704.281     7.909    -0.79    3.48
  10078.734     7.432    -1.27    3.29
  10453.277     6.946    -1.30    3.05
  10827.910     6.230    -1.91    3.73
  11202.631     5.199    -2.75    3.78
  11577.443     3.928    -3.39    3.31
  11952.344     3.601    -0.87    3.34
  12327.335     3.680     0.21    3.46
  12702.416     4.622     2.51    3.49
  13077.587     4.569    -0.14    3.67
  13452.848     4.919     0.93    3.78
  13828.198     5.835     2.44    3.84
  14203.639     5.984     0.40    4.27
  14579.170     5.552    -1.15    4.68
  14954.791     7.007     3.87    5.79
  15330.502     7.573     1.51    6.65
  15706.304     8.203     1.68    7.11
  16082.196     8.864     1.76    6.82
  16458.178     8.099    -2.03    6.44
  16834.251     8.283     0.49    5.27
  17210.415     7.778    -1.34    4.22
  17586.669     6.307    -3.91    3.86
  17963.014     4.548    -4.67    3.44
  18339.449     3.814    -1.95    3.32
  18715.976     3.423    -1.04    3.49
  19092.593     3.200    -0.59    3.25
  19469.302     3.555     0.94    3.85
  19846.101     3.726     0.45    3.81
  20222.992     3.825     0.26    3.64
  20599.973     3.466    -0.95    3.24
  20977.046     2.910    -1.47    2.37
  21354.211     2.040    -2.31    1.60
  21731.466     1.382    -1.75    0.75
  22108.813     1.187    -0.52    0.55
  22486.252     1.135    -0.14    0.49
  22863.782     1.110    -0.07    0.56
  23241.404     1.398     0.76    1.21
  23619.117     1.955     1.47    1.79
  23996.922     2.132     0.47    1.95
  24374.819     2.864     1.94    2.64
  24752.808     7.235    11.57    7.70
  25130.889    17.313    26.66   15.25
  25509.062    28.022    28.32   16.89
  25887.326    40.539    33.09   13.16
  26265.684    49.115    22.67   10.52
  26644.133    58.021    23.53   11.56
  27022.674    66.955    23.60   13.60
  27401.308    74.852    20.86   11.27
  27780.035    76.067     3.21    9.25
  28158.854    69.701   -16.80   15.22
  28537.765    55.319   -37.96   19.59
  28916.769    38.476   -44.44   18.40
  29295.866    25.801   -33.44   14.57
  29675.055    18.772   -18.53    8.24
  30054.337    17.144    -4.29    4.90
  30433.713    18.543     3.69    3.60
  30813.181    19.863     3.48    1.99
  31192.742    19.778    -0.22    1.92
  31572.396    20.554     2.04    2.18
  31952.144    21.844     3.40    2.82
  32331.984    24.159     6.09    3.52
  32711.918    26.372     5.82    3.84
  33091.945    28.610     5.89    4.89
  33472.066    28.955     0.91    6.28
  33852.280    27.060    -4.99    7.29
  34232.588    24.854    -5.80    6.46
  34612.989    23.957    -2.36    5.22
  34993.485    27.391     9.03    7.06
  35374.073    33.043    14.85    7.26
  35754.756    38.120    13.34    6.30
  36135.533    40.870     7.22    4.89
  36516.403    40.775    -0.25    5.25
  36897.368    38.499    -5.97    5.74
  37278.427    35.130    -8.84    4.61
  37659.580    33.059    -5.43    4.31
  38040.827    31.807    -3.28    5.41
  38422.168    32.807     2.62    6.34
  38803.604    34.965     5.66    5.13
  39185.135    35.662     1.83    2.78
  39566.759    34.928    -1.92    4.42
  39948.479    35.055     0.33    6.37
  40330.293    36.909     4.86    8.41
  40712.202    39.646     7.17    8.26
  41092.169    41.183     4.04    6.61
  41456.331    41.819     1.75    4.95
  41820.577    42.471     1.79    4.71
  42184.908    43.713     3.41    4.97
  42549.323    45.180     4.03    5.30
  42913.822    47.393     6.07    5.31
  43278.406    51.322    10.78    6.08
  43643.075    54.087     7.58    6.10
  44007.828    55.354     3.47    5.36
  44372.665    56.028     1.85    4.97
  44737.588    57.399     3.76    5.08
  45102.595    60.482     8.45    6.94
  45467.687    63.862     9.26    6.98
  45832.864    66.437     7.05    6.64
  46198.125    69.570     8.58    7.91
  46563.472    73.710    11.33    8.78
  46928.904    77.497    10.36    9.72
  47294.421    82.132    12.68    9.75
  47660.023    85.057     8.00    9.00
  48025.711    86.928     5.11    8.75
  48391.483    87.870     2.58    8.56
  48757.342    88.437     1.55    7.73
  49123.285    89.696     3.44    7.27
  49489.314    93.331     9.93    8.29
  49855.429    97.101    10.30    9.45
  50221.629   100.091     8.17    9.54
  50587.915   101.288     3.27    8.98
  50954.286   102.068     2.13    8.60
  51320.743   104.882     7.68    9.18
  51687.287   107.901     8.23    7.96
  52053.916   109.209     3.57    5.67
  52420.631   107.414    -4.90    7.05
  52787.432   101.220   -16.89   10.98
  53154.319    91.037   -27.76   13.30
  53521.292    81.990   -24.65   11.51
  53888.351    74.572   -20.21    8.61
  54255.497    71.801    -7.55   10.28
  54622.729    73.432     4.44   12.21
  54990.047    78.687    14.31   13.25
  55357.452    86.613    21.57   10.12
  55724.944    92.928    17.18    6.61
  56092.521    96.410     9.47    4.97
  56460.186    98.399     5.41    3.66
  56827.937    98.982     1.58    4.00
  57195.775    99.321     0.92    5.15
  57563.700    99.143    -0.48    6.41
  57931.711    98.579    -1.53    7.08
  58299.810    96.151    -6.60    7.25
  58667.996    92.616    -9.60    8.10
  59036.268    85.810   -18.48   11.15
  59404.628    78.150   -20.79   10.09
  59773.075    74.153   -10.85    9.88
  60141.609    72.630    -4.13   11.96
  60510.230    70.625    -5.44   12.08
  60878.939    71.104     1.30   10.96
  61247.735    71.946     2.28    9.01
  61616.619    71.737    -0.57    8.25
  61985.590    68.646    -8.38    8.95
  62354.649    61.326   -19.84   11.68
  62723.795    53.088   -22.32   11.64
  63093.030    44.249   -23.94   10.14
  63462.352    36.964   -19.73    6.42
  63831.761    35.386    -4.27    5.90
  64201.259    40.080    12.70   11.77
  64570.845    48.764    23.50   15.88
  64940.519    61.419    34.23   17.46
  65310.281    72.387    29.66   14.68
  65680.131    81.909    25.75   10.20
  66050.069    87.585    15.34    8.53
  66420.096    92.637    13.65    7.64
  66790.211    93.781     3.09    7.61
  67160.414    93.956     0.47    8.20
  67530.706    92.901    -2.85    8.07
  67901.086    93.027     0.34    7.95
  68271.555    92.956    -0.19    7.51
  68642.113    93.739     2.11    5.82
  69012.759    94.559     2.21    4.56
  69383.494    97.243     7.24    7.15
  69754.318    98.582     3.61    8.47
  70125.231    99.282     1.89    8.56
  70496.233    97.401    -5.07    8.26
  70867.324    93.418   -10.73    8.04
  71238.504    87.973   -14.67    6.45
  71609.774    84.994    -8.03    5.07
  71981.132    86.791     4.84    7.33
  72352.580    92.719    15.96   11.50
  72724.117   101.662    24.07   12.74
  73095.744   108.027    17.13   11.01
  73467.460   110.159     5.73   10.77
  73839.266   108.169    -5.35   13.95
  74211.161   101.390   -18.23   17.96
  74583.146    88.451   -34.79   20.75
  74955.221    80.282   -21.95   17.94
  75327.385    72.780   -20.16   12.38
  75699.640    70.252    -6.79    6.30
  76071.984    73.832     9.61    7.25
  76444.419    77.624    10.18    6.65
  76816.943    80.115     6.69    4.68
  77189.558    82.222     5.66    4.53
  77562.262    84.728     6.72    6.85
  77935.058    87.616     7.75    7.28
  78307.943    90.757     8.42    6.51
  78680.919    94.995    11.36    7.23
  79053.985    99.612    12.38    8.11
  79427.142   102.335     7.30    6.88
  79800.389   101.615    -1.93    7.00
  80173.727    98.964    -7.10    6.33
  80547.156    96.613    -6.30    4.90
  80920.676    96.321    -0.78    3.85
  81294.286    98.889     6.87    4.24
  81667.988   101.728     7.60    5.80
  82041.780   107.013    14.14    7.68
  82415.663   113.410    17.11    8.16
  82789.638   117.637    11.30    6.42
  83163.704   121.728    10.94    5.44
  83537.861   124.865     8.38    5.58
  83912.109   127.863     8.01    7.68
  84286.449   129.306     3.86    9.01
  84660.880   129.726     1.12   11.39
  85035.402   127.019    -7.23   14.65
  85410.017   125.337    -4.49   17.07
  85784.723   121.555   -10.09   17.38
  86159.520   118.295    -8.70   14.53
  86534.410   117.301    -2.65    9.23
  86909.391   121.347    10.79    9.37
  87284.464   126.899    14.80   10.25
  87659.629   131.464    12.17    9.01
  88034.886   134.390     7.80    8.69
  88410.236   136.791     6.40   10.52
  88785.677   138.185     3.71   12.93
  89161.211   141.955    10.04   13.29
  89536.837   146.044    10.89   10.92
  89912.555   147.946     5.06    8.93
  90288.366   145.928    -5.37    8.33
  90664.270   145.178    -2.00    9.02
  91040.266   147.282     5.60   12.18
  91416.355   148.130     2.25   12.53
  91792.536   148.306     0.47   11.53
  92168.810   148.419     0.30   10.36
  92545.177   149.946     4.06   16.80
  92921.637   153.169     8.56   24.92
  93298.190   153.613     1.18   28.99
  93674.836   147.193   -17.05   28.74
  94051.576   133.532   -36.27   16.06
  94428.408   127.847   -15.09    9.89
  94805.334   125.233    -6.93    8.71
  95182.353   122.544    -7.13    8.45
  95559.465   120.585    -5.19    7.11
  95936.671   120.856     0.72    7.31
  96313.970   121.075     0.58   10.14
  96691.363   124.240     8.39   11.87
  97068.850   124.733     1.31   10.09
  97446.431   122.120    -6.92    9.77
  97824.105   115.803   -16.73   11.99
  98201.873   109.230   -17.40   10.13
  98579.735   107.642    -4.20    7.88
  98957.692   109.664     5.35    8.85
  99335.742   115.326    14.98    9.08
  99713.886   119.775    11.77    6.75
 100092.125   120.531     2.00    8.31
 100470.458   118.477    -5.43   10.86
 100848.885   115.396    -8.14   11.35
 101227.407   114.249    -3.03    9.53
 101606.024   115.543     3.42    8.04
 101984.734   116.303     2.01    6.76
 102363.540   117.833     4.04    5.90
 102742.440   121.321     9.20    6.33
 103121.435   125.010     9.73    6.80
 103500.525   128.504     9.22    7.34
 103879.710   130.603     5.54    7.44
 104258.990   134.603    10.55    8.66
 104638.365   140.205    14.76   10.20
 105017.835   148.701    22.39   11.35
 105397.401   155.636    18.27   10.06
 105777.061   159.851    11.10    8.16
 106156.817   161.660     4.76    8.57
 106536.669   161.101    -1.47    8.83
 106916.616   157.749    -8.82    8.10
 107296.658   155.537    -5.82    5.79
 107676.797   156.222     1.80    6.09
 108057.030   157.018     2.09    7.30
 108437.360   154.249    -7.28   10.24
 108817.786   148.428   -15.30   12.22
 109198.307   142.090   -16.66   11.33
 109578.925   138.428    -9.62    9.56
 109959.638   136.561    -4.90    9.01
 110340.448   136.361    -0.52    9.74
 110721.354   137.187     2.17   12.02
 111102.356   138.235     2.75   12.35
 111483.454   137.280    -2.51   11.70
 111864.649   132.769   -11.84   11.11
 112245.941   128.799   -10.41    9.55
 112627.329   125.340    -9.07    7.80
 113008.814   123.291    -5.37    5.43
 113390.395   123.106    -0.49    3.88
 113772.074   122.758    -0.91    3.13
 114153.849   121.261    -3.92    4.26
 114535.721   117.305   -10.36    8.18
 114917.690   110.396   -18.09    9.90
 115299.756   104.758   -14.76    8.18
 115681.919   101.757    -7.85    5.53
 116051.183   102.235     1.30    7.55
 116415.183   103.591     3.73    9.84
 116779.270   103.945     0.97   10.55
 117143.442   102.954    -2.72    8.82
 117507.700   100.548    -6.61    7.07
 117872.045   100.805     0.70    7.86
 118236.476   100.081    -1.99    8.09
 118600.993    98.315    -4.84    9.00
 118965.597    97.609    -1.94    8.97
 119330.287    95.341    -6.22    9.02
 119695.064    92.069    -8.97   10.68
 120059.927    89.392    -7.34   10.76
 120424.877    84.196   -14.24    8.73
 120789.914    79.051   -14.10    6.57
 121155.037    76.054    -8.21    5.51
 121520.247    75.703    -0.96    6.98
 121885.544    80.503    13.14   12.45
 122250.929    87.784    19.93   14.68
 122616.400    95.250    20.43   13.71
 122981.958    99.526    11.70   13.16
 123347.603   102.291     7.56   13.35
 123713.336   103.034     2.03   11.62
 124079.156   103.466     1.18    8.80
 124445.063    99.999    -9.48    9.18
 124811.057    95.786   -11.51    9.87
 125177.139    89.045   -18.42    5.40
 125543.309    88.937    -0.30    6.40
 125909.566    93.207    11.66    8.89
 126275.911    97.330    11.26    7.90
 126642.343   101.547    11.51    6.90
 127008.864   105.582    11.01    6.68
 127375.472   108.653     8.38    7.14
 127742.168   110.437     4.86    6.13
 128108.952   108.618    -4.96    6.71
 128475.824   104.171   -12.12    9.86
 128842.784    96.511   -20.88   11.80
 129209.832    89.053   -20.32   10.25
 129576.968    84.382   -12.72    8.29
 129944.193    80.414   -10.81    7.58
 130311.506    76.609   -10.36   10.24
 130678.907    75.105    -4.09    9.86
 131046.397    77.776     7.27   11.22
 131413.976    80.909     8.53   12.01
 131781.643    83.839     7.97   10.18
 132149.398    82.937    -2.45   11.04
 132517.243    76.623   -17.17   13.19
 132885.176    65.494   -30.25   15.18
 133253.198    55.630   -26.80   13.19
 133621.309    45.149   -28.48   13.56
 133989.509    37.813   -19.93   10.78
 134357.798    34.101   -10.08    9.39
 134726.176    32.241    -5.05    9.69
 135094.643    32.751     1.38    8.94
 135463.200    32.317    -1.18    9.05
 135831.845    31.945    -1.01    9.17
 136200.580    30.547    -3.79    9.31
 136569.405    27.997    -6.91    9.94
 136938.319    28.866     2.36   11.61
 137307.323    31.397     6.86   13.00
 137676.416    33.708     6.26   11.53
 138045.599    39.872    16.70   12.88
 138414.871    45.147    14.29   15.43
 138784.234    51.570    17.39   14.99
 139153.686    59.717    22.05   13.23
 139523.229    64.410    12.70   13.75
 139892.861    69.072    12.61   12.88
 140262.583    76.842    21.02   10.45
 140632.396    82.919    16.43   10.32
 141002.299    91.752    23.88   15.84
 141372.292    98.007    16.91   19.40
 141742.375   100.158     5.81   20.35
 142112.549    97.048    -8.40   18.99
 142482.813    89.014   -21.70   17.60
 142853.168    74.358   -39.58   18.30
 143223.614    61.653   -34.30   17.92
 143594.150    53.558   -21.85   16.35
 143964.776    58.191    12.50   27.81
 144335.494    74.852    44.95   42.19
 144706.303   106.700    85.89   52.62
 145077.202   136.928    81.51   42.74
 145448.193   157.937    56.63   20.35
 145819.274   163.354    14.60   12.62
 146190.447   161.973    -3.72   12.27
 146561.711   156.919   -13.61   12.84
 146933.066   150.810   -16.45   13.56
 147304.512   147.945    -7.71   12.68
 147676.050   154.078    16.51   16.42
 148047.679   159.446    14.44   16.82
 148419.400   161.780     6.28   17.14
 148791.213   162.639     2.31   19.09
 149163.117   169.804    19.27   27.43
 149535.113   172.733     7.87   28.78
 149907.200   171.255    -3.97   27.54
 150279.380   167.033   -11.35   27.07
 150651.652   162.698   -11.64   25.81
 151024.015   166.094     9.12   23.74
 151396.471   178.658    33.73   22.29
 151769.019   194.849    43.46   21.22
 152141.658   208.184    35.79   16.76
 152514.391   215.503    19.64   15.04
 152887.215   211.738   -10.10   20.07
 153260.132   198.034   -36.75   22.84
 153633.142   181.484   -44.37   19.52
 154006.244   180.928    -1.49   24.03
 154379.439   202.671    58.27   43.67
 154752.726   224.279    57.89   42.28
 155126.106   234.621    27.70   29.97
 155499.579   232.919    -4.56   25.68
 155873.145   228.604   -11.55   22.23
 156246.804   234.432    15.60   27.37
 156620.556   242.586    21.82   25.48
 156994.401   239.392    -8.54   26.01
 157368.339   226.298   -35.02   29.98
 157742.370   210.052   -43.44   29.34
 158116.495   205.284   -12.74   27.83
 158490.713   209.423    11.06   28.13
 158865.025   216.875    19.91   29.82
 159239.430   232.024    40.47   30.52
 159613.928   253.291    56.79   33.86
 159988.521   271.545    48.74   30.51
 160363.207   282.582    29.46   22.31
 160737.987   277.066   -14.72   26.78
 161112.860   261.027   -42.79   28.92
 161487.828   244.745   -43.43   20.40
 161862.890   238.326   -17.12   18.44
 162238.045   238.901     1.53   19.87
 162613.295   245.875    18.59   19.74
 162988.639   251.947    16.18   14.73
 163364.078   245.076   -18.30   20.82
 163739.611   231.090   -37.25   29.38
 164115.238   211.928   -51.02   31.74
 164490.960   196.910   -39.97   25.08
 164866.776   188.096   -23.46   18.78
 165242.687   196.910    23.45   25.75
 165618.692   216.799    52.90   30.63
 165994.793   240.463    62.92   30.62
 166370.988   262.946    59.77   24.44
 166747.278   272.797    26.18   22.70
 167123.663   267.279   -14.66   28.10
 167500.144   247.375   -52.87   29.57
 167876.719   229.850   -46.54   25.93
 168253.390   213.535   -43.32   15.65
 168630.156   204.261   -24.62   13.74
 169007.017   199.643   -12.25   16.53
 169383.974   200.119     1.26   19.75
 169761.026   196.549    -9.47   21.10
 170138.174   186.980   -25.38   24.52
 170515.417   175.684   -29.95   24.16
 170892.756   178.176     6.60   27.26
 171270.191   192.574    38.15   37.57
 171647.722   219.708    71.88   36.88
 172025.349   244.100    64.60   24.65
 172403.071   257.036    34.25   12.58
 172780.890   260.980    10.44    9.00
 173158.805   258.954    -5.36    9.88
 173536.816   247.206   -31.08   18.10
 173914.924   233.371   -36.59   26.51
 174293.127   215.865   -46.29   25.90
 174671.428   204.797   -29.26   19.11
 175049.825   203.557    -3.28   18.55
 175428.318   216.626    34.53   20.42
 175806.908   226.000    24.76   18.69
 176185.595   232.665    17.60   20.57
 176564.378   236.642    10.50   21.83
 176943.259   247.436    28.49   23.11
 177322.236   262.050    38.56   27.23
 177701.311   283.946    57.77   30.43
 178080.482   301.210    45.54   30.68
 178459.751   308.255    18.58   29.59
 178839.117   296.592   -30.75   40.68
 179218.580   273.396   -61.13   45.89
 179598.141   249.560   -62.80   37.60
 179977.799   232.698   -44.42   27.35
 180357.555   221.191   -30.30   21.25
 180737.408   212.971   -21.64   17.69
 181117.359   206.282   -17.61   13.80
 181497.408   196.169   -26.61   14.45
 181877.555   185.713   -27.51   17.58
 182257.799   172.911   -33.67   21.19
 182638.142   156.478   -43.21   20.32
 183018.583   147.304   -24.12   17.88
 183399.121   141.642   -14.88   22.31
 183779.758   145.808    10.95   33.11
 184160.494   148.361     6.71   39.47
 184541.327   152.704    11.40   42.41
 184922.259   153.980     3.35   44.22
 185303.290   158.220    11.13   45.17
 185684.419   155.074    -8.25   44.86
 186065.647   149.928   -13.50   43.15
 186446.974   139.815   -26.52   39.78
 186828.399   121.807   -47.22   40.57
 187209.924    99.031   -59.70   36.82
 187591.547    75.892   -60.64   28.19
 187973.270    58.336   -46.00   17.77
 188355.091    70.735    32.48   39.84
 188737.012   108.658    99.31   65.10
 189119.032   150.154   108.63   62.17
 189501.151   186.565    95.30   27.86
 189883.370   190.643    10.67   17.85
 190265.689   178.291   -32.31   18.80
 190642.622   160.298   -47.74   18.62
 191006.376   144.414   -43.67   16.59
 191370.218   130.094   -39.36   16.84
 191734.148   121.212   -24.41   13.82
 192098.165   115.810   -14.84   11.64
 192462.270   107.074   -23.99   17.42
 192826.464    95.208   -32.58   26.10
 193190.745    74.640   -56.47   27.96
 193555.115    55.510   -52.50   19.27
 193919.572    42.847   -34.75   15.74
 194284.118    32.644   -27.99   18.15
