# NaN NaN NaN ;Mean Elev.(m), Avg Gradient(m/km), RMS Gradient(m/km) - SRTM1     
#    8.000   0.116   1.049 ;Mean Elev.(m), Avg Gradient(m/km), RMS Gradient(m/km) - ASTER GDEM
#    1.000  -0.000   0.253 ;Mean Elev.(m), Avg Gradient(m/km), RMS Gradient(m/km) - GMTED2010 
  7     1.661 52456.48365502 13.83 128.099533  72.229262  2.946
  7     1.533 52456.48365567 14.51 128.094043  72.232152  2.946
  7     1.545 52456.48365631 14.04 128.088553  72.235052  2.946
 10     1.292 52561.48365660 39.52 128.089092  72.229275 14.068
 10     1.314 52561.48365724 41.92 128.083592  72.232175 14.068
 10     1.208 52561.48365789 39.69 128.078102  72.235075 14.068
 10     1.114 52561.48365853 32.91 128.072602  72.237965 14.068
 10     1.084 52561.48365917 30.89 128.067102  72.240865 14.068
 10     1.458 52561.48366046 27.91 128.056102  72.246655 14.068
 12     1.362 52631.48360880 26.26 128.082990  72.230487  5.477
 12     1.341 52631.48360945 26.43 128.077500  72.233377  5.477
 12     1.340 52631.48361009 27.23 128.072000  72.236277  5.477
 12     1.478 52631.48361074 26.87 128.066500  72.239177  5.477
 12     1.539 52631.48361138 25.90 128.061000  72.242067  5.477
 12     1.569 52631.48361203 25.79 128.055500  72.244967  5.477
 15     1.342 52736.48364053 25.02 128.109849  72.229882  4.264
 15     1.260 52736.48364118 25.13 128.104359  72.232782  4.264
 15     1.289 52736.48364182 24.28 128.098869  72.235672  4.264
 16     1.541 52771.48361461 36.50 128.122520  72.228516 21.877
 16     1.318 52771.48361526 33.00 128.117030  72.231416 21.877
 16     1.152 52771.48361590 32.28 128.111540  72.234306 21.877
 17     3.268 52806.48366491 15.26 128.079582  72.228652 10.748
 17     3.063 52806.48366555 17.15 128.074082  72.231542 10.748
 17     2.781 52806.48366620 19.37 128.068592  72.234442 10.748
 17     3.117 52806.48366684 21.23 128.063092  72.237342 10.748
 17     3.166 52806.48366749 24.20 128.057592  72.240242 10.748
 17     3.357 52806.48366813 26.10 128.052092  72.243132 10.748
 18     1.365 52841.48372448 14.29 128.085097  72.229649  3.521
 18     1.449 52841.48372512 14.92 128.079597  72.232549  3.521
 18     1.392 52841.48372577 14.56 128.074107  72.235449  3.521
 18     1.522 52841.48372641 14.84 128.068607  72.238339  3.521
 18     1.535 52841.48372706 14.80 128.063107  72.241239  3.521
 18     1.589 52841.48372770 14.54 128.057607  72.244139  3.521
 19     1.143 52876.48376276 31.66 128.092852  72.228210 17.710
 19     0.962 52876.48376341 30.67 128.087362  72.231100 17.710
 19     1.059 52876.48376405 37.05 128.081862  72.234000 17.710
 19     1.079 52876.48376470 39.59 128.076372  72.236900 17.710
 19     1.111 52876.48376534 31.15 128.070872  72.239790 17.710
 20     0.962 52911.48372473 33.19 128.118785  72.230766 13.488
 20     1.193 52911.48372538 40.44 128.113295  72.233666 13.488
 23     1.395 53016.48371393 29.27 128.109642  72.229713  8.865
 23     1.333 53016.48371458 28.91 128.104152  72.232603  8.865
 23     1.433 53016.48371522 28.33 128.098662  72.235503  8.865
 24     1.597 53051.48369177 27.13 128.088237  72.227672  8.582
 24     1.324 53051.48369241 26.61 128.082737  72.230572  8.582
 24     1.371 53051.48369306 27.12 128.077247  72.233472  8.582
 24     1.492 53051.48369370 27.08 128.071747  72.236362  8.582
 24     1.716 53051.48369435 26.92 128.066247  72.239262  8.582
 24     1.801 53051.48369499 27.15 128.060747  72.242152  8.582
 24     1.822 53051.48369564 27.66 128.055247  72.245052  8.582
 25     1.685 53086.48372767 24.31 128.108458  72.227225  7.742
 25     1.415 53086.48372832 25.77 128.102968  72.230115  7.742
 25     1.342 53086.48372896 25.42 128.097478  72.233015  7.742
 26     1.548 53121.48369869 16.72 128.087053  72.228609  4.053
 26     1.417 53121.48369933 16.57 128.081563  72.231499  4.053
 26     1.292 53121.48369998 17.08 128.076073  72.234399  4.053
 26     1.401 53121.48370062 16.47 128.070573  72.237299  4.053
 26     1.594 53121.48370127 15.87 128.065073  72.240199  4.053
 26     1.606 53121.48370191 15.53 128.059573  72.243089  4.053
 26     1.645 53121.48370256 16.00 128.054073  72.245989  4.053
 28     2.499 53191.48374464 11.52 128.109115  72.227362  2.071
 28     2.574 53191.48374528 11.78 128.103625  72.230262  2.071
 28     2.493 53191.48374593 11.92 128.098135  72.233152  2.071
 29     1.307 53226.48374891 30.12 128.109046  72.229498 23.312
 29     1.141 53226.48374956 32.37 128.103556  72.232398 23.312
 29     1.395 53226.48375020 34.88 128.098066  72.235298 23.312
 30     1.288 53261.48372251 42.50 128.115248  72.229401 30.048
 30     1.008 53261.48372316 38.87 128.109758  72.232291 30.048
 30     1.226 53261.48372380 43.44 128.104268  72.235191 30.048
 31     2.319 53296.48375692 37.34 128.080540  72.229160 15.073
 31     2.284 53296.48375757 39.83 128.075050  72.232060 15.073
 31     2.317 53296.48375821 38.98 128.069560  72.234950 15.073
 31     2.142 53296.48375886 38.70 128.064060  72.237850 15.073
 31     2.320 53296.48375950 37.62 128.058560  72.240750 15.073
 31     2.338 53296.48376015 38.34 128.053060  72.243650 15.073
 32     1.640 53331.48372830 28.55 128.103700  72.227628  5.648
 32     1.472 53331.48372894 29.82 128.098210  72.230518  5.648
 32     1.483 53331.48372959 30.00 128.092720  72.233418  5.648
 34     1.696 53401.48370207 23.39 128.096174  72.226609  5.010
 34     1.560 53401.48370271 24.36 128.090684  72.229499  5.010
 34     1.409 53401.48370335 24.42 128.085194  72.232399  5.010
 34     1.416 53401.48370400 24.32 128.079694  72.235299  5.010
 34     1.700 53401.48370464 23.72 128.074204  72.238189  5.010
 35     1.604 53436.48369107 27.44 128.118458  72.227689  5.378
 35     1.491 53436.48369172 28.50 128.112968  72.230579  5.378
 35     1.502 53436.48369236 27.58 128.107488  72.233479  5.378
 36     1.495 53471.48374288 25.81 128.082645  72.230402  5.832
 36     1.406 53471.48374352 25.66 128.077145  72.233292  5.832
 36     1.410 53471.48374417 24.95 128.071655  72.236192  5.832
 36     1.495 53471.48374481 24.60 128.066155  72.239092  5.832
 36     1.821 53471.48374546 24.03 128.060655  72.241992  5.832
 36     1.906 53471.48374610 22.92 128.055155  72.244882  5.832
 37     1.370 53506.48377553 41.81 128.099159  72.228419 14.593
 37     1.360 53506.48377617 43.94 128.093669  72.231319 14.593
 37     1.334 53506.48377682 38.93 128.088179  72.234219 14.593
 38     1.961 53541.48377996 12.50 128.102310  72.227281  2.611
 38     1.979 53541.48378060 12.65 128.096820  72.230181  2.611
 38     1.933 53541.48378125 13.21 128.091330  72.233081  2.611
 39     1.440 53576.48376943 24.73 128.111079  72.228394 21.343
 39     1.065 53576.48377008 23.62 128.105589  72.231284 21.343
 39     0.849 53576.48377072 22.44 128.100099  72.234184 21.343
 40    -2.882 53611.48372083 21.85 128.120845  72.227931  6.856
 40    -1.964 53611.48372147 21.94 128.115355  72.230821  6.856
 40    -1.134 53611.48372211 21.82 128.109865  72.233721  6.856
 41     1.243 53646.48372625 31.05 128.085110  72.229077 24.660
 41     1.115 53646.48372689 32.91 128.079610  72.231967 24.660
 41     1.464 53646.48372754 33.83 128.074120  72.234867 24.660
 41     1.662 53646.48372818 37.90 128.068620  72.237767 24.660
 41     1.755 53646.48372883 43.56 128.063120  72.240657 24.660
 41     1.792 53646.48372947 43.14 128.057620  72.243557 24.660
 42     1.428 53681.48374147 22.63 128.104836  72.226789  4.942
 42     1.236 53681.48374211 22.43 128.099346  72.229689  4.942
 42     1.196 53681.48374276 22.99 128.093856  72.232579  4.942
 42     1.342 53681.48374340 22.75 128.088366  72.235479  4.942
 43     1.325 53716.48366930 22.47 128.117184  72.230034  4.636
 43     1.283 53716.48366995 21.39 128.111694  72.232924  4.636
 43     1.462 53716.48367059 21.84 128.106204  72.235824  4.636
 44     1.330 53751.48358851 21.12 128.084870  72.229646  4.939
 44     1.206 53751.48358915 22.39 128.079380  72.232536  4.939
 44     1.294 53751.48358980 21.97 128.073880  72.235436  4.939
 44     1.357 53751.48359044 22.54 128.068380  72.238336  4.939
 44     1.529 53751.48359109 21.68 128.062880  72.241226  4.939
 44     1.658 53751.48359173 21.25 128.057380  72.244126  4.939
 45     1.373 53786.48361802 22.05 128.109271  72.229519  5.561
 45     1.212 53786.48361866 23.22 128.103781  72.232409  5.561
 45     1.366 53786.48361931 21.64 128.098291  72.235309  5.561
 46     1.571 53821.48357191 21.00 128.144707  72.222351  5.043
 46     1.399 53821.48357255 21.97 128.139227  72.225251  5.043
 46     1.262 53821.48357384 22.02 128.128254  72.231048  4.224
 46     1.294 53821.48357449 21.29 128.122764  72.233948  4.224
 47     1.446 53856.48366348 16.97 128.086127  72.229450  3.582
 47     1.270 53856.48366413 16.69 128.080637  72.232350  3.582
 47     1.249 53856.48366477 17.54 128.075147  72.235240  3.582
 47     1.366 53856.48366542 16.94 128.069647  72.238140  3.582
 47     1.607 53856.48366606 16.38 128.064147  72.241040  3.582
 47     1.594 53856.48366671 16.17 128.058647  72.243940  3.582
 48     2.659 53891.48367514 22.36 128.100647  72.229081  4.501
 48     3.073 53891.48367578 23.72 128.095157  72.231981  4.501
 48     2.963 53891.48367642 24.60 128.089657  72.234871  4.501
 49     2.272 53926.48373737 13.17 128.087619  72.228458  2.646
 49     2.053 53926.48373802 13.26 128.082119  72.231358  2.646
 49     2.092 53926.48373866 13.14 128.076629  72.234248  2.646
 49     2.069 53926.48373931 13.64 128.071139  72.237148  2.646
 49     2.048 53926.48373995 13.73 128.065639  72.240048  2.646
 49     1.961 53926.48374060 14.30 128.060139  72.242938  2.646
 49     2.112 53926.48374124 14.04 128.054639  72.245838  2.646
 50     1.219 53961.48372271 41.01 128.104599  72.229121 27.575
 50     0.924 53961.48372336 39.71 128.099109  72.232021 27.575
 50     1.191 53961.48372400 39.80 128.093619  72.234921 27.575
 51    -4.410 53996.48366489 15.39 128.070149  72.229045  3.513
 51     1.240 53996.48366554 15.99 128.064659  72.231945  3.513
 51    -7.725 53996.48366618 16.42 128.059159  72.234835  3.513
 51    -7.633 53996.48366683 16.53 128.053659  72.237735  3.513
 52     2.047 54031.48371734 36.65 128.091016  72.228599 16.399
 52     1.653 54031.48371798 36.04 128.085516  72.231499 16.399
 52     1.717 54031.48371863 36.22 128.080026  72.234389 16.399
 52     1.751 54031.48371927 38.55 128.074526  72.237289 16.399
 52     1.990 54031.48371992 38.38 128.069026  72.240189 16.399
 53     1.763 54066.48371032 23.08 128.111439  72.227354  4.338
 53     1.563 54066.48371096 24.02 128.105949  72.230254  4.338
 53     1.490 54066.48371161 23.76 128.100459  72.233144  4.338
 54     1.602 54101.48367231 25.25 128.118032  72.228763  5.240
 54     1.545 54101.48367296 25.95 128.112552  72.231653  5.240
 54     1.564 54101.48367360 25.23 128.107062  72.234553  5.240
 55     1.602 54136.48363854 24.19 128.087260  72.229002  5.356
 55     1.482 54136.48363918 24.46 128.081770  72.231902  5.356
 55     1.506 54136.48363983 23.70 128.076270  72.234802  5.356
 55     1.724 54136.48364047 23.64 128.070770  72.237692  5.356
 55     1.864 54136.48364112 22.92 128.065270  72.240592  5.356
 55     1.878 54136.48364176 23.24 128.059770  72.243492  5.356
 55     1.926 54136.48364241 22.84 128.054270  72.246382  5.356
 56     1.648 54171.48364874 17.64 128.114282  72.228111  4.636
 56     1.538 54171.48364938 18.57 128.108792  72.231011  4.636
 56     1.546 54171.48365002 18.11 128.103306  72.233905  2.908
 57     1.647 54206.48364377 19.01 128.083820  72.229332  4.027
 57     1.523 54206.48364442 19.69 128.078320  72.232222  4.027
 57     1.461 54206.48364506 18.61 128.072830  72.235122  4.027
 57     1.538 54206.48364570 17.72 128.067330  72.238022  4.027
 57     1.766 54206.48364635 17.12 128.061830  72.240922  4.027
 57     1.790 54206.48364699 16.82 128.056330  72.243812  4.027
 58     0.899 54241.48367624 30.26 128.101112  72.228654  8.726
 58     0.860 54241.48367688 35.24 128.095612  72.231554  8.726
 58     0.875 54241.48367753 26.93 128.090122  72.234444  8.726
 59     2.691 54276.48369070 11.18 128.103496  72.227297  3.328
 59     2.564 54276.48369135 12.23 128.098006  72.230187  3.328
 59     2.510 54276.48369199 12.08 128.092516  72.233087  3.328
 61     1.465 54346.48366511 35.31 128.119649  72.228784 17.398
 61     1.238 54346.48366575 31.04 128.114159  72.231684 17.398
 61     1.276 54346.48366640 29.58 128.108679  72.234584 17.398
 62     1.347 54381.48362897 30.46 128.090800  72.228503 16.035
 62     1.048 54381.48362961 30.81 128.085310  72.231393 16.035
 62     1.183 54381.48363026 32.09 128.079810  72.234293 16.035
 62     1.361 54381.48363090 33.77 128.074320  72.237193 16.035
 62     1.463 54381.48363155 33.31 128.068820  72.240083 16.035
 63     1.457 54416.48361432 24.99 128.109517  72.229042  4.578
 63     1.332 54416.48361497 26.10 128.104027  72.231942  4.578
 63     1.395 54416.48361561 24.83 128.098537  72.234832  4.578
 64     1.527 54451.48359795 21.56 128.084240  72.228578  5.390
 64     1.301 54451.48359859 22.83 128.078740  72.231478  5.390
 64     1.334 54451.48359924 23.06 128.073250  72.234378  5.390
 64     1.396 54451.48359988 21.43 128.067750  72.237268  5.390
 64     1.516 54451.48360053 21.29 128.062250  72.240168  5.390
 64     1.537 54451.48360117 21.15 128.056750  72.243068  5.390
 65     1.476 54486.48361093 23.12 128.103454  72.228783  5.533
 65     1.274 54486.48361157 24.15 128.097964  72.231683  5.533
 65     1.422 54486.48361222 22.40 128.092474  72.234573  5.533
 66     1.546 54521.48361101 22.69 128.093208  72.228673  5.396
 66     1.243 54521.48361166 24.14 128.087718  72.231573  5.396
 66     1.346 54521.48361230 23.15 128.082218  72.234473  5.396
 66     1.598 54521.48361295 22.22 128.076718  72.237370  5.026
 67     1.440 54556.48362156 19.65 128.111155  72.230053  3.833
 67     1.327 54556.48362221 19.14 128.105665  72.232953  3.833
 68     1.543 54591.48360678 17.92 128.098614  72.227398  4.179
 68     1.294 54591.48360742 16.71 128.093124  72.230288  4.179
 68     1.242 54591.48360807 17.35 128.087634  72.233188  4.179
 69     4.344 54626.48362248 13.15 128.106176  72.227976  3.072
 69     4.311 54626.48362313 13.45 128.100686  72.230876  3.072
 69     4.252 54626.48362377 13.70 128.095196  72.233766  3.072
 70     1.415 54661.48363048 30.18 128.099383  72.227385 31.643
 70     0.767 54661.48363112 26.45 128.093893  72.230275 31.643
 70     1.162 54661.48363177 26.94 128.088403  72.233175 31.643
 71     1.506 54696.48360670 33.82 128.116120  72.227647 34.238
 71     1.244 54696.48360735 29.46 128.110630  72.230537 34.238
 71     1.488 54696.48360799 32.71 128.105140  72.233437 34.238
 72     1.895 54731.48358663 14.51 128.091970  72.227282  3.277
 72     1.810 54731.48358727 14.02 128.086480  72.230172  3.277
 72     1.952 54731.48358792 14.83 128.080990  72.233072  3.277
 72     1.706 54731.48358856 14.73 128.075490  72.235972  3.277
 72     1.718 54731.48358921 15.24 128.070000  72.238872  3.277
 72     1.798 54731.48358985 14.81 128.064490  72.241762  3.277
 73     1.872 54766.48358596 34.23 128.102760  72.228503  8.781
 73     1.866 54766.48358660 33.74 128.097270  72.231393  8.781
 73     1.835 54766.48358725 33.65 128.091780  72.234293  8.781
 74     1.425 54801.48358110 25.29 128.083296  72.229783  5.079
 74     1.346 54801.48358175 26.51 128.077806  72.232683  5.079
 74     1.388 54801.48358239 26.56 128.072306  72.235583  5.079
 74     1.648 54801.48358304 26.33 128.066806  72.238483  5.079
 74     1.758 54801.48358368 26.06 128.061306  72.241373  5.079
 74     1.783 54801.48358433 25.71 128.055806  72.244273  5.079
 75     1.569 54836.48357808 25.79 128.103902  72.228120  5.595
 75     1.433 54836.48357872 25.99 128.098412  72.231020  5.595
 75     1.467 54836.48357937 26.85 128.092922  72.233920  5.595
 76     1.416 54871.48357920 22.96 128.085962  72.229599  4.934
 76     1.313 54871.48357984 24.63 128.080462  72.232499  4.934
 76     1.416 54871.48358049 23.87 128.074972  72.235399  4.934
 76     1.533 54871.48358113 24.23 128.069472  72.238289  4.934
 76     1.763 54871.48358178 23.38 128.063972  72.241189  4.934
 76     1.739 54871.48358242 23.73 128.058472  72.244089  4.934
 77     1.569 54906.48358556 20.85 128.117993  72.227655  4.756
 77     1.450 54906.48358621 21.32 128.112503  72.230555  4.756
 77     1.470 54906.48358685 21.47 128.107023  72.233455  4.756
 78     1.733 54941.48357125 20.37 128.092282  72.227207  4.422
 78     1.354 54941.48357189 21.00 128.086782  72.230107  4.422
 78     1.304 54941.48357254 21.35 128.081292  72.233007  4.422
 78     1.352 54941.48357318 21.44 128.075792  72.235897  4.422
 78     1.600 54941.48357383 19.67 128.070302  72.238797  4.422
 78     1.640 54941.48357447 19.73 128.064802  72.241697  4.422
 79     2.414 54976.48359983 40.42 128.097552  72.229193 31.843
 79     2.301 54976.48360047 36.84 128.092062  72.232083 31.843
 79     2.553 54976.48360112 38.31 128.086572  72.234983 31.843
 80     2.206 55011.48360883 13.44 128.104607  72.228800  2.735
 80     2.113 55011.48360948 13.80 128.099117  72.231700  2.735
 80     2.182 55011.48361012 13.70 128.093627  72.234600  2.735
 81     1.393 55046.48360066 35.98 128.099233  72.228772 32.356
 81     0.945 55046.48360130 34.38 128.093743  72.231672 32.356
 81     1.346 55046.48360195 32.61 128.088243  72.234562 32.356
 82     1.315 55081.48357319 32.04 128.117588  72.229398 20.988
 82     1.277 55081.48357383 37.02 128.112098  72.232288 20.988
 82     1.446 55081.48357448 38.29 128.106608  72.235188 20.988
 83     1.451 55116.48353254 29.63 128.093241  72.227831 14.743
 83     1.200 55116.48353318 30.15 128.087751  72.230731 14.743
 83     1.356 55116.48353383 35.93 128.082251  72.233621 14.743
 83     1.469 55116.48353447 36.44 128.076761  72.236521 14.743
 83     1.413 55116.48353512 34.47 128.071261  72.239421 14.743
 84     1.376 55151.48353085 20.13 128.103561  72.228712  3.018
 84     1.289 55151.48353149 19.79 128.098071  72.231612  3.018
 84     1.253 55151.48353214 19.14 128.092581  72.234512  3.018
 85     1.489 55186.48351886 21.46 128.087476  72.228302  3.489
 85     1.355 55186.48351950 20.67 128.081986  72.231202  3.489
 85     1.345 55186.48352014 20.33 128.076486  72.234102  3.489
 85     1.402 55186.48352079 19.71 128.070996  72.237002  3.489
 85     1.718 55186.48352143 19.14 128.065496  72.239892  3.489
 85     1.765 55186.48352208 18.45 128.059996  72.242792  3.489
 85     1.711 55186.48352272 17.77 128.054496  72.245692  3.489
 86     1.339 55221.48352908 21.54 128.106347  72.228279  3.654
 86     1.397 55221.48352972 21.10 128.100857  72.231179  3.654
 86     1.445 55221.48353037 21.10 128.095367  72.234079  3.654
 87     1.355 55256.48351478 18.20 128.093377  72.229116  3.287
 87     1.331 55256.48351543 18.86 128.087887  72.232016  3.287
 87     1.446 55256.48351607 17.67 128.082387  72.234916  3.287
 88     1.337 55291.48351761 20.71 128.116262  72.229054  3.503
 88     1.401 55291.48351825 20.41 128.110772  72.231954  3.503
 88     1.534 55291.48351890 19.76 128.105282  72.234854  3.503
 89     1.399 55326.48349944 22.19 128.098887  72.228213  7.504
 89     1.217 55326.48350008 20.16 128.093397  72.231113  7.504
 89     1.094 55326.48350073 18.76 128.087897  72.234003  7.504
 90     2.122 55361.48349573 12.75 128.108054  72.228546  2.755
 90     1.924 55361.48349638 13.44 128.102564  72.231446  2.755
 90     1.969 55361.48349702 13.23 128.097074  72.234346  2.755
 91     0.709 55396.48350262 23.12 128.093003  72.227193 28.503
 91     0.292 55396.48350327 20.53 128.087513  72.230083 28.503
 91     1.029 55396.48350391 19.94 128.082023  72.232983 28.503
 91     1.500 55396.48350456 25.01 128.076523  72.235883 28.503
 91     1.629 55396.48350520 29.38 128.071023  72.238783 28.503
 91     1.752 55396.48350585 36.60 128.065533  72.241673 28.503
 92     1.309 55431.48351119 31.54 128.101802  72.228864 21.944
 92     1.039 55431.48351184 34.96 128.096302  72.231764 21.944
 92     1.316 55431.48351248 39.67 128.090812  72.234664 21.944
 93     1.100 55466.48347134 34.58 128.119049  72.231353 15.584
 93     1.207 55466.48347199 39.50 128.113559  72.234243 15.584
