# NaN NaN NaN ;Mean Elev.(m), Avg Gradient(m/km), RMS Gradient(m/km) - SRTM1     
#    0.000  -8.607  23.029 ;Mean Elev.(m), Avg Gradient(m/km), RMS Gradient(m/km) - ASTER GDEM
#   11.000  -6.393  23.186 ;Mean Elev.(m), Avg Gradient(m/km), RMS Gradient(m/km) - GMTED2010 
  7    17.101 52465.49524691 12.52 126.759408  70.499256 11.274
  7    10.533 52465.49524755 14.14 126.754778  70.502226 11.274
  7    10.027 52465.49524820 15.10 126.750152  70.505196 10.964
  7     9.869 52465.49524884 18.48 126.745512  70.508166 10.964
  7    10.340 52465.49524949 20.66 126.740882  70.511136 10.964
  7    10.915 52465.49525013 22.72 126.736252  70.514106 10.964
  8     7.925 52500.49524332 42.69 126.755921  70.507978 14.501
  8     5.450 52500.49524397 49.87 126.751291  70.510958 14.501
  8     8.151 52500.49524461 44.16 126.746651  70.513918 14.501
 11     9.012 52605.49523363 10.36 126.770258  70.498888  6.337
 11     9.381 52605.49523427 10.34 126.765638  70.501868  6.337
 11     9.545 52605.49523491 11.30 126.761008  70.504838  6.337
 11     9.215 52605.49523556 11.53 126.756378  70.507808  6.337
 11     9.036 52605.49523620 12.12 126.751748  70.510778  6.337
 11     9.870 52605.49523685 12.91 126.747108  70.513748  6.337
 12     8.101 52640.49522516 11.97 126.723269  70.512358  6.872
 12     8.240 52640.49522580 12.72 126.718629  70.515328  6.872
 12     8.423 52640.49522645 12.70 126.713989  70.518298  6.872
 13     8.373 52675.49521533  8.36 126.757344  70.507154  1.892
 13     8.836 52675.49521598  9.97 126.752714  70.510124  1.892
 13     9.242 52675.49521662 10.59 126.748084  70.513094  1.892
 13     9.959 52675.49521727  9.61 126.743444  70.516064  1.892
 17    17.289 52815.49528341 42.37 126.737737  70.499249 18.654
 17    17.150 52815.49528406 42.42 126.733107  70.502219 18.654
 17    16.063 52815.49528470 43.89 126.728467  70.505189 18.654
 17    15.878 52815.49528535 43.68 126.723837  70.508159 18.654
 17    15.040 52815.49528599 43.00 126.719197  70.511129 18.654
 17    15.468 52815.49528664 41.71 126.714557  70.514099 18.654
 17    15.638 52815.49528728 40.85 126.709919  70.517071 21.185
 19    94.519 52885.49536953  7.06 126.757701  70.498303  2.723
 19   136.242 52885.49537017  5.53 126.753081  70.501273  2.723
 19   135.915 52885.49537082  6.72 126.748441  70.504243  2.723
 19   136.036 52885.49537146  4.68 126.743810  70.507212  8.527
 19   136.457 52885.49537211  6.77 126.739180  70.510182  8.527
 19   135.823 52885.49537275  4.18 126.734550  70.513152  8.527
 19    93.122 52885.49537339  8.89 126.729910  70.516122  8.527
 23     8.911 53025.49527734 11.24 126.760162  70.511695  6.139
 23    10.320 53025.49527798 11.49 126.755522  70.514675  6.139
 28    56.612 53200.49535931  0.27 126.752522  70.502096 10.793
 28    13.813 53200.49536189 19.01 126.733992  70.513976 10.793
 28    14.342 53200.49536253 18.58 126.729352  70.516946 10.793
 30   134.548 53270.49529082  1.21 126.737692  70.498496  9.750
 30   108.833 53270.49529146  1.77 126.733052  70.501466  9.750
 30   117.079 53270.49529211  1.77 126.728422  70.504436  9.750
 30    94.550 53270.49529275  5.20 126.723782  70.507406  9.750
 30    67.148 53270.49529339  7.03 126.719152  70.510376  9.750
 30    67.586 53270.49529404  8.67 126.714512  70.513346  9.750
 31    11.178 53305.49535601 24.19 126.724535  70.510789  8.671
 31    10.652 53305.49535666 26.14 126.719895  70.513759  8.671
 31    11.635 53305.49535730 25.20 126.715255  70.516729  8.671
 34     6.470 53410.49529755  9.88 126.745802  70.507865  5.158
 34     7.672 53410.49529820  9.24 126.741162  70.510835  5.158
 34     7.246 53410.49529884  9.76 126.736532  70.513805  5.158
 34     8.949 53410.49529949  9.21 126.731892  70.516775  5.158
 36     6.946 53480.49536256  8.49 126.734285  70.505180  5.152
 36     7.341 53480.49536320  7.24 126.729655  70.508150  5.152
 36     8.065 53480.49536385  7.72 126.725015  70.511120  5.152
 36     9.204 53480.49536449  7.95 126.720385  70.514090  5.152
 36    10.924 53480.49536514  6.76 126.715745  70.517060  5.152
 37     4.768 53515.49536596 34.90 126.763187  70.498170  8.113
 37    15.871 53515.49536660 22.78 126.758561  70.501147 17.141
 37    17.043 53515.49536725 20.48 126.753931  70.504117 17.141
 37    16.810 53515.49536789 22.09 126.749301  70.507087 17.141
 37    17.766 53515.49536854 23.57 126.744661  70.510057 17.141
 37    17.428 53515.49536918 26.00 126.740031  70.513027 17.141
 37    17.395 53515.49536982 31.42 126.735391  70.515997 17.141
 38    25.291 53550.49538540 10.33 126.761525  70.497527  8.286
 38    15.085 53550.49538605 12.13 126.756895  70.500504  4.248
 38    12.982 53550.49538669 13.60 126.752265  70.503474  4.248
 38    12.334 53550.49538734 13.78 126.747635  70.506444  4.248
 38    12.555 53550.49538798 14.17 126.743005  70.509414  4.248
 38    13.252 53550.49538863 14.46 126.738365  70.512384  4.248
 38    12.926 53550.49538927 14.99 126.733735  70.515354  4.248
 39    12.602 53585.49534408 24.54 126.774273  70.496558 10.817
 39    12.037 53585.49534473 23.63 126.769643  70.499528 10.817
 39    11.827 53585.49534537 22.86 126.765013  70.502498 10.817
 39    11.753 53585.49534601 22.51 126.760383  70.505468 10.817
 39    11.300 53585.49534666 23.34 126.755757  70.508440  9.519
 39    10.461 53585.49534730 22.99 126.751117  70.511410  9.519
 39     9.972 53585.49534795 22.76 126.746487  70.514380  9.519
 44     7.642 53760.49519585  9.16 126.741800  70.505664  6.621
 44     8.774 53760.49519649  8.38 126.737170  70.508634  6.621
 44     9.348 53760.49519714  7.73 126.732530  70.511604  6.621
 44     9.116 53760.49519778  8.20 126.727890  70.514574  6.621
 44    10.252 53760.49519843  8.35 126.723250  70.517544  6.621
 48    21.612 53900.49529422 40.20 126.759825  70.497335 22.016
 48    20.324 53900.49529486 40.80 126.755195  70.500305 22.016
 48    21.374 53900.49529551 37.66 126.750565  70.503275 22.016
 48    21.028 53900.49529615 41.50 126.745935  70.506245 22.016
 48    19.887 53900.49529680 40.80 126.741295  70.509215 22.016
 48    21.170 53900.49529744 41.90 126.736665  70.512185 22.016
 48    19.620 53900.49529809 42.16 126.732025  70.515155 22.016
 49    11.104 53935.49533621 29.39 126.750349  70.498695  4.712
 49    10.871 53935.49533686 31.47 126.745719  70.501665  4.712
 49    11.724 53935.49533750 29.50 126.741089  70.504635  4.712
 49    12.821 53935.49533814 32.12 126.736459  70.507605  4.712
 49    12.731 53935.49533879 35.17 126.731825  70.510574 14.486
 49    12.043 53935.49533943 38.65 126.727195  70.513544 14.486
 49    13.037 53935.49534008 40.16 126.722555  70.516514 14.486
 50    11.950 53970.49530588 16.06 126.750495  70.507959  5.262
 50    13.233 53970.49530653 15.38 126.745865  70.510929  5.262
 50    14.881 53970.49530717 15.89 126.741235  70.513899  5.262
 50    15.355 53970.49530782 15.77 126.736597  70.516867  9.776
 51    16.603 54005.49528240 38.23 126.743479  70.498188 15.450
 51    12.601 54005.49528305 35.30 126.738849  70.501158 15.450
 51    12.274 54005.49528369 31.55 126.734209  70.504128 15.450
 51    13.097 54005.49528433 33.99 126.729571  70.507097 21.254
 51    12.695 54005.49528498 36.04 126.724941  70.510057 21.254
 51    12.862 54005.49528562 42.93 126.720301  70.513027 21.254
 51    13.327 54005.49528627 42.37 126.715661  70.515997 21.254
 52    11.444 54040.49531202 15.84 126.753782  70.499727  6.518
 52    11.904 54040.49531266 17.24 126.749152  70.502697  6.518
 52    12.130 54040.49531331 16.84 126.744512  70.505667  6.518
 52    12.215 54040.49531395 19.55 126.739882  70.508627  6.518
 52    11.968 54040.49531460 18.27 126.735242  70.511597  6.518
 52    11.908 54040.49531524 17.50 126.730612  70.514567  6.518
 52    11.268 54040.49531589 17.65 126.725971  70.517544  6.265
 53     9.285 54075.49530538 12.85 126.771297  70.496623  6.136
 53     9.466 54075.49530602 14.56 126.766677  70.499593  6.136
 53     9.652 54075.49530667 14.72 126.762047  70.502563  6.136
 53     9.387 54075.49530731 14.52 126.757417  70.505533  6.136
 53     9.072 54075.49530796 14.86 126.752787  70.508503  6.136
 53     9.827 54075.49530860 14.87 126.748157  70.511473  6.136
 53    11.180 54075.49530925 13.83 126.743517  70.514443  6.136
 54     6.381 54110.49524798 10.99 126.787545  70.496261  6.504
 54     6.991 54110.49524862 11.30 126.782925  70.499231  6.504
 54     7.681 54110.49524927 10.47 126.778295  70.502201  6.504
 54     7.476 54110.49524991 11.57 126.773675  70.505171  6.504
 54     7.726 54110.49525055 11.82 126.769045  70.508141  6.504
 54     8.594 54110.49525120 12.10 126.764415  70.511111  6.504
 54     9.778 54110.49525184 10.15 126.759785  70.514081  6.504
 55     9.989 54145.49524920 11.12 126.727832  70.513607  3.879
 55    11.427 54145.49524984  9.42 126.723192  70.516577  3.879
 59    19.435 54285.49528692 10.68 126.768070  70.497106  7.747
 59    16.206 54285.49528756 10.84 126.763440  70.500076  7.747
 59    15.378 54285.49528821 11.17 126.758810  70.503046  7.747
 59    14.941 54285.49528885 11.44 126.754180  70.506016  7.747
 59    14.226 54285.49528950 12.87 126.749550  70.508986  7.747
 59    14.109 54285.49529014 13.94 126.744920  70.511956  7.747
 59    14.390 54285.49529079 14.20 126.740281  70.514922 11.774
 61    10.216 54355.49524566 20.24 126.779864  70.497959  9.160
 61    11.006 54355.49524630 20.91 126.775234  70.500929  9.160
 61    11.168 54355.49524695 21.37 126.770604  70.503899  9.160
 61    13.238 54355.49524759 22.19 126.765984  70.506869  9.160
 61    13.787 54355.49524824 22.08 126.761354  70.509839  9.160
 61    13.523 54355.49524888 22.53 126.756714  70.512809  9.160
 61    14.050 54355.49524953 23.71 126.752084  70.515779  9.160
 62    94.224 54390.49522518  6.18 126.759526  70.499430  4.782
 62    94.275 54390.49522583  2.33 126.754896  70.502400  4.782
 62    94.166 54390.49522647  1.79 126.750266  70.505370  4.782
 62   103.425 54390.49522712  4.45 126.745636  70.508340  4.782
 70    25.699 54670.49522589  7.99 126.765197  70.498059  3.589
 70    13.320 54670.49522654 13.39 126.760567  70.501029  3.589
 70    10.409 54670.49522718 16.86 126.755937  70.503999  3.589
 70    11.492 54670.49522783 15.86 126.751307  70.506969  3.589
 70    12.384 54670.49522847 15.08 126.746677  70.509939  3.589
 70    11.972 54670.49522912 15.68 126.742047  70.512909  3.589
 70    13.737 54670.49522976 15.29 126.737407  70.515879  3.589
 72     8.837 54740.49519006 49.36 126.751622  70.500154  9.267
 72    11.471 54740.49519070 44.97 126.746992  70.503124  9.267
 73     8.228 54775.49517158 17.19 126.751654  70.511008  5.074
 73     9.405 54775.49517222 14.23 126.747014  70.513978  5.074
 74     8.976 54810.49518649 11.07 126.724932  70.512783  3.879
 74     9.239 54810.49518714 11.28 126.720293  70.515757  5.091
 76     7.349 54880.49518647  5.39 126.754164  70.499079  3.502
 76     8.374 54880.49518711  5.50 126.749534  70.502049  3.502
 76     8.380 54880.49518776  5.91 126.744904  70.505019  3.502
 76     9.275 54880.49518840  5.35 126.740264  70.507989  3.502
 76     9.290 54880.49518905  4.89 126.735634  70.510959  3.502
 76    12.064 54880.49518969  5.01 126.731000  70.513930  5.471
 76    11.941 54880.49519034  5.44 126.726360  70.516890  5.471
 79    29.789 54985.49520578 14.15 126.745296  70.505931  3.786
 79    40.052 54985.49520643 23.59 126.740656  70.508901  3.786
 80    17.290 55020.49519749 14.13 126.768370  70.496898  7.405
 80    16.106 55020.49519814 13.42 126.763740  70.499868  7.405
 80    12.388 55020.49519878 12.34 126.759110  70.502838  7.405
 80    12.087 55020.49519943 13.05 126.754480  70.505808  7.405
 80    12.153 55020.49520007 13.89 126.749850  70.508778  7.405
 80    11.982 55020.49520072 14.80 126.745210  70.511748  7.405
 80    13.360 55020.49520136 14.59 126.740580  70.514718  7.405
 81    10.041 55055.49519477 36.74 126.767062  70.499009 11.411
 81    10.931 55055.49519541 33.21 126.762432  70.501979 11.411
 81    10.760 55055.49519606 32.21 126.757802  70.504949 11.411
 81    10.106 55055.49519670 32.98 126.753172  70.507919 11.411
 81    10.137 55055.49519735 31.35 126.748542  70.510889 11.411
 81    10.190 55055.49519799 38.30 126.743912  70.513859 11.411
 82    85.437 55090.49515268 10.99 126.779754  70.496011  7.869
 82   118.591 55090.49515333  6.70 126.775124  70.498981  7.869
 82   110.572 55090.49515397  4.82 126.770504  70.501951  7.869
 82    94.966 55090.49515462  9.86 126.765874  70.504921  7.869
 82    68.102 55090.49515526 12.94 126.761244  70.507891  7.869
 82    68.394 55090.49515591 15.11 126.756614  70.510861  7.869
 82    69.624 55090.49515655 11.90 126.751974  70.513831  7.869
 83    11.022 55125.49513284 33.97 126.759646  70.497537 12.158
 83     9.822 55125.49513349 40.16 126.755026  70.500507 12.158
 83    11.033 55125.49513413 35.89 126.750396  70.503477 12.158
 83     9.643 55125.49513478 39.98 126.745756  70.506447 12.158
 83    11.123 55125.49513542 37.02 126.741126  70.509417 12.158
 83    11.663 55125.49513607 39.69 126.736496  70.512387 12.158
 83    11.009 55125.49513671 39.41 126.731853  70.515356 11.307
 84     6.456 55160.49511595 15.43 126.759208  70.505033  7.496
 84     6.432 55160.49511659 15.87 126.754578  70.508003  7.496
 84     6.698 55160.49511724 14.26 126.749948  70.510973  7.496
 84     6.551 55160.49511788 14.21 126.745308  70.513943  7.496
 85     7.692 55195.49512384 11.02 126.749036  70.498417  4.566
 85     7.730 55195.49512448 11.59 126.744406  70.501387  4.566
 85     8.262 55195.49512512 11.47 126.739776  70.504357  4.566
 85     8.598 55195.49512577 10.92 126.735146  70.507327  4.566
 85     8.484 55195.49512641 11.81 126.730506  70.510287  4.566
 85     9.646 55195.49512706 10.97 126.725873  70.513266 11.006
 85    14.617 55195.49512770 10.79 126.721233  70.516226 11.006
 86     9.730 55230.49511971  8.17 126.756244  70.510219  3.517
 86     9.194 55230.49512036  7.39 126.751614  70.513189  3.517
 87     6.260 55265.49511882  6.40 126.757657  70.499635  1.642
 87     6.970 55265.49511947  6.56 126.753027  70.502605  1.642
 87     6.717 55265.49512011  6.49 126.748397  70.505575  1.642
 87     7.103 55265.49512076  6.36 126.743767  70.508545  1.642
 87     9.201 55265.49512140  6.69 126.739127  70.511515  1.642
 87     9.290 55265.49512205  6.87 126.734497  70.514486  2.890
 88     9.094 55300.49510148  4.68 126.761514  70.508804  1.637
 88    10.122 55300.49510213  5.19 126.756884  70.511774  1.637
 88    11.091 55300.49510277  5.55 126.752244  70.514744  1.637
 89   118.153 55335.49509812  1.42 126.741286  70.513740  2.117
 89   119.389 55335.49509877  2.15 126.736656  70.516710  2.117
 90    13.761 55370.49508613 18.36 126.759697  70.502640  6.229
 90    13.644 55370.49508677 17.68 126.755067  70.505610  6.229
 90    12.962 55370.49508742 18.08 126.750437  70.508580  6.229
 90    13.361 55370.49508806 18.19 126.745807  70.511550  6.229
 90    14.006 55370.49508871 18.42 126.741167  70.514520  6.229
 92   101.997 55440.49510355  2.17 126.771879  70.496815  4.001
 92   106.383 55440.49510419  0.26 126.767249  70.499785  4.001
 92   112.472 55440.49510613  2.22 126.753359  70.508695  4.001
 93    10.714 55475.49504933  5.56 126.768370  70.506066  9.491
 93     5.741 55475.49504998 18.23 126.763740  70.509036  9.491
 93     8.006 55475.49505062 25.39 126.759110  70.512006  9.491
 93     7.133 55475.49505127 36.36 126.754480  70.514976  9.491
