# NaN NaN NaN ;Mean Elev.(m), Avg Gradient(m/km), RMS Gradient(m/km) - SRTM1     
#  173.954   7.755  39.716 ;Mean Elev.(m), Avg Gradient(m/km), RMS Gradient(m/km) - ASTER GDEM
#  165.558   7.696  39.397 ;Mean Elev.(m), Avg Gradient(m/km), RMS Gradient(m/km) - GMTED2010 
  7   168.466 52446.56089436  2.95 113.241205  59.754643  3.455
  7   168.363 52446.56089500  5.24 113.239045  59.757813  3.455
  8   171.497 52481.56088569 24.56 113.248713  59.759229  6.795
  8   171.947 52481.56088633 25.21 113.246543  59.762399  6.795
  9   177.804 52516.56083827 32.21 113.262263  59.760278 19.793
  9   176.780 52516.56083892 32.12 113.260093  59.763448 19.793
  9   174.300 52516.56083956 32.73 113.257933  59.766618 19.793
 10   176.094 52551.56088610 21.89 113.238184  59.755181  6.324
 10   178.811 52551.56088675 21.60 113.236024  59.758351  6.324
 11   170.632 52586.56086085 40.92 113.257770  59.761785 19.310
 11   170.283 52586.56086149 37.51 113.255610  59.764965 19.310
 18   171.602 52831.56091025 20.94 113.247292  59.759476  9.499
 18   171.247 52831.56091090 20.32 113.245132  59.762656  9.499
 19   188.403 52866.56095336  4.73 113.255918  59.759356  9.856
 19   193.275 52866.56095400  3.68 113.253758  59.762526  9.856
 20   176.921 52901.56097908 39.28 113.253288  59.759324 18.497
 20   180.312 52901.56097972 41.42 113.251118  59.762494 18.497
 21   177.627 52936.56091981 36.86 113.258740  59.761561 21.009
 21   176.067 52936.56092046 36.30 113.256570  59.764731 21.009
 23   179.542 53006.56095793  6.83 113.247391  59.756866  4.906
 23   178.422 53006.56095858  6.28 113.245221  59.760036  4.906
 24   186.322 53041.56091040  5.39 113.240654  59.753174 13.917
 24   184.050 53041.56091104  2.96 113.238494  59.756354 13.917
 24   184.792 53041.56091169  2.76 113.236324  59.759524 13.917
 25   180.429 53076.56094401  2.62 113.250047  59.759447  8.557
 25   181.220 53076.56094466  2.20 113.247877  59.762617  8.557
 26   176.886 53111.56091381 17.87 113.237155  59.754831  7.116
 26   179.247 53111.56091445 11.14 113.234995  59.758001  7.116
 27   235.169 53146.56095714  8.67 113.246279  59.756826  6.041
 27   244.009 53146.56095779  8.91 113.244119  59.760006  6.041
 28   177.360 53181.56096354 39.55 113.254116  59.760608 20.464
 28   177.680 53181.56096419 38.72 113.251946  59.763778 20.464
 29   186.710 53216.56098607  9.60 113.250932  59.757362 14.328
 29   186.797 53216.56098672 16.54 113.248762  59.760532 14.328
 30   181.075 53251.56096521 38.20 113.255023  59.761896 21.838
 30   176.534 53251.56096586 39.23 113.252853  59.765066 21.838
 31   173.765 53286.56095897 25.67 113.237758  59.754892 15.376
 31   171.848 53286.56095962 27.55 113.235588  59.758062 15.376
 32   176.464 53321.56093588 35.89 113.256101  59.761524 27.625
 32   173.893 53321.56093652 35.35 113.253931  59.764694 27.625
 35   176.023 53426.56091333  4.60 113.259270  59.760365  7.520
 35   174.796 53426.56091397  4.54 113.257110  59.763535  7.520
 37   171.835 53496.56100341 27.72 113.242090  59.757138 14.201
 37   174.137 53496.56100406 21.80 113.239920  59.760308 14.201
 38   176.909 53531.56098203 34.79 113.257879  59.759420 17.678
 38   176.854 53531.56098268 33.17 113.255709  59.762590 17.678
 39   176.889 53566.56100651 36.79 113.248401  59.759557 15.171
 39   174.511 53566.56100715 40.30 113.246241  59.762727 15.171
 40   180.894 53601.56095005 34.73 113.260577  59.759431 24.810
 40   183.104 53601.56095070 38.25 113.258417  59.762601 24.810
 40   179.437 53601.56095134 37.00 113.256247  59.765771 24.810
 41   181.028 53636.56094726 24.67 113.241312  59.755443 19.495
 41   177.718 53636.56094790 35.72 113.239142  59.758613 19.495
 42   169.918 53671.56096837 43.27 113.244845  59.757333 22.729
 42   175.255 53671.56096901 42.56 113.242685  59.760503 22.729
 43   177.235 53706.56090061 12.35 113.263560  59.760882 24.894
 43   176.322 53706.56090125 12.98 113.261390  59.764052 24.894
 44   174.919 53741.56081371  2.23 113.268331  59.763904 15.820
 44   177.483 53741.56081436  2.80 113.266161  59.767074 15.820
 49   174.966 53916.56094869 30.23 113.243984  59.757937 11.648
 49   175.113 53916.56094934 29.78 113.241814  59.761107 11.648
 50   176.394 53951.56095449 22.35 113.246064  59.755954 17.906
 50   176.110 53951.56095513 21.50 113.243904  59.759124 17.906
 53   175.358 54056.56092381 21.01 113.256113  59.760926 19.466
 53   178.008 54056.56092446 25.58 113.253953  59.764106 19.466
 54   177.206 54091.56090815 11.31 113.259203  59.760573 15.834
 54   177.085 54091.56090880  9.96 113.257033  59.763743 15.834
 55   180.669 54126.56084015  6.17 113.242466  59.757654 10.102
 55   178.047 54126.56084080  6.44 113.240296  59.760834 10.102
 56   183.824 54161.56087625  0.17 113.252004  59.758805 12.704
 56   182.895 54161.56087689  0.28 113.249844  59.761975 12.704
 59   185.981 54266.56090681  9.39 113.252548  59.757464 19.766
 59   186.891 54266.56090746 16.77 113.250388  59.760634 19.766
 60   178.513 54301.56091141 38.60 113.253566  59.758141 24.239
 60   180.732 54301.56091206 38.58 113.251406  59.761311 24.239
 61   178.242 54336.56089925 33.61 113.255462  59.760399 23.332
 61   180.715 54336.56089989 34.64 113.253302  59.763569 23.332
 62   177.629 54371.56084362 31.02 113.248171  59.756254 16.478
 62   179.566 54371.56084426 30.23 113.246001  59.759424 16.478
 63   174.137 54406.56084381 33.39 113.253248  59.758946 21.719
 63   177.262 54406.56084445 34.05 113.251078  59.762126 21.719
 65   180.009 54476.56083205  5.42 113.251548  59.759787 16.419
 65   175.235 54476.56083269  4.42 113.249378  59.762957 16.419
 70   181.866 54651.56084804  7.56 113.250028  59.757414 13.471
 70   179.288 54651.56084869  7.36 113.247868  59.760584 13.471
 71   182.068 54686.56084036  2.52 113.255243  59.760221 10.868
 71   179.664 54686.56084100  2.39 113.253073  59.763391 10.868
 72   177.267 54721.56079400 22.35 113.242967  59.757448 15.506
 72   177.577 54721.56079465 23.62 113.240797  59.760618 15.506
 73   171.516 54756.56081509 48.11 113.251379  59.759466 12.664
 73   171.476 54756.56081574 43.36 113.249219  59.762636 12.664
 76   185.738 54861.56078095  4.88 113.244886  59.757309 11.208
 76   183.370 54861.56078159  1.84 113.242716  59.760479 11.208
 78   177.313 54931.56077804 14.34 113.244145  59.758122 14.932
 78   170.122 54931.56077869 13.51 113.241975  59.761292 14.932
 79   172.910 54966.56081331 41.70 113.252040  59.757430 20.750
 79   172.808 54966.56081396 42.42 113.249880  59.760600 20.750
 80   183.629 55001.56083322  5.64 113.249308  59.757471 12.440
 80   185.074 55001.56083387  4.47 113.247148  59.760641 12.440
 81   172.675 55036.56081929 35.12 113.252697  59.758025 14.391
 81   173.174 55036.56081994 34.56 113.250527  59.761195 14.391
 82   179.859 55071.56080771 37.71 113.256196  59.760678 23.103
 82   182.538 55071.56080836 37.85 113.254026  59.763858 23.103
 83   180.383 55106.56075134 37.21 113.243151  59.756812 21.836
 83   180.403 55106.56075199 40.39 113.240981  59.759982 21.836
 84   169.536 55141.56075722 37.13 113.252994  59.758490 23.511
 84   169.339 55141.56075786 39.98 113.250824  59.761660 23.511
 86   170.167 55211.56075197  8.71 113.251053  59.758469  9.645
 86   170.755 55211.56075262  8.29 113.248893  59.761639  9.645
 89   177.530 55316.56071359 15.49 113.250382  59.758504 18.866
 89   176.769 55316.56071423 15.16 113.248212  59.761674 18.866
 91   186.944 55386.56071249 12.26 113.244473  59.755305 17.433
 91   187.200 55386.56071314 20.75 113.242303  59.758475 17.433
 92   178.662 55421.56073591  5.86 113.252789  59.758553 14.135
 92   178.982 55421.56073655  6.27 113.250629  59.761723 14.135
 93   176.624 55456.56071102 44.55 113.256934  59.761420 16.933
 93   171.320 55456.56071166 41.62 113.254764  59.764590 16.933
