-137900.252   100.948     0.00    3.85
-137525.101   100.278    -1.79    4.00
-137149.854    99.517    -2.03    4.52
-136774.510    99.265    -0.67    4.40
-136399.070    99.893     1.67    4.28
-136023.533   103.289     9.04    7.09
-135647.900   113.661    27.61   17.24
-135272.170   131.079    46.35   25.25
-134896.343   143.469    32.97   21.64
-134520.420   153.132    25.70   14.15
-134144.399   159.950    18.13   11.90
-133768.282   168.743    23.38   17.87
-133392.068   183.297    38.68   23.65
-133015.756   200.553    45.85   22.32
-132639.347   210.573    26.62   17.96
-132262.841   219.531    23.79   18.54
-131886.238   229.929    27.61   23.24
-131509.537   226.149   -10.03   31.23
-131132.739   218.645   -19.91   37.14
-130755.843   204.692   -37.02   31.65
-130378.850   186.707   -47.70   21.64
-130001.759   170.902   -41.91   24.50
-129624.570   158.912   -31.79   24.50
-129247.283   145.905   -34.47   18.57
-128869.898   138.234   -20.32   17.08
-128492.415   128.672   -25.33   23.30
-128114.835   116.541   -32.13   25.35
-127737.155   109.155   -19.55   19.92
-127359.378   117.415    21.86   27.50
-126981.503   125.904    22.46   29.35
-126603.529   132.384    17.14   25.29
-126225.456   128.683    -9.79   24.21
-125847.285   123.464   -13.80   24.36
-125469.015   118.608   -12.84   25.45
-125090.647   114.076   -11.98   26.60
-124712.180   118.251    11.03   23.47
-124333.614   122.115    10.21   23.34
-123954.949   135.658    35.76   30.98
-123576.185   139.087     9.05   36.95
-123197.322   129.950   -24.12   42.61
-122818.359   111.709   -48.13   31.99
-122439.298   102.082   -25.39   21.31
-122060.137   101.556    -1.39   26.28
-121680.877   110.264    22.96   33.56
-121301.517   116.045    15.24   30.61
-120922.058   110.649   -14.22   25.68
-120542.499    98.565   -31.84   22.44
-120162.840    91.222   -19.34   19.56
-119783.082    84.357   -18.08   15.57
-119403.224    82.180    -5.73   12.96
-119023.266    82.830     1.71    8.76
-118643.207    85.037     5.81    8.73
-118263.049    90.370    14.03   13.79
-117882.791   101.641    29.64   17.89
-117502.432   110.926    24.41   15.11
-117121.973   119.213    21.78   10.69
-116741.413   123.192    10.46   11.18
-116360.753   128.401    13.68   12.90
-115979.993   138.390    26.23   17.63
-115599.131   147.290    23.37   16.00
-115218.169   146.384    -2.38   17.76
-114837.107   136.692   -25.43   24.76
-114455.943   117.514   -50.31   25.09
-114074.678   102.974   -38.13   19.78
-113693.312    93.520   -24.79   16.70
-113311.846    91.234    -5.99   16.18
-112930.278    89.681    -4.07   15.78
-112548.608    88.390    -3.38   15.13
-112166.838    86.096    -6.01   13.91
-111784.965    85.043    -2.76   15.40
-111402.992    90.539    14.39   20.77
-111020.916   101.280    28.11   25.82
-110638.739   109.984    22.77   22.66
-110256.461   116.606    17.32   18.97
-109874.080   120.151     9.27   18.89
-109491.597   124.322    10.90   22.15
-109124.449   144.251    54.28   32.89
-108760.932   166.853    62.17   38.49
-108397.326   191.137    66.78   31.65
-108033.630   204.743    37.41   22.04
-107669.844   203.415    -3.65   22.37
-107305.969   188.869   -39.97   27.69
-106942.004   175.701   -36.18   21.90
-106577.950   167.300   -23.07   12.20
-106213.805   165.134    -5.95   11.71
-105849.571   163.118    -5.54   12.78
-105485.246   158.532   -12.59   13.73
-105120.832   156.776    -4.82   14.07
-104756.327   162.171    14.80   18.95
-104391.733   172.865    29.33   23.15
-104027.048   184.951    33.14   25.69
-103662.272   195.196    28.08   28.41
-103297.407   193.020    -5.96   29.65
-102932.450   190.642    -6.52   30.63
-102567.404   190.691     0.14   32.02
-102202.266   188.459    -6.11   32.01
-101837.038   191.222     7.56   29.88
-101471.720   190.644    -1.58   24.86
-101106.310   184.459   -16.93   22.40
-100740.810   174.348   -27.66   21.75
-100375.219   157.951   -44.85   21.12
-100009.536   141.891   -43.92   22.55
 -99643.763   126.273   -42.70   19.84
 -99277.899   113.054   -36.13   14.18
 -98911.943   104.426   -23.57    7.71
 -98545.896   101.467    -8.08    5.28
 -98179.758   104.926     9.45    7.93
 -97813.528   112.356    20.29   11.86
 -97447.207   124.324    32.67   14.85
 -97080.794   139.169    40.51   18.90
 -96714.290   155.650    44.97   23.52
 -96347.694   176.827    57.76   28.01
 -95981.006   196.289    53.07   26.77
 -95614.226   206.836    28.75   20.84
 -95247.355   211.297    12.16   19.65
 -94880.391   214.684     9.23   23.13
 -94513.336   218.743    11.06   25.93
 -94146.188   229.701    29.84   26.70
 -93778.949   237.418    21.01   23.98
 -93411.617   242.209    13.04   22.88
 -93044.192   242.308     0.27   20.34
 -92676.676   242.059    -0.68   18.16
 -92309.067   239.384    -7.28   19.67
 -91941.365   232.126   -19.74   22.33
 -91573.571   223.769   -22.72   18.21
 -91205.684   222.868    -2.45   14.43
 -90837.704   227.834    13.50   14.53
 -90469.632   236.580    23.76   16.31
 -90101.467   243.308    18.27   21.89
 -89733.208   251.478    22.18   26.45
 -89364.857   263.751    33.32   28.30
 -88996.413   278.901    41.12   30.98
 -88627.875   296.471    47.67   37.78
 -88259.245   317.393    56.75   37.04
 -87890.521   334.659    46.82   31.82
 -87521.704   345.505    29.41   25.77
 -87152.793   351.152    15.31   30.23
 -86783.789   355.950    13.00   46.90
 -86414.691   359.776    10.37   56.72
 -86045.499   372.842    35.39   54.93
 -85676.214   386.041    35.74   43.78
 -85306.835   394.980    24.20   28.82
 -84937.362   392.591    -6.47   28.97
 -84567.795   384.927   -20.74   39.25
 -84198.135   374.263   -28.85   41.37
 -83828.380   362.997   -30.47   42.98
 -83458.531   359.478    -9.51   37.75
 -83088.587   346.859   -34.11   35.74
 -82718.550   324.605   -60.14   41.59
 -82348.418   298.234   -71.24   47.39
 -81978.192   268.666   -79.86   44.87
 -81607.871   233.949   -93.74   39.55
 -81237.455   209.156   -66.93   33.47
 -80866.945   195.012   -38.17   27.97
 -80496.341   197.009     5.39   27.39
 -80125.641   209.743    34.35   30.61
 -79754.846   232.684    61.87   30.51
 -79383.957   247.304    39.42   25.06
 -79012.973   253.510    16.73   24.15
 -78641.893   249.850    -9.86   28.86
 -78270.718   243.534   -17.01   29.25
 -77899.448   245.387     4.99   33.29
 -77528.083   257.775    33.36   37.88
 -77156.622   271.829    37.83   38.43
 -76785.066   278.800    18.76   36.38
 -76413.415   285.205    17.23   36.18
 -76041.667   292.829    20.51   39.63
 -75669.825   312.553    53.04   42.34
 -75297.886   330.954    49.47   32.89
 -74925.851   335.991    13.54   21.40
 -74553.721   329.390   -17.74   21.80
 -74181.495   314.484   -40.04   18.02
 -73809.172   300.462   -37.66   20.85
 -73436.754   286.209   -38.27   21.70
 -73064.239   269.470   -44.93   25.50
 -72691.628   253.528   -42.78   23.53
 -72318.921   246.412   -19.09   18.64
 -71946.117   256.451    26.93   25.31
 -71573.216   275.901    52.16   27.05
 -71200.220   303.218    73.23   25.02
 -70827.126   325.214    58.95   29.73
 -70453.936   345.283    53.77   28.43
 -70080.649   346.840     4.17   26.71
 -69707.265   331.615   -40.77   39.24
 -69333.784   303.876   -74.27   39.58
 -68960.206   285.486   -49.22   24.75
 -68586.531   284.821    -1.78   26.11
 -68212.759   288.611    10.14   25.02
 -67838.890   282.154   -17.27   30.06
 -67464.923   261.554   -55.08   33.30
 -67090.859   244.106   -46.64   24.68
 -66716.697   243.917    -0.51   27.27
 -66342.438   268.420    65.47   43.16
 -65968.081   291.193    60.83   35.65
 -65593.627   296.034    12.93   29.98
 -65219.074   284.103   -31.85   31.25
 -64844.424   272.296   -31.51   23.96
 -64469.676   279.206    18.44   28.25
 -64094.830   294.255    40.15   27.13
 -63719.886   302.103    20.93   20.41
 -63344.844   295.759   -16.92   26.97
 -62969.703   282.042   -36.56   28.89
 -62594.464   264.511   -46.72   30.95
 -62219.127   243.667   -55.53   29.67
 -61843.691   222.288   -56.94   28.12
 -61468.157   210.239   -32.09   25.78
 -61092.524   200.209   -26.70   27.47
 -60716.792   192.339   -20.94   33.25
 -60340.962   183.786   -22.76   30.49
 -59965.032   186.374     6.88   28.69
 -59589.004   201.875    41.22   36.30
 -59212.877   232.465    81.33   41.04
 -58836.650   261.382    76.86   33.98
 -58460.325   287.482    69.35   25.02
 -58083.900   299.415    31.70   21.13
 -57707.376   299.034    -1.01   22.87
 -57330.752   283.759   -40.56   34.53
 -56954.029   263.374   -54.11   33.45
 -56577.207   241.339   -58.47   25.80
 -56200.284   222.371   -50.32   26.84
 -55823.262   204.827   -46.53   26.69
 -55446.141   183.205   -57.33   26.46
 -55068.919   163.619   -51.92   27.21
 -54691.597   145.453   -48.14   21.63
 -54314.176   145.541     0.23   24.05
 -53936.654   163.172    46.70   40.44
 -53559.032   194.702    83.49   47.99
 -53181.310   222.120    72.58   39.11
 -52803.487   244.939    60.40   27.30
 -52425.564   251.401    17.10   20.95
 -52047.540   255.290    10.29   18.66
 -51669.416   256.662     3.63   20.90
 -51291.191   249.969   -17.69   28.32
 -50912.866   232.554   -46.03   37.75
 -50534.439   206.743   -68.21   37.05
 -50155.912   190.028   -44.15   26.80
 -49777.284   188.702    -3.50   21.98
 -49398.554   202.692    36.94   28.67
 -49019.723   225.614    60.51   33.58
 -48640.792   250.226    64.95   33.14
 -48261.758   268.519    48.26   28.30
 -47882.624   278.070    25.19   19.17
 -47503.388   274.878    -8.42   15.99
 -47124.050   259.210   -41.30   28.55
 -46744.611   233.622   -67.44   33.73
 -46365.070   211.710   -57.73   27.08
 -45985.427   200.577   -29.32   18.12
 -45605.682   203.538     7.80   22.64
 -45225.836   211.084    19.87   24.54
 -44845.887   219.912    23.23   22.03
 -44465.836   221.775     4.90   20.76
 -44085.683   221.973     0.52   16.85
 -43705.427   223.759     4.70   12.31
 -43325.070   225.841     5.47   11.96
 -42944.609   225.382    -1.21   12.10
 -42564.047   222.027    -8.82   12.71
 -42183.381   214.018   -21.04   12.97
 -41802.613   209.122   -12.86   13.58
 -41421.742   201.325   -20.47   17.69
 -41040.768   190.027   -29.66   20.08
 -40659.692   178.009   -31.54   18.60
 -40278.512   167.007   -28.86   13.15
 -39897.229   158.604   -22.04   10.60
 -39515.843   151.368   -18.97   12.10
 -39134.353   144.726   -17.41   10.69
 -38752.760   140.251   -11.73   10.40
 -38371.064   141.849     4.19   15.58
 -37989.264   144.034     5.72   16.02
 -37607.361   145.357     3.46   15.36
 -37225.353   151.165    15.20   17.83
 -36843.242   163.860    33.22   25.29
 -36461.028   169.776    15.48   21.83
 -36078.709   163.570   -16.23   26.91
 -35696.286   140.222   -61.05   34.67
 -35313.759   115.163   -65.51   25.90
 -34931.128    97.645   -45.78   24.61
 -34555.983    85.156   -33.29   25.97
 -34192.701    72.050   -36.07   22.68
 -33829.328    60.460   -31.89   11.97
 -33465.864    54.513   -16.36   10.03
 -33102.308    50.158   -11.98   10.85
 -32738.662    46.759    -9.35   11.74
 -32374.924    42.546   -11.58   11.05
 -32011.095    38.476   -11.19    6.03
 -31647.174    37.591    -2.43    4.32
 -31283.162    36.993    -1.64    4.19
 -30919.058    36.448    -1.50    4.02
 -30554.863    35.799    -1.78    3.96
 -30190.576    33.887    -5.25    3.41
 -29826.197    32.081    -4.95    3.41
 -29461.726    31.775    -0.84    3.24
 -29097.164    30.969    -2.21    2.87
 -28732.509    31.497     1.45    3.10
 -28367.762    33.235     4.76    3.18
 -28002.924    34.631     3.83    3.89
 -27637.993    36.702     5.67    4.23
 -27272.969    38.436     4.75    4.52
 -26907.854    37.615    -2.25    6.76
 -26542.646    35.063    -6.99    8.55
 -26177.345    31.539    -9.64    7.82
 -25811.952    27.624   -10.72    3.76
 -25446.466    26.767    -2.35    2.47
 -25080.888    28.710     5.31    4.56
 -24715.217    32.451    10.23    6.19
 -24349.453    36.487    11.03    6.59
 -23983.596    40.336    10.52    6.67
 -23617.646    44.982    12.70    8.01
 -23251.603    46.231     3.41    8.48
 -22885.467    46.784     1.51    8.29
 -22519.237    46.356    -1.17    7.21
 -22152.915    45.039    -3.59    4.72
 -21786.499    44.117    -2.52    4.59
 -21419.990    43.182    -2.55    6.28
 -21053.387    42.426    -2.06    7.34
 -20686.690    42.458     0.09    7.85
 -20319.900    42.162    -0.81    7.22
 -19953.017    41.398    -2.08    6.62
 -19586.039    40.480    -2.50    5.65
 -19218.968    40.463    -0.05    5.33
 -18851.803    41.185     1.97    6.26
 -18484.544    41.893     1.93    7.53
 -18117.190    39.968    -5.24    8.87
 -17749.743    37.851    -5.76    8.13
 -17382.201    36.138    -4.66    6.20
 -17014.565    36.377     0.65    6.08
 -16646.835    39.769     9.22    9.04
 -16279.010    47.364    20.65   12.91
 -15911.091    53.888    17.73   13.59
 -15543.077    58.647    12.93   12.37
 -15174.969    60.584     5.26   11.80
 -14806.766    62.339     4.77   11.21
 -14438.468    64.218     5.10    8.37
 -14070.075    64.354     0.37    6.17
 -13701.587    64.588     0.64    5.83
 -13333.004    60.370   -11.45    8.45
 -12964.327    56.951    -9.27    7.04
 -12595.554    58.692     4.72    9.80
 -12226.685    68.183    25.73   19.02
 -11857.722    85.060    45.74   28.42
 -11488.663   106.373    57.75   33.27
 -11119.508   120.194    37.44   28.42
 -10750.258   126.497    17.07   23.33
 -10380.913   125.450    -2.83   17.17
 -10011.472   121.767    -9.97   14.33
  -9641.935   116.478   -14.31   16.28
  -9272.302   103.336   -35.55   20.25
  -8902.573    88.799   -39.32   19.76
  -8532.748    76.488   -33.29   15.09
  -8162.827    67.576   -24.09   10.66
  -7792.810    66.905    -1.81   10.07
  -7422.697    72.694    15.64   12.61
  -7052.488    77.167    12.08   12.00
  -6682.182    76.608    -1.51   15.40
  -6311.780    68.287   -22.46   21.46
  -5941.281    53.439   -40.08   23.62
  -5570.686    37.251   -43.68   19.33
  -5199.994    26.255   -29.67   11.93
  -4829.205    19.807   -17.39    7.53
  -4458.319    16.087   -10.03    8.30
  -4087.337    11.127   -13.37    9.96
  -3716.257     5.387   -15.47    9.42
  -3345.081     0.235   -13.88    5.83
  -2973.807    -2.257    -6.71    0.00
  -2602.436    -2.257     0.00    0.00
  -2230.968    -2.257     0.00    0.00
  -1859.403    -2.257     0.00    0.00
  -1487.740    -2.257     0.00    0.00
  -1115.980    -2.257     0.00    0.00
   -744.122    -2.257     0.00    0.00
   -372.166    -1.615     1.73    2.44
     -0.113    -0.170     3.88    4.34
    372.038     2.096     6.09    5.71
    744.287     3.671     4.23    5.94
   1116.635     4.972     3.50    6.14
   1489.080     5.637     1.78    6.00
   1861.623     6.286     1.74    5.79
   2234.264     5.536    -2.01    5.85
   2607.004     4.473    -2.85    5.97
   2979.842     4.479     0.02    6.11
   3352.778     5.062     1.56    6.48
   3725.813     7.330     6.08    6.14
   4098.947     9.565     5.99    4.71
   4472.179    11.607     5.47    2.36
   4845.510    10.068    -4.12    5.13
   5218.940     6.877    -8.54    6.69
   5592.469     3.449    -9.18    6.31
   5966.097     2.654    -2.13    6.20
   6339.824     5.581     7.83    8.13
   6713.650     9.514    10.52    8.19
   7087.575    12.527     8.06    5.88
   7461.599    11.878    -1.74    5.66
   7835.723    11.060    -2.19    5.09
   8209.946    10.685    -1.00    4.18
   8584.269    10.409    -0.74    2.93
   8958.692    10.962     1.48    1.19
   9333.214     9.060    -5.08    4.01
   9707.836     7.901    -3.09    4.63
  10082.558     7.501    -1.07    4.70
  10457.380     7.987     1.30    4.23
  10832.301     9.684     4.53    1.37
  11207.323     9.743     0.16    0.62
  11582.445     9.447    -0.79    0.60
  11957.668     9.146    -0.80    0.49
  12332.991     7.830    -3.51    2.47
  12708.414     5.503    -6.20    4.15
  13083.937     2.359    -8.37    4.54
  13459.562    -0.242    -6.92    3.36
  13835.286    -2.132    -5.03    0.54
  14211.112    -2.257    -0.33    0.00
  14587.039    -2.168     0.24    0.48
  14963.066    -1.875     0.78    0.97
  15339.194    -1.472     1.07    1.26
  15715.424    -0.941     1.41    1.44
  16091.754    -0.384     1.48    1.40
  16468.186     0.065     1.19    1.10
  16844.719     0.052    -0.03    0.97
  17221.354    -0.448    -1.33    1.17
  17598.090    -1.197    -1.99    1.12
  17974.928    -1.757    -1.49    0.85
  18351.867    -1.945    -0.50    0.69
  18728.908    -1.745     0.53    0.84
  19106.051    -1.448     0.79    0.94
  19483.295    -1.012     1.16    0.91
  19860.642    -0.710     0.80    0.77
  20238.091    -0.680     0.08    0.77
  20615.642    -0.649     0.08    0.76
  20993.295    -0.734    -0.22    0.82
  21371.050    -0.770    -0.10    0.84
  21748.908    -0.884    -0.30    0.88
  22126.868    -1.025    -0.37    0.92
  22504.931    -1.249    -0.59    0.95
  22883.097    -1.147     0.27    0.96
  23261.365    -0.966     0.48    0.93
  23639.736    -0.494     1.25    0.64
  24018.210    -0.257     0.62    0.00
  24396.787    -0.257     0.00    0.00
  24775.467    -0.257     0.00    0.00
  25154.250    -0.266    -0.02    0.09
  25533.136    -0.281    -0.04    0.15
  25912.126    -0.282    -0.00    0.16
  26291.219    -0.464    -0.48    0.57
  26670.415    -0.886    -1.11    0.91
  27049.716    -1.447    -1.48    0.97
  27429.119    -1.887    -1.16    0.76
  27808.627    -0.434     3.83    4.77
  28188.238     3.073     9.24    6.62
  28567.953     6.735     9.64    6.30
  28947.773     7.791     2.78    5.84
  29327.696     4.231    -9.37    6.39
  29707.724     0.884    -8.81    5.53
  30087.855     1.068     0.48    6.07
  30468.091     2.466     3.68    6.92
  30848.432     4.291     4.80    7.44
  31228.877     3.955    -0.88    7.33
  31609.427     2.429    -4.01    6.75
  31990.081     0.336    -5.50    5.27
  32370.840    -0.848    -3.11    3.27
  32751.704    -0.328     1.36    3.71
  33132.673     1.341     4.38    4.70
  33513.747     3.146     4.74    4.92
  33894.926     4.580     3.76    4.49
  34276.210     5.559     2.57    3.79
  34657.599     5.600     0.11    3.05
  35039.094     4.880    -1.89    2.96
  35420.694     3.303    -4.13    2.87
  35802.400     2.191    -2.91    2.55
  36184.212     1.442    -1.96    2.40
  36566.129     0.171    -3.33    2.15
  36948.152    -1.149    -3.46    1.44
  37330.281    -1.809    -1.73    1.10
  37712.516    -2.241    -1.13    0.18
  38094.857    -2.195     0.12    0.35
  38477.304    -2.068     0.33    0.77
  38859.858    -1.859     0.55    1.11
  39242.518    -1.911    -0.14    0.85
  39625.284    -2.041    -0.34    0.71
  40008.157    -2.195    -0.40    0.30
  40372.047    -2.249    -0.15    0.09
  40735.196    -2.257    -0.02    0.00
  41098.438    -2.257     0.00    0.00
  41461.772    -2.257     0.00    0.00
  41825.199    -2.241     0.05    0.18
  42188.719    -1.884     0.98    1.14
  42552.331    -1.478     1.12    1.52
  42916.037    -0.714     2.10    2.11
  43279.835    -0.013     1.93    2.33
  43643.727     0.703     1.97    2.45
  44007.711     1.326     1.71    2.52
  44371.789     2.152     2.27    2.55
  44735.960     2.828     1.86    2.45
  45100.225     3.593     2.10    2.15
  45464.583     4.119     1.44    1.65
  45829.034     3.459    -1.81    2.16
  46193.579     1.801    -4.55    2.78
  46558.218     0.704    -3.01    2.82
  46922.950     0.042    -1.81    2.66
  47287.776    -0.602    -1.76    2.14
  47652.696    -1.218    -1.69    1.53
  48017.710    -1.188     0.08    1.26
  48382.818    -0.782     1.11    1.51
  48748.020    -0.043     2.02    1.75
  49113.316     0.538     1.59    1.69
  49478.706     1.126     1.61    1.56
  49844.191     1.192     0.18    1.50
  50209.770     1.149    -0.12    1.39
  50575.443     0.978    -0.47    1.31
  50941.212     0.547    -1.18    1.31
  51307.074     0.371    -0.48    1.31
  51673.031     0.234    -0.37    1.28
  52039.083     0.443     0.57    1.38
  52405.230     0.495     0.14    1.59
  52771.472     0.326    -0.46    1.63
  53137.809     0.875     1.50    1.76
  53504.241     1.500     1.71    1.71
  53870.767     1.817     0.86    1.57
  54237.390     1.460    -0.97    1.82
  54604.107     0.711    -2.04    1.89
  54970.920    -0.331    -2.84    1.64
  55337.828    -0.953    -1.70    1.43
  55704.831    -0.980    -0.07    1.56
  56071.931    -0.705     0.75    1.76
  56439.125    -0.257     1.22    1.95
  56806.416     0.314     1.56    2.08
  57173.802    -0.146    -1.25    2.17
  57541.285    -0.194    -0.13    2.27
  57908.863     0.039     0.63    2.37
  58276.537     0.184     0.39    2.21
  58644.307     0.485     0.82    2.08
  59012.174     0.575     0.24    2.04
  59380.137     0.987     1.12    1.89
  59748.196     1.650     1.80    2.03
  60116.351     1.875     0.61    2.14
  60484.603     1.688    -0.51    2.18
  60852.952     0.991    -1.89    2.59
  61221.397     0.351    -1.74    2.54
  61589.939     0.039    -0.85    2.44
  61958.578     0.089     0.13    2.39
  62327.313     0.726     1.73    1.94
  62696.146     0.258    -1.27    1.61
  63065.075     0.118    -0.38    1.56
  63434.102     0.057    -0.16    1.73
  63803.226    -0.319    -1.02    1.69
  64172.447    -0.124     0.53    1.71
  64541.765    -0.201    -0.21    1.46
  64911.181    -0.319    -0.32    1.27
  65280.694    -0.234     0.23    1.39
  65650.305    -0.029     0.55    1.45
  66020.014     0.243     0.73    1.72
  66389.820     0.913     1.81    1.75
  66759.724     1.579     1.80    1.90
  67129.726     2.603     2.77    2.47
  67499.826     3.824     3.30    2.86
  67870.024     4.495     1.81    2.68
  68240.320     4.789     0.80    2.35
  68610.714     5.321     1.44    2.15
  68981.207     5.681     0.97    2.14
  69351.798     6.188     1.37    2.05
  69722.487     5.594    -1.60    3.75
  70093.275     4.435    -3.13    4.57
  70464.161     3.279    -3.12    4.17
  70835.146     3.002    -0.74    3.48
  71206.230     4.366     3.67    2.39
  71577.413     4.701     0.90    1.10
  71948.694     4.516    -0.50    1.42
  72320.075     4.558     0.11    1.53
  72691.555     4.068    -1.32    2.31
  73063.133     3.481    -1.58    3.43
  73434.812     2.365    -3.00    4.10
  73806.589     1.428    -2.52    4.28
  74178.466     0.820    -1.64    4.07
  74550.442     0.107    -1.92    3.64
  74922.518    -0.179    -0.77    3.41
  75294.693    -0.387    -0.56    2.97
  75666.968    -0.216     0.46    2.93
  76039.343    -0.046     0.45    2.77
  76411.818    -0.870    -2.21    1.93
  76784.392    -1.412    -1.45    0.95
  77157.067    -1.375     0.10    1.19
  77529.842    -1.500    -0.34    1.22
  77902.717    -1.385     0.31    1.32
  78275.693    -1.451    -0.18    1.25
  78648.768    -1.499    -0.13    1.16
  79021.944    -1.637    -0.37    0.99
  79395.221    -1.831    -0.52    0.66
  79768.598    -1.757     0.20    0.70
  80142.076    -1.573     0.49    0.87
  80515.655    -1.664    -0.24    0.90
  80889.335    -1.681    -0.05    0.93
  81263.115    -1.467     0.57    1.53
  81636.997    -1.376     0.24    1.64
  82010.980    -1.102     0.73    1.80
  82385.064    -0.343     2.03    2.07
  82759.249    -0.282     0.16    1.99
  83133.535    -0.573    -0.78    1.94
  83507.923    -0.492     0.22    2.01
  83882.413    -1.298    -2.15    1.71
  84257.004    -1.934    -1.70    0.75
  84631.696    -1.829     0.28    0.75
  85006.491    -1.358     1.26    1.04
  85381.387    -0.851     1.35    1.11
  85756.386    -0.814     0.10    1.07
  86131.486    -1.074    -0.69    0.90
  86506.688    -0.854     0.59    1.12
  86881.993    -0.881    -0.07    1.08
  87257.400    -0.916    -0.09    1.04
  87632.909    -0.881     0.09    1.06
  88008.521    -1.033    -0.40    0.92
  88384.235    -0.891     0.38    1.02
  88760.052    -1.080    -0.50    1.04
  89135.971    -1.388    -0.82    0.92
  89511.993    -1.496    -0.29    0.82
  89888.118    -1.391     0.28    0.76
  90264.347    -1.303     0.23    1.06
  90640.678    -1.084     0.58    1.30
  91017.112    -0.924     0.42    1.33
  91393.649    -0.885     0.10    1.38
  91770.290    -0.961    -0.20    1.28
  92147.034    -1.242    -0.75    1.17
  92523.882    -1.604    -0.96    0.83
  92900.833    -1.816    -0.56    0.73
  93277.887    -2.034    -0.58    0.63
  93655.046    -2.192    -0.42    0.31
  94032.308    -2.257    -0.17    0.00
  94409.674    -2.173     0.22    0.48
  94787.144    -2.157     0.04    0.51
  95164.719    -1.980     0.47    0.86
  95542.397    -1.604     1.00    1.35
  95920.179    -1.402     0.53    1.76
  96298.066    -1.327     0.20    1.81
  96676.058    -1.557    -0.61    1.73
  97054.153    -2.250    -1.83    0.09
  97432.354    -2.233     0.04    0.20
  97810.659    -1.838     1.05    0.88
  98189.069    -1.457     1.00    1.18
  98567.583    -1.154     0.80    1.26
  98946.203    -1.024     0.34    1.31
  99324.927    -1.095    -0.19    1.37
  99703.757    -0.888     0.54    1.49
 100082.692    -0.525     0.96    1.52
 100461.732    -0.417     0.28    1.49
 100840.878    -0.560    -0.38    1.28
 101220.129    -0.694    -0.35    1.35
 101599.486    -0.904    -0.55    1.35
 101978.948    -0.983    -0.21    1.28
 102358.516    -0.762     0.58    1.37
 102738.190    -0.682     0.21    1.16
 103117.969    -0.445     0.62    1.12
 103497.855    -0.343     0.27    1.24
 103877.847    -0.654    -0.82    1.24
 104257.945    -0.822    -0.44    1.18
 104638.149    -0.914    -0.24    1.12
 105018.459    -1.042    -0.34    1.06
 105398.876    -1.104    -0.16    0.92
 105779.400    -1.015     0.23    1.09
 106160.030    -0.803     0.56    1.23
 106540.767    -0.868    -0.17    1.15
 106921.611    -0.889    -0.06    1.25
 107302.561    -0.296     1.56    2.03
 107683.619     0.506     2.10    2.52
 108064.783     0.954     1.18    2.70
 108446.055     0.697    -0.67    2.59
 108827.434     0.266    -1.13    2.15
 109208.921     0.073    -0.50    2.15
 109590.514     0.447     0.98    2.32
 109972.216     0.547     0.26    2.37
 110354.025     0.340    -0.54    2.29
 110735.941    -0.031    -0.97    2.08
 111117.966    -0.342    -0.81    1.61
 111500.098    -0.631    -0.76    1.34
 111882.339    -0.564     0.18    1.32
 112264.687    -0.120     1.16    1.51
 112647.144     0.445     1.48    1.89
 113029.709     0.865     1.10    1.98
 113412.382     0.850    -0.04    1.95
 113795.163     0.508    -0.89    2.01
 114178.054    -0.099    -1.59    1.80
 114561.053    -0.656    -1.45    1.44
 114933.586    -0.977    -0.86    1.24
 115296.521    -1.050    -0.20    1.09
 115659.549    -1.024     0.07    1.04
 116022.671    -0.796     0.63    1.30
 116385.888    -0.517     0.77    1.51
 116749.198    -0.273     0.67    1.62
 117112.603    -0.004     0.74    1.74
 117476.102     0.287     0.80    1.75
 117839.695     0.543     0.70    1.77
 118203.383     0.404    -0.38    1.75
 118567.165     0.015    -1.07    1.57
 118931.042    -0.319    -0.92    1.35
 119295.013    -0.769    -1.24    1.13
 119659.080    -0.927    -0.43    1.10
 120023.240    -1.099    -0.47    1.02
 120387.496    -1.290    -0.52    0.80
 120751.847    -1.242     0.13    1.01
 121116.293    -0.983     0.71    1.14
 121480.834    -1.003    -0.06    1.20
 121845.470    -0.788     0.59    1.32
 122210.201    -0.356     1.18    1.59
 122575.027     0.369     1.99    2.03
 122939.949     0.735     1.00    2.05
 123304.967     0.961     0.62    2.21
 123670.080     0.640    -0.88    2.33
 124035.288     0.235    -1.11    2.10
 124400.592    -0.182    -1.14    2.01
 124765.993    -0.565    -1.05    1.58
 125131.488    -0.642    -0.21    1.38
 125497.080    -0.907    -0.72    1.26
 125862.768    -1.080    -0.48    1.18
 126228.552    -1.387    -0.84    0.87
 126594.432    -1.302     0.23    0.95
 126960.409    -1.004     0.82    1.25
 127326.481    -0.796     0.57    1.35
 127692.650    -0.422     1.02    1.68
 128058.916    -0.157     0.72    1.77
 128425.278     0.035     0.52    1.68
 128791.737    -0.227    -0.72    1.37
 129158.292    -0.342    -0.31    1.26
 129524.944    -0.218     0.34    1.22
 129891.693    -0.212     0.02    1.19
 130258.539    -0.273    -0.17    1.28
 130625.482    -0.073     0.54    1.23
 130992.522    -0.106    -0.09    1.19
 131359.660    -0.319    -0.58    1.24
 131726.894    -0.321    -0.01    1.26
 132094.226    -0.190     0.36    1.30
 132461.655    -0.303    -0.31    1.27
 132829.182    -0.281     0.06    1.36
 133196.806    -0.272     0.02    1.42
 133564.528    -0.341    -0.19    1.33
 133932.348    -0.617    -0.75    1.07
 134300.266    -0.198     1.14    1.14
 134668.281    -0.341    -0.39    1.18
 135036.394    -0.467    -0.34    1.20
 135404.606    -0.541    -0.20    1.27
 135772.915    -0.471     0.19    1.38
 136141.323    -0.217     0.69    1.38
 136509.829    -0.265    -0.13    1.36
 136878.434    -0.120     0.39    1.41
 137247.136    -0.217    -0.26    1.38
 137615.938    -0.504    -0.78    1.32
 137984.838    -0.395     0.30    1.40
 138353.836    -0.169     0.61    1.50
 138722.934     0.049     0.59    1.47
 139092.130     0.857     2.19    1.98
 139461.425     1.364     1.37    2.18
 139830.819     1.667     0.82    2.49
 140200.313     2.804     3.08    3.50
 140569.905     3.231     1.15    4.26
 140939.597     3.698     1.26    4.86
 141309.388     4.989     3.49    5.38
 141679.278     5.639     1.76    5.35
 142049.268     4.802    -2.26    4.77
 142419.358     3.981    -2.22    4.70
 142789.547     1.967    -5.44    3.67
 143159.836     0.631    -3.61    2.13
 143530.225     0.170    -1.24    1.92
 143900.714     0.220     0.13    2.27
 144271.302     0.404     0.50    1.98
 144641.991     0.422     0.05    1.77
 145012.780     0.850     1.16    1.90
 145383.669     1.362     1.38    2.07
 145754.658     0.827    -1.44    1.98
 146125.748     0.727    -0.27    1.93
 146496.938     0.422    -0.82    1.63
 146868.229    -0.017    -1.18    1.33
 147239.621    -0.189    -0.46    1.31
 147611.113    -0.317    -0.35    1.27
 147982.706    -0.296     0.06    1.25
 148354.400    -0.122     0.47    1.40
 148726.195     0.076     0.53    1.42
 149098.091     0.351     0.74    1.41
 149470.088     0.347    -0.01    1.47
 149842.187     0.183    -0.44    1.54
 150214.386     0.076    -0.29    1.52
 150586.687     0.024    -0.14    1.38
 150959.090     0.190     0.45    1.62
 151331.594     0.607     1.12    2.08
 151704.200     0.682     0.20    2.06
 152076.907     0.430    -0.68    2.17
 152449.717     0.173    -0.69    2.01
 152822.628    -0.287    -1.23    1.53
 153195.641    -0.583    -0.79    1.15
 153568.757    -0.416     0.45    1.17
 153941.974    -0.243     0.47    1.22
 154315.294    -0.143     0.27    1.21
 154688.716    -0.015     0.34    1.13
 155062.241     0.021     0.10    1.14
 155435.868    -0.099    -0.32    1.16
 155809.597    -0.331    -0.62    1.16
 156183.429    -0.265     0.18    1.20
 156557.365    -0.329    -0.17    1.13
 156931.402    -0.071     0.69    1.16
 157305.543     0.054     0.33    1.18
 157679.787     0.105     0.14    1.37
 158054.134     0.231     0.34    1.40
 158428.584     0.273     0.11    1.38
 158803.138     0.190    -0.22    1.44
 159177.794     0.191     0.00    1.46
 159552.554     0.135    -0.15    1.31
 159927.418     0.174     0.11    1.29
 160302.386     0.019    -0.42    1.10
 160677.457    -0.201    -0.59    1.02
 161052.632    -0.183     0.05    1.04
 161427.910    -0.161     0.06    1.02
 161803.293    -0.138     0.06    1.02
 162178.780    -0.146    -0.02    1.03
 162554.371    -0.122     0.06    1.04
 162930.066     0.035     0.42    1.07
 163305.866    -0.043    -0.21    1.13
 163681.770     0.025     0.18    1.12
 164057.778     0.066     0.11    1.15
 164433.891     0.049    -0.05    1.13
 164810.109     0.012    -0.10    1.15
 165186.431    -0.190    -0.54    1.14
 165562.859    -0.444    -0.67    1.14
 165939.391    -0.549    -0.28    1.14
 166316.028    -0.494     0.14    1.04
 166692.771    -0.445     0.13    1.04
 167069.618    -0.295     0.40    1.00
 167446.571    -0.250     0.12    1.21
 167823.630    -0.157     0.25    1.29
 168200.793     0.269     1.13    1.77
 168578.063     0.661     1.04    1.81
 168955.438     1.063     1.06    2.01
 169332.919     0.713    -0.93    2.47
 169710.505     0.389    -0.86    2.64
 170088.198     0.227    -0.43    2.92
 170465.996     0.343     0.30    2.88
 170843.901     0.650     0.81    2.65
 171221.912     0.816     0.44    2.63
 171600.029     1.064     0.65    2.75
 171978.253     0.467    -1.58    3.04
 172356.583    -0.044    -1.35    3.41
 172735.019    -0.137    -0.25    3.42
 173113.563     0.121     0.68    3.39
 173492.213    -0.140    -0.69    3.41
 173870.969    -1.134    -2.63    3.07
 174249.833    -2.020    -2.34    2.52
 174628.804    -3.007    -2.60    1.13
 175007.882    -3.257    -0.66    0.00
 175387.067    -3.257     0.00    0.00
 175766.359    -3.257     0.00    0.00
 176145.759    -3.257     0.00    0.00
 176525.266    -3.257     0.00    0.00
 176904.881    -3.257     0.00    0.00
 177284.604    -3.257     0.00    0.00
 177664.434    -3.257     0.00    0.00
 178044.372    -3.257     0.00    0.00
 178424.418    -3.257     0.00    0.00
 178804.572    -3.257     0.00    0.00
 179184.834    -3.257     0.00    0.00
 179565.205    -3.257     0.00    0.00
 179945.684    -3.257     0.00    0.00
 180326.271    -3.169     0.23    0.49
 180706.966    -2.874     0.78    1.27
 181087.771    -2.638     0.62    1.71
 181468.684    -2.713    -0.20    1.55
 181849.705    -3.219    -1.33    0.44
 182230.836    -3.257    -0.10    0.00
 182612.075    -3.257     0.00    0.00
 182993.424    -3.257     0.00    0.00
 183374.882    -3.257     0.00    0.00
 183756.449    -3.257     0.00    0.00
 184138.125    -3.257     0.00    0.00
 184519.911    -3.257     0.00    0.00
 184901.807    -3.257     0.00    0.00
 185283.812    -3.257     0.00    0.00
 185665.927    -3.257     0.00    0.00
 186048.151    -3.257     0.00    0.00
 186430.486    -3.257     0.00    0.00
 186812.930    -3.257     0.00    0.00
 187195.485    -3.257     0.00    0.00
 187578.150    -3.257     0.00    0.00
