-200644.831    69.202     0.00    7.27
-200274.789    64.814   -11.85   10.41
-199904.671    63.173    -4.43   11.17
-199534.476    63.296     0.33   11.50
-199164.205    67.349    10.94   10.86
-198793.858    72.751    14.58    8.62
-198423.434    74.402     4.46    6.37
-198052.934    75.268     2.34    8.58
-197682.358    74.540    -1.96    9.29
-197311.705    71.370    -8.55    7.48
-196940.975    70.225    -3.09    4.31
-196570.168    73.807     9.66    6.85
-196199.285    78.558    12.81    7.66
-195828.325    82.136     9.64    7.26
-195457.289    86.951    12.98    5.44
-195086.175    91.349    11.85    7.74
-194714.985    95.302    10.65    7.40
-194343.718    98.903     9.70    6.76
-193972.373   102.400     9.42    5.70
-193600.952   103.575     3.16    5.17
-193229.454   104.310     1.98    4.30
-192857.878   104.296    -0.04    3.51
-192486.225   102.982    -3.53    3.89
-192114.495    99.547    -9.24    5.64
-191742.688    96.707    -7.64    6.44
-191370.804    91.104   -15.07    5.69
-190998.842    87.274   -10.29    5.07
-190626.803    85.354    -5.16    5.10
-190254.686    84.030    -3.56    6.08
-189882.492    83.290    -1.99    7.51
-189510.220    83.122    -0.45    7.24
-189137.871    83.903     2.10    6.66
-188765.444    83.755    -0.40    5.68
-188392.939    83.939     0.49    4.31
-188020.356    84.354     1.12    4.43
-187647.696    87.033     7.19    5.35
-187274.958    87.049     0.04    5.56
-186902.142    85.915    -3.04    6.37
-186529.248    84.038    -5.03    5.73
-186156.276    82.236    -4.83    3.42
-185783.226    82.154    -0.22    3.38
-185410.098    83.161     2.70    3.52
-185036.892    85.059     5.09    3.99
-184663.608    87.099     5.46    4.58
-184290.245    89.785     7.19    6.16
-183916.804    90.679     2.39    6.47
-183543.285    89.902    -2.08    5.06
-183169.688    90.049     0.39    5.17
-182796.012    92.610     6.85    6.88
-182422.257    97.428    12.89    8.67
-182048.424   101.764    11.60    7.55
-181674.513   103.807     5.46    7.00
-181300.522   106.288     6.63    4.42
-180926.454   107.217     2.48    2.14
-180552.306   106.136    -2.89    2.57
-180178.080   105.327    -2.16    2.85
-179803.775   104.221    -2.96    2.72
-179429.391   100.732    -9.32    6.75
-179054.928    93.803   -18.50   12.04
-178680.386    84.817   -23.99   12.37
-178305.765    79.240   -14.89    8.38
-177931.065    79.175    -0.17    8.35
-177556.286    81.164     5.31   10.31
-177181.428    82.670     4.02   10.65
-176806.490    87.305    12.36   10.44
-176431.474    89.533     5.94    9.53
-176056.378    90.214     1.82    9.41
-175681.202    88.551    -4.43    9.47
-175305.948    86.666    -5.02    7.37
-174930.613    87.498     2.22    5.92
-174555.200    91.647    11.05    5.81
-174179.706    98.317    17.76    6.79
-173804.133   103.891    14.84    8.52
-173428.481   109.508    14.95    7.99
-173052.748   112.944     9.14    7.86
-172676.936   114.274     3.54    8.83
-172301.045   112.083    -5.83    9.84
-171925.073   105.700   -16.98   10.04
-171549.021    97.933   -20.65   12.50
-171172.890    88.763   -24.38   11.86
-170796.678    82.617   -16.33    9.58
-170420.386    78.805   -10.13    5.82
-170044.015    78.880     0.20    5.75
-169667.563    78.664    -0.57    6.04
-169291.031    78.578    -0.23    6.12
-168914.418    76.563    -5.35    6.49
-168537.726    73.620    -7.81    6.36
-168160.952    71.695    -5.11    6.30
-167784.099    72.007     0.83    6.73
-167407.165    73.012     2.67    7.11
-167030.151    75.901     7.66    6.75
-166653.055    78.284     6.32    7.07
-166275.880    81.932     9.67    7.17
-165898.623    85.253     8.80    6.09
-165521.286    86.743     3.95    7.02
-165143.869    89.462     7.20    7.72
-164766.370    90.966     3.98    6.62
-164388.790    91.087     0.32    5.95
-164011.130    88.536    -6.75    7.89
-163633.389    84.382   -11.00    7.48
-163255.566    81.910    -6.54    6.52
-162877.663    81.044    -2.29    7.18
-162499.678    78.498    -6.74    8.82
-162121.612    75.971    -6.68   10.06
-161743.465    70.440   -14.62   11.70
-161365.237    65.053   -14.24    9.16
-160986.927    61.487    -9.43    6.48
-160608.536    57.996    -9.22    3.98
-160230.063    57.207    -2.09    4.40
-159851.509    59.304     5.54    6.89
-159472.874    67.550    21.77   13.85
-159094.156    78.512    28.94   15.38
-158715.357    89.447    28.86   12.11
-158336.477    96.982    19.89    5.59
-157957.515    98.264     3.38    4.86
-157578.471    98.815     1.45    6.63
-157199.345    99.540     1.91    8.63
-156820.137    99.531    -0.03   10.63
-156440.847    99.067    -1.22   11.54
-156061.475    95.682    -8.92   12.71
-155682.021    90.747   -13.01   11.14
-155302.485    85.990   -12.53    9.70
-154922.867    82.286    -9.76    7.42
-154543.166    81.871    -1.09    6.44
-154163.384    81.049    -2.16    5.27
-153783.519    82.462     3.72    3.33
-153403.571    83.607     3.01    3.54
-153023.541    84.669     2.80    5.88
-152643.429    87.526     7.52    7.78
-152263.234    91.107     9.42    7.79
-151882.957    95.838    12.44    7.71
-151502.597   102.784    18.26    8.33
-151122.154   109.333    17.21    9.57
-150741.628   115.229    15.49    6.51
-150361.020   116.828     4.20    5.75
-149980.328   116.262    -1.49    7.01
-149599.554   114.578    -4.42    7.11
-149218.697   111.956    -6.88    7.66
-148837.757   107.386   -12.00    8.55
-148456.734   101.859   -14.50    8.71
-148086.114    96.365   -14.82    7.69
-147720.793    91.927   -12.15    7.74
-147355.396    86.976   -13.55    7.98
-146989.924    81.804   -14.15    6.07
-146624.376    77.972   -10.48    4.99
-146258.753    74.859    -8.51    3.94
-145893.055    72.480    -6.50    4.17
-145527.281    72.796     0.86    7.00
-145161.431    73.370     1.57    9.28
-144795.506    73.390     0.05    9.49
-144429.506    74.093     1.92    9.07
-144063.430    75.570     4.03   10.11
-143697.278    77.922     6.42   10.63
-143331.050    79.786     5.09    9.70
-142964.746    79.586    -0.55    8.33
-142598.367    80.659     2.93    7.35
-142231.912    78.522    -5.83    6.89
-141865.380    75.562    -8.08    7.69
-141498.773    71.432   -11.26    7.03
-141132.090    67.669   -10.26    5.18
-140765.331    64.578    -8.43    3.39
-140398.495    61.218    -9.16    6.30
-140031.584    57.495   -10.15    8.54
-139664.596    56.196    -3.54   10.72
-139297.532    55.338    -2.34   13.04
-138930.391    57.297     5.33   14.48
-138563.174    57.651     0.96   16.44
-138195.881    57.234    -1.13   15.83
-137828.511    58.675     3.92   13.48
-137461.065    62.122     9.38   12.60
-137093.542    63.533     3.84   12.11
-136725.943    64.203     1.82   12.14
-136358.267    63.080    -3.05   12.06
-135990.514    58.692   -11.93   13.74
-135622.685    55.817    -7.82   13.14
-135254.778    56.653     2.27   13.71
-134886.795    58.712     5.59   14.52
-134518.735    63.053    11.79   13.44
-134150.598    68.234    14.07    7.39
-133782.384    71.773     9.61    5.47
-133414.094    72.963     3.23    5.90
-133045.726    71.570    -3.78    7.22
-132677.280    69.583    -5.39    8.16
-132308.758    66.557    -8.21   10.07
-131940.158    64.432    -5.76    9.32
-131571.482    63.807    -1.70    7.74
-131202.727    64.593     2.13    7.39
-130833.896    63.734    -2.33    9.98
-130464.987    61.587    -5.82   11.62
-130096.001    57.416   -11.30   13.41
-129726.937    54.730    -7.28   13.53
-129357.795    51.859    -7.78   13.68
-128988.576    50.828    -2.79   14.33
-128619.279    49.912    -2.48   14.19
-128249.905    49.158    -2.04   13.47
-127880.453    47.522    -4.43   13.25
-127510.922    46.786    -1.99   13.06
-127141.315    46.925     0.38   14.41
-126771.629    48.024     2.97   14.69
-126401.865    50.287     6.12   13.47
-126032.023    49.442    -2.28   13.97
-125662.104    47.462    -5.35   15.03
-125292.106    47.828     0.99   15.42
-124922.030    47.726    -0.27   14.58
-124551.875    48.701     2.63   12.88
-124181.643    51.271     6.94   10.50
-123811.332    55.396    11.14   10.53
-123440.943    59.859    12.05    7.69
-123070.475    62.501     7.13    7.30
-122699.930    64.045     4.17    6.91
-122329.305    65.590     4.17    6.12
-121958.602    65.984     1.06    5.84
-121587.821    66.642     1.77    4.92
-121216.960    66.921     0.75    4.86
-120846.021    66.380    -1.46    6.27
-120475.004    64.684    -4.57    7.45
-120103.907    62.280    -6.48    8.85
-119732.732    59.963    -6.24    8.76
-119361.478    56.724    -8.73    8.75
-118990.145    52.067   -12.54    9.67
-118618.733    46.981   -13.69    9.29
-118247.242    42.624   -11.73    7.49
-117875.671    41.354    -3.42    6.80
-117504.022    42.115     2.05    7.09
-117132.293    44.766     7.13    5.67
-116760.486    46.913     5.77    5.37
-116388.599    48.432     4.09    4.23
-116016.632    48.193    -0.64    3.63
-115644.586    48.137    -0.15    3.50
-115272.461    49.480     3.61    4.67
-114900.257    51.515     5.47    4.63
-114527.972    53.942     6.52    3.79
-114155.608    54.775     2.24    3.50
-113783.165    54.127    -1.74    3.64
-113410.642    53.391    -1.98    3.41
-113038.039    54.137     2.00    3.64
-112665.356    56.207     5.55    4.30
-112292.594    60.725    12.12    6.64
-111919.751    64.382     9.81    6.66
-111546.829    68.682    11.53    5.27
-111173.827    71.548     7.68    3.70
-110800.744    72.328     2.09    2.98
-110427.582    71.692    -1.70    2.88
-110054.339    69.643    -5.49    3.62
-109681.016    67.562    -5.57    4.23
-109307.613    67.236    -0.87    4.86
-108934.130    66.536    -1.87    5.05
-108560.566    65.596    -2.52    5.08
-108186.922    65.292    -0.81    5.03
-107813.197    64.586    -1.89    4.22
-107439.392    62.941    -4.40    3.08
-107065.506    62.175    -2.05    3.23
-106691.540    60.390    -4.77    4.35
-106317.493    58.631    -4.70    4.72
-105943.365    55.911    -7.27    4.37
-105569.157    52.949    -7.91    3.98
-105194.868    49.436    -9.38    4.44
-104820.498    46.164    -8.74    4.25
-104446.047    43.624    -6.78    4.51
-104071.515    41.530    -5.59    4.69
-103696.902    38.839    -7.18    7.34
-103322.208    37.322    -4.05    9.30
-102947.432    37.601     0.75    9.39
-102572.576    37.017    -1.56    9.65
-102197.638    34.560    -6.55   11.72
-101822.619    30.624   -10.49   12.39
-101447.519    27.286    -8.90    9.95
-101072.338    28.640     3.61    8.90
-100697.075    33.919    14.07    7.53
-100321.730    37.563     9.71    3.64
 -99946.304    36.428    -3.02    5.47
 -99570.796    32.379   -10.78    8.38
 -99195.207    27.375   -13.32    9.11
 -98819.536    22.672   -12.52    6.62
 -98443.783    19.849    -7.51    0.00
 -98067.949    19.849     0.00    0.00
 -97692.032    20.077     0.61    2.19
 -97316.034    25.036    13.19    9.34
 -96939.953    30.249    13.86   10.95
 -96563.791    33.839     9.54   10.66
 -96187.547    35.936     5.57   10.64
 -95811.220    33.960    -5.25   12.13
 -95434.811    32.970    -2.63   13.28
 -95058.320    35.230     6.00   14.64
 -94681.747    40.968    15.24   14.84
 -94305.092    48.849    20.92   15.12
 -93928.354    57.487    22.93   11.70
 -93551.533    62.175    12.44    8.88
 -93174.630    65.381     8.51    5.94
 -92797.645    67.226     4.89    4.26
 -92420.577    67.764     1.42    3.03
 -92043.426    66.993    -2.04    2.95
 -91666.193    66.053    -2.49    3.17
 -91288.877    63.053    -7.95    4.80
 -90911.478    60.628    -6.43    5.31
 -90533.996    55.461   -13.69    9.02
 -90156.431    50.651   -12.74   11.16
 -89778.783    45.172   -14.51   11.08
 -89401.052    40.471   -12.44    8.04
 -89023.239    37.818    -7.02    5.51
 -88645.342    37.817    -0.00    5.45
 -88267.361    37.526    -0.77    5.83
 -87889.298    37.509    -0.04    6.07
 -87511.151    36.933    -1.52    7.03
 -87132.921    36.065    -2.29    7.69
 -86754.607    34.422    -4.34    7.69
 -86376.210    32.993    -3.78    6.72
 -85997.730    33.292     0.79    5.92
 -85619.166    34.145     2.25    6.71
 -85240.518    35.775     4.31    6.61
 -84861.787    36.481     1.86    5.70
 -84482.972    36.172    -0.82    5.61
 -84104.073    35.817    -0.93    4.09
 -83725.090    36.088     0.71    5.47
 -83346.023    42.471    16.84   12.93
 -82966.872    52.157    25.55   17.79
 -82587.638    60.971    23.24   18.77
 -82208.319    70.168    24.25   17.68
 -81828.916    75.879    15.05   18.44
 -81449.429    83.333    19.64   15.37
 -81069.858    87.104     9.93   10.80
 -80690.202    87.976     2.30    7.21
 -80310.462    83.185   -12.62   10.12
 -79930.638    77.359   -15.34    8.59
 -79550.729    75.706    -4.35    7.30
 -79170.736    75.118    -1.55    7.15
 -78790.658    75.334     0.57    6.88
 -78410.496    75.609     0.72    6.54
 -78030.249    75.745     0.36    6.15
 -77649.917    76.240     1.30    5.90
 -77269.500    78.374     5.61    6.02
 -76888.999    80.096     4.53    6.95
 -76508.412    80.980     2.32    6.67
 -76127.741    81.065     0.22    6.90
 -75746.984    80.952    -0.30    6.50
 -75366.143    83.630     7.03    7.93
 -74985.216    86.384     7.23    8.24
 -74604.205    88.498     5.55    5.82
 -74223.108    88.655     0.41    4.73
 -73841.925    88.185    -1.23    3.87
 -73465.581    87.594    -1.57    3.29
 -73100.495    87.610     0.04    3.59
 -72735.332    85.682    -5.28    5.81
 -72370.091    81.062   -12.65    8.10
 -72004.774    77.746    -9.08    8.53
 -71639.380    77.032    -1.95    7.95
 -71273.908    77.940     2.48    7.39
 -70908.359    80.474     6.93    6.64
 -70542.733    84.828    11.91    4.05
 -70177.029    87.405     7.05    3.77
 -69811.248    89.251     5.05    3.32
 -69445.389    90.226     2.67    3.02
 -69079.454    91.736     4.13    3.19
 -68713.440    91.478    -0.71    4.80
 -68347.349    90.758    -1.97    6.24
 -67981.180    89.265    -4.08    8.12
 -67614.934    86.900    -6.46    8.55
 -67248.610    85.849    -2.87    7.82
 -66882.208    86.253     1.10    6.96
 -66515.728    84.426    -4.98    7.04
 -66149.171    83.210    -3.32    7.31
 -65782.535    84.012     2.19    7.55
 -65415.822    86.043     5.54    7.07
 -65049.030    86.522     1.31    5.70
 -64682.161    86.077    -1.21    3.30
 -64315.213    85.971    -0.29    3.48
 -63948.187    85.338    -1.72    3.76
 -63581.083    84.685    -1.78    4.16
 -63213.900    83.869    -2.22    4.13
 -62846.640    82.667    -3.27    3.77
 -62479.300    80.288    -6.48    3.59
 -62111.883    76.567   -10.12    8.58
 -61744.387    70.539   -16.40   14.10
 -61376.812    65.268   -14.34   15.14
 -61009.159    60.475   -13.04   14.94
 -60641.428    60.519     0.12   14.02
 -60273.617    64.614    11.13   11.78
 -59905.728    68.478    10.50    6.35
 -59537.760    68.663     0.50    5.42
 -59169.713    66.439    -6.04    6.54
 -58801.588    62.333   -11.15    5.88
 -58433.383    58.779    -9.65    6.39
 -58065.100    53.881   -13.30    8.02
 -57696.737    48.889   -13.55    8.74
 -57328.296    44.859   -10.94    7.24
 -56959.775    43.849    -2.74    6.15
 -56591.175    45.829     5.37    6.82
 -56222.496    50.028    11.39    6.89
 -55853.737    52.788     7.49    5.71
 -55484.900    53.120     0.90    5.85
 -55115.983    52.819    -0.82    7.18
 -54746.986    53.591     2.09    8.38
 -54377.910    54.979     3.76    8.50
 -54008.755    55.931     2.58    7.41
 -53639.519    57.436     4.08    5.93
 -53270.205    57.344    -0.25    6.68
 -52900.810    54.665    -7.25   10.53
 -52531.336    50.685   -10.77   12.21
 -52161.782    45.512   -14.00   10.95
 -51792.148    43.970    -4.17    7.80
 -51422.435    48.620    12.58    9.15
 -51052.641    51.465     7.69    7.86
 -50682.767    52.612     3.10    5.70
 -50312.814    53.519     2.45    5.62
 -49942.780    55.547     5.48    6.84
 -49572.666    60.265    12.75    8.05
 -49202.472    64.449    11.30    7.92
 -48832.197    64.890     1.19    8.78
 -48461.843    60.667   -11.40   12.09
 -48091.408    54.494   -16.66   13.16
 -47720.892    46.374   -21.91   10.25
 -47350.297    40.501   -15.85    4.45
 -46979.620    39.053    -3.91    1.34
 -46608.863    38.849    -0.55    0.00
 -46238.026    39.182     0.90    1.54
 -45867.108    41.651     6.66    5.01
 -45496.109    46.236    12.36    7.65
 -45125.029    51.549    14.32    8.22
 -44753.868    57.189    15.20    6.03
 -44382.627    60.364     8.55    6.73
 -44011.305    62.534     5.84    6.88
 -43639.901    64.543     5.41    5.80
 -43268.417    67.537     8.06    5.70
 -42896.852    71.687    11.17    6.28
 -42525.205    75.492    10.24    6.13
 -42153.478    79.152     9.85    4.36
 -41781.669    80.088     2.52    4.27
 -41409.778    80.129     0.11    6.29
 -41037.807    79.960    -0.45    8.62
 -40665.754    77.643    -6.23   11.11
 -40293.619    75.899    -4.68   11.12
 -39921.403    75.710    -0.51    8.97
 -39549.106    76.303     1.59    6.43
 -39176.727    76.828     1.41    6.80
 -38804.266    77.334     1.36    5.58
 -38431.724    78.998     4.47    5.28
 -38059.099    80.303     3.50    5.12
 -37686.393    81.828     4.09    5.47
 -37313.606    84.111     6.13    6.10
 -36940.736    86.859     7.37    6.56
 -36567.784    89.962     8.32    6.85
 -36194.750    93.010     8.17    6.86
 -35821.634    96.509     9.38    6.54
 -35448.436    99.679     8.49    6.36
 -35075.156   102.628     7.90    6.40
 -34701.793   104.159     4.10    5.30
 -34328.348   104.653     1.32    4.32
 -33954.821   103.172    -3.97    5.31
 -33581.211   100.245    -7.84    6.47
 -33207.519    97.485    -7.38    6.14
 -32833.745    94.583    -7.76    6.09
 -32459.888    91.869    -7.26    6.52
 -32085.948    90.026    -4.93    6.49
 -31711.925    88.669    -3.63    7.08
 -31337.820    87.263    -3.76    7.99
 -30963.632    84.879    -6.37    8.40
 -30589.361    81.364    -9.39    7.78
 -30215.008    77.179   -11.18    6.80
 -29840.571    72.569   -12.31    7.42
 -29466.051    68.817   -10.02    8.68
 -29091.449    68.689    -0.34    9.38
 -28716.763    68.697     0.02   10.06
 -28341.994    67.819    -2.34   10.50
 -27967.141    66.099    -4.59   10.08
 -27592.206    64.778    -3.52    7.63
 -27217.187    64.733    -0.12    7.98
 -26842.085    66.939     5.88    8.34
 -26466.899    68.972     5.42    6.12
 -26091.630    70.657     4.49    4.13
 -25716.277    71.059     1.07    3.23
 -25340.841    71.749     1.84    2.68
 -24965.321    71.152    -1.59    3.32
 -24589.717    68.940    -5.89    6.11
 -24214.030    67.619    -3.52    8.36
 -23838.258    67.012    -1.61    8.56
 -23462.403    68.364     3.60    9.41
 -23086.464    72.550    11.14    8.77
 -22710.441    68.643   -10.39   16.99
 -22334.334    55.401   -35.21   23.40
 -21958.142    42.205   -35.08   21.11
 -21581.867    30.386   -31.41    9.43
 -21205.507    27.849    -6.74    0.00
 -20829.063    27.881     0.09    0.18
 -20452.535    32.116    11.25   11.27
 -20075.922    41.236    24.21   18.11
 -19699.225    49.849    22.86   17.62
 -19322.443    56.550    17.78   12.49
 -18945.577    59.019     6.55    9.41
 -18568.627    61.696     7.10   10.86
 -18191.591    67.192    14.58   11.91
 -17814.471    72.451    13.94    9.66
 -17437.266    76.849    11.66    4.22
 -17059.976    77.419     1.51    5.10
 -16682.602    78.384     2.56    6.21
 -16305.142    81.099     7.19    6.25
 -15927.597    83.983     7.64    6.34
 -15549.968    86.759     7.35    5.85
 -15172.253    88.489     4.58    3.89
 -14794.453    88.677     0.50    3.73
 -14416.568    87.199    -3.91    4.88
 -14038.597    83.738    -9.16    6.31
 -13660.541    77.757   -15.82    8.72
 -13282.400    72.669   -13.46    9.40
 -12904.174    68.849   -10.10    7.77
 -12525.861    69.215     0.97    6.65
 -12147.464    72.733     9.30    6.25
 -11768.980    77.621    12.91    6.15
 -11390.411    81.338     9.82    5.14
 -11011.756    84.409     8.11    4.01
 -10633.016    87.284     7.59    2.88
 -10254.189    88.878     4.21    2.48
  -9875.277    88.953     0.20    2.92
  -9496.278    86.789    -5.71    4.32
  -9117.194    83.838    -7.78    5.52
  -8738.024    80.379    -9.12    6.00
  -8358.767    77.245    -8.26    4.04
  -7979.424    76.700    -1.43    4.01
  -7599.995    76.171    -1.39    6.81
  -7220.479    75.047    -2.96    8.52
  -6840.878    72.578    -6.50    8.45
  -6461.189    68.999    -9.43    8.10
  -6081.415    66.405    -6.83    8.27
  -5701.553    65.104    -3.43    8.89
  -5321.605    64.725    -1.00   10.36
  -4941.571    68.000     8.62   12.07
  -4561.450    70.416     6.35   10.82
  -4181.241    68.800    -4.25    9.90
  -3800.947    58.818   -26.25   18.63
  -3420.565    42.889   -41.88   24.06
  -3040.096    30.685   -32.07   24.07
  -2659.540    19.261   -30.02   20.65
  -2278.897    11.869   -19.42   17.81
  -1898.167     5.748   -16.08   12.36
  -1517.350     2.172    -9.39    6.71
  -1136.445    -0.031    -5.78    0.70
   -755.454    -0.151    -0.31    0.00
   -374.374    -0.151     0.00    0.00
      6.792    -0.151     0.00    0.00
    388.046    -0.151     0.00    0.00
    769.388    -0.121     0.08    0.17
   1150.817     0.409     1.39    2.07
   1516.756     1.289     2.40    3.31
   1881.680     2.532     3.41    4.97
   2246.684     4.621     5.72    6.65
   2611.766     6.762     5.86    7.27
   2976.927    12.552    15.86   13.88
   3342.167    19.573    19.22   17.61
   3707.486    24.977    14.79   17.01
   4072.884    28.929    10.81   15.59
   4438.361    28.726    -0.55   15.54
   4803.918    18.938   -26.78   16.78
   5169.553     9.745   -25.14   13.31
   5535.268     8.195    -4.24   11.49
   5901.063    12.323    11.29   13.24
   6266.936    14.459     5.84   13.81
   6632.889    13.294    -3.18   15.39
   6998.922     6.952   -17.33   15.84
   7365.034     1.849   -13.94   12.98
   7731.226    -1.141    -8.16    6.31
   8097.497     3.096    11.57    8.59
   8463.848     6.172     8.40    8.16
   8830.279     9.729     9.71    6.25
   9196.790    11.562     5.00    4.30
   9563.380    12.385     2.25    4.32
   9930.050    11.621    -2.08    5.84
  10296.800    11.449    -0.47    6.57
  10663.631    10.986    -1.26    7.01
  11030.541    10.719    -0.73    7.21
  11397.531    10.255    -1.26    7.23
  11764.602     9.354    -2.45    7.01
  12131.753    10.117     2.08    7.80
  12498.984    11.398     3.49    8.12
  12866.295    11.125    -0.74    7.29
  13233.687    10.136    -2.69    6.93
  13601.159    10.596     1.25    7.39
  13968.711    12.909     6.29    8.58
  14336.344    14.529     4.41    9.47
  14704.058    15.849     3.59    9.59
  15071.852    15.344    -1.37    9.24
  15439.727    13.901    -3.92    7.96
  15807.683    15.996     5.69    6.73
  16175.719    17.748     4.76    6.21
  16543.837    18.300     1.50    6.23
  16912.035    21.473     8.62    7.24
  17280.314    30.989    25.84   13.37
  17648.674    43.339    33.53   19.24
  18017.115    57.139    37.46   20.47
  18385.638    70.958    37.50   18.60
  18754.241    81.930    29.77   11.08
  19122.926    87.067    13.93    5.51
  19491.692    89.849     7.54    6.53
  19860.539    88.209    -4.45   10.04
  20229.467    84.084   -11.18   12.46
  20598.477    75.273   -23.88   14.37
  20967.569    66.672   -23.30   14.42
  21336.742    59.001   -20.78   11.96
  21705.996    53.966   -13.63   11.18
  22075.332    49.738   -11.45   10.37
  22444.750    46.388    -9.07   10.27
  22814.250    45.299    -2.95   11.04
  23183.831    47.113     4.91   12.25
  23553.495    49.849     7.40   13.09
  23923.240    54.253    11.91   11.77
  24293.067    57.631     9.13   11.63
  24662.976    60.423     7.55   11.62
  25032.967    59.123    -3.51   10.69
  25403.041    54.798   -11.69   12.76
  25773.196    44.086   -28.94   15.37
  26143.434    34.868   -24.90   13.15
  26513.754    26.499   -22.60    7.41
  26884.156    23.966    -6.84    3.87
  27254.641    25.234     3.42    5.29
  27625.208    29.294    10.96    8.14
  27995.858    35.134    15.76    8.57
  28366.590    40.613    14.78    9.13
  28737.404    46.000    14.53    8.42
  29108.302    51.506    14.84    9.43
  29479.282    57.433    15.98    9.07
  29850.345    64.106    17.98   10.87
  30221.491    68.878    12.86   12.78
  30592.719    74.550    15.28   12.57
  30964.031    79.198    12.52   11.19
  31335.426    84.963    15.52    6.87
  31706.903    87.215     6.06    4.31
  32078.464    87.707     1.32    3.29
  32450.108    86.721    -2.65    4.91
  32821.835    82.564   -11.18    9.23
  33193.645    76.879   -15.29   12.77
  33565.539    72.261   -12.42   14.48
  33937.516    68.519   -10.06   13.88
  34309.576    67.053    -3.94   12.76
  34681.720    66.274    -2.09   11.33
  35053.948    67.535     3.39    9.81
  35426.259    69.961     6.52    8.12
  35798.654    71.072     2.98    7.63
  36171.132    71.410     0.91    6.65
  36543.694    71.235    -0.47    6.40
  36916.340    69.948    -3.45    7.21
  37289.070    67.225    -7.31    6.86
  37661.884    65.486    -4.66    9.54
  38034.782    65.818     0.89   14.73
  38407.764    70.023    11.27   20.28
  38780.830    74.903    13.08   23.19
  39153.980    76.535     4.38   22.89
  39527.214    73.553    -7.99   23.98
  39900.533    62.300   -30.14   23.01
  40273.936    52.104   -27.31   18.39
  40647.423    47.800   -11.52   14.88
  41020.995    48.938     3.05   14.15
  41394.651    54.591    15.13   13.22
  41768.392    58.635    10.82   12.88
  42142.218    58.859     0.60   15.97
  42516.128    54.878   -10.65   18.53
  42890.123    49.234   -15.09   18.48
  43264.202    46.486    -7.35   15.02
  43638.367    47.022     1.43   12.74
  44012.616    47.789     2.05   13.43
  44386.950    46.921    -2.32   15.59
  44761.369    47.947     2.74   15.91
  45135.874    47.798    -0.40   16.02
  45510.463    43.917   -10.36   16.46
  45885.138    38.700   -13.92   15.63
  46259.898    34.116   -12.23   13.30
  46634.743    28.192   -15.80    9.15
  47009.674    22.987   -13.88    8.76
  47384.689    17.878   -13.62    7.92
  47759.791    15.404    -6.60    6.50
  48134.978    17.261     4.95    6.55
  48510.250    21.920    12.42    8.61
  48885.608    28.062    16.36    9.45
  49261.052    35.118    18.79    7.39
  49636.582    40.985    15.62    7.17
  50012.197    44.576     9.56    7.35
  50387.899    49.408    12.86    9.31
  50763.686    53.319    10.41    9.16
  51139.559    58.150    12.85    8.87
  51515.518    62.310    11.06   11.68
  51891.564    65.007     7.17   13.42
  52267.695    65.035     0.07   13.73
  52643.913    65.799     2.03   11.73
  53020.217    69.557     9.99   10.39
  53396.607    73.041     9.25    9.25
  53773.084    75.613     6.83    6.13
  54149.647    76.182     1.51    6.21
  54526.297    76.402     0.58    6.93
  54903.033    74.134    -6.02    7.04
  55279.856    71.072    -8.13    6.06
  55656.766    70.088    -2.61    4.09
  56033.762    70.684     1.58    4.82
  56410.845    70.993     0.82    5.66
  56788.015    69.070    -5.10    6.08
  57165.272    67.314    -4.65    5.61
  57542.616    70.742     9.08   10.16
  57920.047    79.265    22.58   14.13
  58297.565    90.215    29.01   14.32
  58675.171    96.457    16.53    9.37
  59052.863    96.908     1.20    7.82
  59430.643    92.324   -12.13    8.57
  59808.510    87.611   -12.47    6.29
  60186.465    86.470    -3.02    6.03
  60564.507    89.303     7.49    6.50
  60942.636    93.515    11.14    6.34
  61320.853    99.292    15.27    6.18
  61699.158   105.412    16.18    7.15
  62077.550   110.900    14.50    7.38
  62456.031   118.752    20.75   10.16
  62834.599   127.736    23.73   12.19
  63213.255   136.868    24.12   15.67
  63591.998   148.402    30.45   13.14
  63970.830   153.792    14.23   12.56
  64349.750   155.990     5.80   12.57
  64728.758   159.956    10.46   11.73
  65107.854   160.739     2.07   11.85
  65487.039   162.060     3.49   11.51
  65866.312   161.919    -0.37   12.65
  66245.673   154.692   -19.05   19.22
  66625.122   138.809   -41.86   27.18
  67004.660   116.580   -58.57   28.27
  67384.287    98.604   -47.35   20.20
  67764.002    84.957   -35.94    9.39
  68143.806    78.091   -18.08    7.13
  68523.699    76.672    -3.74    8.75
  68903.680    78.413     4.58   11.37
  69283.750    82.086     9.67   12.07
  69663.910    84.897     7.39   10.46
  70044.158    85.761     2.27    9.27
  70424.495    85.012    -1.97    7.17
  70804.921    87.104     5.50    6.87
  71185.437    93.398    16.54   11.66
  71566.041   105.849    32.72   16.22
  71946.735   117.039    29.40   15.57
  72327.519   126.274    24.25   10.75
  72708.392   133.266    18.36    8.51
  73089.354   141.089    20.53    9.34
  73470.405   150.099    23.65   15.96
  73851.547   164.726    38.38   24.92
  74232.778   183.108    48.22   28.60
  74614.099   199.950    44.17   20.78
  74995.509   204.522    11.99   14.03
  75377.009   199.202   -13.94   17.21
  75758.600   183.637   -40.79   20.23
  76130.747   166.410   -46.29   18.19
  76495.430   151.926   -39.72   23.01
  76860.193   137.959   -38.29   25.84
  77225.036   120.241   -48.57   24.26
  77589.960   107.099   -36.02   18.64
  77954.965    94.738   -33.87   10.69
  78320.051    85.373   -25.65    9.72
  78685.218    78.409   -19.07   10.64
  79050.466    73.402   -13.71    8.83
  79415.794    71.859    -4.23   10.16
  79781.204    68.929    -8.02   15.59
  80146.695    61.554   -20.18   20.90
  80512.266    50.461   -30.34   22.72
  80877.919    39.392   -30.27   14.52
  81243.654    36.499    -7.91   10.05
  81609.469    44.946    23.09   17.21
  81975.366    59.596    40.04   20.56
  82341.344    76.869    47.20   18.61
  82707.404    92.411    42.46   19.75
  83073.545   107.499    41.21   19.73
  83439.768   124.791    47.22   18.21
  83806.072   140.620    43.22   17.81
  84172.459   155.635    40.98   16.23
  84538.926   165.483    26.87   13.85
  84905.476   172.317    18.65    8.47
  85272.107   170.752    -4.27    8.36
  85638.821   163.512   -19.74   13.75
  86005.616   150.908   -34.37   17.43
  86372.493   138.791   -33.03   17.14
  86739.452   128.542   -27.93   13.18
  87106.494   122.490   -16.49    8.45
  87473.617   116.451   -16.45    5.91
  87840.823   111.272   -14.10    7.21
  88208.111   107.211   -11.06    8.73
  88575.481   102.023   -14.12    8.78
  88942.934    97.811   -11.47    6.66
  89310.469    96.121    -4.60    6.06
  89678.086    97.915     4.88    6.39
  90045.786    98.719     2.18    5.22
  90413.569    96.134    -7.03    7.52
  90781.435    92.062   -11.07   10.62
  91149.383    84.162   -21.47   10.62
  91517.413    80.705    -9.40    9.56
  91885.527    82.645     5.27   13.94
  92253.724    91.878    25.08   17.48
  92622.003   102.156    27.91   16.02
  92990.365   113.935    31.98   12.30
  93358.811   123.917    27.09   14.76
  93727.340   133.417    25.78   17.68
  94095.951   141.281    21.34   19.30
  94464.646   148.890    20.64   18.59
  94833.424   150.302     3.83   18.47
  95202.286   143.939   -17.25   16.79
  95571.231   132.544   -30.89   15.33
  95940.259   121.334   -30.38   12.69
  96309.371   108.946   -33.56   15.68
  96678.566    97.320   -31.49   16.63
  97047.845    84.136   -35.71   12.54
  97417.208    73.537   -28.70   12.16
  97786.654    66.390   -19.35   10.28
  98156.184    63.993    -6.49    7.65
  98525.798    67.319     9.00   11.03
  98895.496    77.091    26.43   16.57
  99265.277    88.964    32.11   19.61
  99635.143   101.096    32.80   19.67
 100005.093   113.349    33.12   15.19
 100375.126   123.726    28.05    8.56
 100745.244   128.637    13.27    6.58
 101115.447   131.309     7.22    4.73
 101485.733   130.732    -1.56    4.66
 101856.104   128.604    -5.75    5.96
 102226.559   126.480    -5.73    6.08
 102597.099   124.801    -4.53    5.04
 102967.723   125.073     0.73    5.39
 103338.432   126.611     4.15    6.11
 103709.225   125.859    -2.03    5.57
 104080.103   123.325    -6.83    7.11
 104451.066   120.402    -7.88    7.28
 104822.113   114.790   -15.12    6.77
 105193.246   110.023   -12.85    6.41
 105564.463   104.616   -14.57    7.39
 105935.765   101.220    -9.15    7.31
 106307.153    98.206    -8.12    6.21
 106678.625    96.515    -4.55    4.99
 107050.182    94.740    -4.78    5.43
 107421.825    90.877   -10.39    6.22
 107793.553    87.022   -10.37    4.20
 108165.366    86.053    -2.61    3.80
 108537.265    87.771     4.62    6.64
 108909.249    92.471    12.64    9.04
 109281.318    95.028     6.87    9.33
 109653.474    96.665     4.40   12.09
 110025.714    93.315    -9.00   16.79
 110398.041    88.057   -14.13   17.96
 110770.453    85.211    -7.64   16.68
 111142.951    81.320   -10.45   13.28
 111515.534    76.696   -12.41    9.78
 111888.204    73.068    -9.74    8.03
 112260.959    67.584   -14.71    5.83
 112633.801    63.611   -10.66    6.34
 113006.728    60.959    -7.11    7.10
 113379.742    59.905    -2.82    7.96
 113752.842    61.601     4.55    9.38
 114126.028    65.915    11.56    8.43
 114499.301    71.043    13.74    7.36
 114872.660    74.877    10.27    6.91
 115246.105    78.696    10.23    6.68
 115619.637    83.140    11.90    6.53
 115993.255    85.791     7.10    5.93
 116366.960    88.101     6.18    4.59
 116740.751    87.942    -0.43    4.62
 117114.630    87.359    -1.56    5.55
 117488.595    86.144    -3.25    7.20
 117862.647    87.742     4.27    9.58
 118236.785    91.792    10.82   11.10
 118611.011    96.134    11.61    9.98
 118985.324    97.185     2.81    8.93
 119359.724    94.603    -6.90    9.66
 119734.211    88.948   -15.10    8.75
 120108.785    83.453   -14.67    7.32
 120483.447    79.339   -10.98    5.20
 120858.195    77.734    -4.28    5.40
 121233.032    78.279     1.45    5.66
 121607.955    79.706     3.81    5.31
 121982.966    80.492     2.10    6.21
 122358.065    79.810    -1.82    6.89
 122733.251    79.214    -1.59    7.90
 123108.525    79.022    -0.51    7.62
 123483.887    81.354     6.21    8.20
 123859.337    89.422    21.49   15.76
 124234.874   100.627    29.84   19.05
 124610.500   113.768    34.99   15.18
 124986.213   122.134    22.27   10.01
 125362.014   126.675    12.08    9.28
 125737.904   134.268    20.20   16.02
 126113.882   146.086    31.44   21.90
 126489.947   161.156    40.08   21.07
 126866.102   172.427    29.97   15.97
 127242.344   177.754    14.16   12.80
 127618.675   176.917    -2.22   12.30
 127995.095   172.945   -10.55    9.36
 128371.603   170.801    -5.69    9.54
 128748.199   168.214    -6.87    8.48
 129124.885   170.358     5.69    7.75
 129501.658   172.265     5.06    9.46
 129878.521   171.192    -2.85   11.20
 130255.473   169.512    -4.46   12.14
 130632.513   165.249   -11.31   12.04
 131009.643   162.941    -6.12   12.68
 131386.862   160.993    -5.16   13.18
 131764.169   159.324    -4.42   10.79
 132141.566   157.781    -4.09    6.41
 132519.052   157.697    -0.22    4.76
 132896.627   158.228     1.41    3.70
