# NaN NaN NaN ;Mean Elev.(m), Avg Gradient(m/km), RMS Gradient(m/km) - SRTM1     
#   40.060  -0.805   5.508 ;Mean Elev.(m), Avg Gradient(m/km), RMS Gradient(m/km) - ASTER GDEM
#   32.977  -0.609   6.156 ;Mean Elev.(m), Avg Gradient(m/km), RMS Gradient(m/km) - GMTED2010 
  8    53.941 52499.51590843 51.21 126.115051  64.403802 34.286
  8    53.936 52499.51590907 51.80 126.112191  64.406922 34.286
 10    52.978 52569.51592505 41.85 126.106289  64.400477  9.423
 10    52.811 52569.51592570 49.18 126.103431  64.403595 24.032
 11    58.767 52604.51590712 18.34 126.115211  64.401585  3.768
 11    56.054 52604.51590776 18.91 126.112351  64.404705  3.768
 11    55.191 52604.51590841 19.50 126.109491  64.407825  3.768
 12    58.293 52639.51588857 19.08 126.100866  64.397069  3.479
 12    58.078 52639.51588921 18.96 126.098006  64.400179  3.479
 12    57.248 52639.51588986 18.74 126.095146  64.403299  3.479
 13    57.134 52674.51588473 15.66 126.113578  64.403323  2.599
 13    55.822 52674.51588538 15.54 126.110718  64.406433  2.599
 14    58.549 52709.51590008 13.80 126.104094  64.398019  2.417
 14    58.018 52709.51590072 13.99 126.101234  64.401129  2.417
 14    57.362 52709.51590137 14.21 126.098374  64.404249  2.417
 16    52.912 52779.51586459 37.00 126.098742  64.396274 19.308
 16    52.949 52779.51586523 39.97 126.095882  64.399394 19.308
 16    52.879 52779.51586588 37.97 126.093022  64.402504 19.308
 17    61.075 52814.51594818 35.73 126.098745  64.395541 31.033
 17    58.322 52814.51594883 21.50 126.095885  64.398661 31.033
 17    58.729 52814.51594947 20.75 126.093025  64.401771 31.033
 18    55.191 52849.51600118 22.90 126.102894  64.397830 23.218
 18    55.041 52849.51600183 23.86 126.100034  64.400940 23.218
 18    58.443 52849.51600247 18.23 126.097174  64.404060 23.218
 19    54.618 52884.51603691 50.90 126.107425  64.400364 32.641
 19    54.590 52884.51603756 51.78 126.104565  64.403474 32.641
 20    57.149 52919.51599351 18.95 126.116204  64.403665 19.320
 20    57.678 52919.51599416 18.89 126.113344  64.406775 19.320
 21    59.617 52954.51595610 21.36 126.105685  64.397946  4.562
 21    53.100 52954.51595674 24.27 126.102825  64.401056  4.562
 21    53.109 52954.51595739 25.09 126.099965  64.404176  4.562
 22    58.043 52989.51596627 15.37 126.115221  64.402190  2.854
 22    56.227 52989.51596692 15.46 126.112361  64.405310  2.854
 22    57.324 52989.51596756 15.23 126.109501  64.408420  2.854
 23    56.474 53024.51594780 13.77 126.120985  64.404623  2.693
 23    56.242 53024.51594844 14.78 126.118125  64.407733  2.693
 23    56.411 53024.51594909 13.85 126.115265  64.410853  2.693
 23    56.772 53024.51595360 12.34 126.095235  64.432653  2.693
 23    56.354 53024.51595424 11.59 126.092375  64.435773  2.693
 23    53.498 53024.51595618 12.92 126.083775  64.445113  2.693
 24    57.219 53059.51594520 12.15 126.113576  64.402677  2.411
 24    56.424 53059.51594584 12.18 126.110716  64.405797  2.411
 25    57.446 53094.51598329 11.24 126.110927  64.403680  2.506
 25    56.001 53094.51598393 11.11 126.108067  64.406800  2.506
 26    53.725 53129.51595469 18.06 126.108461  64.400094  7.519
 26    53.460 53129.51595534 19.15 126.105601  64.403214  7.519
 28    56.328 53199.51602457 51.58 126.109497  64.399786 34.463
 28    56.414 53199.51602522 51.79 126.106637  64.402906 34.463
 28    56.312 53199.51602586 49.75 126.103777  64.406016 34.463
 29    55.342 53234.51599537 19.85 126.119410  64.406058 25.890
 29    55.628 53234.51599601 19.33 126.116550  64.409178 25.890
 29    56.768 53234.51600117 27.71 126.093660  64.434098 25.890
 29    56.861 53234.51600310 35.04 126.085058  64.443440  8.096
 30    60.957 53269.51595966 32.67 126.096930  64.396437 23.939
 30    60.230 53269.51596030 16.50 126.094070  64.399547 23.939
 30    58.503 53269.51596095 27.15 126.091210  64.402667 23.939
 31    54.103 53304.51602126 42.95 126.097358  64.397820  6.701
 31    54.044 53304.51602191 44.18 126.094499  64.400938 24.533
 32    54.454 53339.51599029 17.62 126.113293  64.402064  3.709
 32    56.347 53339.51599094 11.87 126.110444  64.405176  2.657
 33    56.593 53374.51592239 10.51 126.121826  64.406565  2.326
 33    56.577 53374.51592303 10.43 126.118964  64.409680  2.252
 33    56.530 53374.51592819  8.98 126.096084  64.434610  2.252
 33    56.581 53374.51592884  8.96 126.093214  64.437720  2.252
 33    56.520 53374.51592948  9.27 126.090354  64.440840  2.252
 33    56.555 53374.51593013  9.19 126.087484  64.443950  2.252
 34    58.386 53409.51596397  9.69 126.109890  64.400007  2.216
 34    57.841 53409.51596462  9.87 126.107025  64.403126  2.058
 34    57.291 53409.51596526  9.51 126.104165  64.406236  2.058
 35    56.634 53444.51594828  8.59 126.120330  64.406982  2.207
 35    56.391 53444.51594893  8.85 126.117480  64.410102  2.207
 35    56.611 53444.51595408  7.25 126.094590  64.435022  2.207
 35    56.300 53444.51595602  8.01 126.086000  64.444372  2.207
 36    58.126 53479.51602631 10.09 126.099438  64.398302  9.074
 36    58.470 53479.51602696 10.50 126.096578  64.401422  9.074
 37    58.650 53514.51603402 30.35 126.110011  64.401111 16.833
 37    58.522 53514.51603467 27.91 126.107151  64.404231 16.833
 38    56.399 53549.51605310 51.94 126.107550  64.402003 37.713
 38    56.349 53549.51605375 55.28 126.104690  64.405113 37.713
 39    57.032 53584.51601570 49.14 126.114177  64.403963 40.151
 39    57.207 53584.51601634 49.18 126.111321  64.407075 30.163
 40    56.335 53619.51597253 20.67 126.120068  64.404931 38.091
 40    56.398 53619.51597317 17.95 126.117209  64.408048 10.847
 40    56.618 53619.51597833 24.36 126.094329  64.432978 10.847
 40    56.631 53619.51597897 26.05 126.091469  64.436088 10.847
 40    57.069 53619.51598091 31.07 126.082879  64.445438 10.847
 41    53.955 53654.51599776 43.02 126.105432  64.398438 19.271
 41    53.887 53654.51599840 39.36 126.102572  64.401548 19.271
 41    53.534 53654.51599905 31.96 126.099712  64.404668 19.271
 42    56.926 53689.51599356 18.09 126.108250  64.402626  2.793
 42    54.198 53689.51599420 20.43 126.105393  64.405737  8.074
 43    57.069 53724.51591808 15.54 126.123902  64.405250  3.141
 43    56.692 53724.51591872 15.72 126.121049  64.408365  2.847
 43    55.739 53724.51591937 15.63 126.118189  64.411485  2.847
 43    53.960 53724.51592388 15.98 126.098159  64.433295  2.847
 43    54.031 53724.51592452 15.89 126.095299  64.436405  2.847
 43    53.615 53724.51592581 15.05 126.089569  64.442635  2.847
 43    53.691 53724.51592646 15.06 126.086709  64.445755  2.847
 44    59.858 53759.51585986 13.78 126.108420  64.399138  2.376
 44    59.376 53759.51586051 14.07 126.105560  64.402248  2.376
 44    59.007 53759.51586115 13.29 126.102700  64.405368  2.376
 45    56.708 53794.51587962 13.25 126.117081  64.404567  2.772
 45    55.200 53794.51588026 14.13 126.114221  64.407687  2.772
 46    58.885 53829.51585514 11.52 126.100715  64.400094  2.293
 46    59.654 53829.51585578 11.25 126.097855  64.403204  2.293
 47    52.646 53864.51593399 31.02 126.103527  64.397333 16.396
 47    52.684 53864.51593464 30.17 126.100667  64.400453 16.396
 47    58.176 53864.51593528 27.47 126.097807  64.403563 16.396
 48    59.693 53899.51595982 23.93 126.108891  64.399326 18.284
 48    59.536 53899.51596046 24.16 126.106031  64.402446 18.284
 48    59.249 53899.51596111 25.65 126.103171  64.405556 18.284
 49    60.235 53934.51600372 17.90 126.101481  64.399822 25.713
 49    58.627 53934.51600436 16.98 126.098621  64.402932 25.713
 50    56.075 53969.51597358 23.07 126.110955  64.400517 29.002
 50    55.990 53969.51597423 22.07 126.108095  64.403627 29.002
 50    58.610 53969.51597487 19.45 126.105235  64.406747 29.002
 51    56.881 54004.51594738 50.68 126.100890  64.397378 32.080
 51    56.803 54004.51594802 49.84 126.098030  64.400488 32.080
 51    56.931 54004.51594867 51.43 126.095170  64.403608 32.080
 52    53.243 54039.51597965 32.53 126.109044  64.399341  9.992
 52    53.323 54039.51598029 42.06 126.106184  64.402451  9.992
 52    53.366 54039.51598094 33.90 126.103324  64.405571  9.992
 53    56.237 54074.51597480 17.54 126.112034  64.403874  3.246
 53    55.802 54074.51597544 17.54 126.109174  64.406994  3.246
 54    55.820 54109.51592009 13.59 126.121054  64.406258  2.473
 54    56.380 54109.51592074 13.28 126.118194  64.409378  2.473
 54    56.702 54109.51592589 13.26 126.095315  64.434301  3.033
 54    56.603 54109.51592783 13.46 126.086725  64.443651  3.033
 55    58.841 54144.51591256 11.13 126.103454  64.400557  2.210
 55    58.140 54144.51591321 10.97 126.100594  64.403667  2.210
 56    56.692 54179.51590498 11.56 126.116554  64.406179  2.629
 56    56.016 54179.51590562 11.57 126.113694  64.409289  2.629
 57    57.714 54214.51592001 11.48 126.105441  64.398878  2.945
 57    58.073 54214.51592065 11.67 126.102581  64.401998  2.945
 58    60.002 54249.51594797 50.57 126.107304  64.400213 37.977
 58    60.004 54249.51594861 52.40 126.104444  64.403333 37.977
 59    57.318 54284.51595590 25.61 126.110913  64.403288 26.222
 59    57.018 54284.51595654 21.87 126.108053  64.406398 26.222
 60    56.129 54319.51595305 47.27 126.112337  64.402351 34.644
 60    55.960 54319.51595370 44.86 126.109477  64.405471 34.644
 61    57.175 54354.51591626 24.54 126.119584  64.403638 14.144
 61    58.186 54354.51591690 18.63 126.116724  64.406748 14.144
 61    58.209 54354.51591755 17.56 126.113864  64.409868 14.144
 62    53.843 54389.51589342 42.49 126.108798  64.402439 16.749
 62    53.881 54389.51589407 38.95 126.105938  64.405559 16.749
 63    56.051 54424.51586626 16.66 126.113609  64.403873  5.891
 63    53.550 54424.51586691 22.10 126.110749  64.406993  5.891
 64    60.332 54459.51586833 13.31 126.105229  64.398434  3.084
 64    59.856 54459.51586898 13.91 126.102369  64.401554  3.084
 64    56.799 54459.51586962 15.02 126.099509  64.404664  3.084
 65    56.369 54494.51587123 14.60 126.114494  64.404478  3.755
 65    55.573 54494.51587187 14.46 126.111634  64.407598  3.755
 66    58.437 54529.51588124 10.44 126.108666  64.399518  2.322
 66    57.538 54529.51588189 10.87 126.105806  64.402628  2.322
 66    57.658 54529.51588253 11.08 126.102946  64.405748  2.322
 67    57.444 54564.51587781  8.11 126.119686  64.403526  2.387
 67    56.501 54564.51587845  9.14 126.116826  64.406636  2.387
 67    56.371 54564.51587910  8.62 126.113976  64.409756  2.387
 68    53.301 54599.51587726 40.97 126.108678  64.401308 25.913
 68    53.272 54599.51587791 40.39 126.105818  64.404418 25.913
 69    57.989 54634.51588942 29.17 126.109819  64.400065 29.894
 69    58.949 54634.51589006 22.31 126.106959  64.403185 29.894
 69    59.748 54634.51589071 23.93 126.104099  64.406295 29.894
 70    56.137 54669.51589428 29.90 126.111561  64.401148 28.008
 70    58.142 54669.51589493 19.24 126.108711  64.404268 28.008
 71    56.388 54704.51585796 29.17 126.118088  64.403366 27.877
 71    50.179 54704.51585860 23.08 126.115228  64.406486 27.877
 71    58.325 54704.51585925 17.23 126.112368  64.409596 27.877
 72    55.922 54739.51585684 50.55 126.105174  64.400080 33.930
 72    55.805 54739.51585749 52.99 126.102314  64.403190 33.930
 73    53.517 54774.51583915 45.01 126.114671  64.404215 12.254
 73    53.230 54774.51583979 36.92 126.111811  64.407325 12.254
 74    58.251 54809.51585019 14.76 126.101924  64.398840  2.534
 74    57.262 54809.51585083 15.06 126.099064  64.401950  2.534
 75    55.636 54844.51583782 15.34 126.112810  64.404403  2.933
 75    54.460 54844.51583846 16.02 126.109950  64.407523  2.933
 76    57.638 54879.51585375 11.86 126.105176  64.401356  2.245
 76    57.185 54879.51585440 11.51 126.102316  64.404476  2.245
 77    56.732 54914.51584139  9.80 126.116686  64.403630  2.458
 77    56.109 54914.51584203  9.67 126.113826  64.406740  2.458
 78    52.602 54949.51584612 47.19 126.106869  64.399757 24.881
 78    52.528 54949.51584676 44.69 126.104009  64.402867 24.881
 79    58.277 54984.51587103 26.43 126.108273  64.399761 29.377
 79    59.530 54984.51587168 24.79 126.105413  64.402871 29.377
 79    59.913 54984.51587232 25.83 126.102553  64.405991 29.377
 80    56.508 55019.51586668 33.29 126.112921  64.400867 30.237
 80    56.545 55019.51586732 26.68 126.110061  64.403977 30.237
 80    59.064 55019.51586797 19.34 126.107201  64.407097 30.237
 81    56.303 55054.51586339 20.20 126.113520  64.402677 23.560
 81    58.101 55054.51586404 17.34 126.110660  64.405797 23.560
 82    56.615 55089.51582357 25.08 126.118096  64.403391 19.689
 82    57.617 55089.51582422 17.47 126.115236  64.406511 19.689
 82    58.170 55089.51582486 17.90 126.112376  64.409621 19.689
 83    54.576 55124.51580021 49.10 126.108431  64.400114 27.655
 83    54.683 55124.51580086 52.73 126.105571  64.403224 27.655
 84    56.929 55159.51578441 19.91 126.114590  64.402388  6.798
 84    56.061 55159.51578505 20.56 126.111730  64.405508  6.798
 84    55.053 55159.51578570 21.18 126.108870  64.408618  6.798
 85    58.410 55194.51579050 17.49 126.102505  64.399200  3.319
 85    57.701 55194.51579114 17.63 126.099645  64.402310  3.319
 86    56.098 55229.51578724 16.28 126.114571  64.405448  2.756
 86    54.557 55229.51578788 16.79 126.111721  64.408568  2.756
 87    56.993 55264.51578612 13.21 126.107607  64.402819  2.523
 87    55.905 55264.51578677 13.85 126.104747  64.405939  2.523
 88    56.097 55299.51577025 12.74 126.116383  64.406062  2.468
 88    54.674 55299.51577090 12.73 126.113523  64.409172  2.468
 89    54.239 55334.51576341 38.64 126.111305  64.402135 28.374
 89    54.355 55334.51576405 51.21 126.108445  64.405255 28.374
 90    56.731 55369.51575459 22.29 126.111515  64.403753 27.936
 90    59.746 55369.51575523 16.83 126.108655  64.406873 27.936
 91    56.759 55404.51577101 17.55 126.107409  64.398754 27.341
 91    58.004 55404.51577165 15.33 126.104549  64.401874 27.341
 91    58.466 55404.51577230 16.05 126.101689  64.404984 27.341
 92    54.390 55439.51577308 21.45 126.113679  64.404055 23.467
 92    54.358 55439.51577373 22.62 126.110819  64.407175 23.467
 93    56.886 55474.51571874 19.99 126.120297  64.404322 14.171
 93    57.550 55474.51571938 18.24 126.117437  64.407432 14.171
 93    57.944 55474.51572003 16.38 126.114577  64.410552 14.171
 93    56.602 55474.51572454 20.05 126.094547  64.432362 14.171
 93    54.094 55474.51572518 23.08 126.091687  64.435472 14.171
 93    56.500 55474.51572712 17.69 126.083097  64.444816  6.342
