-201533.040   366.243     0.00   28.06
-201158.308   347.261   -50.65   23.41
-200783.517   330.274   -45.32   18.46
-200408.669   317.450   -34.21   21.12
-200033.762   306.592   -28.96   23.17
-199658.798   296.305   -27.43   25.17
-199283.775   288.064   -21.97   28.35
-198908.693   277.203   -28.95   28.50
-198533.554   265.014   -32.49   26.65
-198158.356   258.421   -17.57   23.65
-197783.100   259.269     2.26   29.79
-197407.786   273.238    37.21   37.97
-197032.414   284.671    30.45   32.55
-196656.983   289.073    11.73   23.11
-196281.493   285.518    -9.47   16.57
-195905.945   277.601   -21.08   14.01
-195530.339   272.768   -12.87   13.18
-195154.674   267.852   -13.08   11.78
-194778.951   266.802    -2.79   10.94
-194403.169   263.676    -8.32   12.99
-194027.329   256.086   -20.19   18.62
-193651.430   240.622   -41.13   27.53
-193275.472   229.189   -30.41   29.03
-192899.456   215.987   -35.10   28.77
-192523.381   206.886   -24.19   26.51
-192147.248   201.500   -14.32   25.22
-191771.055   192.282   -24.50   18.94
-191394.804   187.447   -12.85   12.31
-191018.494   185.115    -6.20    6.68
-190642.125   188.240     8.30   12.74
-190265.698   192.858    12.27   19.49
-189889.211   195.365     6.66   21.54
-189512.666   200.825    14.50   26.45
-189136.062   205.237    11.71   32.35
-188759.398   225.717    54.36   56.46
-188382.676   253.115    72.72   67.55
-188005.895   288.541    94.01   73.58
-187629.054   328.083   104.91   62.46
-187252.155   349.749    57.47   43.63
-186875.196   368.957    50.95   24.12
-186498.179   378.064    24.15   20.95
-186121.102   388.907    28.75   20.50
-185743.966   401.921    34.50   14.61
-185366.770   407.379    14.47    9.38
-184989.516   404.101    -8.69   12.98
-184612.202   393.032   -29.33   17.13
-184234.829   379.814   -35.02   16.28
-183857.397   368.685   -29.48   15.20
-183479.905   360.916   -20.58   12.47
-183102.354   364.458     9.38   16.59
-182724.743   377.407    34.28   21.94
-182347.073   393.698    43.13   22.63
-181969.344   407.708    37.08   16.49
-181591.555   412.434    12.51   16.87
-181213.706   414.068     4.32   22.34
-180835.798   410.502    -9.43   26.07
-180457.830   404.352   -16.27   26.88
-180079.803   394.768   -25.35   25.85
-179701.716   382.178   -33.29   30.29
-179323.569   358.046   -63.81   42.32
-178945.363   330.338   -73.25   47.64
-178567.097   294.940   -93.56   42.75
-178188.771   273.632   -56.31   25.28
-177810.385   268.379   -13.88   19.11
-177431.940   275.899    19.87   28.45
-177053.434   292.050    42.66   35.16
-176674.869   307.608    41.09   39.93
-176296.244   314.645    18.58   39.73
-175917.559   317.365     7.18   39.39
-175538.814   310.560   -17.97   32.38
-175160.009   307.171    -8.94   28.63
-174781.144   302.625   -12.00   23.56
-174402.219   298.893    -9.85   21.51
-174023.233   296.352    -6.70   19.18
-173644.188   293.933    -6.38   18.10
-173265.083   293.325    -1.60   17.24
-172885.917   293.419     0.25   16.46
-172506.691   294.217     2.10   14.49
-172127.405   298.858    12.24   15.06
-171748.059   306.478    20.08   19.03
-171377.239   318.447    32.27   19.77
-171009.453   326.548    22.02   18.08
-170641.610   329.858     9.00   16.68
-170273.710   331.083     3.33   20.56
-169905.755   335.217    11.23   23.45
-169537.743   339.647    12.04   26.07
-169169.675   343.392    10.17   23.21
-168801.550   341.436    -5.31   22.23
-168433.369   344.458     8.21   23.24
-168065.132   344.421    -0.10   25.62
-167696.838   345.685     3.43   26.21
-167328.487   341.774   -10.62   23.60
-166960.080   336.218   -15.08   20.17
-166591.617   328.265   -21.58   15.10
-166223.096   325.218    -8.27   10.71
-165854.520   326.665     3.92   11.11
-165485.886   335.512    24.00   15.41
-165117.196   346.237    29.08   13.79
-164748.449   352.852    17.94   10.45
-164379.646   355.104     6.11   11.29
-164010.785   356.730     4.41   11.98
-163641.868   357.713     2.66   11.59
-163272.894   359.095     3.74   10.20
-162903.864   357.027    -5.60   10.40
-162534.776   354.108    -7.91    9.63
-162165.632   352.983    -3.05    7.91
-161796.430   357.992    13.57    9.74
-161427.172   362.395    11.92    8.46
-161057.857   361.938    -1.23    9.44
-160688.485   359.597    -6.34    9.63
-160319.055   359.538    -0.16    8.01
-159949.569   363.380    10.39   10.33
-159580.026   375.072    31.64   14.94
-159210.425   388.194    35.50   16.10
-158840.768   401.658    36.42   16.65
-158471.053   412.779    30.08   11.08
-158101.281   415.405     7.10    8.36
-157731.452   413.465    -5.24   11.58
-157361.565   406.805   -18.00   12.77
-156991.622   402.765   -10.92    9.41
-156621.621   408.165    14.59   12.64
-156251.563   416.727    23.13   13.34
-155881.447   425.752    24.38   13.57
-155511.274   432.756    18.92   12.64
-155141.044   436.487    10.07   11.97
-154770.756   438.916     6.56    9.99
-154400.411   438.730    -0.50    8.20
-154030.008   437.554    -3.18    8.62
-153659.548   436.217    -3.61   12.44
-153289.030   434.872    -3.63   17.69
-152918.454   435.352     1.29   20.33
-152547.821   436.760     3.80   19.71
-152177.131   438.072     3.54   16.69
-151806.383   440.502     6.55   13.49
-151435.577   440.168    -0.90   14.12
-151064.713   438.212    -5.27   19.09
-150693.792   434.944    -8.81   21.33
-150322.813   428.879   -16.35   20.33
-149951.776   422.973   -15.91   16.26
-149580.681   411.608   -30.62   18.52
-149209.529   397.352   -38.41   20.24
-148838.319   385.027   -33.20   15.78
-148467.050   382.500    -6.81   12.93
-148095.724   387.987    14.77   16.62
-147724.340   399.595    31.25   18.60
-147352.898   413.081    36.30   17.90
-146981.398   423.298    27.50   15.15
-146609.840   427.072    10.16   12.81
-146238.223   425.865    -3.25   11.97
-145866.549   418.122   -20.83   14.08
-145494.817   408.595   -25.63   15.43
-145123.026   393.931   -39.44   17.89
-144751.177   380.461   -36.22   16.28
-144379.270   367.970   -33.58   13.50
-144007.305   359.476   -22.83   10.49
-143635.282   352.618   -18.43   10.35
-143263.200   348.394   -11.35    9.77
-142891.060   350.744     6.31   16.11
-142518.862   360.130    25.22   27.07
-142146.605   377.285    46.08   31.02
-141774.290   392.071    39.71   26.24
-141401.916   400.405    22.38   16.33
-141029.484   400.452     0.13   11.61
-140656.994   394.605   -15.69   14.31
-140284.445   388.210   -17.16   15.04
-139911.837   384.352   -10.35   15.92
-139539.171   379.450   -13.15   15.22
-139166.447   374.776   -12.54   14.20
-138793.663   367.421   -19.73   13.43
-138420.821   361.379   -16.20   14.80
-138047.921   355.913   -14.66   18.80
-137674.961   346.554   -25.09   25.59
-137301.943   326.284   -54.33   39.02
-136928.867   298.973   -73.20   47.51
-136555.731   261.257  -101.07   39.52
-136182.537   243.228   -48.30   23.41
-135809.283   245.952     7.30   28.02
-135435.971   261.054    40.45   36.39
-135062.600   288.432    73.32   41.47
-134689.170   307.667    51.50   43.91
-134315.681   320.128    33.36   45.84
-133942.133   325.571    14.57   46.41
-133568.526   327.365     4.80   43.37
-133194.860   325.647    -4.60   37.44
-132821.135   322.220    -9.17   30.13
-132447.351   320.865    -3.63   21.75
-132073.507   321.786     2.46   19.34
-131699.605   324.823     8.12   18.13
-131325.643   324.813    -0.03   15.39
-130951.622   326.790     5.29   13.29
-130577.542   328.118     3.55   12.42
-130203.403   332.717    12.29   14.64
-129829.204   338.207    14.67   18.74
-129454.946   345.804    20.29   21.75
-129080.628   350.192    11.72   23.89
-128706.252   352.798     6.96   21.89
-128331.815   351.987    -2.17   16.81
-127957.320   354.352     6.31   15.50
-127582.764   359.041    12.52   20.01
-127208.150   368.612    25.55   26.24
-126833.475   379.639    29.43   32.38
-126458.742   394.132    38.67   35.22
-126083.948   406.112    31.96   34.98
-125709.095   415.472    24.97   31.42
-125334.183   420.451    13.28   28.61
-124959.210   427.218    18.05   23.50
-124584.178   432.094    13.00   19.97
-124209.086   443.445    30.26   17.83
-123833.935   454.393    29.18   16.13
-123458.724   459.645    14.00   12.24
-123083.452   459.625    -0.05   13.11
-122708.121   455.313   -11.49   16.00
-122332.730   452.973    -6.23   16.35
-121957.279   455.085     5.62   16.63
-121581.769   458.445     8.95   16.36
-121206.198   461.541     8.24   13.62
-120830.567   465.549    10.67   12.05
-120454.876   468.230     7.13   10.22
-120079.125   472.115    10.34    9.27
-119703.315   475.310     8.50    8.49
-119327.443   476.781     3.91    7.97
-118951.512   477.393     1.63    8.16
-118575.521   475.960    -3.81    8.60
-118199.469   471.816   -11.02    9.57
-117823.357   468.738    -8.18    9.47
-117447.185   465.817    -7.77    9.66
-117070.953   465.378    -1.17   11.09
-116694.660   465.257    -0.32   11.22
-116318.307   463.872    -3.68   13.40
-115941.894   459.738   -10.98   15.49
-115565.420   455.247   -11.93   14.90
-115188.885   455.730     1.28   12.26
-114812.291   459.735    10.63   11.54
-114435.635   465.804    16.11   10.40
-114058.919   469.520     9.86    6.92
-113682.143   468.178    -3.56    7.66
-113305.306   464.422    -9.97    8.85
-112928.408   462.285    -5.67    7.76
-112551.450   462.579     0.78    7.12
-112174.431   465.872     8.73    6.36
-111797.351   468.338     6.54    5.23
-111420.211   467.734    -1.60    6.15
-111043.010   466.018    -4.55    7.56
-110665.748   465.872    -0.39    7.35
-110288.425   468.178     6.11    7.66
-109911.041   471.203     8.01    6.38
-109533.597   473.128     5.10    5.53
-109156.091   474.601     3.90    7.08
-108778.525   478.263     9.70    9.07
-108400.897   483.490    13.84   10.25
-108023.209   489.472    15.84    8.12
-107645.459   491.168     4.49    5.68
-107267.649   490.285    -2.34    6.81
-106889.777   488.244    -5.40    8.77
-106511.844   488.168    -0.20    9.96
-106133.850   490.311     5.67    8.94
-105755.795   490.102    -0.55    7.89
-105377.679   486.527    -9.45   10.10
-104999.501   479.872   -17.60   13.63
-104621.262   469.817   -26.58   15.29
-104242.962   461.098   -23.05   17.43
-103864.600   454.872   -16.45   18.30
-103486.177   451.279    -9.49   18.44
-103107.693   452.005     1.92   16.87
-102729.147   456.698    12.40   17.15
-102350.540   465.497    23.24   17.87
-101971.871   476.672    29.51   15.85
-101593.141   481.085    11.65   12.67
-101214.349   479.589    -3.95   13.23
-100835.496   471.581   -21.13   16.50
-100456.581   462.287   -24.53   15.64
-100077.604   451.838   -27.57   13.69
 -99698.566   441.570   -27.09   15.88
 -99319.466   431.421   -26.77   18.16
 -98940.304   422.141   -24.47   17.06
 -98561.080   420.817    -3.49   19.72
 -98181.795   423.092     6.00   23.24
 -97802.448   422.405    -1.81   23.13
 -97423.038   416.592   -15.32   22.96
 -97043.567   407.997   -22.65   21.54
 -96669.973   401.217   -18.15   21.81
 -96302.365   394.433   -18.45   22.52
 -95934.698   388.672   -15.67   19.58
 -95566.974   381.538   -19.40   11.99
 -95199.193   378.872    -7.25    8.18
 -94831.353   379.717     2.30   10.25
 -94463.456   383.299     9.74   13.97
 -94095.501   389.286    16.27   18.22
 -93727.488   395.592    17.13   21.23
 -93359.417   402.645    19.16   22.63
 -92991.288   411.178    23.18   22.81
 -92623.101   422.605    31.03   23.13
 -92254.857   436.838    38.65   23.35
 -91886.554   452.041    41.27   21.40
 -91518.194   464.162    32.90   16.55
 -91149.775   472.406    22.37   12.62
 -90781.298   476.898    12.19   10.96
 -90412.763   480.845    10.71    9.40
 -90044.170   483.484     7.16    6.39
 -89675.519   482.703    -2.12    7.77
 -89306.810   478.628   -11.05   11.00
 -88938.043   472.725   -16.01   12.69
 -88569.217   471.014    -4.64   12.41
 -88200.333   474.298     8.90   14.15
 -87831.391   482.618    22.55   14.77
 -87462.390   492.792    27.57   12.52
 -87093.331   498.865    16.46    8.30
 -86724.214   500.112     3.38    8.42
 -86355.038   497.010    -8.40   12.23
 -85985.804   490.352   -18.03   14.05
 -85616.511   485.628   -12.79   14.55
 -85247.160   484.978    -1.76   15.55
 -84877.751   488.655     9.95   15.09
 -84508.282   494.311    15.31   13.25
 -84138.756   498.014    10.02    8.95
 -83769.170   498.230     0.58    7.13
 -83399.526   494.155   -11.02   10.27
 -83029.824   488.085   -16.42   12.33
 -82660.062   484.444    -9.85   11.36
 -82290.242   485.178     1.99   10.32
 -81920.363   487.115     5.24   10.45
 -81550.426   488.781     4.50   10.29
 -81180.429   487.431    -3.65   11.80
 -80810.374   483.668   -10.17   10.83
 -80440.260   480.752    -7.88    7.41
 -80070.087   481.512     2.05    6.39
 -79699.855   486.391    13.18    9.30
 -79329.564   493.813    20.04   10.43
 -78959.215   498.092    11.56    8.55
 -78588.806   499.247     3.12    7.44
 -78218.338   493.218   -16.27   12.46
 -77847.811   481.247   -32.31   16.13
 -77477.225   467.325   -37.56   16.93
 -77106.580   453.734   -36.67   14.54
 -76735.876   444.473   -24.98   11.20
 -76365.112   438.235   -16.82   10.11
 -75994.290   435.217    -8.14   10.19
 -75623.408   432.989    -6.01   11.95
 -75252.467   430.655    -6.29   14.34
 -74881.466   424.418   -16.81   14.14
 -74510.406   418.595   -15.69   13.90
 -74139.287   413.487   -13.76   13.65
 -73768.109   414.000     1.38   16.95
 -73396.871   420.036    16.26   21.03
 -73025.574   428.271    22.18   22.21
 -72654.217   437.595    25.11   15.90
 -72282.801   440.132     6.83    9.87
 -71911.325   436.538    -9.67   11.11
 -71539.789   431.027   -14.83   12.47
 -71168.194   422.852   -22.00   14.18
 -70796.540   415.788   -19.01   13.18
 -70424.826   409.737   -16.28   13.29
 -70053.052   402.879   -18.45   12.38
 -69681.218   398.568   -11.59   12.35
 -69309.325   394.018   -12.23   12.72
 -68937.372   391.878    -5.75   14.07
 -68565.359   394.282     6.46   17.71
 -68193.286   393.944    -0.91   17.69
 -67821.154   395.112     3.14   18.71
 -67448.961   397.168     5.52   20.22
 -67076.709   396.154    -2.72   22.50
 -66704.397   392.845    -8.89   23.31
 -66332.025   387.721   -13.76   23.95
 -65959.593   384.365    -9.01   22.37
 -65587.100   384.311    -0.15   23.94
 -65214.548   388.105    10.18   24.69
 -64841.936   397.085    24.10   25.39
 -64469.263   406.493    25.24   25.10
 -64096.531   418.703    32.76   21.66
 -63723.738   425.963    19.47   16.55
 -63350.885   426.203     0.64   13.93
 -62977.972   419.589   -17.74   14.68
 -62604.998   410.098   -25.44   15.07
 -62231.965   400.872   -24.73   14.83
 -61858.871   393.076   -20.89   16.56
 -61485.716   389.563    -9.41   18.68
 -61112.501   386.632    -7.85   19.85
 -60739.226   379.312   -19.61   23.71
 -60365.891   368.023   -30.24   27.32
 -59992.494   353.311   -39.40   29.05
 -59619.038   337.738   -41.70   29.29
 -59245.521   324.433   -35.62   32.00
 -58871.943   312.970   -30.68   30.91
 -58498.305   300.295   -33.92   25.55
 -58124.606   291.865   -22.56   19.24
 -57750.846   284.393   -19.99   14.40
 -57377.026   280.416   -10.64   12.80
 -57003.145   277.573    -7.60   11.68
 -56629.203   278.898     3.54   18.72
 -56255.201   285.023    16.38   25.63
 -55881.138   291.925    18.45   27.38
 -55507.014   298.872    18.57   26.95
 -55132.829   307.845    23.98   25.92
 -54758.583   316.018    21.84   27.70
 -54384.276   319.091     8.21   25.94
 -54009.909   323.234    11.06   22.62
 -53635.480   328.720    14.65   20.90
 -53260.990   340.694    31.97   23.26
 -52886.440   354.098    35.79   25.20
 -52511.828   371.207    45.67   27.08
 -52137.155   384.271    34.86   22.38
 -51762.421   392.711    22.52   12.97
 -51387.626   393.325     1.64   12.41
 -51012.770   392.737    -1.57   12.11
 -50637.852   394.230     3.98   12.32
 -50262.873   400.525    16.79   11.76
 -49887.833   406.543    16.05    9.85
 -49512.732   410.365    10.19    9.14
 -49137.569   410.979     1.64   13.58
 -48762.345   407.112   -10.31   18.03
 -48387.059   402.351   -12.69   20.15
 -48011.712   397.898   -11.86   18.74
 -47636.304   395.125    -7.39   14.32
 -47260.834   397.506     6.34   12.19
 -46885.302   405.089    20.19   14.72
 -46509.709   417.378    32.72   17.98
 -46134.055   431.676    38.06   16.48
 -45758.338   442.432    28.63   12.00
 -45382.560   445.865     9.14    9.97
 -45006.721   443.747    -5.64   11.29
 -44630.820   438.984   -12.67   11.89
 -44254.857   434.717   -11.35   12.90
 -43878.832   433.605    -2.96   13.50
 -43502.745   436.633     8.05   12.95
 -43126.597   442.102    14.54   11.48
 -42750.386   446.098    10.62    8.79
 -42374.114   448.602     6.66    6.69
 -41997.780   446.226    -6.31    9.42
 -41621.384   439.775   -17.14   12.74
 -41244.926   432.571   -19.14   14.00
 -40868.406   426.134   -17.09   15.35
 -40491.824   419.554   -17.47   16.57
 -40115.179   414.668   -12.97   16.98
 -39738.473   416.752     5.53   18.12
 -39361.705   424.444    20.42   21.10
 -38984.874   433.891    25.07   18.22
 -38607.981   440.938    18.70   13.52
 -38231.026   439.009    -5.12   15.19
 -37854.008   432.488   -17.29   16.53
 -37476.929   427.128   -14.21   16.92
 -37099.787   420.790   -16.81   20.77
 -36722.582   412.760   -21.29   21.78
 -36345.316   401.837   -28.95   20.98
 -35967.986   400.669    -3.10   18.80
 -35590.595   399.217    -3.85   18.84
 -35213.140   400.125     2.41   21.70
 -34835.624   401.978     4.91   20.85
 -34458.044   398.612    -8.92   18.04
 -34080.403   394.378   -11.21   14.15
 -33702.698   390.036   -11.50    9.05
 -33324.931   387.378    -7.04    7.87
 -32947.101   386.725    -1.73    7.35
 -32569.209   389.485     7.30    7.85
 -32191.254   394.694    13.78   10.80
 -31813.236   400.944    16.53   13.71
 -31435.155   409.518    22.68   15.32
 -31057.011   410.036     1.37   13.67
 -30678.805   406.987    -8.06   14.02
 -30300.535   402.112   -12.89   14.54
 -29922.203   401.792    -0.85   21.60
 -29543.807   407.508    15.11   26.87
 -29165.349   421.092    35.89   28.56
 -28786.828   430.076    23.73   23.35
 -28408.243   439.218    24.15    9.61
 -28029.596   440.098     2.32    7.79
 -27650.885   435.194   -12.95    9.88
 -27272.111   433.283    -5.05   10.05
 -26893.274   433.260    -0.06    8.70
 -26514.374   438.064    12.68   11.86
 -26135.411   447.606    25.18   13.59
 -25756.384   455.105    19.79    9.57
 -25377.294   458.057     7.79    6.85
 -24998.140   460.525     6.51    6.14
 -24618.924   462.632     5.56    6.20
 -24239.643   465.261     6.93    6.67
 -23860.300   465.485     0.59    6.90
 -23480.893   466.312     2.18    6.80
 -23101.422   467.900     4.19    5.79
 -22721.888   466.155    -4.60    6.56
 -22342.290   459.694   -17.02   11.87
 -21965.663   447.010   -33.68   19.63
 -21598.239   434.831   -33.15   19.95
 -21230.755   423.416   -31.06   15.46
 -20863.212   415.796   -20.73   11.68
 -20495.610   413.023    -7.54   11.68
 -20127.949   409.796    -8.78   10.56
 -19760.229   410.247     1.23   11.69
 -19392.449   416.530    17.08   13.62
 -19024.610   420.878    11.82   11.75
 -18656.712   423.837     8.04   15.20
 -18288.755   422.313    -4.14   17.34
 -17920.738   418.625   -10.02   18.68
 -17552.661   414.430   -11.40   20.87
 -17184.525   407.571   -18.63   20.03
 -16816.330   401.165   -17.40   24.81
 -16448.075   395.500   -15.38   29.31
 -16079.761   385.503   -27.14   33.57
 -15711.387   379.054   -17.50   35.52
 -15342.954   367.237   -32.07   34.52
 -14974.461   355.298   -32.40   28.29
 -14605.908   348.218   -19.21   24.11
 -14237.296   343.752   -12.12   23.47
 -13868.623   343.498    -0.69   27.61
 -13499.892   347.431    10.66   32.49
 -13131.100   356.122    23.56   34.97
 -12762.249   365.765    26.14   32.76
 -12393.338   376.277    28.49   23.06
 -12024.366   381.168    13.26   14.96
 -11655.336   373.150   -21.73   22.76
 -11286.245   358.458   -39.80   27.01
 -10917.094   341.006   -47.28   25.07
 -10547.883   328.992   -32.54   19.42
 -10178.612   322.512   -17.55   16.53
  -9809.282   321.192    -3.57   16.05
  -9439.891   322.536     3.64   14.33
  -9070.440   327.472    13.36   11.74
  -8700.929   333.814    17.16   11.19
  -8331.358   342.628    23.85   14.80
  -7961.726   356.859    38.50   17.53
  -7592.035   368.258    30.84   15.97
  -7222.283   381.045    34.58   13.07
  -6852.471   390.589    25.81   10.74
  -6482.599   398.391    21.09    8.60
  -6112.666   400.905     6.79    8.76
  -5742.673   394.605   -17.03   17.90
  -5372.619   380.431   -38.30   30.95
  -5002.505   357.234   -62.68   38.74
  -4632.331   331.258   -70.17   38.98
  -4262.096   303.519   -74.92   41.91
  -3891.801   275.694   -75.14   44.71
  -3521.445   251.378   -65.66   45.73
  -3151.029   236.681   -39.68   44.68
  -2780.552   229.929   -18.22   51.03
  -2410.014   224.658   -14.22   54.72
  -2039.416   209.497   -40.91   56.51
  -1668.757   177.405   -86.58   84.54
  -1298.037   113.027  -173.65  101.35
   -927.257    56.260  -153.10   87.02
   -556.416    12.468  -118.09   42.02
   -185.514    -1.022   -36.37    4.16
    185.449     3.125    11.18    6.84
    556.473    10.298    19.33   12.64
    927.557    21.441    30.03   16.75
   1298.703    37.054    42.07   18.47
   1669.910    58.677    58.25   26.32
   2041.177    82.672    64.63   32.94
   2412.506   116.040    89.86   37.33
   2783.895   146.068    80.85   32.59
   3155.346   168.891    61.44   24.18
   3526.858   183.257    38.67   13.26
   3898.431   187.087    10.31    6.50
   4270.065   184.657    -6.54    7.79
   4641.760   172.678   -32.23   19.00
   5013.516   159.434   -35.63   19.11
   5385.334   155.570   -10.39   16.01
   5757.213   160.351    12.86   19.93
   6129.154   176.457    43.30   22.99
   6501.156   190.137    36.77   18.05
   6873.219   199.891    26.22   15.00
   7245.343   210.406    28.25   12.54
   7617.529   218.277    21.15   13.09
   7989.777   224.448    16.58   11.96
   8362.086   225.528     2.90   10.31
   8734.457   225.601     0.20    9.20
   9106.889   228.087     6.67    9.34
   9479.383   232.992    13.17   11.84
   9851.938   239.685    17.97   12.43
  10224.555   242.997     8.89   11.47
  10597.234   244.512     4.07    9.38
  10969.974   244.313    -0.53    7.36
  11342.777   246.506     5.88    8.15
  11715.641   251.944    14.58   10.28
  12088.567   258.530    17.66   10.58
  12461.554   263.672    13.79    8.11
  12834.604   262.560    -2.98   10.06
  13207.715   251.677   -29.17   21.35
  13580.889   234.570   -45.84   26.80
  13954.124   221.237   -35.72   20.95
  14327.422   219.993    -3.33   18.38
  14700.781   229.096    24.38   22.32
  15074.203   242.066    34.73   18.62
  15447.687   250.742    23.23   10.23
  15821.232   251.912     3.13    8.67
  16194.840   254.631     7.28   10.49
  16568.511   258.641    10.73   13.39
  16942.243   270.314    31.23   18.83
  17316.038   285.326    40.16   18.84
  17689.895   299.053    36.72   16.52
  18063.814   308.458    25.15   10.68
  18437.796   312.534    10.90    7.13
  18811.840   310.201    -6.24    8.44
  19185.946   307.796    -6.43   10.93
  19560.115   305.671    -5.68   12.22
  19934.346   305.665    -0.01   12.59
  20308.640   307.041     3.68   12.07
  20682.997   309.006     5.25   10.49
  21057.416   312.608     9.62    8.22
  21431.898   314.963     6.29    7.52
  21806.442   319.105    11.06    5.99
  22181.049   319.570     1.24    7.46
  22555.718   317.605    -5.25   12.58
  22930.451   314.061    -9.46   17.56
  23305.246   305.891   -21.80   20.06
  23680.104   300.250   -15.05   18.73
  24055.025   297.586    -7.11   13.86
  24430.008   301.211     9.67   11.86
  24805.055   306.365    13.74   13.16
  25180.164   313.213    18.26   12.89
  25555.337   321.378    21.76   10.50
  25930.572   325.725    11.58    8.88
  26305.871   331.973    16.65   12.02
  26681.232   338.512    17.42   14.69
  27056.657   342.328    10.16   15.25
  27432.145   345.473     8.38   14.89
  27807.696   344.758    -1.91   13.84
  28183.310   343.379    -3.67   10.59
  28558.987   347.508    10.99    8.24
  28934.727   353.338    15.52    9.46
  29310.531   357.820    11.93    8.73
  29686.398   361.632    10.14    6.44
  30062.329   362.871     3.30    6.00
  30438.323   361.378    -3.97    9.26
  30814.380   359.796    -4.21   13.05
  31190.501   357.931    -4.96   15.71
  31566.685   355.417    -6.68   16.98
  31942.933   351.909    -9.32   16.82
  32319.244   345.770   -16.31   15.40
  32695.619   334.859   -28.99   18.53
  33072.057   324.681   -27.04   22.63
  33448.559   313.998   -28.37   22.76
  33825.125   305.845   -21.65   19.86
  34201.754   296.190   -25.64   16.29
  34578.447   285.284   -28.95   15.89
  34955.204   277.929   -19.52   15.02
  35332.025   278.629     1.86   17.51
  35708.910   292.170    35.93   26.66
  36085.858   309.460    45.87   23.39
  36462.870   324.250    39.23   13.74
  36839.947   333.245    23.86   15.26
  37217.087   341.593    22.14   16.16
  37594.291   348.010    17.01   13.47
  37971.560   345.755    -5.98   14.06
  38348.892   333.775   -31.75   21.28
  38726.288   321.289   -33.09   22.52
  39103.749   309.884   -30.22   12.86
  39481.274   307.170    -7.19   10.74
  39858.863   311.032    10.23   13.96
  40236.516   319.698    22.95   18.13
  40614.233   330.528    28.67   19.77
  40992.015   340.198    25.60   17.93
  41369.861   346.440    16.52   14.88
  41747.771   352.310    15.53    9.62
  42125.746   350.573    -4.60   10.11
  42503.785   347.737    -7.50    9.84
  42881.889   344.937    -7.41    9.77
  43260.057   337.794   -18.89    9.24
  43638.290   331.250   -17.30    9.76
  44016.587   327.944    -8.74    8.37
  44394.949   331.852    10.33   13.46
  44773.376   337.224    14.20   13.57
  45151.867   343.089    15.50    9.19
  45530.423   343.898     2.14    8.22
  45909.043   340.995    -7.67    8.94
  46287.729   340.833    -0.43   10.07
  46666.479   343.284     6.47   10.93
  47045.294   345.678     6.32   11.28
  47424.174   344.432    -3.29   14.14
  47803.118   341.871    -6.76   17.82
  48182.128   338.599    -8.63   18.12
  48561.203   335.981    -6.91   15.53
  48940.342   336.201     0.58   10.60
  49319.547   338.481     6.01    7.62
  49698.817   336.634    -4.87    7.84
  50078.151   333.595    -8.01    9.30
  50457.551   330.228    -8.88    8.83
  50837.017   325.940   -11.30    7.90
  51216.547   324.503    -3.79    7.61
  51596.142   324.982     1.26    9.19
  51975.803   329.963    13.12   11.10
  52355.529   335.391    14.30    8.61
  52735.321   336.235     2.22    7.35
  53102.700   335.418    -2.23    8.46
  53469.997   336.201     2.13   12.32
  53837.355   333.105    -8.43   14.14
  54204.773   328.947   -11.32   16.37
  54572.253   321.286   -20.85   14.28
  54939.792   316.891   -11.96    9.61
  55307.393   318.079     3.23   12.26
  55675.054   318.968     2.42   12.78
  56042.777   318.189    -2.12   15.27
  56410.560   311.128   -19.20   16.89
  56778.403   300.421   -29.11   14.11
  57146.308   292.828   -20.64   12.62
  57514.274   288.379   -12.09   12.88
  57882.301   290.677     6.24   18.53
  58250.388   293.608     7.96   22.53
  58618.537   292.287    -3.59   22.51
  58986.747   292.149    -0.38   19.40
  59355.017   291.778    -1.01   15.52
  59723.349   297.657    15.96   15.13
  60091.742   303.228    15.12   12.32
  60460.197   306.392     8.59   10.14
  60828.712   306.049    -0.93    9.56
  61197.289   304.596    -3.94   12.37
  61565.927   299.656   -13.40   15.34
  61934.626   295.125   -12.29   14.90
  62303.387   291.454    -9.96   13.01
  62672.208   287.457   -10.84   12.63
  63041.092   287.903     1.21   13.79
  63410.037   289.326     3.86   15.21
  63779.043   293.580    11.53   17.98
  64148.110   296.593     8.16   17.55
  64517.240   298.506     5.18   17.42
  64886.430   299.032     1.42   18.08
  65255.683   302.821    10.26   18.16
  65624.997   307.573    12.87   16.25
  65994.372   315.251    20.79   11.05
  66363.809   319.040    10.26    8.96
  66733.308   321.758     7.35    9.24
  67102.869   324.032     6.15    8.43
  67472.491   322.935    -2.97    7.73
  67842.176   318.651   -11.59    8.78
  68211.922   313.968   -12.67    9.84
  68581.730   310.102   -10.45    9.68
  68951.599   307.263    -7.68   10.18
  69321.531   307.274     0.03   10.09
  69691.525   307.490     0.58    8.23
  70061.580   305.190    -6.22    6.53
  70431.698   301.416   -10.20    9.25
  70801.878   296.196   -14.10   10.91
  71172.120   291.109   -13.74    9.69
  71542.423   290.681    -1.16    8.07
  71912.789   294.519    10.36    8.77
  72283.218   299.109    12.39    9.27
  72653.708   302.140     8.18    8.40
  73024.261   299.790    -6.34   12.37
  73394.876   292.211   -20.45   18.10
  73765.553   281.573   -28.70   18.01
  74136.292   269.070   -33.73   14.57
  74507.094   262.957   -16.49   12.20
  74877.959   258.638   -11.65    9.79
  75248.885   255.239    -9.16    9.68
  75619.875   249.803   -14.65   11.23
  75990.926   244.415   -14.52   14.55
  76362.041   237.622   -18.31   15.23
  76733.217   231.468   -16.58   15.58
  77104.457   224.442   -18.93   15.53
  77475.759   219.455   -13.43   12.40
  77847.123   216.547    -7.83    8.82
  78218.551   218.140     4.29    9.97
  78590.041   224.728    17.73   11.60
  78961.593   231.224    17.49   10.90
  79333.209   236.083    13.08    8.41
  79704.887   237.287     3.24    8.95
  80076.629   233.998    -8.85   13.45
  80448.433   227.508   -17.46   16.53
  80820.300   219.878   -20.52   17.24
  81192.230   213.137   -18.12   13.98
  81564.222   207.801   -14.35   10.14
  81936.278   206.968    -2.24    9.61
  82308.397   210.150     8.55   12.19
  82680.579   213.481     8.95   11.57
  83052.824   211.947    -4.12   11.20
  83425.133   207.378   -12.27   11.47
  83797.504   200.808   -17.64    8.95
  84169.939   198.239    -6.90    6.35
  84542.436   199.173     2.51    7.66
  84914.998   201.260     5.60    9.85
  85287.622   202.103     2.26   11.04
  85660.310   200.898    -3.23   11.71
  86033.061   198.783    -5.68   11.91
  86405.875   195.952    -7.59   11.87
  86778.753   191.820   -11.08   10.17
  87151.695   189.173    -7.10    6.93
  87524.699   187.915    -3.37    6.23
  87897.768   187.392    -1.40    6.95
  88270.900   186.723    -1.79    7.18
  88644.095   184.649    -5.56    6.06
  89017.354   183.378    -3.41    4.72
  89390.677   182.525    -2.28    3.47
  89764.064   181.707    -2.19    2.35
  90137.514   181.027    -1.82    1.90
  90511.028   180.640    -1.04    1.81
  90884.606   180.152    -1.31    1.73
  91258.247   180.015    -0.37    1.68
  91631.953   179.872    -0.38    1.57
  92005.722   180.211     0.91    1.80
  92379.555   181.237     2.74    2.32
  92753.452   181.732     1.32    3.07
  93127.414   182.263     1.42    3.29
  93501.439   182.428     0.44    3.82
  93875.528   181.931    -1.33    4.16
  94249.681   182.365     1.16    4.40
  94623.899   183.575     3.23    4.99
  94998.180   185.053     3.95    4.77
  95372.526   187.032     5.29    4.39
  95746.936   189.196     5.78    5.67
  96121.410   190.622     3.81    6.97
  96495.949   190.622     0.00    7.88
  96870.552   190.137    -1.29    7.79
  97245.219   189.239    -2.40    6.97
  97619.951   188.099    -3.04    6.39
  97994.747   188.300     0.54    6.64
  98369.607   187.765    -1.43    6.67
  98744.532   186.194    -4.19    4.99
  99119.521   184.903    -3.44    2.61
  99494.576   184.541    -0.96    1.82
  99869.694   184.729     0.50    2.70
 100244.877   185.155     1.14    3.33
 100620.125   185.278     0.33    2.93
 100995.438   184.487    -2.11    2.29
 101370.815   184.890     1.07    1.83
 101746.257   185.271     1.01    2.04
 102121.764   185.578     0.82    2.23
 102497.336   186.846     3.38    2.74
 102872.972   187.606     2.02    3.13
 103248.673   190.141     6.75    5.42
 103624.440   194.390    11.31   10.11
 104000.271   200.105    15.21   13.67
 104376.167   202.993     7.68   14.30
 104752.129   203.178     0.49   12.70
 105128.155   201.674    -4.00    8.81
 105504.246   202.390     1.90    6.48
 105880.403   207.391    13.30    9.19
 106256.625   216.615    24.52   11.37
 106632.912   224.898    22.01   10.94
 107009.264   233.302    22.33    8.19
 107385.681   236.125     7.50    5.74
 107762.164   234.150    -5.25    9.11
 108138.712   227.325   -18.13   13.61
 108515.325   220.612   -17.83   13.16
 108892.004   216.957    -9.70   10.37
 109268.748   216.653    -0.81    7.30
 109645.558   220.500    10.21    6.92
 110022.433   227.492    18.55    7.55
 110399.374   233.150    15.01    6.43
 110776.380   234.973     4.84    6.26
 111153.452   233.622    -3.58    9.14
 111530.590   229.578   -10.72   11.35
 111907.793   224.251   -14.12   10.85
 112285.062   220.953    -8.74    8.23
 112662.397   220.180    -2.05    5.62
 113039.797   221.682     3.98    6.06
 113417.263   227.125    14.42    7.94
 113794.796   232.122    13.24    7.41
 114172.394   235.790     9.72    5.05
 114550.058   235.694    -0.25    6.61
 114927.787   231.618   -10.79   10.21
 115305.583   226.023   -14.81   12.55
 115683.445   224.229    -4.75   12.93
 116061.373   223.784    -1.18   13.57
 116439.367   222.690    -2.89   13.93
 116817.427   219.418    -8.66   13.84
 117195.554   213.644   -15.27   11.36
 117573.746   208.884   -12.59    6.25
 117952.005   208.078    -2.13    3.78
 118330.330   211.519     9.10    5.09
 118708.721   215.852    11.45    5.33
 119087.179   220.492    12.26    4.93
 119465.703   224.596    10.84    4.96
 119844.294   228.624    10.64    5.01
 120222.950   231.942     8.76    5.14
 120601.674   234.970     8.00    4.60
 120980.464   236.973     5.29    4.95
 121359.320   239.674     7.13    6.30
 121738.243   241.649     5.21    6.93
 122117.233   243.935     6.03    6.92
 122496.289   246.909     7.85    6.78
 122875.412   250.590     9.71    6.29
 123254.602   254.263     9.69    6.43
 123633.858   258.429    10.99    6.81
 124013.181   261.796     8.88    6.49
 124392.571   263.568     4.67    6.64
 124772.028   263.266    -0.79    7.91
 125151.552   262.083    -3.12    8.24
 125531.143   262.240     0.41    6.86
 125910.801   262.018    -0.58    5.24
 126290.525   262.853     2.20    3.57
 126670.317   263.138     0.75    2.72
 127050.176   264.240     2.90    4.50
 127430.102   263.644    -1.57    6.85
 127800.720   261.278    -6.38    7.81
 128167.823   260.049    -3.35    6.94
 128534.988   260.340     0.79    6.42
 128902.215   261.592     3.41    6.61
 129269.505   264.947     9.14    7.79
 129636.857   270.734    15.75    8.59
 130004.271   275.452    12.84    8.71
 130371.747   280.730    14.37    8.12
 130739.286   281.884     3.14    8.16
 131106.887   279.825    -5.60   11.73
 131474.551   275.428   -11.96   13.28
 131842.276   270.937   -12.21   10.69
 132210.065   270.797    -0.38    9.23
 132577.916   273.183     6.49    9.07
 132945.829   274.715     4.16    9.64
 133313.805   273.950    -2.08   10.84
 133681.843   274.540     1.60   10.91
 134049.944   277.074     6.88   10.36
 134418.108   279.440     6.43    8.63
 134786.334   277.378    -5.60   10.93
 135154.623   269.078   -22.54   15.78
 135522.975   261.580   -20.36   16.73
 135891.390   251.740   -26.71   15.88
 136259.867   242.415   -25.31   15.98
 136628.408   234.168   -22.38   16.48
 136997.011   228.019   -16.68   16.34
 137365.677   215.429   -34.15   19.37
 137734.406   205.011   -28.26   21.03
 138103.197   193.365   -31.58   20.09
 138472.052   185.328   -21.79   14.67
 138840.970   182.871    -6.66   10.77
 139209.951   185.590     7.37   12.10
 139578.995   187.301     4.64   15.49
 139948.103   186.740    -1.52   17.69
 140317.273   185.150    -4.31   19.31
 140686.507   181.792    -9.10   19.63
 141055.803   175.109   -18.10   17.95
 141425.163   171.590    -9.53   16.12
 141794.587   171.664     0.20   19.68
 142164.074   177.711    16.37   25.47
 142533.624   184.612    18.68   28.67
 142903.237   188.390    10.22   29.54
 143272.914   191.063     7.23   27.80
 143642.654   181.453   -25.99   28.57
 144012.458   171.472   -26.99   26.91
 144382.325   160.723   -29.06   20.64
 144752.256   154.612   -16.52   12.93
 145122.251   157.427     7.61   14.40
 145492.309   164.879    20.14   14.13
 145862.431   171.686    18.39   12.10
 146232.616   178.149    17.46   11.16
 146602.865   183.563    14.62   11.74
 146973.178   189.089    14.92   11.49
 147343.555   190.736     4.45   10.16
 147713.995   186.365   -11.80   10.78
 148084.500   173.877   -33.71   18.42
 148455.068   157.649   -43.80   23.02
 148825.700   143.686   -37.68   19.84
 149196.396   136.589   -19.15   12.77
 149567.157   149.044    33.60   23.02
 149937.981   167.919    50.91   24.77
 150308.869   179.303    30.70   19.76
 150679.821   182.392     8.33   17.89
 151050.838   179.131    -8.79   16.98
 151421.918   178.681    -1.21   15.15
 151793.063   184.476    15.62   14.01
 152164.272   186.098     4.37   14.94
 152535.545   174.640   -30.87   26.71
 152906.883   157.514   -46.13   28.11
 153278.284   142.590   -40.19   23.03
 153649.751   135.261   -19.73   15.61
 154021.281   140.463    14.00   15.99
 154392.876   153.072    33.94   21.16
 154764.536   170.069    45.74   21.45
 155136.260   186.734    44.84   15.96
 155508.048   194.000    19.55   11.38
