# NaN NaN NaN ;Mean Elev.(m), Avg Gradient(m/km), RMS Gradient(m/km) - SRTM1     
#   -6.942  -4.991  35.752 ;Mean Elev.(m), Avg Gradient(m/km), RMS Gradient(m/km) - ASTER GDEM
#    9.003  -6.173  36.714 ;Mean Elev.(m), Avg Gradient(m/km), RMS Gradient(m/km) - GMTED2010 
 10     5.686 52567.49134811 28.57 127.514969  70.923323 13.094
 10     5.845 52567.49134876 32.87 127.510149  70.926273 13.094
 10     5.672 52567.49134940 27.49 127.505329  70.929233 13.094
 10     5.503 52567.49135005 25.53 127.500499  70.932183 13.094
 10     5.514 52567.49135069 26.15 127.495679  70.935133 13.094
 10     5.583 52567.49135134 28.32 127.490849  70.938093 13.094
 10     5.641 52567.49135198 33.42 127.486019  70.941043 13.094
 10     5.602 52567.49135262 27.48 127.481189  70.943993 13.094
 11     0.753 52602.49135099 14.15 127.516853  70.929642  4.905
 11     0.844 52602.49135164 14.19 127.512033  70.932602  4.905
 11     0.830 52602.49135228 15.37 127.507203  70.935552  4.905
 11     1.116 52602.49135293 14.23 127.502383  70.938512  4.905
 11     1.040 52602.49135357 13.89 127.497563  70.941462  4.905
 11     1.194 52602.49135422 13.31 127.492733  70.944412  4.905
 11     1.011 52602.49135486 13.60 127.487903  70.947372  4.905
 12     1.928 52637.49131899  8.60 127.512805  70.917191  5.262
 12     2.185 52637.49131963  8.80 127.507995  70.920141  5.262
 12     1.905 52637.49132028  9.71 127.503175  70.923101  5.262
 12     1.969 52637.49132092 10.09 127.498345  70.926051  5.262
 12     1.659 52637.49132157 11.78 127.493525  70.929001  5.262
 12     1.493 52637.49132221 12.10 127.488705  70.931961  5.262
 12     1.593 52637.49132286 12.81 127.483875  70.934911  5.262
 12     1.694 52637.49132350 11.00 127.479055  70.937861  5.262
 12     1.689 52637.49132414  9.95 127.474225  70.940821  5.262
 13     1.324 52672.49132292  6.90 127.516867  70.928474  3.822
 13     1.367 52672.49132356  7.18 127.512047  70.931434  3.822
 13     1.561 52672.49132421  7.72 127.507227  70.934384  3.822
 13     1.571 52672.49132485  8.07 127.502397  70.937344  3.822
 13     1.563 52672.49132550  7.04 127.497577  70.940294  3.822
 13     1.616 52672.49132614  6.83 127.492747  70.943244  3.822
 13     1.557 52672.49132679  7.04 127.487927  70.946204  3.822
 13     1.405 52672.49132743  6.39 127.483097  70.949154  3.822
 14     1.772 52707.49132584  6.53 127.511986  70.922165  3.812
 14     1.612 52707.49132648  6.64 127.507166  70.925115  3.812
 14     1.574 52707.49132713  7.11 127.502346  70.928065  3.812
 14     1.388 52707.49132777  7.79 127.497516  70.931025  3.812
 14     1.319 52707.49132842  8.48 127.492696  70.933975  3.812
 14     1.323 52707.49132906  8.07 127.487866  70.936935  3.812
 14     1.457 52707.49132971  6.95 127.483046  70.939885  3.812
 14     1.608 52707.49133035  6.44 127.478216  70.942835  3.812
 18   106.264 52847.49143246  6.44 127.503623  70.923808 10.887
 18    73.996 52847.49143311  4.32 127.498803  70.926768 10.887
 18    16.469 52847.49143375  6.08 127.493983  70.929718 10.887
 18    15.600 52847.49143440  6.47 127.489153  70.932668 10.887
 18    16.624 52847.49143504  6.72 127.484333  70.935628 10.887
 18    16.796 52847.49143569  7.28 127.479503  70.938578 10.887
 18    15.424 52847.49143633 10.94 127.474673  70.941528 10.887
 20     7.059 52917.49142626 10.27 127.523730  70.930062  4.057
 20     6.912 52917.49142690 10.21 127.518910  70.933012  4.057
 20     7.154 52917.49142755  9.27 127.514090  70.935962  4.057
 20     6.730 52917.49142819 10.46 127.509270  70.938922  4.057
 20    11.084 52917.49142884 10.81 127.504440  70.941872  4.057
 20     5.471 52917.49142948 11.12 127.499620  70.944832  4.057
 20     9.189 52917.49143013 10.31 127.494790  70.947782  4.057
 20    16.375 52917.49143077  9.86 127.489960  70.950732  4.057
 21     2.185 52952.49138641 22.15 127.511637  70.919335  8.934
 21     2.212 52952.49138706 22.48 127.506817  70.922295  8.934
 21     2.210 52952.49138770 20.60 127.501997  70.925245  8.934
 21     2.110 52952.49138835 22.39 127.497167  70.928195  8.934
 21     2.135 52952.49138899 22.22 127.492347  70.931155  8.934
 21     1.921 52952.49138964 23.64 127.487517  70.934105  8.934
 21     1.887 52952.49139028 23.84 127.482687  70.937055  8.934
 21     2.017 52952.49139093 21.88 127.477857  70.940015  8.934
 21     2.055 52952.49139157 22.22 127.473027  70.942965  8.934
 22     1.499 52987.49140096 12.96 127.520591  70.926673  4.544
 22     1.498 52987.49140160 12.90 127.515771  70.929623  4.544
 22     1.586 52987.49140225 13.91 127.510951  70.932583  4.544
 22     1.494 52987.49140289 14.41 127.506121  70.935533  4.544
 22     1.575 52987.49140354 14.06 127.501301  70.938483  4.544
 22     1.537 52987.49140418 14.19 127.496471  70.941443  4.544
 22     1.365 52987.49140482 13.65 127.491641  70.944393  4.544
 22     1.325 52987.49140547 13.38 127.486811  70.947343  4.544
 23     1.783 53022.49139053 11.48 127.519176  70.932831  4.266
 23     1.861 53022.49139118 11.34 127.514356  70.935781  4.266
 23     1.802 53022.49139182 12.41 127.509526  70.938731  4.266
 23     1.756 53022.49139247 12.69 127.504706  70.941691  4.266
 23     1.736 53022.49139311 11.96 127.499876  70.944641  4.266
 23     1.549 53022.49139376 11.96 127.495046  70.947601  4.266
 23     1.514 53022.49139440 11.99 127.490226  70.950551  4.266
 24     1.595 53057.49138172  8.26 127.516635  70.925273  3.450
 24     1.663 53057.49138236  8.40 127.511815  70.928223  3.450
 24     1.690 53057.49138301  8.21 127.506995  70.931183  3.450
 24     1.667 53057.49138365  8.59 127.502175  70.934133  3.450
 24     1.548 53057.49138430  8.88 127.497345  70.937093  3.450
 24     1.614 53057.49138494  8.87 127.492515  70.940043  3.450
 24     1.548 53057.49138559  8.27 127.487695  70.942993  3.450
 24     1.458 53057.49138623  7.78 127.482865  70.945953  3.450
 25     1.632 53092.49142047  6.44 127.517177  70.930433  3.173
 25     1.500 53092.49142112  6.76 127.512357  70.933383  3.173
 25     1.467 53092.49142176  7.54 127.507537  70.936343  3.173
 25     1.463 53092.49142241  7.87 127.502717  70.939293  3.173
 25     1.400 53092.49142305  7.28 127.497887  70.942243  3.173
 25     1.476 53092.49142370  6.91 127.493067  70.945203  3.173
 25     1.322 53092.49142434  6.07 127.488237  70.948153  3.173
 26     1.438 53127.49138997  7.44 127.514780  70.921172  3.414
 26     1.620 53127.49139061  7.65 127.509960  70.924132  3.414
 26     1.691 53127.49139126  7.53 127.505140  70.927082  3.414
 26     1.599 53127.49139190  7.36 127.500310  70.930032  3.414
 26     1.427 53127.49139255  8.36 127.495490  70.932992  3.414
 26     1.457 53127.49139319  7.31 127.490660  70.935942  3.414
 26     1.303 53127.49139383  7.34 127.485830  70.938892  3.414
 26     1.325 53127.49139448  6.43 127.481010  70.941852  3.414
 26     1.323 53127.49139512  5.99 127.476180  70.944802  3.414
 27    14.931 53162.49145402 19.65 127.515568  70.921802 30.698
 27    17.985 53162.49145466 20.73 127.510758  70.924752 30.698
 27    17.351 53162.49145531 22.63 127.505938  70.927712 30.698
 27    16.411 53162.49145595 23.66 127.501108  70.930662 30.698
 27    12.813 53162.49145724 28.36 127.491468  70.936572 30.698
 27    13.260 53162.49145788 29.52 127.486638  70.939522 30.698
 27    13.350 53162.49145853 31.78 127.481808  70.942472 30.698
 27    13.675 53162.49145917 33.79 127.476988  70.945432 30.698
 31     7.578 53302.49145422 28.28 127.510453  70.916838  8.443
 31     7.484 53302.49145486 31.00 127.505633  70.919798  8.443
 31     7.453 53302.49145551 29.98 127.500813  70.922748  8.443
 31     7.337 53302.49145615 30.88 127.495993  70.925708  8.443
 31     7.399 53302.49145680 35.92 127.491168  70.928655 14.196
 31     7.281 53302.49145744 35.90 127.486348  70.931615 14.196
 31     7.281 53302.49145809 29.99 127.481518  70.934565 14.196
 31     7.259 53302.49145873 29.85 127.476688  70.937515 14.196
 31     7.257 53302.49145938 30.95 127.471868  70.940475 14.196
 32     2.823 53337.49142575 16.49 127.518297  70.927532  3.750
 32     3.029 53337.49142640 17.59 127.513477  70.930492  3.750
 32     3.066 53337.49142704 19.13 127.508653  70.933443  6.316
 32     3.116 53337.49142769 19.08 127.503833  70.936403  6.316
 32     3.026 53337.49142833 19.03 127.499013  70.939353  6.316
 32     3.145 53337.49142897 18.05 127.494183  70.942303  6.316
 32     2.944 53337.49142962 17.25 127.489353  70.945263  6.316
 32     2.867 53337.49143026 16.26 127.484533  70.948213  6.316
 33     3.199 53372.49136163 12.41 127.525815  70.934826  3.466
 33     3.129 53372.49136227 13.20 127.520995  70.937783  3.982
 33     3.294 53372.49136292 12.49 127.516175  70.940733  3.982
 33     3.430 53372.49136356 13.03 127.511345  70.943693  3.982
 33     3.467 53372.49136420 11.60 127.506525  70.946643  3.982
 33     3.357 53372.49136485 10.61 127.501695  70.949603  3.982
 33     3.133 53372.49136549 10.65 127.496865  70.952553  3.982
 35     2.521 53442.49138521  7.69 127.521838  70.935829  3.352
 35     2.503 53442.49138585  7.45 127.517018  70.938779  3.352
 35     2.629 53442.49138650  7.38 127.512188  70.941739  3.352
 35     2.504 53442.49138714  7.56 127.507368  70.944689  3.352
 35     2.692 53442.49138779  6.45 127.502538  70.947649  3.352
 35     2.425 53442.49138843  6.79 127.497718  70.950599  3.352
 36     3.180 53477.49145433  5.00 127.512197  70.919497  2.729
 36     3.032 53477.49145497  4.69 127.507377  70.922457  2.729
 36     2.139 53477.49145561  6.13 127.502552  70.925408  3.521
 36     2.695 53477.49145626  5.62 127.497732  70.928368  3.521
 36     2.226 53477.49145690  6.07 127.492912  70.931318  3.521
 36     2.192 53477.49145755  5.79 127.488082  70.934268  3.521
 36     2.026 53477.49145819  6.24 127.483262  70.937228  3.521
 36     2.079 53477.49145884  4.98 127.478432  70.940178  3.521
 36     1.848 53477.49145948  4.92 127.473602  70.943128  3.521
 37     7.359 53512.49146697 28.13 127.514679  70.926072 13.021
 37     7.157 53512.49146762 27.26 127.509863  70.929026 18.247
 37     7.149 53512.49146826 23.84 127.505033  70.931976 18.247
 37     6.840 53512.49146891 21.41 127.500213  70.934936 18.247
 37     6.497 53512.49146955 23.12 127.495393  70.937886 18.247
 37     6.831 53512.49147020 22.06 127.490563  70.940846 18.247
 37     7.081 53512.49147084 25.99 127.485733  70.943796 18.247
 37     7.138 53512.49147149 32.62 127.480903  70.946746 18.247
 38    13.743 53547.49148454 14.06 127.518066  70.925960  4.199
 38    12.834 53547.49148518 10.42 127.513246  70.928918  4.796
 38    10.824 53547.49148583 10.49 127.508426  70.931868  4.796
 38    10.250 53547.49148647 10.00 127.503606  70.934828  4.796
 38    10.035 53547.49148712 11.61 127.498786  70.937778  4.796
 38    15.176 53547.49148776 11.87 127.493956  70.940738  4.796
 38    10.417 53547.49148841 17.21 127.489136  70.943688  4.796
 38    11.087 53547.49148905 15.58 127.484306  70.946638  4.796
 39     8.369 53582.49145413 10.38 127.519652  70.929203  4.360
 39     8.020 53582.49145477 11.58 127.514832  70.932153  4.360
 39     8.031 53582.49145542 11.07 127.510013  70.935106  3.739
 39     8.345 53582.49145606 10.59 127.505183  70.938056  3.739
 39     9.087 53582.49145671 10.26 127.500363  70.941016  3.739
 39    16.173 53582.49145735 10.39 127.495533  70.943966  3.739
 39    17.016 53582.49145800  9.78 127.490713  70.946926  3.739
 39    18.159 53582.49145864  9.31 127.485883  70.949876  3.739
 41     4.970 53652.49142741 13.69 127.514832  70.922334  3.759
 41     5.049 53652.49142805 13.70 127.510002  70.925294  3.759
 41     5.226 53652.49142870 13.74 127.505184  70.928243  3.278
 41     5.069 53652.49142934 13.85 127.500364  70.931203  3.278
 41     5.068 53652.49142999 13.25 127.495544  70.934153  3.278
 41     5.094 53652.49143063 12.35 127.490714  70.937103  3.278
 41     5.086 53652.49143127 13.11 127.485884  70.940063  3.278
 41    17.797 53652.49143192 12.25 127.481054  70.943013  3.278
 41    18.667 53652.49143256 11.61 127.476224  70.945963  3.278
 42     2.312 53687.49143002 21.32 127.517141  70.924500  4.764
 42     2.774 53687.49143067 21.28 127.512321  70.927450  4.764
 42     2.664 53687.49143131 23.08 127.507501  70.930410  4.764
 42     3.047 53687.49143196 25.37 127.502679  70.933360  8.150
 42     2.494 53687.49143260 26.56 127.497859  70.936320  8.150
 42     2.681 53687.49143325 25.12 127.493029  70.939270  8.150
 42     2.755 53687.49143389 25.00 127.488199  70.942220  8.150
 42     2.863 53687.49143454 24.86 127.483379  70.945180  8.150
 43     3.530 53722.49135683 12.01 127.526063  70.934389  7.698
 43     3.339 53722.49135747 13.21 127.521243  70.937346  4.888
 43     3.979 53722.49135811 13.32 127.516423  70.940296  4.888
 43     3.585 53722.49135876 13.34 127.511593  70.943256  4.888
 43     3.631 53722.49135940 13.95 127.506773  70.946206  4.888
 43     3.855 53722.49136005 13.11 127.501943  70.949166  4.888
 43     3.157 53722.49136069 12.38 127.497113  70.952116  4.888
 44     2.874 53757.49128902 11.18 127.515023  70.922289  5.170
 44     3.085 53757.49128967 11.38 127.510193  70.925249  5.170
 44     2.922 53757.49129031 11.61 127.505373  70.928194  4.384
 44     2.907 53757.49129096 12.32 127.500553  70.931154  4.384
 44     2.950 53757.49129160 12.11 127.495723  70.934104  4.384
 44     2.916 53757.49129225 12.31 127.490903  70.937064  4.384
 44     3.076 53757.49129289 12.23 127.486073  70.940014  4.384
 44     3.106 53757.49129354 11.02 127.481243  70.942964  4.384
 44     3.058 53757.49129418 10.23 127.476413  70.945924  4.384
 45     2.235 53792.49131436  8.59 127.518908  70.930746  3.052
 45     2.358 53792.49131500  8.60 127.514085  70.933698  3.370
 45     2.391 53792.49131565  8.73 127.509265  70.936648  3.370
 45     2.486 53792.49131629  8.85 127.504445  70.939608  3.370
 45     2.559 53792.49131694  7.84 127.499615  70.942558  3.370
 45     2.450 53792.49131758  8.39 127.494785  70.945518  3.370
 45     2.375 53792.49131823  7.69 127.489955  70.948468  3.370
 46     2.723 53827.49127936  6.79 127.509482  70.920428  6.129
 46     2.942 53827.49128001  5.92 127.504662  70.923388  6.129
 46     2.568 53827.49128258  6.47 127.485365  70.935198  3.208
 46     2.370 53827.49128323  6.95 127.480535  70.938148  3.208
 46     2.319 53827.49128387  6.92 127.475705  70.941108  3.208
 46     2.145 53827.49128452  5.98 127.470875  70.944058  3.208
 49     7.527 53932.49143593 11.09 127.515760  70.921565  4.020
 49     7.814 53932.49143658 10.97 127.510940  70.924525  4.020
 49     7.645 53932.49143722 11.75 127.506120  70.927475  4.020
 49     7.573 53932.49143787 12.87 127.501300  70.930425  4.020
 49     8.523 53932.49143851 12.97 127.496470  70.933385  4.020
 49     9.164 53932.49143916 14.62 127.491647  70.936335  3.824
 49    10.185 53932.49143980 14.30 127.486827  70.939295  3.824
 49     7.471 53932.49144045 17.49 127.481997  70.942245  3.824
 49    11.507 53932.49144109 18.32 127.477167  70.945195  3.824
 50     5.432 53967.49141078  9.98 127.516118  70.927133  3.835
 50     5.213 53967.49141143 10.83 127.511298  70.930083  3.835
 50     6.372 53967.49141207 11.11 127.506478  70.933043  3.835
 50     8.307 53967.49141272 12.21 127.501648  70.935993  3.835
 50     8.968 53967.49141336 11.64 127.496828  70.938953  3.835
 50    10.453 53967.49141401 11.95 127.492003  70.941901  4.109
 50    15.607 53967.49141465 10.37 127.487173  70.944861  4.109
 50    11.492 53967.49141530 12.01 127.482343  70.947811  4.109
 52     5.488 54037.49141390 18.41 127.513650  70.925189  7.362
 52     5.746 54037.49141454 18.59 127.508830  70.928139  7.362
 52     5.803 54037.49141519 20.00 127.504000  70.931099  7.362
 52     6.011 54037.49141583 20.59 127.499180  70.934049  7.362
 52     6.465 54037.49141648 20.70 127.494360  70.936999  7.362
 52     6.472 54037.49141712 24.78 127.489526  70.939960  7.352
 52     6.377 54037.49141777 22.02 127.484696  70.942910  7.352
 52     6.345 54037.49141841 20.81 127.479876  70.945860  7.352
 53     2.065 54072.49140855 15.51 127.517887  70.927586  5.623
 53     2.917 54072.49140920 15.55 127.513067  70.930536  5.623
 53     2.967 54072.49140984 15.99 127.508247  70.933496  5.623
 53     3.063 54072.49141049 15.61 127.503427  70.936446  5.623
 53     3.052 54072.49141113 15.29 127.498597  70.939406  5.623
 53     3.282 54072.49141178 14.53 127.493774  70.942359  3.967
 53     3.446 54072.49141242 13.71 127.488944  70.945309  3.967
 53     3.461 54072.49141307 13.93 127.484114  70.948259  3.967
 54     3.638 54107.49135928  8.74 127.522313  70.936244  4.168
 54     3.812 54107.49135992  8.04 127.517493  70.939194  4.168
 54     3.875 54107.49136056  8.28 127.512673  70.942154  4.168
 54     4.017 54107.49136121  8.17 127.507851  70.945106  3.113
 54     4.018 54107.49136185  7.20 127.503021  70.948066  3.113
 54     4.100 54107.49136250  7.07 127.498191  70.951016  3.113
 55     9.308 54142.49134273  2.70 127.513453  70.921759  9.127
 55     9.110 54142.49134337  3.04 127.508633  70.924709  9.127
 55    12.059 54142.49134402  2.38 127.503813  70.927669  9.127
 55    11.314 54142.49134466  1.96 127.498993  70.930619  9.127
 55    10.878 54142.49134531  2.06 127.494163  70.933569  9.127
 58    24.063 54247.49137938 33.96 127.515904  70.923915  6.549
 58    50.810 54247.49138003 29.65 127.511081  70.926870 21.475
 58    22.540 54247.49138067 29.73 127.506261  70.929830 21.475
 58    20.905 54247.49138132 30.32 127.501431  70.932780 21.475
 58    22.443 54247.49138196 27.59 127.496611  70.935730 21.475
 58    21.892 54247.49138261 26.49 127.491781  70.938690 21.475
 58    20.294 54247.49138325 27.69 127.486961  70.941640 21.475
 58    21.729 54247.49138390 25.53 127.482131  70.944590 21.475
 62     4.913 54387.49132654 44.88 127.516473  70.924677 13.811
 62     4.959 54387.49132719 47.35 127.511653  70.927637 13.811
 62     4.820 54387.49132783 38.48 127.506828  70.930587 13.493
 62     4.536 54387.49132848 32.43 127.502008  70.933547 13.493
 62     4.192 54387.49132912 30.98 127.497188  70.936497 13.493
 62     4.052 54387.49132977 29.45 127.492358  70.939447 13.493
 62     4.474 54387.49133041 26.85 127.487528  70.942407 13.493
 62     4.807 54387.49133106 30.06 127.482708  70.945357 13.493
 63     2.593 54422.49130298 11.72 127.522215  70.928622  4.396
 63     2.587 54422.49130363 11.67 127.517395  70.931572  4.396
 63     2.821 54422.49130427 11.33 127.512568  70.934526  3.557
 63     2.820 54422.49130492 11.76 127.507748  70.937476  3.557
 63     2.813 54422.49130556 12.58 127.502918  70.940436  3.557
 63     2.869 54422.49130621 12.60 127.498098  70.943386  3.557
 63     2.828 54422.49130685 11.43 127.493268  70.946346  3.557
 63     2.767 54422.49130750 11.24 127.488438  70.949296  3.557
 64     0.584 54457.49129949 11.97 127.513538  70.919011  4.567
 64     2.448 54457.49130013 11.48 127.508718  70.921961  4.567
 64     2.521 54457.49130077 11.26 127.503898  70.924921  4.567
 64     2.674 54457.49130142 11.78 127.499068  70.927876  3.898
 64     2.808 54457.49130206 11.16 127.494248  70.930826  3.898
 64     2.718 54457.49130271 13.12 127.489418  70.933776  3.898
 64     2.856 54457.49130335 12.72 127.484598  70.936736  3.898
 64     2.815 54457.49130400 12.62 127.479768  70.939686  3.898
 64     2.960 54457.49130464 10.63 127.474938  70.942636  3.898
 65     3.353 54492.49130602  5.31 127.519811  70.930099  4.846
 65     3.914 54492.49130667  5.75 127.514994  70.933053  3.836
 65     3.574 54492.49130731  5.44 127.510164  70.936013  3.836
 65     4.033 54492.49130796  5.23 127.505344  70.938963  3.836
 65     4.168 54492.49130860  4.51 127.500524  70.941913  3.836
 65     3.722 54492.49130925  5.41 127.495694  70.944873  3.836
 65     4.059 54492.49130989  4.19 127.490864  70.947823  3.836
 70    11.024 54667.49132777  6.96 127.518904  70.924807 12.545
 70    11.400 54667.49132842  7.84 127.514084  70.927767 12.545
 70    13.762 54667.49132906  7.91 127.509264  70.930717 12.545
 70    13.296 54667.49132971  7.99 127.504444  70.933677 12.545
 70    13.254 54667.49133035  8.25 127.499624  70.936627 12.545
 70    15.861 54667.49133100  8.10 127.494794  70.939577 12.545
 70    16.885 54667.49133164  9.42 127.489964  70.942537 12.545
 70    18.805 54667.49133229  8.70 127.485144  70.945487 12.545
 70    17.971 54667.49133293  8.75 127.480314  70.948437 12.545
 72     9.302 54737.49128790 26.91 127.514511  70.920167  4.357
 72     9.124 54737.49128855 26.73 127.509691  70.923117  4.357
 72     9.180 54737.49128919 28.02 127.504871  70.926067  4.357
 72     9.104 54737.49128984 28.33 127.500051  70.929027  4.357
 72     8.934 54737.49129048 28.94 127.495221  70.931977  4.357
 72     9.013 54737.49129113 28.29 127.490401  70.934927  4.357
 72     9.007 54737.49129177 27.38 127.485571  70.937887  4.357
 72     9.019 54737.49129242 26.21 127.480741  70.940837  4.357
 72     9.019 54737.49129306 25.68 127.475921  70.943797  4.357
 73     6.244 54772.49127612 12.91 127.518253  70.930656  7.034
 73     5.649 54772.49127676 16.51 127.513423  70.933606  7.034
 73     5.702 54772.49127741 13.39 127.508603  70.936556  7.034
 73     5.716 54772.49127805 12.40 127.503783  70.939516  7.034
 73     5.960 54772.49127869 12.50 127.498953  70.942466  7.034
 73     5.853 54772.49127934  9.35 127.494133  70.945416  7.034
 73     5.791 54772.49127998  8.55 127.489303  70.948376  7.034
 76     3.251 54877.49128418  4.37 127.514435  70.923606  4.410
 76     2.896 54877.49128482  5.32 127.509615  70.926566  4.410
 76     2.893 54877.49128546  5.40 127.504795  70.929516  4.410
 76     3.082 54877.49128611  5.36 127.499965  70.932466  4.410
 76     2.779 54877.49128675  6.29 127.495145  70.935426  4.410
 76     3.018 54877.49128740  4.57 127.490325  70.938376  4.410
 76     2.970 54877.49128804  4.39 127.485495  70.941326  4.410
 76     2.964 54877.49128869  3.09 127.480665  70.944286  4.410
 78   160.955 54947.49127781  1.83 127.505817  70.927585  2.150
 78   164.976 54947.49127846  0.50 127.500997  70.930535  2.150
 78   198.931 54947.49127910  0.45 127.496167  70.933485  2.150
 78   160.914 54947.49127975  0.05 127.491347  70.936445  2.150
 78   202.831 54947.49128039  0.04 127.486517  70.939395  2.150
 78   149.908 54947.49128104  0.06 127.481687  70.942355  2.150
 79    14.362 54982.49130248 36.49 127.518176  70.924268 21.862
 79    14.237 54982.49130313 37.91 127.513356  70.927218 21.862
 79    14.365 54982.49130377 42.01 127.508536  70.930178 21.862
 79    14.148 54982.49130442 38.32 127.503716  70.933128 21.862
 79    14.172 54982.49130506 38.16 127.498886  70.936078 21.862
 79    14.102 54982.49130571 37.83 127.494066  70.939038 21.862
 79    14.184 54982.49130635 39.11 127.489236  70.941988 21.862
 79    13.967 54982.49130699 35.30 127.484406  70.944948 21.862
 79    14.003 54982.49130764 33.38 127.479576  70.947898 21.862
 80     9.864 55017.49130189  9.47 127.517190  70.926467  4.700
 80     9.814 55017.49130254  9.66 127.512370  70.929427  4.700
 80     9.753 55017.49130318 10.10 127.507550  70.932377  4.700
 80     9.844 55017.49130383 10.84 127.502720  70.935337  4.700
 80     9.663 55017.49130447 12.00 127.497900  70.938287  4.700
 80    10.400 55017.49130512 12.20 127.493070  70.941237  4.700
 80    11.046 55017.49130576 13.08 127.488240  70.944197  4.700
 80    17.783 55017.49130641 11.42 127.483420  70.947147  4.700
 81     4.759 55052.49129778 16.13 127.516198  70.929365  5.047
 81     4.841 55052.49129842 17.42 127.511368  70.932315  5.047
 81     4.770 55052.49129907 17.52 127.506548  70.935265  5.047
 81     4.689 55052.49129971 17.64 127.501728  70.938225  5.047
 81     8.751 55052.49130036 16.84 127.496898  70.941175  5.047
 81     9.913 55052.49130100 16.25 127.492068  70.944125  5.047
 81    16.756 55052.49130165 15.13 127.487248  70.947085  5.047
 82     6.858 55087.49126161 49.89 127.520261  70.933943 18.897
 82     6.724 55087.49126225 49.06 127.515431  70.936893 18.897
 82     6.575 55087.49126290 50.77 127.510611  70.939843 18.897
 82     6.380 55087.49126354 50.99 127.505791  70.942803 18.897
 82     6.374 55087.49126419 50.63 127.500961  70.945753 18.897
 82     6.481 55087.49126483 49.97 127.496131  70.948703 18.897
 82     6.510 55087.49126548 48.38 127.491311  70.951663 18.897
 83     5.551 55122.49123186 35.78 127.514631  70.922888  8.573
 83     5.646 55122.49123251 24.40 127.509811  70.925838  8.573
 83     5.341 55122.49123315 23.27 127.504991  70.928798  8.573
 83     5.093 55122.49123380 24.78 127.500171  70.931748  8.573
 83     4.763 55122.49123444 24.44 127.495341  70.934698  8.573
 83     4.384 55122.49123509 26.35 127.490521  70.937658  8.573
 83     4.999 55122.49123573 24.49 127.485691  70.940608  8.573
 83     5.219 55122.49123638 23.06 127.480861  70.943558  8.573
 83     5.250 55122.49123702 21.58 127.476031  70.946518  8.573
 84     2.349 55157.49122160 14.56 127.517641  70.930655  6.179
 84     2.527 55157.49122224 14.94 127.512811  70.933605  6.179
 84     2.245 55157.49122288 16.24 127.507991  70.936555  6.179
 84     2.375 55157.49122353 16.25 127.503171  70.939515  6.179
 84     2.472 55157.49122417 15.46 127.498341  70.942465  6.179
 84     2.552 55157.49122482 14.60 127.493521  70.945415  6.179
 84     2.537 55157.49122546 14.15 127.488691  70.948375  6.179
 85     2.894 55192.49122145 12.24 127.510474  70.921240  6.570
 85     2.655 55192.49122210 12.98 127.505654  70.924190  6.570
 85     3.003 55192.49122274 12.04 127.500834  70.927140  6.570
 85     2.923 55192.49122339 13.37 127.496014  70.930100  6.570
 85     3.078 55192.49122403 14.00 127.491184  70.933050  6.570
 85     3.201 55192.49122468 14.83 127.486364  70.936000  6.570
 85     3.251 55192.49122532 14.64 127.481534  70.938960  6.570
 85     3.254 55192.49122597 13.83 127.476704  70.941910  6.570
 86     2.716 55227.49122236  8.21 127.521692  70.928754  4.330
 86     2.710 55227.49122300  8.66 127.516872  70.931704  4.330
 86     2.753 55227.49122365  8.60 127.512052  70.934654  4.330
 86     2.899 55227.49122429  9.25 127.507232  70.937614  4.330
 86     2.842 55227.49122494  8.96 127.502402  70.940564  4.330
 86     2.972 55227.49122558  9.26 127.497582  70.943514  4.330
 86     3.027 55227.49122623  7.93 127.492752  70.946474  4.330
 86     2.958 55227.49122687  7.13 127.487922  70.949424  4.330
 89     1.757 55332.49119691 36.52 127.518788  70.925617 25.732
 89     2.393 55332.49119756 33.50 127.513968  70.928577 25.732
 89     2.199 55332.49119820 31.89 127.509148  70.931527 25.732
 89     1.710 55332.49119884 30.20 127.504328  70.934487 25.732
 89     1.609 55332.49119949 29.45 127.499498  70.937437 25.732
 89     1.608 55332.49120013 31.01 127.494678  70.940387 25.732
 89     1.610 55332.49120078 31.84 127.489848  70.943347 25.732
 89     1.741 55332.49120142 35.54 127.485018  70.946297 25.732
 90    17.437 55367.49118940 14.79 127.520115  70.928071  4.666
 90    10.986 55367.49119004 14.99 127.515295  70.931021  4.666
 90    10.854 55367.49119069 13.95 127.510475  70.933971  4.666
 90    11.042 55367.49119133 14.42 127.505655  70.936931  4.666
 90    10.544 55367.49119198 14.71 127.500825  70.939881  4.666
 90    10.614 55367.49119262 14.67 127.496005  70.942831  4.666
 90    11.255 55367.49119327 13.96 127.491175  70.945791  4.666
 90    11.535 55367.49119391 13.88 127.486345  70.948741  4.666
 93     8.001 55472.49115716  9.14 127.525493  70.932341  3.609
 93     7.656 55472.49115781 10.39 127.520673  70.935301  3.609
 93     7.364 55472.49115845 11.37 127.515843  70.938251  3.609
 93     7.064 55472.49115910 10.85 127.511023  70.941201  3.609
 93     5.984 55472.49115974 10.28 127.506203  70.944161  3.609
 93     5.558 55472.49116038 10.61 127.501373  70.947111  3.609
 93     5.011 55472.49116103 10.21 127.496543  70.950061  3.609
