# NaN NaN NaN ;Mean Elev.(m), Avg Gradient(m/km), RMS Gradient(m/km) - SRTM1     
#  175.677   7.408  44.455 ;Mean Elev.(m), Avg Gradient(m/km), RMS Gradient(m/km) - ASTER GDEM
#  153.083   8.596  46.275 ;Mean Elev.(m), Avg Gradient(m/km), RMS Gradient(m/km) - GMTED2010 
  8   164.556 52478.55701189 28.79 114.289739  60.325094 12.186
  8   165.809 52478.55701253 25.58 114.287509  60.328264 12.186
  8   163.499 52478.55701318 27.80 114.285279  60.331434 12.186
 10   162.171 52548.55699748 38.31 114.287114  60.318322  7.022
 10   159.396 52548.55699812 45.16 114.284874  60.321492  7.022
 10   161.410 52548.55699877 47.07 114.282644  60.324652  7.022
 11   157.825 52583.55699579 37.96 114.294280  60.330462 25.023
 11   158.579 52583.55699644 40.29 114.292040  60.333622 25.023
 12   169.760 52618.55697124  4.97 114.296653  60.330701 11.439
 12   169.328 52618.55697188  4.42 114.294423  60.333861 11.439
 12   169.277 52618.55697253  5.31 114.292193  60.337031 11.439
 15   163.479 52723.55699250  3.00 114.293335  60.326074 12.911
 15   165.126 52723.55699314  2.37 114.291094  60.329242 10.757
 15   167.795 52723.55699379  2.07 114.288864  60.332412 10.757
 18   160.859 52828.55703381 34.95 114.291844  60.323261 13.491
 18   160.286 52828.55703446 32.97 114.289614  60.326421 13.491
 18   160.273 52828.55703510 32.89 114.287370  60.329586  7.370
 19   168.283 52863.55707972  7.78 114.292872  60.329129  5.997
 19   169.248 52863.55708036  8.43 114.290631  60.332296 14.990
 20   221.573 52898.55710903  8.77 114.294317  60.328743  4.345
 20   236.818 52898.55710967  8.49 114.292081  60.331913  7.614
 20   262.594 52898.55711032  8.57 114.289851  60.335083  7.614
 21   161.551 52933.55705460 45.59 114.297348  60.332706 21.360
 21   161.445 52933.55705525 43.28 114.295118  60.335876 21.360
 21   161.013 52933.55705589 41.39 114.292878  60.339036 21.360
 22   161.034 52968.55706323 29.45 114.289922  60.323181 14.403
 22   162.332 52968.55706388 39.98 114.287692  60.326351 14.403
 22   161.864 52968.55706452 24.65 114.285452  60.329511 14.403
 23   162.647 53003.55708491 21.88 114.290797  60.323268  9.520
 23   165.472 53003.55708556 21.41 114.288567  60.326428  9.520
 23   164.825 53003.55708620  5.79 114.286332  60.329595  7.420
 27   169.145 53143.55707211 26.36 114.291293  60.321668 11.803
 27   168.409 53143.55707275 29.78 114.289053  60.324838 11.803
 27   168.937 53143.55707340 28.04 114.286823  60.327998 11.803
 28   169.305 53178.55709198 39.70 114.295626  60.326919  9.008
 28   168.466 53178.55709263 45.10 114.293396  60.330089  9.008
 28   168.762 53178.55709327 37.81 114.291156  60.333249  9.008
 29   165.715 53213.55711354  8.57 114.290227  60.329364  3.017
 29   175.954 53213.55711419 18.72 114.287992  60.332533 16.016
 30   163.660 53248.55708300  6.66 114.298440  60.331462 10.749
 30   167.092 53248.55708365  7.91 114.296210  60.334632 10.749
 30   169.452 53248.55708429  8.04 114.293970  60.337802 10.749
 32   161.854 53318.55707054 28.25 114.294686  60.327006 15.001
 32   161.809 53318.55707119 30.15 114.292446  60.330176 15.001
 32   159.737 53318.55707183 32.28 114.290216  60.333346 15.001
 36   167.970 53458.55703979  0.13 114.291598  60.322826  7.302
 36   168.174 53458.55704044  1.10 114.289368  60.325986  7.302
 36   168.076 53458.55704108  0.85 114.287125  60.329151  9.547
 37   167.931 53493.55712473 20.95 114.288316  60.319865 24.923
 37   168.061 53493.55712537 23.18 114.286086  60.323025 24.923
 37   163.335 53493.55712602 23.01 114.283848  60.326194 15.899
 40   162.499 53598.55707527 27.47 114.298671  60.334786 10.173
 40   162.583 53598.55707591 27.94 114.296441  60.337946 10.173
 40   162.430 53598.55707656 27.40 114.294201  60.341116 10.173
 42   159.830 53668.55709122 39.42 114.289836  60.323521 19.550
 42   160.854 53668.55709186 41.65 114.287596  60.326691 19.550
 42   160.538 53668.55709251 42.81 114.285362  60.329858 14.100
 43   163.119 53703.55703454 13.40 114.299347  60.333304  9.757
 43   160.632 53703.55703518 13.60 114.297107  60.336464  9.757
 43   161.085 53703.55703582 13.51 114.294875  60.339632 13.278
 44   169.586 53738.55694578  1.23 114.303484  60.344178  9.545
 44   170.982 53738.55694643  1.15 114.301254  60.347348  9.545
 49   165.714 53913.55706749 28.71 114.288081  60.323100 10.127
 49   165.517 53913.55706813 28.04 114.285851  60.326270 10.127
 49   172.015 53913.55706878 26.86 114.283611  60.329440 10.127
 50   159.340 53948.55707994 42.39 114.291260  60.321861 10.979
 50   159.709 53948.55708058 42.26 114.289028  60.325034 12.607
 50   159.470 53948.55708123 44.45 114.286798  60.328194 12.607
 51   167.919 53983.55702198  6.52 114.297142  60.332173  7.311
 51   167.814 53983.55702263  9.85 114.294912  60.335333  7.311
 51   171.558 53983.55702327 10.33 114.292672  60.338503  7.311
 52   160.997 54018.55705172 26.14 114.289952  60.322670 21.120
 52   160.716 54018.55705237 24.79 114.287712  60.325830 21.120
 52   160.622 54018.55705301 23.06 114.285482  60.329000 21.120
 54   166.179 54088.55703721  5.81 114.296881  60.332868 10.453
 54   161.905 54088.55703786  6.93 114.294651  60.336028 10.453
 54   166.756 54088.55703850  7.06 114.292411  60.339198 10.453
 58   166.231 54228.55701265 45.54 114.291788  60.327321  8.542
 58   165.968 54228.55701330 45.11 114.289558  60.330491  8.542
 58   164.731 54228.55701394 48.16 114.287318  60.333651  8.542
 59   169.122 54263.55703086 21.48 114.293627  60.325680 12.610
 59   168.916 54263.55703151 20.85 114.291387  60.328850 12.610
 59   168.499 54263.55703215 20.99 114.289157  60.332010 12.610
 60   161.207 54298.55703577 25.10 114.293055  60.328765  6.620
 60   161.105 54298.55703642 24.02 114.290815  60.331935  6.620
 61   159.552 54333.55702589 18.91 114.298160  60.330258 10.061
 61   159.567 54333.55702654 18.24 114.295930  60.333418 10.061
 61   159.682 54333.55702718 17.82 114.293690  60.336588 10.061
 63   159.795 54403.55696917 34.04 114.295556  60.329149 22.118
 63   160.508 54403.55696982 37.19 114.293326  60.332309 22.118
 63   159.781 54403.55697046 41.69 114.291086  60.335479 22.118
 65   159.688 54473.55695479 10.69 114.292781  60.326794  9.883
 65   160.662 54473.55695544 10.50 114.290551  60.329954  9.883
 65   159.318 54473.55695608 11.60 114.288321  60.333124  9.883
 68   159.674 54578.55693846  6.14 114.292445  60.324786  7.425
 68   160.051 54578.55693911  5.51 114.290215  60.327956  7.425
 68   160.728 54578.55693975  5.52 114.287975  60.331116  7.425
 71   163.956 54683.55696744 35.55 114.295675  60.331068  6.427
 71   165.763 54683.55696809 31.30 114.293445  60.334238  6.427
 71   164.967 54683.55696873 37.01 114.291215  60.337408  6.427
 73   165.461 54753.55693976 20.28 114.291370  60.327204 19.910
 73   167.514 54753.55694041 20.63 114.289130  60.330374 19.910
 74   163.262 54788.55690467 19.98 114.287021  60.321786 13.461
 74   165.967 54788.55690532 23.32 114.284781  60.324956 13.461
 74   165.612 54788.55690596 18.90 114.282551  60.328116 13.461
 80   167.896 54998.55695696 40.90 114.293197  60.325958 17.211
 80   167.761 54998.55695760 39.06 114.290967  60.329128 17.211
 80   167.551 54998.55695825 40.64 114.288727  60.332298 17.211
 81   166.928 55033.55694512 38.40 114.292894  60.323351 13.514
 81   164.988 55033.55694577 40.33 114.290654  60.326521 13.514
 81   164.929 55033.55694641 34.16 114.288424  60.329681 13.514
 82   165.082 55068.55693525 27.32 114.297113  60.332555 11.461
 82   165.578 55068.55693590 30.73 114.294883  60.335725 11.461
 82   165.826 55068.55693654 29.15 114.292653  60.338895 11.461
 84   158.035 55138.55688133 36.37 114.293204  60.327742 16.361
 84   158.960 55138.55688198 37.27 114.290964  60.330912 16.361
 84   158.325 55138.55688262 35.52 114.288734  60.334082 16.361
 85   164.279 55173.55684102  7.30 114.287764  60.320935  9.970
 85   164.031 55173.55684167  7.14 114.285531  60.324101  7.053
 85   164.654 55173.55684231  6.57 114.283291  60.327271  7.053
 86   165.334 55208.55687584  2.41 114.292238  60.325881  6.092
 86   163.395 55208.55687648  3.18 114.289998  60.329051  6.092
 86   169.268 55208.55687713  2.77 114.287768  60.332221  6.092
 87   167.948 55243.55684553  1.93 114.289517  60.320202  8.567
 87   168.625 55243.55684618  2.88 114.287282  60.323367  9.350
 87   167.951 55243.55684682  2.89 114.285052  60.326537  9.350
 89   161.816 55313.55683270 18.33 114.293137  60.324702 14.470
 89   160.479 55313.55683334 18.28 114.290907  60.327862 14.470
 89   159.599 55313.55683399 18.41 114.288667  60.331032 14.470
 90   165.232 55348.55684080 25.65 114.296561  60.329149 12.261
 90   166.024 55348.55684145 24.09 114.294321  60.332319 12.261
 90   174.625 55348.55684209 23.26 114.292091  60.335479 12.261
 91   166.099 55383.55683076 45.14 114.289039  60.322525 17.179
 91   165.884 55383.55683141 48.34 114.286799  60.325695 17.179
 91   165.973 55383.55683205 47.30 114.284569  60.328865 17.179
 92   161.234 55418.55685901 43.36 114.293565  60.324851 13.911
 92   161.386 55418.55685966 43.50 114.291325  60.328021 13.911
 92   161.450 55418.55686030 43.07 114.289095  60.331191 13.911
 93   162.042 55453.55683983 20.32 114.299203  60.331512  9.675
 93   161.954 55453.55684048 19.94 114.296963  60.334682  9.675
 93   162.325 55453.55684112 19.42 114.294733  60.337852  9.675
 94   158.658 55488.55676177 42.73 114.300878  60.338902 14.794
 94   159.776 55488.55676241 44.72 114.298638  60.342072 14.794
 94   159.575 55488.55676306 46.91 114.296408  60.345232 14.794
