# NaN NaN NaN ;Mean Elev.(m), Avg Gradient(m/km), RMS Gradient(m/km) - SRTM1     
#  190.586 -13.867  38.211 ;Mean Elev.(m), Avg Gradient(m/km), RMS Gradient(m/km) - ASTER GDEM
#  127.613 -13.527  35.566 ;Mean Elev.(m), Avg Gradient(m/km), RMS Gradient(m/km) - GMTED2010 
 10   145.016 52562.12094967 21.62 121.855067  60.566990  7.983
 10   126.395 52562.12095031 21.66 121.852797  60.563830  7.983
 10   123.981 52562.12095096 21.77 121.850537  60.560660  7.983
 12   117.364 52632.12090762 10.50 121.854577  60.566240 10.158
 12   117.682 52632.12090826 11.15 121.852317  60.563070 10.158
 12   117.158 52632.12090891 11.67 121.850047  60.559910 10.158
 13   120.866 52667.12092750  3.39 121.845749  60.567067 13.870
 13   122.541 52667.12092814  3.07 121.843489  60.563897 13.870
 13   121.807 52667.12092879  2.47 121.841219  60.560737 13.870
 14   121.066 52702.12089738  3.35 121.865044  60.566635  6.130
 14   117.028 52702.12089802  4.35 121.862774  60.563465  6.130
 14   117.428 52702.12089866  4.21 121.860514  60.560305  6.130
 16   124.092 52772.12090961 18.41 121.837100  60.563195 16.091
 16   119.915 52772.12091025 18.10 121.834840  60.560025 16.091
 17   122.814 52807.12096324 41.43 121.855373  60.566986 17.034
 17   122.460 52807.12096388 41.05 121.853103  60.563826 17.034
 17   122.961 52807.12096452 42.15 121.850843  60.560656 17.034
 20   118.688 52912.12101941 19.01 121.847376  60.566777 10.387
 20   118.063 52912.12102005 13.47 121.845106  60.563617 10.387
 20   116.940 52912.12102070 14.29 121.842846  60.560447 10.387
 21   117.206 52947.12097550 23.88 121.866886  60.567686 18.307
 21   116.852 52947.12097614 31.51 121.864616  60.564516 18.307
 21   116.919 52947.12097679 36.06 121.862356  60.561356 18.307
 28   139.026 53192.12104321  9.95 121.852460  60.567462  4.177
 28   131.500 53192.12104385  9.22 121.850200  60.564302  4.177
 28   126.914 53192.12104449  8.49 121.847940  60.561142  4.177
 29   121.498 53227.12104487 26.64 121.847627  60.566082 11.017
 29   121.381 53227.12104551 27.22 121.845367  60.562922 11.017
 29   120.891 53227.12104616 27.31 121.843107  60.559752 11.017
 30   122.586 53262.12101860 10.39 121.833787  60.566250 14.132
 30   121.412 53262.12101925  7.29 121.831527  60.563090 14.132
 30   127.293 53262.12101989  4.12 121.829267  60.559920 14.132
 31   125.069 53297.12105398  6.33 121.844349  60.567400  8.634
 31   123.180 53297.12105462  6.61 121.842089  60.564240  8.634
 31   120.456 53297.12105527  6.80 121.839819  60.561080  8.634
 38   125.363 53542.12107820 30.83 121.843306  60.566615 10.048
 38   126.155 53542.12107884 28.22 121.841046  60.563455 10.048
 38   126.556 53542.12107949 28.37 121.838786  60.560285 10.048
 39   124.986 53577.12106559 44.38 121.840079  60.567672 14.635
 39   120.813 53577.12106624 47.33 121.837819  60.564512 14.635
 39   126.303 53577.12106688 41.29 121.835559  60.561342 14.635
 40   122.291 53612.12101821 12.10 121.834062  60.566150  8.450
 40   120.573 53612.12101886  6.77 121.831802  60.562980  8.450
 40   119.968 53612.12101950  6.88 121.829532  60.559820  8.450
 41   118.119 53647.12102187 22.90 121.857889  60.568326 12.725
 41   116.528 53647.12102251 34.73 121.855629  60.565166 12.725
 41   117.465 53647.12102316 36.97 121.853359  60.561996 12.725
 43   130.090 53717.12096559  4.61 121.843781  60.567991  9.192
 43   132.817 53717.12096623  3.51 121.841521  60.564831  9.192
 43   124.128 53717.12096688  4.11 121.839261  60.561661  9.192
 50   124.675 53962.12101925 20.99 121.834764  60.566359  9.363
 50   123.723 53962.12101989 20.84 121.832504  60.563189  9.363
 50   124.557 53962.12102054 20.50 121.830234  60.560029  9.363
 51   180.482 53997.12096191  5.88 121.867783  60.567370  9.003
 51   180.392 53997.12096256  3.97 121.865513  60.564210  9.003
 51   180.816 53997.12096320  5.39 121.863253  60.561050  9.003
 52   123.686 54032.12101420 27.93 121.855626  60.565814 23.365
 52   124.226 54032.12101484 25.55 121.853356  60.562644 23.365
 53   129.163 54067.12100828  6.95 121.847338  60.566766 15.021
 53   125.393 54067.12100893  4.91 121.845078  60.563606 15.021
 53   124.784 54067.12100957  5.96 121.842808  60.560446 15.021
 54   121.417 54102.12096916  3.43 121.837875  60.566427  7.143
 54   122.015 54102.12096981  2.84 121.835605  60.563257  7.143
 54   121.796 54102.12097045  3.58 121.833345  60.560097  7.143
 59   128.119 54277.12098763 23.24 121.850073  60.568981  8.885
 59   127.945 54277.12098827 16.19 121.847813  60.565821  8.885
 59   127.341 54277.12098892 13.85 121.845543  60.562651  8.885
 60   124.051 54312.12098862 27.26 121.849540  60.568112  9.348
 60   124.089 54312.12098927 29.41 121.847270  60.564952  9.348
 60   124.032 54312.12098991 30.51 121.845010  60.561782  9.348
 61   117.481 54347.12096130 12.70 121.841137  60.569401  7.458
 61   138.492 54347.12096194 11.63 121.838877  60.566231  7.458
 61   126.475 54347.12096259  5.41 121.836607  60.563071  7.458
 61   125.387 54347.12096323  4.13 121.834347  60.559901  7.458
 62   123.277 54382.12092548 25.92 121.855152  60.568504  8.395
 62   121.082 54382.12092612 27.35 121.852882  60.565344  8.395
 62   122.023 54382.12092676 25.03 121.850622  60.562174  8.395
 65   126.003 54487.12090840  1.79 121.846965  60.564585  8.780
 65   141.927 54487.12090904  2.51 121.844705  60.561415  8.780
 70   121.324 54662.12092761  9.71 121.847419  60.567747  4.531
 70   120.513 54662.12092826 10.54 121.845159  60.564577  4.531
 70   120.463 54662.12092890  9.37 121.842889  60.561417  4.531
 71   123.469 54697.12090338 42.06 121.842463  60.567033 14.914
 71   122.801 54697.12090403 45.48 121.840193  60.563873 14.914
 71   122.736 54697.12090467 44.97 121.837933  60.560713 14.914
 73   119.995 54767.12088261 24.23 121.847500  60.567133 19.632
 73   122.472 54767.12088326 23.32 121.845240  60.563973 19.632
 73   121.875 54767.12088390 33.62 121.842970  60.560803 19.632
 74   119.479 54802.12087798 19.67 121.853794  60.566845 16.096
 74   118.028 54802.12087862 17.48 121.851534  60.563675 16.096
 74   118.207 54802.12087926 17.16 121.849264  60.560515 16.096
 75   118.087 54837.12087517 10.65 121.846617  60.565948 11.511
 75   118.249 54837.12087581 11.10 121.844357  60.562788 11.511
 75   118.352 54837.12087645 10.82 121.842087  60.559618 11.511
 77   132.707 54907.12088267  3.89 121.838788  60.568990  8.027
 77   123.583 54907.12088331  1.75 121.836528  60.565830  8.027
 77   123.721 54907.12088396  2.27 121.834268  60.562660  8.027
 77   121.440 54907.12088460  1.07 121.832008  60.559500  8.027
 80   127.830 55012.12090564 15.38 121.845405  60.567020  8.809
 80   124.766 55012.12090628 11.75 121.843145  60.563860  8.809
 80   123.934 55012.12090693 10.10 121.840875  60.560690  8.809
 82   126.595 55082.12086961 26.81 121.838894  60.567314 12.273
 82   120.507 55082.12087026 26.91 121.836624  60.564154 12.273
 82   120.085 55082.12087090 26.41 121.834364  60.560984 12.273
 83   121.112 55117.12082928 40.78 121.854677  60.567656 11.852
 83   123.011 55117.12082992 47.16 121.852407  60.564496 11.852
 83   123.998 55117.12083057 40.49 121.850147  60.561326 11.852
 84   122.441 55152.12082758 17.08 121.844513  60.566980 19.807
 84   123.705 55152.12082823 15.82 121.842253  60.563820 19.807
 84   122.593 55152.12082887 13.85 121.839993  60.560660 19.807
 85   120.674 55187.12081630  8.51 121.853119  60.565908  8.708
 85   121.011 55187.12081695  7.91 121.850859  60.562738  8.708
 86   139.417 55222.12082606  2.64 121.845048  60.567467  7.548
 86   127.207 55222.12082671  2.88 121.842788  60.564307  7.548
 86   122.865 55222.12082735  2.87 121.840518  60.561137  7.548
 87   134.300 55257.12081222  1.09 121.852477  60.567495  6.709
 87   133.427 55257.12081286  1.50 121.850217  60.564325  6.709
 87   124.396 55257.12081351  0.49 121.847957  60.561165  6.709
 88   127.514 55292.12081400  0.23 121.840108  60.568549  5.591
 88   125.044 55292.12081464  0.11 121.837848  60.565389  5.591
 88   122.250 55292.12081529  0.24 121.835588  60.562229  5.591
 88   119.628 55292.12081593  1.24 121.833328  60.559059  5.591
 91   147.487 55397.12079969  9.86 121.854179  60.568169  6.404
 91   128.582 55397.12080033  7.53 121.851909  60.565009  6.404
 91   119.003 55397.12080098  9.44 121.849649  60.561839  6.404
 92   121.428 55432.12080789 10.74 121.849044  60.566056  3.772
 92   120.748 55432.12080853 10.58 121.846784  60.562896  3.772
 92   121.597 55432.12080918  9.81 121.844524  60.559736  3.772
