-270499.672   620.122     0.00   19.77
-270124.985   635.902    42.11   25.67
-269750.240   651.439    41.45   20.64
-269375.440   660.777    24.91   15.00
-269000.583   663.673     7.73   11.50
-268625.669   659.978    -9.85   11.65
-268250.699   653.207   -18.06   11.23
-267875.672   650.194    -8.03   10.28
-267500.588   652.444     6.00   11.56
-267125.448   657.503    13.48   12.31
-266750.251   661.320    10.17    9.67
-266374.998   660.109    -3.23   10.77
-265999.688   651.940   -21.76   14.70
-265624.321   640.550   -30.34   14.29
-265248.897   628.438   -32.25   13.37
-264873.416   617.662   -28.69   11.79
-264497.879   609.502   -21.72    9.48
-264122.284   605.720   -10.07    6.75
-263746.633   610.089    11.63   11.32
-263370.925   619.504    25.05   15.24
-262995.160   630.071    28.11   14.10
-262619.338   639.064    23.92    8.87
-262243.459   642.152     8.21    6.76
-261867.523   642.024    -0.34    7.80
-261491.530   641.447    -1.54    8.67
-261115.480   643.319     4.98    9.77
-260739.373   646.064     7.30    8.51
-260363.208   647.263     3.19    6.90
-259986.987   644.593    -7.10    9.08
-259610.708   635.954   -22.95   12.94
-259234.372   628.486   -19.84   11.04
-258857.979   625.583    -7.71    9.84
-258481.529   624.950    -1.68    9.69
-258105.021   624.194    -2.01    8.60
-257728.456   617.888   -16.74   12.40
-257351.834   607.569   -27.39   15.72
-256975.154   593.897   -36.29   16.34
-256598.417   580.416   -35.78   15.62
-256221.622   567.791   -33.50   12.75
-255844.770   560.771   -18.62    7.81
-255467.861   561.652     2.34    8.58
-255090.894   569.206    20.03   13.21
-254713.869   579.317    26.81   14.07
-254336.787   588.662    24.78    9.55
-253959.647   592.573    10.37    6.16
-253582.450   591.178    -3.70    7.92
-253205.195   586.701   -11.86    8.84
-252827.883   582.564   -10.96    7.54
-252450.512   581.373    -3.16    5.73
-252073.084   582.825     3.85    4.07
-251695.599   585.559     7.24    3.95
-251318.055   589.441    10.28    5.13
-250940.454   594.588    13.63    8.78
-250562.795   601.822    19.15   11.65
-250185.078   606.280    11.80    9.67
-249807.303   609.708     9.07   10.13
-249429.470   613.830    10.91   15.71
-249051.579   617.833    10.59   20.91
-248673.631   622.137    11.39   23.97
-248295.624   620.757    -3.65   23.22
-247917.559   616.458   -11.37   18.95
-247539.436   614.320    -5.65   15.05
-247161.256   617.708     8.96   14.39
-246783.017   628.264    27.90   17.30
-246404.720   645.821    46.40   25.35
-246026.364   665.743    52.64   27.12
-245647.951   680.138    38.03   28.96
-245269.479   691.517    30.06   35.43
-244890.949   698.290    17.89   37.33
-244512.361   698.722     1.14   35.26
-244133.715   699.099     1.00   35.80
-243755.010   698.400    -1.84   38.03
-243376.247   698.264    -0.36   41.81
-242997.425   703.771    14.53   38.03
-242618.545   707.971    11.08   38.43
-242239.607   703.920   -10.69   38.99
-241860.610   696.728   -18.97   39.45
-241481.555   691.624   -13.46   33.63
-241102.441   683.165   -22.31   33.13
-240723.269   666.472   -44.02   43.78
-240345.981   635.208   -82.85   54.88
-239978.052   601.588   -91.36   53.10
-239610.068   568.496   -89.91   45.62
-239242.029   542.722   -70.02   38.95
-238873.936   518.893   -64.72   33.54
-238505.787   502.402   -44.78   29.15
-238137.584   483.879   -50.30   29.45
-237769.326   470.592   -36.07   29.37
-237401.013   455.797   -40.16   26.15
-237032.645   447.124   -23.54   22.33
-236664.222   441.208   -16.06   21.89
-236295.744   439.318    -5.13   25.98
-235927.211   438.833    -1.32   29.34
-235558.622   433.916   -13.34   29.54
-235189.979   424.736   -24.90   27.80
-234821.281   416.390   -22.63   24.75
-234452.527   407.044   -25.34   19.53
-234083.719   401.306   -15.55   16.14
-233714.855   397.138   -11.30   16.06
-233345.936   394.263    -7.79   14.81
-232976.961   393.388    -2.37   15.69
-232607.932   394.855     3.97   18.12
-232238.847   395.583     1.97   18.08
-231869.707   395.405    -0.48   15.03
-231500.511   399.194    10.26   13.59
-231131.260   405.869    18.07   17.51
-230761.954   412.708    18.52   19.39
-230392.592   412.461    -0.67   21.63
-230023.175   405.605   -18.55   21.82
-229653.702   401.672   -10.64   15.53
-229284.174   412.722    29.90   24.44
-228914.591   435.666    62.07   33.01
-228544.951   462.509    72.61   32.32
-228175.257   479.334    45.50   20.98
-227805.506   477.222    -5.71   21.74
-227435.700   463.350   -37.50   27.37
-227065.839   437.472   -69.95   27.42
-226695.921   416.004   -58.02   22.40
-226325.948   398.944   -46.10   23.37
-225955.919   382.456   -44.55   18.67
-225585.835   370.344   -32.72   16.45
-225215.695   363.368   -18.84   13.94
-224845.498   366.948     9.67   16.30
-224475.247   380.397    36.32   25.22
-224104.939   406.736    71.11   33.89
-223734.575   436.971    81.62   33.25
-223364.155   458.627    58.45   25.00
-222993.680   464.559    16.01   18.93
-222623.148   449.492   -40.65   28.66
-222252.561   425.076   -65.87   34.49
-221881.917   399.033   -70.25   35.48
-221511.218   373.464   -68.96   34.39
-221140.462   352.400   -56.80   34.18
-220769.650   330.436   -59.22   30.34
-220398.782   312.688   -47.85   26.68
-220027.858   292.433   -54.60   28.11
-219656.878   270.386   -59.42   34.77
-219285.842   251.912   -49.78   31.91
-218914.749   243.701   -22.12   27.23
-218543.600   243.855     0.41   29.50
-218172.395   254.783    29.43   33.38
-217801.134   273.112    49.36   38.02
-217429.816   291.729    50.13   47.27
-217058.442   330.729   105.00   54.26
-216687.011   366.749    96.96   46.96
-216315.525   400.783    91.60   37.64
-215943.981   417.805    45.80   30.58
-215572.381   429.838    32.38   24.30
-215200.725   433.550     9.98   22.14
-214829.012   430.071    -9.36   25.31
-214457.243   428.362    -4.60   31.33
-214085.417   430.884     6.78   35.55
-213713.534   439.321    22.68   39.50
-213341.595   453.641    38.49   36.37
-212969.600   466.280    33.97   32.17
-212597.547   480.168    37.32   25.72
-212225.438   486.677    17.49   22.72
-211853.272   486.587    -0.24   28.45
-211481.049   478.706   -21.17   35.45
-211108.770   461.992   -44.89   38.89
-210736.434   449.685   -33.05   40.53
-210364.041   438.167   -30.92   39.88
-209991.591   429.728   -22.65   40.70
-209619.084   419.194   -28.28   36.59
-209246.520   410.559   -23.17   32.34
-208873.899   403.907   -17.85   24.46
-208501.222   403.388    -1.39   18.90
-208128.487   406.898     9.41   18.64
-207755.695   415.907    24.16   18.18
-207382.847   423.455    20.24   18.23
-207009.941   430.715    19.47   16.43
-206636.978   438.455    20.75   15.89
-206263.958   450.317    31.79   17.19
-205890.881   464.551    38.15   22.14
-205517.746   483.046    49.56   24.06
-205144.555   495.722    33.96   17.07
-204771.306   497.154     3.84   12.93
-204398.000   488.791   -22.40   17.83
-204024.636   470.307   -49.50   21.33
-203651.216   452.069   -48.83   20.19
-203277.738   434.550   -46.90   20.84
-202904.202   421.658   -34.51   17.95
-202530.609   413.503   -21.82   17.66
-202156.959   418.694    13.89   27.27
-201783.251   431.425    34.06   30.10
-201409.486   439.320    21.12   25.09
-201035.664   434.622   -12.56   24.46
-200661.783   415.674   -50.67   32.39
-200287.846   389.838   -69.08   32.12
-199913.850   366.551   -62.26   23.96
-199539.797   351.578   -40.02   17.79
-199165.686   346.600   -13.30   13.47
-198791.518   348.948     6.27   17.23
-198417.292   359.022    26.92   26.60
-198043.008   371.714    33.90   34.52
-197668.667   386.427    39.30   37.70
-197294.268   397.864    30.54   38.70
-196919.810   404.262    17.08   37.86
-196545.296   404.809     1.46   38.14
-196170.723   398.627   -16.50   37.44
-195796.092   390.293   -22.24   33.69
-195421.403   383.127   -19.12   27.21
-195046.657   378.559   -12.19   20.06
-194671.852   375.057    -9.34   14.01
-194296.990   375.151     0.25   10.94
-193922.069   375.345     0.52    9.52
-193547.091   380.680    14.22   12.45
-193172.054   388.416    20.62   16.56
-192796.959   399.975    30.81   22.99
-192421.806   409.402    25.12   26.45
-192046.595   419.465    26.82   28.94
-191671.326   423.390    10.46   29.74
-191295.998   426.263     7.65   27.56
-190920.612   427.250     2.63   24.65
-190545.168   428.019     2.05   22.89
-190169.666   428.147     0.34   19.49
-189794.105   427.641    -1.35   16.06
-189418.486   428.109     1.25   12.88
-189042.809   430.127     5.37   13.91
-188667.073   431.499     3.65   12.14
-188291.278   432.030     1.41   10.11
-187915.425   433.097     2.84    7.92
-187539.514   435.444     6.24    9.36
-187163.544   437.633     5.82   10.05
-186787.516   439.883     5.98   10.47
-186411.429   440.857     2.59    8.17
-186035.283   443.151     6.10    7.35
-185659.079   447.492    11.54    8.96
-185282.816   454.147    17.68   11.21
-184906.494   463.556    25.00   14.41
-184530.114   473.250    25.75   13.42
-184153.675   482.141    23.61   12.31
-183777.177   490.499    22.20    9.86
-183400.620   494.523    10.68   10.87
-183024.005   496.805     6.06   11.49
-182647.330   494.605    -5.84   11.73
-182270.597   488.825   -15.34   11.96
-181893.805   482.666   -16.34   12.52
-181516.954   473.638   -23.95   13.67
-181140.044   467.292   -16.84   14.18
-180763.074   466.911    -1.01   16.71
-180386.046   472.147    13.89   18.15
-180008.959   476.622    11.87   14.00
-179631.813   477.662     2.76   10.54
-179254.607   470.303   -19.51   14.13
-178877.342   458.374   -31.61   15.03
-178500.019   450.249   -21.53   15.26
-178122.636   444.819   -14.39   16.28
-177745.193   445.825     2.66   17.32
-177367.692   447.331     3.99   14.54
-176990.131   443.736    -9.52   13.44
-176612.511   430.465   -35.14   22.64
-176234.831   413.686   -44.42   22.53
-175857.092   405.384   -21.97   17.25
-175479.294   407.603     5.87   21.27
-175101.436   421.222    36.04   22.35
-174723.519   436.785    41.17   15.62
-174345.542   445.871    24.03   12.61
-173967.506   454.305    22.31   13.67
-173589.410   461.509    19.05   12.75
-173211.255   468.304    17.96   12.33
-172833.040   470.124     4.81   11.95
-172454.766   463.722   -16.92   17.43
-172076.431   450.897   -33.89   22.97
-171698.037   437.742   -34.76   23.87
-171319.584   427.721   -26.48   24.38
-170941.070   424.062    -9.66   27.00
-170562.497   422.757    -3.45   26.32
-170183.864   422.182    -1.52   23.10
-169805.171   424.564     6.29   19.31
-169426.418   430.168    14.79   17.47
-169047.606   435.181    13.23   14.31
-168668.733   436.249     2.82   15.67
-168289.801   430.129   -16.15   22.16
-167910.808   415.861   -37.64   30.68
-167531.756   388.582   -71.95   42.97
-167152.643   354.728   -89.28   43.83
-166773.470   318.369   -95.88   45.70
-166394.238   283.081   -93.04   31.96
-166014.945   265.969   -45.11   21.23
-165635.592   260.605   -14.14   11.45
-165267.174   270.398    26.58   17.76
-164899.363   287.441    46.33   20.46
-164531.496   305.465    48.99   23.80
-164163.572   329.884    66.36   30.02
-163795.593   355.465    69.51   36.84
-163427.557   385.763    82.31   36.42
-163059.464   404.736    51.54   27.17
-162691.316   414.127    25.51   22.51
-162323.111   416.062     5.25   29.31
-161954.850   418.790     7.41   35.67
-161586.532   430.089    30.67   39.20
-161218.158   446.006    43.20   36.42
-160849.727   458.249    33.23   25.93
-160481.240   458.398     0.40   20.05
-160112.697   444.302   -38.24   25.60
-159744.097   425.276   -51.61   27.11
-159375.440   411.969   -36.09   26.34
-159006.727   411.817    -0.41   33.33
-158637.957   419.492    20.81   37.20
-158269.130   428.060    23.23   36.87
-157900.247   426.438    -4.40   39.65
-157531.308   417.236   -24.94   44.14
-157162.311   400.560   -45.19   47.71
-156793.258   382.660   -48.49   48.22
-156424.148   364.898   -48.12   38.19
-156054.981   353.715   -30.29   25.83
-155685.757   351.276    -6.60   17.47
-155316.477   356.975    15.43   17.99
-154947.139   366.357    25.40   22.79
-154577.745   379.140    34.60   27.72
-154208.294   392.674    36.63   32.17
-153838.786   407.605    40.40   34.15
-153469.221   422.330    39.84   33.71
-153099.598   434.701    33.47   28.35
-152729.919   444.085    25.38   21.98
-152360.183   454.884    29.20   19.86
-151990.390   463.674    23.77   17.48
-151620.539   469.249    15.07   16.39
-151250.631   468.879    -1.00   19.56
-150880.667   464.578   -11.62   22.05
-150510.645   460.425   -11.22   21.54
-150140.565   458.154    -6.13   20.63
-149770.429   458.290     0.37   20.20
-149400.235   456.911    -3.72   18.24
-149029.984   454.715    -5.93   16.37
-148659.676   452.057    -7.18   12.22
-148289.310   452.791     1.98    9.72
-147918.887   457.167    11.81   10.53
-147548.406   463.813    17.94   13.18
-147177.868   473.030    24.87   14.53
-146807.273   479.855    18.41   12.13
-146436.620   485.099    14.14   10.02
-146065.909   486.714     4.36    9.66
-145695.141   484.071    -7.13   11.26
-145324.315   479.107   -13.39   14.31
-144953.432   475.303   -10.25   17.39
-144582.491   468.736   -17.70   21.45
-144211.492   461.076   -20.64   23.27
-143840.436   452.540   -23.00   23.27
-143469.322   446.702   -15.73   17.98
-143098.150   444.618    -5.61   14.37
-142726.921   447.489     7.73   13.09
-142355.634   453.118    15.16   13.91
-141984.288   459.889    18.23   18.24
-141612.885   472.088    32.84   24.05
-141241.424   482.676    28.50   23.97
-140869.906   494.707    32.38   23.09
-140498.329   504.276    25.75   22.12
-140126.694   513.749    25.49   20.63
-139755.001   518.849    13.72   18.25
-139383.251   522.680    10.30   13.73
-139011.442   523.012     0.89   12.17
-138639.575   519.441    -9.60   13.15
-138267.650   514.382   -13.60   15.64
-137895.667   505.736   -23.24   17.48
-137523.626   500.916   -12.95   15.29
-137151.526   500.452    -1.25   13.50
-136779.368   504.763    11.58   13.10
-136407.152   511.844    19.02   12.53
-136034.878   519.357    20.18   12.00
-135662.546   526.803    20.00   11.13
-135290.155   531.627    12.95    7.96
-134917.706   530.142    -3.99    9.87
-134545.198   522.911   -19.41   14.08
-134172.632   513.249   -25.93   13.59
-133800.007   507.551   -15.29    9.74
-133427.324   506.551    -2.68    7.37
-133054.583   507.277     1.95    5.85
-132681.783   507.369     0.25    5.58
-132308.924   505.855    -4.06    6.03
-131936.007   505.289    -1.52    6.73
-131563.032   505.559     0.72    7.25
-131189.997   506.689     3.03    8.76
-130816.904   506.706     0.05    9.49
-130443.752   504.782    -5.16   10.16
-130070.542   501.931    -7.64   10.42
-129697.273   499.276    -7.11    9.91
-129323.945   498.179    -2.94    9.18
-128950.558   499.646     3.93    9.03
-128577.112   503.958    11.54    9.76
-128203.608   506.948     8.00    9.95
-127830.044   507.660     1.91   10.14
-127456.422   503.674   -10.67   11.56
-127082.741   495.116   -22.90   12.52
-126709.000   488.996   -16.37   11.42
-126335.201   484.654   -11.61   12.45
-125961.343   486.357     4.55   15.63
-125587.425   491.127    12.76   16.01
-125213.449   497.592    17.28   13.13
-124839.413   500.425     7.57    9.46
-124465.319   496.855    -9.54   12.33
-124091.165   484.542   -32.91   19.19
-123716.951   471.067   -36.01   17.59
-123342.679   464.396   -17.82   13.61
-122968.347   466.672     6.08   18.84
-122593.956   476.489    26.22   22.03
-122219.506   487.024    28.13   15.67
-121844.997   486.472    -1.47   12.93
-121470.427   475.934   -28.13   18.91
-121095.799   460.696   -40.67   20.51
-120721.111   448.303   -33.07   13.74
-120346.364   445.170    -8.36   11.05
-119971.557   449.168    10.67   14.15
-119596.691   454.614    14.53   11.94
-119221.765   454.452    -0.43   11.08
-118846.779   449.560   -13.04   11.96
-118471.734   448.022    -4.10   12.16
-118096.629   453.304    14.08   17.29
-117721.465   465.341    32.08   16.93
-117346.241   473.486    21.70    9.86
-116970.957   473.049    -1.16    8.98
-116595.613   466.206   -18.23   10.30
-116220.210   460.822   -14.34    7.97
-115844.747   458.685    -5.69    4.63
-115469.223   463.889    13.86    9.27
-115093.640   472.450    22.79   11.63
-114717.998   481.509    24.12   10.66
-114342.295   487.334    15.50    5.76
-113966.532   487.783     1.20    5.27
-113590.709   484.438    -8.90    7.53
-113214.826   481.208    -8.59    8.21
-112838.884   476.384   -12.83   10.12
-112462.881   471.898   -11.93   12.56
-112086.818   462.560   -24.83   16.25
-111710.695   451.852   -28.47   17.24
-111334.511   442.276   -25.45   13.79
-110958.268   437.249   -13.36   14.09
-110581.964   438.062     2.16   14.68
-110205.600   436.513    -4.12   13.80
-109829.176   434.596    -5.09   11.82
-109452.691   433.345    -3.32   14.02
-109076.146   439.664    16.78   17.98
-108699.541   447.729    21.41   15.63
-108322.875   450.051     6.17   14.37
-107946.149   450.019    -0.08   16.40
-107569.362   449.844    -0.47   16.84
-107192.515   454.102    11.30   16.18
-106815.607   459.519    14.37   14.84
-106438.639   462.067     6.76   16.83
-106061.610   457.797   -11.32   22.08
-105684.521   447.142   -28.25   28.22
-105307.371   429.956   -45.56   29.53
-104930.160   410.314   -52.07   30.78
-104552.889   389.351   -55.56   23.72
-104175.556   374.641   -38.98   18.79
-103798.163   366.866   -20.60   13.61
-103420.710   367.263     1.05   19.29
-103043.195   373.619    16.84   27.09
-102665.620   377.342     9.86   27.11
-102287.984   377.317    -0.07   23.91
-101910.286   376.838    -1.27   20.82
-101532.528   383.660    18.06   23.53
-101154.709   392.152    22.47   27.94
-100776.829   408.902    44.32   29.19
-100398.888   422.621    36.30   25.32
-100020.886   434.769    32.13   21.34
 -99642.822   443.555    23.24   13.69
 -99264.698   447.677    10.90   10.54
 -98886.512   449.646     5.21    8.70
 -98508.266   446.972    -7.07   10.01
 -98129.958   439.790   -18.98   14.04
 -97751.588   429.600   -26.93   17.04
 -97373.158   414.407   -40.15   20.41
 -96994.666   399.783   -38.63   21.49
 -96616.113   383.249   -43.68   22.59
 -96237.499   368.771   -38.24   24.59
 -95858.823   351.683   -45.12   26.50
 -95480.085   336.982   -38.81   27.60
 -95101.287   320.462   -43.61   19.88
 -94722.426   314.126   -16.72   11.91
 -94343.505   316.425     6.07   13.49
 -93964.521   323.382    18.36   16.30
 -93585.477   330.116    17.76   16.29
 -93206.370   335.838    15.09   14.51
 -92827.202   343.030    18.97   14.61
 -92447.972   353.438    27.44   16.22
 -92068.681   366.450    34.30   16.85
 -91689.327   381.356    39.29   18.30
 -91309.912   397.134    41.58   16.51
 -90930.436   412.716    41.06   17.73
 -90559.344   429.331    44.77   16.63
 -90191.708   439.630    28.01   12.64
 -89824.015   443.331    10.07   10.08
 -89456.264   434.864   -23.02   21.05
 -89088.456   417.030   -48.48   29.72
 -88720.590   392.339   -67.11   33.67
 -88352.666   366.468   -70.31   29.84
 -87984.684   340.146   -71.53   23.84
 -87616.645   324.940   -41.31   14.39
 -87248.547   327.683     7.45   22.01
 -86880.392   343.052    41.74   34.68
 -86512.180   372.356    79.58   38.35
 -86143.909   398.021    69.69   24.11
 -85775.580   411.209    35.80   12.81
 -85407.194   415.807    12.48    9.84
 -85038.749   418.876     8.33    9.85
 -84670.247   422.378     9.50   10.33
 -84301.687   427.609    14.19   10.15
 -83933.068   429.764     5.85   10.12
 -83564.392   425.956   -10.33   12.91
 -83195.657   420.078   -15.94   13.93
 -82826.864   417.367    -7.35   10.01
 -82458.013   419.193     4.95    9.11
 -82089.104   423.407    11.42    9.10
 -81720.137   424.680     3.45    9.01
 -81351.111   417.689   -18.94   14.68
 -80982.028   407.249   -28.28   17.27
 -80612.886   389.992   -46.75   21.92
 -80243.685   369.791   -54.71   24.11
 -79874.426   345.338   -66.22   27.88
 -79505.109   320.958   -66.01   24.80
 -79135.734   302.742   -49.31   19.95
 -78766.300   295.292   -20.17   10.31
 -78396.808   304.630    25.27   19.34
 -78027.257   321.778    46.40   24.34
 -77657.647   344.617    61.79   28.14
 -77287.979   366.864    60.18   26.40
 -76918.253   385.009    49.07   24.62
 -76548.468   401.164    43.69   16.74
 -76178.624   406.756    15.12   15.67
 -75808.722   409.393     7.13   19.86
 -75438.761   411.486     5.66   21.23
 -75068.741   415.321    10.37   22.05
 -74698.662   420.836    14.90   19.57
 -74328.525   426.151    14.36   16.95
 -73958.329   424.341    -4.89   17.61
 -73588.074   421.833    -6.77   16.99
 -73217.760   419.120    -7.32   15.35
 -72847.388   417.803    -3.56   13.66
 -72476.956   418.248     1.20   14.14
 -72106.466   418.290     0.11   15.04
 -71735.916   419.838     4.18   15.55
 -71365.308   422.414     6.95   15.04
 -70994.640   427.963    14.97   14.55
 -70623.914   436.019    21.73   15.24
 -70253.128   444.462    22.77   14.26
 -69882.283   450.646    16.68   11.22
 -69511.380   453.742     8.35    8.66
 -69140.417   451.769    -5.32    7.39
 -68769.394   449.701    -5.57    6.85
 -68398.313   448.646    -2.84    6.66
 -68027.172   446.956    -4.56    6.68
 -67655.972   446.049    -2.44    5.93
 -67284.713   447.788     4.68    6.30
 -66913.394   450.662     7.74    7.02
 -66542.016   452.775     5.69    7.29
 -66170.578   454.290     4.08    8.31
 -65799.082   455.546     3.38    8.42
 -65427.525   454.695    -2.29    8.45
 -65055.909   451.979    -7.31   10.97
 -64684.234   447.382   -12.37   14.11
 -64312.499   438.582   -23.67   17.98
 -63940.705   424.736   -37.24   20.92
 -63568.851   411.396   -35.87   22.24
 -63196.937   395.867   -41.75   20.85
 -62824.963   384.400   -30.83   16.16
 -62452.930   376.825   -20.36   14.08
 -62080.837   373.129    -9.93   16.66
 -61708.685   370.181    -7.92   18.06
 -61336.473   365.811   -11.74   20.02
 -60964.200   365.129    -1.83   24.41
 -60591.868   362.790    -6.28   28.51
 -60219.477   361.762    -2.76   30.43
 -59847.025   354.688   -18.99   31.35
 -59474.513   350.106   -12.30   31.70
 -59101.941   341.513   -23.06   34.35
 -58729.310   337.679   -10.29   36.11
 -58356.618   334.902    -7.45   37.09
 -57983.866   328.171   -18.06   34.56
 -57611.055   324.236   -10.56   32.44
 -57238.183   316.749   -20.08   29.63
 -56865.251   312.319   -11.88   28.67
 -56492.259   305.525   -18.21   26.75
 -56119.206   298.013   -20.13   26.94
 -55746.094   287.749   -27.51   25.00
 -55372.921   274.114   -36.54   21.28
 -54999.688   264.496   -25.77   17.78
 -54626.394   259.641   -13.00   17.47
 -54253.040   265.499    15.69   24.52
 -53879.626   283.222    47.46   39.90
 -53506.152   309.064    69.19   45.38
 -53132.617   338.876    79.80   39.74
 -52759.021   361.716    61.13   28.85
 -52385.365   375.803    37.70   18.73
 -52011.649   376.790     2.64   18.59
 -51637.872   365.459   -30.31   29.44
 -51264.034   347.854   -47.09   38.05
 -50890.136   327.274   -55.04   38.41
 -50516.177   309.276   -48.13   35.83
 -50142.158   282.916   -70.47   38.31
 -49768.077   253.509   -78.61   50.09
 -49393.936   206.796  -124.85   61.15
 -49019.735   165.350  -110.75   46.27
 -48645.472   158.196   -19.11   36.39
 -48271.149   179.583    57.13   55.37
 -47896.765   221.433   111.78   61.06
 -47522.320   265.052   116.49   47.89
 -47147.814   278.885    36.93   53.38
 -46773.247   284.290    14.43   65.93
 -46398.619   278.594   -15.20   80.64
 -46023.930   271.303   -19.46   85.12
 -45649.180   278.146    18.26   86.57
 -45274.369   295.946    47.49   83.14
 -44899.497   324.184    75.32   71.08
 -44524.564   352.716    76.10   47.74
 -44149.569   354.833     5.64   49.35
 -43774.514   319.129   -95.19   89.09
 -43399.397   267.129  -138.62  111.51
 -43024.219   207.852  -157.99  110.34
 -42648.980   177.330   -81.34   96.20
 -42273.679   150.502   -71.48   67.48
 -41898.317   157.600    18.91   66.61
 -41522.894   178.657    56.08   84.67
 -41147.409   231.597   140.99  108.43
 -40771.863   282.043   134.32   98.72
 -40396.255   321.499   105.04   63.92
 -40020.586   340.122    49.57   35.93
 -39644.856   346.318    16.49   33.75
 -39269.064   355.872    25.42   28.05
 -38893.210   360.342    11.89   22.55
 -38517.294   349.841   -27.93   32.95
 -38141.318   331.749   -48.12   37.33
 -37765.279   327.449   -11.43   40.44
 -37389.178   331.538    10.87   43.39
 -37013.016   334.104     6.82   42.88
 -36636.793   311.907   -59.00   58.08
 -36260.507   280.036   -84.70   55.45
 -35884.159   262.851   -45.66   40.15
 -35507.750   269.879    18.67   45.99
 -35131.279   305.536    94.71   61.47
 -34754.746   347.763   112.15   53.23
 -34378.150   373.337    67.91   31.99
 -34001.493   378.166    12.82   26.39
 -33624.774   347.314   -81.89   57.06
 -33247.993   301.876  -120.59   68.78
 -32871.150   263.956  -100.62   59.47
 -32494.245   236.782   -72.09   35.18
 -32117.277   232.889   -10.33   24.07
 -31740.247   243.339    27.72   30.23
 -31363.156   262.367    50.46   32.79
 -30986.001   284.999    60.00   29.35
 -30608.785   305.222    53.61   24.05
 -30231.506   321.953    44.35   21.05
 -29854.165   337.803    42.00   16.92
 -29476.762   348.573    28.54   14.77
 -29099.296   358.416    26.08   13.14
 -28721.768   366.859    22.36   12.74
 -28344.178   373.934    18.74   10.73
 -27966.525   381.078    18.91   11.24
 -27588.809   389.708    22.85   12.78
 -27211.031   396.009    16.68   13.21
 -26833.190   400.054    10.70   14.01
 -26455.287   399.417    -1.68   15.57
 -26077.321   394.775   -12.28   15.81
 -25699.292   389.814   -13.12   13.28
 -25321.201   386.518    -8.72    9.19
 -24943.047   385.236    -3.39    5.64
 -24564.830   383.686    -4.10    7.04
 -24186.550   380.111    -9.45    9.93
 -23808.208   371.223   -23.49   12.15
 -23429.803   360.496   -28.35   12.93
 -23051.334   349.391   -29.34   16.55
 -22672.803   342.329   -18.66   15.20
 -22294.209   342.670     0.90   15.93
 -21915.552   349.341    17.62   16.16
 -21536.832   358.104    23.14   12.71
 -21158.049   363.157    13.34    9.46
 -20779.202   360.809    -6.20   13.30
 -20400.293   355.338   -14.44   17.42
 -20021.320   350.944   -11.59   19.74
 -19642.285   351.210     0.70   22.15
 -19263.186   355.972    12.56   21.30
 -18884.024   355.373    -1.58   18.72
 -18504.798   351.033   -11.44   17.48
 -18125.509   341.518   -25.09   18.33
 -17746.157   329.314   -32.17   15.61
 -17366.742   321.261   -21.22   15.31
 -16987.263   316.158   -13.45   15.88
 -16607.721   314.276    -4.96   16.25
 -16228.115   312.502    -4.67   15.57
 -15854.117   312.168    -0.89   15.28
 -15486.665   309.556    -7.11   14.23
 -15119.154   308.436    -3.05   13.21
 -14751.584   307.425    -2.75   12.40
 -14383.955   307.641     0.59   11.99
 -14016.267   309.172     4.16   12.18
 -13648.519   309.130    -0.11   11.65
 -13280.713   307.274    -5.05   11.48
 -12912.847   306.617    -1.79   10.15
 -12544.922   307.801     3.22    9.33
 -12176.938   311.182     9.19    9.01
 -11808.894   317.456    17.05    9.45
 -11440.791   323.814    17.27    9.25
 -11072.629   331.690    21.39   10.52
 -10704.408   339.542    21.32   12.10
 -10336.127   348.262    23.68   11.98
  -9967.786   353.169    13.32    9.06
  -9599.387   352.182    -2.68   10.11
  -9230.927   346.049   -16.65   12.96
  -8862.408   336.516   -25.87   13.24
  -8493.830   325.456   -30.00   18.67
  -8125.192   309.625   -42.94   27.49
  -7756.494   299.794   -26.66   27.65
  -7387.737   297.941    -5.03   29.24
  -7018.920   303.508    15.10   27.21
  -6650.043   308.197    12.71   22.21
  -6281.107   295.950   -33.19   36.51
  -5912.111   272.036   -64.81   40.97
  -5543.055   261.889   -27.49   36.97
  -5173.939   268.209    17.12   38.80
  -4804.764   284.093    43.02   35.07
  -4435.528   296.762    34.31   26.45
  -4066.233   283.833   -35.01   44.98
  -3696.877   248.314   -96.16   59.28
  -3327.462   227.130   -57.35   53.21
  -2957.987   229.696     6.94   55.12
  -2588.452   250.038    55.05   52.19
  -2218.856   262.064    32.54   45.01
  -1849.201   227.560   -93.34   89.01
  -1479.485   149.959  -209.89  117.64
  -1109.710    77.146  -196.91  100.03
   -739.874    17.356  -161.67   42.07
   -369.978     0.851   -44.62    5.99
     -0.021     0.222    -1.70    1.83
    369.995     2.469     6.07    4.75
    740.072    11.067    23.23   14.53
   1110.209    25.564    39.17   24.07
   1480.407    51.091    68.95   34.99
   1850.665    82.064    83.65   39.17
   2220.983   116.670    93.45   36.47
   2591.362   143.145    71.48   29.88
   2961.801   164.462    57.55   18.91
   3332.301   174.389    26.79   11.04
   3702.861   177.796     9.19    5.63
   4073.482   172.028   -15.56   11.89
   4444.163   162.690   -25.19   14.55
   4814.905   157.064   -15.17   12.26
   5185.708   156.979    -0.23    9.85
   5556.572   162.794    15.68    8.61
   5927.496   170.989    22.09    8.49
   6298.481   177.080    16.42   10.13
   6669.526   186.569    25.57   12.08
   7040.633   197.596    29.71   14.86
   7411.800   209.801    32.89   16.75
   7783.028   219.982    27.43   16.08
   8154.317   230.696    28.86   10.61
   8525.667   236.300    15.09    5.18
   8897.078   238.594     6.18    3.82
   9268.550   239.415     2.21    3.82
   9640.083   239.430     0.04    4.41
  10011.677   238.354    -2.90    4.99
  10383.332   235.872    -6.68    5.82
  10755.048   234.064    -4.86    6.03
  11126.825   232.043    -5.44    4.12
  11498.664   232.769     1.95    3.91
  11870.564   236.033     8.78    6.19
  12242.525   239.876    10.33    7.85
  12614.547   243.736    10.38    7.77
  12986.630   247.867    11.10    7.44
  13358.775   253.169    14.25    8.61
  13730.981   256.788     9.72    9.54
  14103.249   263.472    17.96    9.88
  14475.578   269.062    15.01    9.83
  14847.968   274.889    15.65   10.03
  15220.420   279.546    12.50    8.26
  15592.933   281.461     5.14    6.01
  15965.508   280.722    -1.98    6.43
  16338.145   276.906   -10.24    7.21
  16710.843   273.587    -8.91    6.25
  17083.603   273.604     0.05    6.13
  17456.424   276.621     8.09    6.80
  17829.307   283.130    17.46    9.47
  18202.252   291.194    21.62    9.09
  18575.258   299.569    22.45    9.93
  18948.327   306.852    19.52    7.76
  19321.457   310.798    10.58    5.89
  19694.649   314.979    11.20    6.59
  20067.903   318.147     8.49    6.97
  20441.219   320.529     6.38    6.24
  20814.597   322.080     4.15    5.16
  21188.036   323.249     3.13    5.27
  21561.538   325.301     5.50    5.19
  21935.102   326.664     3.65    4.37
  22308.728   324.313    -6.29    6.59
  22682.416   317.354   -18.62   11.42
  23056.166   306.976   -27.77   14.75
  23429.978   296.130   -29.01   13.96
  23803.852   291.609   -12.09   11.50
  24177.789   294.950     8.93   12.50
  24551.788   302.820    21.04   15.58
  24925.849   315.341    33.47   16.96
  25299.973   329.119    36.83   16.37
  25674.159   343.262    37.80   13.33
  26048.407   352.262    24.05    9.67
  26422.718   358.684    17.16    6.33
  26797.091   361.582     7.74    3.31
  27171.526   362.486     2.41    3.95
  27546.024   363.551     2.84    5.87
  27920.585   364.501     2.54    5.82
  28295.208   365.479     2.61    4.70
  28669.894   364.854    -1.67    3.34
  29044.643   362.010    -7.59    4.86
  29419.454   356.722   -14.11    7.72
  29794.327   351.006   -15.25    8.11
  30169.264   349.868    -3.03    6.99
  30544.263   351.569     4.53    8.08
  30919.326   354.548     7.94    7.06
  31294.450   355.380     2.22    7.03
  31669.638   352.989    -6.37    8.25
  32044.889   349.521    -9.24    8.24
  32420.203   346.094    -9.13    9.31
  32795.579   340.413   -15.14   12.32
  33171.019   334.846   -14.83   12.67
  33546.521   329.210   -15.01   10.01
  33922.087   328.064    -3.05    7.84
  34297.716   332.577    12.01    9.12
  34673.408   337.662    13.54    8.04
  35049.163   339.476     4.83    7.02
  35424.981   338.992    -1.29    6.91
  35800.862   335.841    -8.38    6.73
  36176.807   335.208    -1.68    6.04
  36552.815   339.729    12.02    8.48
  36928.886   345.797    16.14    8.71
  37305.020   350.851    13.44    5.80
  37681.218   352.249     3.72    4.53
  38057.480   349.898    -6.25    6.81
  38433.804   345.999   -10.36    8.55
  38810.193   342.466    -9.39    8.68
  39186.644   339.417    -8.10    7.09
  39563.160   338.184    -3.28    6.60
  39939.739   335.755    -6.45    7.02
  40316.381   333.492    -6.01    7.75
  40693.087   330.080    -9.06    8.70
  41069.857   326.356    -9.88    9.17
  41446.690   320.686   -15.05   10.41
  41823.587   312.769   -21.01   13.03
  42200.548   298.636   -37.49   20.04
  42577.573   281.168   -46.33   20.20
  42954.662   270.578   -28.09   16.91
  43331.814   266.934    -9.66   18.36
  43709.030   271.907    13.18   23.00
  44086.311   279.956    21.33   24.83
  44463.655   282.210     5.98   22.84
  44841.063   277.222   -13.22   21.17
  45218.535   268.723   -22.52   20.80
  45596.072   258.449   -27.21   16.51
  45973.672   255.287    -8.37   12.73
  46351.337   259.352    10.76   13.80
  46729.065   268.547    24.34   13.88
  47106.858   277.671    24.15   11.14
  47484.715   284.782    18.82   11.40
  47862.637   293.923    24.19   13.35
  48240.622   302.041    21.48   11.52
  48618.672   307.020    13.17    8.41
  48996.786   309.468     6.47    7.86
  49374.965   310.543     2.84    8.49
  49753.208   310.012    -1.40    8.61
  50131.516   307.313    -7.13   10.11
  50509.888   301.877   -14.37   11.31
  50888.325   297.453   -11.69   10.58
  51266.826   294.469    -7.88    9.88
  51645.391   294.446    -0.06    9.11
  52024.022   297.463     7.97    8.45
  52402.717   302.049    12.11   10.47
  52781.477   308.620    17.35   11.30
  53160.301   315.400    17.90    6.35
  53539.190   314.028    -3.62    7.94
  53918.144   309.934   -10.80    8.38
  54297.163   309.184    -1.98    8.64
  54676.247   311.614     6.41   10.61
  55055.395   314.373     7.28   10.40
  55434.609   312.670    -4.49   10.45
  55813.887   306.378   -16.59   12.18
  56193.231   298.030   -22.01   10.11
  56572.639   293.723   -11.35    7.77
  56952.112   292.407    -3.47    6.82
  57331.651   294.369     5.17    6.51
  57711.255   297.932     9.39    7.23
  58090.924   302.087    10.94    9.49
  58470.658   308.786    17.64   11.25
  58847.834   314.605    15.43    9.21
  59215.098   317.923     9.03    7.35
  59582.422   320.688     7.53    7.73
  59949.807   325.404    12.84   10.26
  60317.252   330.708    14.43   11.06
  60684.758   337.628    18.83   10.00
  61052.325   343.817    16.84    6.97
  61419.952   349.286    14.88    9.12
  61787.640   355.455    16.78    9.42
  62155.388   359.173    10.11    7.68
  62523.197   360.141     2.63    7.40
  62891.068   357.659    -6.75    9.83
  63258.998   352.659   -13.59   12.02
  63626.990   345.466   -19.55   13.72
  63995.043   339.301   -16.75   14.37
  64363.156   328.957   -28.10   17.34
  64731.331   316.018   -35.15   16.78
  65099.566   299.324   -45.34   16.94
  65467.862   286.542   -34.71   14.26
  65836.220   279.807   -18.29    8.78
  66204.638   279.800    -0.02    8.39
  66573.118   287.577    21.11   12.86
  66941.658   295.651    21.91   14.23
  67310.260   306.889    30.49   17.88
  67678.923   316.959    27.32   18.54
  68047.647   326.197    25.05   15.92
  68416.433   328.690     6.76   13.23
  68785.279   325.107    -9.71   13.89
  69154.187   313.773   -30.73   18.25
  69523.156   298.823   -40.52   18.45
  69892.187   285.261   -36.75   16.09
  70261.279   272.963   -33.32   12.08
  70630.432   266.015   -18.82    7.94
  70999.647   263.433    -6.99    4.36
  71368.924   266.274     7.70    7.35
  71738.262   279.159    34.89   18.41
  72107.661   297.073    48.50   24.88
  72477.122   317.438    55.12   24.09
  72846.645   331.028    36.78   16.44
  73216.229   336.170    13.91    8.92
  73585.875   332.514    -9.89   10.20
  73955.582   320.287   -33.07   15.86
  74325.352   305.375   -40.33   22.45
  74695.183   287.594   -48.08   22.47
  75065.076   274.148   -36.35   15.92
  75435.030   266.697   -20.14    4.57
  75805.047   267.976     3.46    5.89
  76175.126   274.472    17.56   12.07
  76545.266   282.686    22.19   15.38
  76915.468   294.820    32.78   16.69
  77285.733   304.501    26.15   15.95
  77656.059   313.846    25.23   11.47
  78026.447   316.096     6.08    8.94
  78396.898   312.633    -9.35   12.06
  78767.410   301.774   -29.31   18.21
  79137.985   286.288   -41.79   19.85
  79508.622   273.123   -35.52   17.46
  79879.321   265.261   -21.21    9.58
  80250.082   266.792     4.13   10.43
  80620.906   275.261    22.84   13.44
  80991.792   286.957    31.54   13.09
  81362.740   297.441    28.26   12.47
  81733.750   305.736    22.36   10.09
  82104.823   311.643    15.92    6.05
  82475.959   311.786     0.38    7.10
  82847.157   305.012   -18.25   13.54
  83218.417   296.428   -23.12   16.25
  83589.740   283.425   -35.02   18.51
  83961.125   270.780   -34.05   18.44
  84332.573   259.774   -29.63   17.91
  84704.084   250.877   -23.95   17.27
  85075.657   240.859   -26.96   15.26
  85447.293   234.033   -18.37    8.83
  85818.992   233.651    -1.03    7.87
  86190.753   239.492    15.71   13.38
  86562.577   251.411    32.06   15.89
  86934.464   261.461    27.03   13.06
  87306.414   269.299    21.08    9.47
  87678.427   270.966     4.48   10.16
  88050.502   268.959    -5.39   14.04
  88422.641   263.872   -13.67   16.90
  88794.842   257.030   -18.38   17.06
  89167.107   251.273   -15.47   16.71
  89539.434   246.273   -13.43   15.91
  89911.825   241.098   -13.90   14.49
  90284.279   236.287   -12.92   11.09
  90656.796   232.846    -9.24    8.51
  91029.376   229.823    -8.11    6.01
  91402.019   227.972    -4.97    3.84
  91774.725   227.106    -2.33    3.15
  92147.495   227.248     0.38    3.36
  92520.328   228.223     2.61    3.80
  92893.224   229.599     3.69    3.82
  93266.184   231.501     5.10    2.96
  93639.207   233.002     4.02    2.32
  94012.293   237.848    12.99    8.39
  94385.443   245.867    21.49   14.92
  94758.657   254.868    24.12   19.16
  95131.934   264.313    25.30   22.51
  95505.274   268.501    11.22   24.22
  95878.678   270.942     6.54   23.50
  96252.146   275.573    12.40   20.20
  96625.677   282.852    19.49   19.37
  96999.272   292.911    26.93   19.83
  97372.931   301.384    22.68   18.46
  97746.654   305.872    12.01   15.90
  98120.440   305.170    -1.88   15.68
  98494.290   303.423    -4.67   12.73
  98868.204   298.384   -13.48   12.32
  99242.182   288.711   -25.87   17.62
  99616.224   276.591   -32.40   17.77
  99990.330   265.648   -29.25   12.96
 100364.499   259.666   -15.99    6.54
 100738.733   259.856     0.51    5.58
 101113.031   262.482     7.02    5.99
 101487.393   265.982     9.35    5.66
 101861.819   270.056    10.88    6.14
 102236.309   274.046    10.65    6.73
 102610.863   278.210    11.12    6.77
 102985.482   282.936    12.62    7.44
 103360.164   288.323    14.38    7.00
 103734.911   292.286    10.58    6.20
 104109.723   294.800     6.71    4.42
 104484.598   293.499    -3.47    5.20
 104859.538   286.932   -17.52   10.40
 105234.543   277.774   -24.42   14.70
 105609.612   268.020   -26.01   15.08
 105984.745   261.299   -17.92   11.57
 106359.943   253.823   -19.93   11.55
 106735.206   246.143   -20.47   14.57
 107110.533   237.623   -22.70   14.22
 107485.925   230.533   -18.89    9.16
 107861.381   232.636     5.60   10.40
 108236.902   238.907    16.70   13.93
 108612.488   248.560    25.71   16.25
 108988.138   258.114    25.43   14.19
 109363.854   269.211    29.54   15.22
 109739.634   276.775    20.13   12.33
 110115.479   277.636     2.29   11.67
 110491.388   274.339    -8.77   12.81
 110867.363   266.673   -20.39   11.32
 111243.403   258.881   -20.72   10.89
 111619.508   251.106   -20.68   11.95
 111995.677   241.646   -25.15   13.00
 112371.912   232.091   -25.40   12.26
 112748.212   223.736   -22.21    8.80
 113124.577   219.868   -10.28    4.23
 113501.007   221.061     3.17    5.40
 113877.503   226.018    13.17    8.67
 114254.063   234.273    21.93   11.80
 114630.689   240.898    17.59   11.45
 115007.380   245.286    11.65   10.15
 115384.136   246.979     4.49   10.99
 115760.958   249.075     5.56   11.76
 116137.846   248.438    -1.69   12.61
 116514.798   246.361    -5.51   13.60
 116891.816   244.627    -4.60   14.45
 117268.900   243.573    -2.80   15.49
 117646.049   244.867     3.43   17.27
 118023.264   245.552     1.82   16.79
 118400.544   244.569    -2.61   13.98
 118777.890   242.063    -6.64    8.24
 119155.302   241.648    -1.10    4.85
 119532.779   243.742     5.55    6.06
 119910.322   246.986     8.59    6.65
 120287.931   249.781     7.40    6.61
 120665.606   252.398     6.93    6.61
 121043.346   254.704     6.10    6.00
 121421.152   256.780     5.50    4.70
 121799.025   258.836     5.44    4.03
 122176.963   262.482     9.65    5.25
 122554.967   267.046    12.07    6.11
 122933.037   271.112    10.76    6.20
 123311.174   277.129    15.91    7.19
 123689.376   283.661    17.27    9.40
 124067.645   290.607    18.37    9.13
 124445.979   292.982     6.28    7.03
 124824.380   289.171   -10.07   10.34
 125202.847   282.210   -18.39   12.65
 125581.381   273.590   -22.77   11.14
 125959.980   269.361   -11.17   10.71
 126338.646   268.861    -1.32   12.66
 126717.378   268.210    -1.72   13.32
 127096.177   265.986    -5.87   12.62
 127475.042   263.952    -5.37   10.28
 127853.974   266.911     7.81   12.39
 128232.972   275.867    23.63   16.56
 128612.037   285.236    24.72   15.32
 128991.168   293.069    20.66    8.78
 129370.366   291.311    -4.64    9.29
 129749.631   282.338   -23.66   14.33
 130128.962   269.552   -33.71   19.50
 130508.360   255.698   -36.52   17.71
 130887.824   248.569   -18.79   12.25
 131267.356   247.673    -2.36   10.05
 131646.954   256.028    22.01   12.35
 132026.619   267.911    31.30   13.85
 132406.352   278.578    28.09   12.78
 132786.151   284.573    15.79   10.48
 133166.017   281.512    -8.06   15.71
 133545.950   268.451   -34.38   21.16
 133913.718   256.502   -32.49   16.73
 134280.849   250.348   -16.76    8.84
 134648.043   249.854    -1.35    4.80
 135015.299   253.886    10.98    4.74
 135382.616   257.314     9.34    4.22
 135749.996   258.818     4.09    3.12
 136117.439   259.833     2.76    2.62
 136484.943   260.448     1.67    2.50
 136852.509   261.091     1.75    2.75
 137220.138   261.261     0.46    2.65
 137587.829   260.800    -1.25    3.08
 137955.583   259.100    -4.62    3.58
 138323.398   257.957    -3.11    3.06
 138691.276   255.686    -6.18    5.37
 139059.217   252.300    -9.20    6.56
 139427.220   246.561   -15.60    7.85
 139795.286   241.868   -12.75    6.42
 140163.414   238.729    -8.53    3.77
 140531.604   238.828     0.27    5.11
 140899.857   242.458     9.86    7.57
 141268.173   246.710    11.55    7.11
 141636.551   250.716    10.88    5.51
 142004.992   252.171     3.95    3.82
 142373.496   252.473     0.82    3.48
 142742.063   254.470     5.42    5.01
 143110.692   257.377     7.89    5.65
 143479.384   259.286     5.18    4.74
 143848.139   260.556     3.45    4.40
 144216.957   260.036    -1.41    5.30
 144585.838   258.058    -5.36    5.76
 144954.781   254.680    -9.16    8.56
 145323.788   247.521   -19.40   11.67
 145692.857   242.061   -14.80   10.57
 146061.990   237.015   -13.67    6.34
 146431.186   237.137     0.33    5.42
 146800.445   240.328     8.64    4.81
 147169.767   243.539     8.70    5.04
 147539.152   246.407     7.76    3.15
 147908.600   247.766     3.68    2.16
 148278.112   248.709     2.55    1.81
 148647.686   248.036    -1.82    2.09
 149017.324   246.183    -5.01    3.67
 149387.026   244.030    -5.82    4.60
 149756.791   241.920    -5.71    3.50
 150126.619   241.861    -0.16    3.13
 150496.510   243.420     4.22    3.25
 150866.465   244.198     2.11    3.51
 151236.484   244.512     0.85    3.23
 151606.566   243.894    -1.67    2.50
 151976.712   243.525    -1.00    2.76
 152346.921   243.359    -0.45    2.73
 152717.194   243.929     1.54    2.44
 153087.530   244.284     0.96    2.32
 153457.930   244.312     0.08    2.31
 153828.394   242.861    -3.92    3.62
 154198.922   240.591    -6.13    4.24
 154569.513   238.373    -5.99    4.15
 154940.169   236.430    -5.24    3.00
 155310.888   237.297     2.34    3.28
 155681.671   239.466     5.85    3.97
 156052.518   241.911     6.59    3.81
 156423.429   242.963     2.84    3.33
 156794.404   242.936    -0.07    3.24
 157165.442   242.106    -2.24    3.01
 157536.545   240.705    -3.78    2.17
 157907.712   240.033    -1.81    1.94
 158278.944   238.955    -2.90    1.96
 158650.239   237.833    -3.02    1.90
 159021.598   236.723    -2.99    1.97
 159393.022   236.015    -1.91    1.74
 159764.510   235.038    -2.63    2.06
 160136.062   234.273    -2.06    1.76
 160507.679   233.964    -0.83    2.01
 160879.360   233.130    -2.24    2.46
 161251.105   233.398     0.72    2.61
 161622.915   233.911     1.38    2.85
 161994.789   234.650     1.99    2.76
 162366.728   235.067     1.12    2.39
 162738.731   233.943    -3.02    2.70
 163110.799   232.963    -2.63    3.19
 163482.932   232.023    -2.53    4.28
 163855.129   231.551    -1.27    4.67
 164227.390   232.423     2.34    4.10
 164599.717   233.404     2.64    3.61
 164972.108   233.223    -0.49    3.44
 165344.564   233.822     1.61    3.17
 165717.084   233.786    -0.10    4.53
 166089.670   235.329     4.14    8.37
 166462.320   235.171    -0.42    8.08
