# NaN NaN NaN ;Mean Elev.(m), Avg Gradient(m/km), RMS Gradient(m/km) - SRTM1     
#   21.813  -0.738   2.479 ;Mean Elev.(m), Avg Gradient(m/km), RMS Gradient(m/km) - ASTER GDEM
#   27.027   0.028   2.109 ;Mean Elev.(m), Avg Gradient(m/km), RMS Gradient(m/km) - GMTED2010 
  7 124.752211  65.067434    29.947    30.041 43 52448.51807104 47.088
  8 124.759967  65.073764    46.680    46.640 45 52483.51805983 40.433
  9 124.773622  65.070438    45.695    45.703 41 52518.51801772 43.719
 10 124.763065  65.051555    46.703    46.667 35 52553.51806476 23.316
 11 124.764407  65.072539    45.780    45.729 44 52588.51805028 24.442
 12 124.772943  65.071378    46.527    46.056 42 52623.51800111 20.125
 13 124.759589  65.073155    45.763    45.681 45 52658.51802056 18.987
 15 124.762688  65.072182    45.562    45.547 44 52728.51803982 14.739
 16 124.766605  65.070431    45.889    45.672 44 52763.51805190 18.402
 17 124.749478  65.075088    49.369    49.373 49 52798.51802742 51.924
 18 124.750043  65.075135    48.013    48.021 48 52833.51809760 50.428
 19 124.762990  65.072237    46.775    46.497 45 52868.51813906 19.279
 20 124.764742  65.071413    46.543    46.316 44 52903.51815193 21.735
 21 124.780570  65.067988    45.367    45.439 33 52938.51808757 46.205
 22 124.749153  65.074900    45.962    45.821 48 52973.51812577 19.658
 23 124.754999  65.073732    46.022    45.804 46 53008.51813345 12.573
 24 124.758031  65.058977    46.062    45.940 38 53043.51808845 10.197
 25 124.758331  65.073402    45.953    45.776 45 53078.51812438  9.751
 26 124.763439  65.049823    46.417    46.343 32 53113.51809052  8.604
 27 124.749945  65.075822    46.125    45.971 48 53148.51814071 33.593
 28 124.764240  65.072661    50.650    50.630 44 53183.51813743 47.642
 29 124.760786  65.073187    47.409    46.943 45 53218.51816209 20.982
 30 124.770445  65.070811    45.959    46.015 42 53253.51813894 34.761
 31 124.761691  65.049843    47.109    47.175 30 53288.51813793 20.575
 32 124.768118  65.071053    46.548    46.366 44 53323.51811728 15.062
 33 124.780859  65.066317    47.138    46.816 38 53358.51807970 10.840
 34 124.750912  65.068499    46.536    46.434 45 53393.51809720  8.967
 35 124.773155  65.070854    46.898    46.525 42 53428.51809119  8.893
 36 124.748001  65.075117    46.468    46.380 49 53463.51811315  7.700
 37 124.746928  65.076213    46.261    46.232 49 53498.51818271 39.865
 38 124.767089  65.072171    48.948    48.656 43 53533.51816463 31.386
 39 124.757094  65.073311    48.057    48.070 46 53568.51818214 48.916
 40 124.776665  65.069345    47.600    47.194 41 53603.51812670 26.183
 41 124.754286  65.063540    47.263    47.419 42 53638.51812465 49.103
 42 124.750164  65.074676    45.823    45.816 48 53673.51814708 29.331
 43 124.780160  65.068820    46.105    45.919 33 53708.51807635 19.311
 44 124.780790  65.075557    46.273    46.086 20 53743.51798822 15.767
 45 124.762856  65.072672    45.819    45.757 44 53778.51801596 13.537
 46 124.782968  65.070280    46.048    46.093 24 53813.51798929 11.239
 47 124.752248  65.066616    46.074    45.959 43 53848.51804704  9.467
 49 124.749426  65.074768    49.175    49.212 48 53918.51812976 44.265
 50 124.750635  65.074809    46.332    46.099 47 53953.51813195 41.505
 52 124.747461  65.075610    46.627    46.648 49 54023.51811266 47.502
 53 124.765889  65.072210    46.269    46.223 44 54058.51810399 19.371
 54 124.775017  65.069725    46.843    46.544 42 54093.51808294 13.986
 55 124.752452  65.066773    46.522    46.405 43 54128.51802170 10.543
 56 124.763380  65.072058    46.186    46.095 44 54163.51805356 10.977
 57 124.748030  65.075547    47.088    46.859 48 54198.51802585  9.497
 58 124.755910  65.073668    46.023    46.016 46 54233.51806793 47.125
 59 124.761229  65.072996    49.940    50.075 45 54268.51808672 21.377
 60 124.761971  65.071818    47.863    47.590 45 54303.51809004 28.687
 61 124.768057  65.070973    47.698    47.413 44 54338.51807476 19.200
 62 124.754940  65.072745    47.292    46.901 47 54373.51802384 26.129
 63 124.761018  65.073301    46.032    46.001 45 54408.51802093 42.351
 64 124.754359  65.064134    46.024    46.124 42 54443.51798343 17.433
 65 124.761752  65.072450    45.990    46.033 44 54478.51801032 15.527
 66 124.749024  65.072099    46.105    46.084 47 54513.51799995 12.573
 67 124.766704  65.071968    45.987    45.809 43 54548.51802380 10.406
 68 124.758881  65.072949    47.093    46.597 46 54583.51799570  9.611
 69 124.759668  65.072786    51.581    51.594 46 54618.51801582 50.577
 70 124.758056  65.073811    47.760    47.760 46 54653.51802769 53.055
 71 124.766139  65.071927    47.754    47.631 43 54688.51801597 21.621
 72 124.747098  65.074121    49.150    49.204 48 54723.51797617 18.401
 73 124.761833  65.072395    46.282    46.275 44 54758.51799185 49.378
 74 124.758411  65.058417    46.319    46.407 39 54793.51796624 18.584
 75 124.758568  65.072494    46.327    46.293 46 54828.51799065 15.128
 76 124.747379  65.075994    46.140    46.071 48 54863.51796404 12.809
 77 124.763592  65.071832    45.988    45.881 45 54898.51799004 11.626
 78 124.750845  65.074553    46.159    46.035 48 54933.51795810  9.431
 79 124.758796  65.073491    48.785    48.761 46 54968.51799188 27.035
 80 124.756639  65.072890    49.275    49.338 46 55003.51801149 18.293
 81 124.762421  65.072096    47.401    47.210 44 55038.51799813 17.468
 82 124.768236  65.071269    47.283    47.357 43 55073.51798292 49.019
 83 124.747227  65.075515    47.264    47.020 48 55108.51793146 30.835
 84 124.762521  65.071952    45.525    45.494 45 55143.51793465 35.970
 85 124.754344  65.064330    46.138    46.041 42 55178.51790232 19.529
 86 124.760460  65.073375    45.809    45.676 45 55213.51792964 18.136
 87 124.750984  65.075065    45.646    45.524 47 55248.51790421 14.906
 88 124.765730  65.071075    45.730    45.663 44 55283.51792290 14.448
 89 124.758705  65.073666    46.026    45.816 45 55318.51789411 23.643
 90 124.763884  65.071972    49.079    49.161 45 55353.51789594 41.414
 91 124.744607  65.077473    47.673    47.585 49 55388.51789515 22.564
 92 124.761720  65.072867    46.984    46.938 45 55423.51791377 21.224
 93 124.770278  65.071371    46.705    46.715 43 55458.51788483 26.958
