# NaN NaN NaN ;Mean Elev.(m), Avg Gradient(m/km), RMS Gradient(m/km) - SRTM1     
#   32.075  -1.295   9.207 ;Mean Elev.(m), Avg Gradient(m/km), RMS Gradient(m/km) - ASTER GDEM
#   28.947  -0.018  16.680 ;Mean Elev.(m), Avg Gradient(m/km), RMS Gradient(m/km) - GMTED2010 
 13    52.624 52667.12005976 16.51 125.310390  64.791813  2.948
 13    51.434 52667.12006041 17.36 125.307460  64.788703  2.948
 13    50.230 52667.12006170 16.73 125.301590  64.782483  2.948
 15    52.775 52737.12007231 10.03 125.310462  64.792888  1.979
 15    52.212 52737.12007296 10.41 125.307532  64.789788  1.979
 15    50.517 52737.12007425 10.54 125.301662  64.783568  1.979
 16    49.571 52772.12004059 45.15 125.304994  64.794663 28.884
 16    49.389 52772.12004123 43.80 125.302064  64.791553 28.884
 16    50.755 52772.12004188 34.29 125.299134  64.788443 28.884
 19    50.318 52877.12019359 37.17 125.313517  64.789257 25.992
 19    50.132 52877.12019424 39.72 125.310577  64.786147 25.992
 23    51.059 53017.12014099 12.50 125.306294  64.794143  2.459
 23    50.123 53017.12014164 13.27 125.303364  64.791033  2.459
 23    50.181 53017.12014228 12.84 125.300424  64.787923  2.459
 23    50.433 53017.12014357 13.08 125.294564  64.781703  2.459
 25    52.437 53087.12015655 10.79 125.300940  64.797278  2.315
 25    51.503 53087.12015720 10.18 125.298010  64.794168  2.315
 27    55.486 53157.12018271 34.94 125.312609  64.793647 21.688
 27    55.244 53157.12018336 34.80 125.309669  64.790537 21.688
 27    55.282 53157.12018400 33.15 125.306739  64.787427 21.688
 27    55.341 53157.12018465 37.94 125.303799  64.784317 21.688
 29    52.572 53227.12017713 50.97 125.311550  64.790989 38.376
 29    51.917 53227.12017778 52.70 125.308610  64.787879 38.376
 29    52.124 53227.12017907 49.09 125.302750  64.781659 38.376
 30    50.163 53262.12014958 35.17 125.302237  64.797605 21.656
 30    50.420 53262.12015023 31.36 125.299297  64.794495 21.656
 31    50.856 53297.12018624 46.36 125.310117  64.792008 20.027
 31    49.951 53297.12018689 40.94 125.307187  64.788898 20.027
 31    50.036 53297.12018818 33.98 125.301317  64.782678 20.027
 32    52.875 53332.12015796 11.96 125.313722  64.792983  2.356
 32    51.818 53332.12015861 12.02 125.310792  64.789873  2.356
 32    51.212 53332.12015925 12.70 125.307852  64.786763  2.356
 32    50.487 53332.12015990 13.00 125.304922  64.783653  2.356
 33    52.378 53367.12010294 10.13 125.307450  64.796484  2.129
 33    51.190 53367.12010358 10.35 125.304510  64.793374  2.129
 33    50.788 53367.12010423 10.43 125.301580  64.790264  2.129
 33    50.608 53367.12010487 10.55 125.298650  64.787154  2.129
 35    52.300 53437.12012022  8.28 125.308402  64.795455  1.901
 35    52.208 53437.12012086  7.93 125.305472  64.792345  1.901
 35    50.947 53437.12012151  8.40 125.302532  64.789235  1.901
 35    51.152 53437.12012215  8.16 125.299602  64.786125  1.901
 35    50.974 53437.12012280  8.07 125.296672  64.783015  1.901
 36    52.895 53472.12017367  7.08 125.313831  64.789434  1.931
 36    52.024 53472.12017431  7.22 125.310891  64.786324  1.931
 37    53.337 53507.12020336 33.11 125.310472  64.792608 35.021
 37    52.965 53507.12020400 39.23 125.307542  64.789498 35.021
 37    53.153 53507.12020529 52.64 125.301672  64.783278 35.021
 38    54.452 53542.12020982 26.47 125.310710  64.794601 13.004
 38    52.715 53542.12021047 24.91 125.307780  64.791491 13.004
 38    52.952 53542.12021111 23.62 125.304850  64.788381 13.004
 38    53.013 53542.12021176 24.59 125.301910  64.785271 13.004
 38    52.766 53542.12021240 22.66 125.298980  64.782171 13.004
 39    52.283 53577.12019722 40.46 125.306644  64.795730 39.737
 39    52.286 53577.12019786 45.45 125.303714  64.792620 39.737
 39    52.235 53577.12019850 45.67 125.300774  64.789510 39.737
 40    55.100 53612.12014919 18.98 125.302438  64.797523 21.394
 40    52.762 53612.12014983 18.24 125.299508  64.794413 21.394
 42    49.024 53682.12017009 19.32 125.306288  64.794898  3.483
 42    49.009 53682.12017074 20.31 125.303358  64.791788  3.483
 42    49.615 53682.12017138 18.53 125.300418  64.788678  3.483
 42    49.826 53682.12017267 18.52 125.294558  64.782458  3.483
 43    51.231 53717.12009785 15.33 125.307095  64.792969  2.512
 43    51.049 53717.12009850 14.85 125.304165  64.789859  2.512
 43    50.085 53717.12009914 14.87 125.301235  64.786749  2.512
 43    50.114 53717.12009979 14.58 125.298305  64.783649  2.512
 45    52.792 53787.12004729 10.92 125.313258  64.792084  2.130
 45    52.183 53787.12004793 10.82 125.310318  64.788974  2.130
 45    50.691 53787.12004922 10.56 125.304458  64.782754  2.130
 46    52.309 53822.12000141 10.56 125.301561  64.796603  2.910
 46    51.612 53822.12000205 10.17 125.298631  64.793493  2.910
 47    50.802 53857.12009291 23.78 125.314336  64.791961  8.891
 47    50.882 53857.12009356 24.50 125.311392  64.788854 13.912
 47    51.552 53857.12009485 30.79 125.305532  64.782634 13.912
 49    53.774 53927.12016623 26.63 125.306276  64.794385 18.698
 49    51.461 53927.12016688 27.52 125.303332  64.791275 20.339
 49    52.327 53927.12016752 27.02 125.300402  64.788165 20.339
 49    51.344 53927.12016881 34.11 125.294532  64.781945 20.339
 50    49.318 53962.12015022 52.96 125.304076  64.797584 26.676
 50    49.147 53962.12015086 52.80 125.301146  64.794474 26.676
 50    49.165 53962.12015151 41.93 125.298206  64.791364 26.676
 53    49.749 54067.12014054 16.77 125.311416  64.791554  2.531
 53    51.258 54067.12014119 16.37 125.308476  64.788444  2.531
 53    49.986 54067.12014248 15.53 125.302616  64.782224  2.531
 54    51.878 54102.12010078 12.39 125.303610  64.794632  4.085
 54    51.079 54102.12010142 12.79 125.300680  64.791522  4.085
 56    52.491 54172.12007749  9.72 125.307393  64.795677  2.046
 56    51.569 54172.12007813  9.43 125.304463  64.792567  2.046
 56    51.037 54172.12007878  9.79 125.301533  64.789457  2.046
 58    57.930 54242.12010583 42.89 125.314411  64.792838 29.222
 58    57.918 54242.12010648 38.59 125.311471  64.789728 29.222
 58    57.863 54242.12010712 36.08 125.308541  64.786618 29.222
 59    52.630 54277.12012054 51.40 125.312349  64.790636 28.913
 59    52.664 54277.12012118 53.51 125.309409  64.787536 28.913
 60    55.289 54312.12012089 15.96 125.314379  64.792888 13.594
 60    54.351 54312.12012153 14.32 125.311449  64.789778 13.594
 60    52.708 54312.12012218 15.52 125.308509  64.786668 13.594
 61    50.686 54347.12009357 25.65 125.304592  64.794470 14.431
 61    51.177 54347.12009421 23.18 125.301662  64.791370 14.431
 61    51.179 54347.12009486 25.28 125.298732  64.788250 14.431
 63    52.066 54417.12004252 15.84 125.309343  64.795366  3.330
 63    50.170 54417.12004316 16.25 125.306403  64.792256  3.330
 63    49.880 54417.12004381 18.02 125.303473  64.789146  3.330
 63    49.927 54417.12004445 18.06 125.300543  64.786036  3.330
 63    49.915 54417.12004510 18.09 125.297613  64.782926  3.330
 65    50.443 54487.12004001 12.01 125.313873  64.792507  4.902
 65    50.402 54487.12004066 12.18 125.310945  64.789399  2.623
 65    50.360 54487.12004195 12.29 125.305075  64.783179  2.623
 67    51.955 54557.12004996  7.74 125.307727  64.794910  2.138
 67    51.361 54557.12005060  8.24 125.304787  64.791800  2.138
 67    51.247 54557.12005125  8.15 125.301857  64.788690  2.138
 67    51.089 54557.12005189  8.13 125.298927  64.785580  2.138
 67    51.821 54557.12005254  8.04 125.295997  64.782470  2.138
 68    50.459 54592.12003643  8.16 125.315291  64.792550  6.218
 68    50.316 54592.12003707 10.98 125.312351  64.789440  6.218
 68    50.514 54592.12003772 12.46 125.309421  64.786330  6.218
 69    55.467 54627.12005204 18.64 125.311775  64.793511 14.081
 69    54.836 54627.12005269 16.32 125.308835  64.790401 14.081
 69    53.218 54627.12005398 18.97 125.302975  64.784181 14.081
 70    50.716 54662.12005988 53.69 125.312489  64.792512 31.097
 70    50.943 54662.12006052 53.56 125.309549  64.789402 31.097
 70    51.172 54662.12006181 51.59 125.303689  64.783182 31.097
 71    54.213 54697.12003500 25.09 125.308841  64.795218 15.823
 71    53.965 54697.12003565 16.78 125.305911  64.792108 15.823
 71    52.605 54697.12003629 17.63 125.302971  64.788998 15.823
 71    52.285 54697.12003694 19.66 125.300041  64.785888 15.823
 71    53.471 54697.12003758 17.87 125.297111  64.782788 15.823
 73    49.549 54767.12001488 44.60 125.311905  64.791818 18.431
 73    49.758 54767.12001552 50.53 125.308965  64.788708 18.431
 73    49.723 54767.12001681 38.21 125.303105  64.782498 18.431
 75    52.010 54837.12000743 13.35 125.310943  64.790784  2.479
 75    51.805 54837.12000808 13.48 125.308003  64.787674  2.479
 75    50.623 54837.12000937 13.13 125.302143  64.781454  2.479
 77    52.695 54907.12001429  9.99 125.305120  64.797055  2.105
 77    52.227 54907.12001494 10.15 125.302180  64.793945  2.105
 77    51.319 54907.12001558 10.33 125.299250  64.790845  2.105
 79    53.873 54977.12002926 48.57 125.313276  64.792940 28.163
 79    54.005 54977.12002991 50.08 125.310336  64.789830 28.163
 79    54.171 54977.12003055 43.69 125.307406  64.786720 28.163
 79    53.887 54977.12003120 38.31 125.304476  64.783610 28.163
 80    52.109 55012.12003791 26.87 125.309698  64.791830 21.247
 80    52.282 55012.12003855 29.49 125.306758  64.788720 21.247
 80    52.714 55012.12003984 40.53 125.300898  64.782510 21.247
 81    50.413 55047.12002982 33.08 125.313871  64.791369 16.670
 81    50.121 55047.12003046 28.26 125.310931  64.788259 16.670
 81    50.750 55047.12003175 24.20 125.305071  64.782039 16.670
 82    50.532 55082.12000123 49.66 125.304770  64.795542 35.238
 82    50.593 55082.12000188 46.50 125.301830  64.792432 35.238
 82    50.595 55082.12000252 45.65 125.298900  64.789322 35.238
 84    50.194 55152.11995985 23.16 125.308687  64.791795  6.135
 84    50.849 55152.11996049 23.10 125.305747  64.788685  6.135
 84    50.020 55152.11996178 22.24 125.299887  64.782465  6.135
 86    52.995 55222.11995833 15.38 125.309244  64.792224  2.311
 86    50.695 55222.11995897 15.31 125.306304  64.789114  2.311
 86    50.468 55222.11996026 15.27 125.300444  64.782904  2.311
 88    52.863 55292.11994562 13.23 125.306545  64.796786  2.316
 88    52.208 55292.11994626 12.82 125.303605  64.793676  2.316
 88    54.175 55292.11994691 12.79 125.300675  64.790566  2.316
 89    49.760 55327.11992888 37.70 125.310540  64.790834 23.997
 89    49.258 55327.11992953 40.39 125.307600  64.787724 23.997
 89    49.858 55327.11993082 45.35 125.301740  64.781504 23.997
 90    54.907 55362.11992502 14.99 125.307953  64.792285 18.344
 90    54.160 55362.11992566 14.66 125.305013  64.789175 18.344
 90    53.325 55362.11992631 15.26 125.302083  64.786075 18.344
 90    53.523 55362.11992695 16.02 125.299153  64.782965 18.344
 92    50.125 55432.11994016 31.71 125.313592  64.790944 16.603
 92    50.002 55432.11994080 26.55 125.310662  64.787834 16.603
 92    50.385 55432.11994209 25.17 125.304792  64.781614 16.603
 93    49.879 55467.11989900 36.19 125.304197  64.796235 24.137
 93    50.064 55467.11989964 35.97 125.301257  64.793125 24.137
 93    50.138 55467.11990029 38.15 125.298327  64.790025 24.137
