-167357.030    81.688     0.00    6.89
-166981.555    91.519    26.19   21.85
-166606.145   108.679    45.72   34.26
-166230.802   133.387    65.84   37.32
-165855.524   158.582    67.15   28.11
-165480.312   175.329    44.64   19.61
-165105.166   183.203    20.99   14.18
-164730.086   185.600     6.39    9.32
-164355.072   179.844   -15.35   12.34
-163980.123   167.634   -32.57   14.76
-163605.241   157.461   -27.14   10.56
-163230.424   153.457   -10.68    8.87
-162855.672   149.811    -9.73    9.28
-162480.986   143.451   -16.98   13.69
-162106.366   136.054   -19.75   13.80
-161731.812   133.173    -7.69   14.60
-161357.322   140.053    18.37   21.91
-160982.899   152.049    32.04   23.05
-160608.541   165.400    35.67   17.58
-160234.248   176.688    30.16   10.34
-159860.020   180.143     9.23    8.41
-159485.858   179.988    -0.42    8.36
-159111.762   175.570   -11.81    9.64
-158737.730   167.075   -22.71   10.81
-158363.764   162.038   -13.47   11.61
-157989.863   162.850     2.17   13.04
-157616.027   166.671    10.22   14.16
-157242.256   173.100    17.20   11.89
-156868.551   174.712     4.32   10.59
-156494.910   166.630   -21.64   15.59
-156121.335   152.833   -36.94   18.72
-155747.824   140.287   -33.59   17.61
-155374.379   127.790   -33.47   10.20
-155000.998   128.975     3.17   13.58
-154627.683   137.877    23.85   19.64
-154254.432   146.383    22.79   18.08
-153881.246   148.821     6.53   13.07
-153508.125   145.474    -8.97   10.11
-153135.068   144.420    -2.83    8.73
-152762.077   148.667    11.39   10.37
-152389.150   153.802    13.77    8.32
-152016.287   156.613     7.54    6.72
-151643.490   157.275     1.78    5.77
-151270.757   157.688     1.11    5.45
-150898.088   154.688    -8.05    7.83
-150525.484   150.025   -12.51    9.30
-150152.945   146.213   -10.24    8.24
-149780.470   145.436    -2.09    7.31
-149408.059   149.325    10.44   10.05
-149035.713   157.405    21.70   14.40
-148663.431   168.950    31.02   16.47
-148291.213   174.810    15.75   17.65
-147919.060   177.012     5.92   17.07
-147546.971   179.325     6.21   16.03
-147174.947   187.225    21.24   20.57
-146802.986   199.051    31.80   24.23
-146431.090   216.863    47.90   24.34
-146059.257   232.430    41.87   18.97
-145687.489   240.850    22.65   15.33
-145315.785   244.182     8.96   18.28
-144944.145   249.125    13.30   19.88
-144572.569   256.338    19.41   22.42
-144201.057   267.494    30.03   21.06
-143829.609   275.582    21.78   13.70
-143458.224   276.988     3.78    9.36
-143086.904   271.577   -14.57   11.57
-142715.647   263.000   -23.11    9.21
-142344.454   258.816   -11.27    6.09
-141973.325   258.951     0.36    7.38
-141602.260   263.873    13.27   11.64
-141231.258   272.741    23.90   13.14
-140860.320   279.269    17.60   10.57
-140489.446   279.675     1.09    9.95
-140118.635   275.618   -10.94   11.49
-139747.888   267.375   -22.24   12.83
-139377.205   259.329   -21.71   12.35
-139006.584   252.085   -19.55   10.51
-138636.028   249.000    -8.33    8.71
-138265.534   254.525    14.91   14.25
-137895.105   262.449    21.39   14.26
-137524.738   267.812    14.48    9.16
-137154.435   266.564    -3.37   11.28
-136784.195   258.605   -21.50   15.12
-136414.018   248.380   -27.63   13.43
-136043.905   239.380   -24.32   11.33
-135673.855   233.179   -16.76    9.48
-135303.868   227.712   -14.78    7.47
-134933.944   223.430   -11.58    7.85
-134564.083   220.387    -8.23    9.17
-134194.286   218.200    -5.92   10.42
-133824.551   215.354    -7.70    9.00
-133454.879   213.195    -5.84    6.73
-133085.271   212.262    -2.52    4.90
-132715.725   212.076    -0.50    4.05
-132346.242   211.675    -1.09    4.62
-131976.822   211.457    -0.59    4.45
-131607.465   210.525    -2.52    4.50
-131238.171   210.177    -0.94    4.53
-130868.939   209.382    -2.16    4.24
-130499.771   209.103    -0.76    4.71
-130130.665   209.438     0.91    6.40
-129761.621   211.346     5.17    9.86
-129392.641   213.837     6.75   12.30
-129023.722   214.590     2.04   12.26
-128654.867   214.831     0.65   12.00
-128286.074   212.375    -6.66   11.22
-127917.344   208.513   -10.48    8.27
-127548.676   205.506    -8.16    4.21
-127180.070   204.329    -3.19    3.66
-126811.527   204.050    -0.76    3.98
-126443.046   204.295     0.66    5.29
-126074.628   205.562     3.44    6.09
-125706.272   206.974     3.83    5.86
-125337.979   206.407    -1.54    5.40
-124969.747   203.584    -7.67    5.48
-124601.578   200.075    -9.53    5.41
-124233.471   197.770    -6.26    5.10
-123865.426   196.395    -3.74    4.28
-123497.444   195.797    -1.62    3.47
-123129.523   196.525     1.98    4.12
-122761.665   198.605     5.66    5.42
-122393.868   201.039     6.62    5.19
-122026.134   203.797     7.50    5.26
-121658.461   207.050     8.85    5.87
-121290.851   210.553     9.53    6.87
-120923.302   216.000    14.82    9.58
-120555.816   224.080    21.99   12.46
-120188.391   231.580    20.42   12.21
-119821.028   237.190    15.27    9.89
-119453.727   240.570     9.20    6.76
-119086.487   237.169    -9.26   11.19
-118719.215   227.775   -25.58   17.35
-118339.239   217.000   -28.36   18.09
-117959.330   209.200   -20.53   13.70
-117579.487   206.117    -8.12    9.11
-117199.712   210.025    10.29    9.89
-116820.002   215.284    13.85    7.99
-116440.359   222.012    17.73    8.14
-116060.783   229.776    20.46   11.59
-115681.273   237.291    19.80   11.56
-115301.829   241.487    11.06    7.40
-114922.452   237.642   -10.14    9.77
-114543.142   231.050   -17.38   10.02
-114163.897   226.949   -10.82    7.83
-113784.719   220.700   -16.48    9.39
-113405.607   214.390   -16.65   12.65
-113026.562   206.785   -20.06   12.06
-112647.582   201.597   -13.69    7.24
-112268.669   206.195    12.13   11.44
-111889.822   214.324    21.46   13.41
-111511.040   225.370    29.16   13.05
-111132.325   234.355    23.73    8.39
-110753.676   237.137     7.35    7.52
-110375.093   237.883     1.97    8.03
-109996.576   234.837    -8.05    8.17
-109618.125   231.637    -8.46    5.59
-109239.739   232.013     0.99    5.01
-108861.420   233.641     4.30    5.41
-108483.166   234.731     2.88    5.40
-108104.978   236.238     3.98    5.98
-107726.856   237.921     4.45    8.19
-107348.799   238.886     2.55    9.40
-106970.808   241.040     5.70    9.49
-106592.883   240.525    -1.36    8.15
-106215.023   238.270    -5.97    6.60
-105837.229   238.538     0.71    6.19
-105459.501   239.987     3.84    6.64
-105081.837   242.797     7.44    8.03
-104704.240   246.127     8.82    9.21
-104326.708   250.387    11.29   10.32
-103949.241   255.821    14.39    9.90
-103571.839   261.923    16.17    9.69
-103194.503   268.803    18.23    8.28
-102817.232   272.244     9.12    6.35
-102440.027   274.532     6.07    3.40
-102062.886   273.910    -1.65    3.26
-101685.811   270.679    -8.57    4.79
-101308.801   267.493    -8.45    5.49
-100931.856   263.875    -9.60    5.49
-100554.976   261.521    -6.25    5.03
-100178.161   262.150     1.67    6.47
 -99801.411   264.703     6.78    7.63
 -99424.726   267.684     7.91    7.09
 -99048.107   268.571     2.36    5.53
 -98671.552   264.658   -10.39    8.97
 -98295.061   258.329   -16.81    9.56
 -97918.636   253.413   -13.06    7.13
 -97542.276   251.909    -3.99    7.07
 -97165.980   257.077    13.73   12.63
 -96789.749   266.200    24.25   14.41
 -96413.583   273.259    18.77   10.75
 -96037.481   275.137     4.99    7.95
 -95661.444   271.377   -10.00    9.21
 -95285.472   267.051   -11.51    8.90
 -94909.564   264.205    -7.57    9.77
 -94533.721   261.658    -6.78   10.04
 -94157.942   258.724    -7.81   10.39
 -93782.228   256.397    -6.19   10.51
 -93406.579   253.987    -6.42   10.77
 -93030.993   248.810   -13.78   11.15
 -92655.472   242.689   -16.30   11.56
 -92280.016   235.926   -18.01    8.18
 -91904.623   233.392    -6.75    5.30
 -91529.295   239.450    16.14   11.96
 -91154.031   249.227    26.05   15.25
 -90778.832   261.078    31.59   15.92
 -90403.696   271.584    28.01   10.87
 -90028.625   277.785    16.53   10.00
 -89653.618   282.833    13.46   10.37
 -89278.675   291.913    24.22   16.92
 -88903.796   303.579    31.12   17.99
 -88528.981   307.038     9.23   16.87
 -88154.230   303.462    -9.54   17.83
 -87779.542   296.188   -19.42   15.09
 -87404.919   293.962    -5.94   11.60
 -87030.360   296.603     7.05   11.27
 -86655.864   290.924   -15.16   19.54
 -86281.433   279.779   -29.77   22.50
 -85907.065   268.316   -30.62   15.73
 -85532.760   264.385   -10.51    9.49
 -85158.520   266.416     5.43   12.35
 -84784.343   270.506    10.93   13.78
 -84410.230   275.430    13.16   17.25
 -84036.181   282.013    17.60   21.47
 -83662.195   294.512    33.42   18.86
 -83288.272   302.973    22.63    9.33
 -82914.413   300.646    -6.23   10.85
 -82540.618   296.162   -12.00   10.95
 -82166.886   287.273   -23.79   10.99
 -81793.218   276.351   -29.23   13.32
 -81419.612   270.800   -14.86   11.59
 -81046.071   269.589    -3.24    9.04
 -80672.592   272.375     7.46   12.00
 -80299.177   274.176     4.82   16.10
 -79925.825   274.658     1.29   16.25
 -79552.536   278.289     9.73   16.51
 -79179.311   282.333    10.84   16.02
 -78806.148   290.187    21.05   15.01
 -78433.049   294.506    11.58   14.99
 -78060.013   297.526     8.10   15.89
 -77687.040   302.000    12.00   15.07
 -77314.130   307.093    13.66   10.46
 -76941.283   309.692     6.97    7.71
 -76568.499   310.654     2.58    7.63
 -76195.778   312.443     4.80    8.35
 -75823.120   313.769     3.56    8.40
 -75450.524   310.443    -8.93   10.23
 -75077.992   306.750    -9.91    9.72
 -74705.522   305.810    -2.52    8.62
 -74333.115   305.416    -1.06    7.49
 -73960.771   307.846     6.53    6.95
 -73588.489   308.875     2.76    7.74
 -73216.270   309.637     2.05    8.92
 -72844.114   312.423     7.49    9.36
 -72472.021   314.368     5.23    8.32
 -72099.990   314.342    -0.07    6.66
 -71728.021   313.158    -3.18    6.65
 -71356.115   305.377   -20.92   12.25
 -70984.272   297.410   -21.43   12.11
 -70612.491   291.750   -15.23    9.87
 -70240.772   288.538    -8.64    8.42
 -69869.116   287.948    -1.59    8.11
 -69497.522   287.763    -0.50    6.57
 -69125.990   289.342     4.25    6.40
 -68754.521   294.364    13.52    8.53
 -68383.114   302.152    20.97   10.56
 -68011.770   309.782    20.55   11.76
 -67640.487   317.949    22.00   10.55
 -67269.267   322.397    11.98    8.20
 -66898.108   318.026   -11.78   13.83
 -66527.012   313.987   -10.88   14.09
 -66155.978   311.025    -7.98   11.57
 -65785.006   309.551    -3.97    9.04
 -65414.096   312.494     7.93    7.40
 -65043.248   316.395    10.52    9.18
 -64672.462   322.179    15.60   13.18
 -64301.738   331.101    24.07   15.11
 -63931.076   339.269    22.04   14.12
 -63560.475   344.434    13.94   11.56
 -63189.937   345.380     2.55    9.76
 -62819.460   343.462    -5.18    9.66
 -62449.045   343.620     0.43    9.61
 -62078.692   346.787     8.55   10.64
 -61708.400   350.769    10.76    8.76
 -61338.170   352.372     4.33    6.87
 -60968.002   348.792    -9.67    9.60
 -60597.895   341.974   -18.42    9.74
 -60227.850   333.684   -22.41    8.63
 -59857.866   329.171   -12.20    7.27
 -59487.944   328.700    -1.27    8.22
 -59118.083   332.763    10.99   10.97
 -58748.284   341.833    24.53   12.98
 -58378.546   348.039    16.78   11.52
 -58008.870   350.975     7.94    9.28
 -57639.255   350.221    -2.04   11.13
 -57269.701   350.117    -0.28   13.04
 -56900.209   351.605     4.03   12.88
 -56530.778   354.380     7.51   11.62
 -56161.408   352.688    -4.58   11.64
 -55792.099   343.052   -26.09   17.60
 -55422.852   330.831   -33.10   20.04
 -55053.665   319.228   -31.43   15.61
 -54684.540   312.241   -18.93   10.40
 -54315.476   307.679   -12.36    8.09
 -53946.473   306.610    -2.90    7.39
 -53577.530   304.987    -4.40    7.22
 -53208.649   304.566    -1.14    7.70
 -52839.829   306.408     4.99   10.05
 -52471.070   309.078     7.24   11.72
 -52102.371   310.462     3.75   11.20
 -51733.734   311.684     3.32    9.06
 -51365.157   312.812     3.06    6.85
 -50996.641   316.192     9.17    7.28
 -50628.186   322.429    16.93    9.29
 -50259.792   328.532    16.57    8.39
 -49891.458   332.829    11.67    5.27
 -49523.185   330.949    -5.10    7.94
 -49154.973   325.487   -14.84   11.21
 -48786.821   318.338   -19.42   11.72
 -48418.730   312.205   -16.66   11.09
 -48050.699   312.792     1.60   11.98
 -47682.729   317.618    13.12   14.67
 -47314.820   324.179    17.83   16.26
 -46946.971   331.827    20.79   15.60
 -46579.182   336.950    13.93   13.06
 -46211.454   338.800     5.03    9.62
 -45843.786   335.582    -8.75    9.98
 -45476.179   331.351   -11.51   11.31
 -45108.631   327.468   -10.57   10.36
 -44741.145   324.110    -9.14    9.32
 -44373.718   323.816    -0.80    8.59
 -44006.351   320.757    -8.33    9.26
 -43629.289   312.924   -20.77   14.17
 -43249.516   299.216   -36.10   24.80
 -42869.808   281.519   -46.61   27.00
 -42490.164   267.053   -38.11   20.50
 -42110.586   266.896    -0.41   21.28
 -41731.072   277.519    27.99   26.94
 -41351.622   290.987    35.50   23.95
 -40972.238   305.545    38.37   15.04
 -40592.918   310.934    14.21   12.98
 -40213.663   309.089    -4.87   13.10
 -39834.472   305.903    -8.40   11.98
 -39455.346   298.762   -18.83   13.09
 -39076.285   288.781   -26.33   16.67
 -38697.288   269.779   -50.14   27.14
 -38318.355   241.513   -74.60   34.95
 -37939.487   210.857   -80.92   34.63
 -37560.684   179.705   -82.24   35.62
 -37181.944   158.654   -55.58   27.72
 -36803.269   146.935   -30.95   20.83
 -36424.659   149.395     6.50   23.05
 -36046.112   158.613    24.35   27.39
 -35667.630   167.200    22.69   28.12
 -35289.212   185.886    49.38   38.65
 -34910.858   212.822    71.19   49.11
 -34532.569   247.250    91.01   42.89
 -34154.343   276.958    78.55   17.63
 -33776.182   276.776    -0.48   17.87
 -33398.084   258.329   -48.79   30.12
 -33020.051   242.487   -41.91   29.30
 -32642.082   235.693   -17.98   23.79
 -32264.176   247.532    31.33   27.97
 -31886.335   262.935    40.77   24.32
 -31508.557   259.844    -8.18   34.77
 -31130.843   235.351   -64.85   51.57
 -30753.193   210.645   -65.42   47.87
 -30375.607   199.896   -28.47   33.46
 -29998.084   213.541    36.14   41.25
 -29620.625   243.064    78.22   43.37
 -29243.230   273.757    81.33   26.61
 -28865.899   290.413    44.14   16.27
 -28488.631   299.194    23.28   10.10
 -28111.427   302.608     9.05    7.31
 -27734.286   300.080    -6.70   12.55
 -27357.209   290.592   -25.16   22.72
 -26980.195   276.355   -37.76   26.93
 -26603.245   266.312   -26.64   23.62
 -26226.358   263.833    -6.58   18.13
 -25849.534   269.416    14.81   18.88
 -25472.774   279.692    27.28   18.79
 -25096.078   289.855    26.98   16.92
 -24719.444   300.425    28.06   16.68
 -24342.874   309.730    24.71   15.83
 -23966.367   319.792    26.73   13.36
 -23589.923   327.877    21.48    9.28
 -23213.542   331.382     9.31    4.79
 -22837.225   330.625    -2.01    4.88
 -22460.971   328.303    -6.17    5.08
 -22084.779   324.189   -10.93    6.38
 -21708.651   317.962   -16.56   10.09
 -21332.586   310.280   -20.43   11.90
 -20956.583   302.405   -20.94   13.12
 -20580.644   293.882   -22.67   11.86
 -20204.767   287.740   -16.34   11.46
 -19828.954   281.410   -16.84   11.03
 -19453.203   274.338   -18.82    9.97
 -19077.515   267.709   -17.64    9.03
 -18701.890   264.718    -7.96    6.23
 -18326.328   263.792    -2.46    5.93
 -17950.828   265.800     5.35    7.53
 -17575.391   267.532     4.61    8.26
 -17200.016   268.081     1.46    9.37
 -16824.705   267.337    -1.98    9.32
 -16449.456   267.521     0.49    8.67
 -16074.269   269.803     6.08    7.52
 -15699.145   270.411     1.62    6.32
 -15324.083   269.987    -1.13    5.74
 -14949.084   265.577   -11.76    8.24
 -14574.147   259.289   -16.77    8.58
 -14199.273   252.253   -18.77    7.92
 -13824.461   246.974   -14.08    7.74
 -13449.712   242.933   -10.78    7.50
 -13075.024   239.513    -9.13    5.95
 -12700.399   236.653    -7.63    4.82
 -12325.837   234.532    -5.66    4.77
 -11951.336   233.104    -3.81    4.35
 -11576.898   232.883    -0.59    4.17
 -11202.521   232.182    -1.87    4.00
 -10828.207   231.436    -1.99    5.87
 -10453.955   228.553    -7.70    7.34
 -10079.765   223.671   -13.05    9.13
  -9705.637   212.872   -28.87   15.71
  -9331.571   202.747   -27.07   15.67
  -8957.567   195.163   -20.28    9.97
  -8583.625   193.347    -4.86    5.17
  -8209.745   196.718     9.02    5.11
  -7835.927   200.216     9.36    4.39
  -7462.170   200.579     0.97    5.00
  -7088.476   199.829    -2.01    6.14
  -6714.843   194.987   -12.96    7.93
  -6341.271   187.972   -18.78    7.60
  -5967.762   181.921   -16.20    7.88
  -5594.314   176.548   -14.39    5.40
  -5220.928   172.188   -11.68    4.49
  -4847.604   169.122    -8.21    6.26
  -4474.341   165.962    -8.46    9.39
  -4101.139   162.932    -8.12   13.34
  -3728.000   157.103   -15.62   20.12
  -3354.921   140.868   -43.51   36.11
  -2981.904   115.311   -68.52   49.93
  -2608.949    78.039   -99.94   50.82
  -2236.055    45.645   -86.87   38.25
  -1863.222    20.065   -68.61   15.14
  -1490.451    10.260   -26.30    8.27
  -1117.741     4.920   -14.33    4.53
   -745.092     2.697    -5.96    3.86
   -372.505     0.827    -5.02    2.48
      0.022     0.000    -2.22    0.00
    372.487     3.909    10.50   13.52
    744.891    26.325    60.19   51.15
   1117.233    91.553   175.18  106.90
   1489.515   162.675   191.05  117.42
   1861.736   237.649   201.42   85.66
   2233.895   285.000   127.23   36.27
   2605.994   294.091    24.43   19.50
   2978.032   287.237   -18.42   26.45
   3350.008   277.231   -26.90   31.41
   3721.924   262.360   -39.98   29.21
   4093.779   258.519   -10.33   25.45
   4465.573   270.432    32.04   32.29
   4837.306   299.564    78.37   45.11
   5208.979   327.987    76.47   36.82
   5580.590   343.267    41.12   23.44
   5952.141   343.750     1.30   22.05
   6323.631   341.368    -6.41   19.66
   6695.061   342.905     4.14   16.24
   7066.430   350.592    20.70   14.47
   7437.738   362.819    32.93   14.94
   7808.986   374.582    31.68   15.93
   8180.173   384.167    25.82   10.27
   8551.300   388.275    11.07    6.16
   8922.366   389.361     2.93    5.25
   9293.371   386.506    -7.69    6.25
   9664.317   382.685   -10.30    7.48
  10035.201   381.553    -3.05    8.96
  10406.026   381.086    -1.26   11.45
  10776.790   382.118     2.79   13.65
  11147.494   382.806     1.85   16.04
  11518.137   383.855     2.83   17.76
  11888.721   382.892    -2.60   18.77
  12259.244   387.000    11.09   17.16
  12629.707   393.139    16.57   12.78
  13000.109   395.949     7.59    8.47
  13370.452   395.500    -1.21    8.27
  13740.735   392.557    -7.95    9.19
  14110.957   390.432    -5.74   11.33
  14481.119   387.132    -8.92   15.22
  14851.222   383.930    -8.65   19.14
  15221.264   383.803    -0.34   21.72
  15591.246   383.671    -0.35   23.44
  15961.169   386.118     6.61   22.56
  16331.032   387.630     4.09   18.55
  16700.834   378.545   -24.57   21.03
  17070.577   364.194   -38.81   21.87
  17440.260   354.127   -27.23   17.06
  17809.884   348.889   -14.17   14.79
  18179.447   347.127    -4.77   17.20
  18548.951   344.458    -7.22   19.34
  18918.395   334.342   -27.38   18.48
  19287.780   326.548   -21.10   12.59
  19657.104   323.211    -9.04   10.11
  20026.370   324.557     3.65   12.13
  20395.575   326.211     4.48   11.79
  20764.722   326.958     2.03    9.89
  21133.808   331.066    11.13   11.04
  21502.835   339.671    23.32   17.79
  21871.803   358.200    50.22   31.74
  22240.711   377.375    51.98   33.06
  22609.560   392.833    41.91   32.99
  22978.350   403.083    27.79   29.80
  23347.080   406.738     9.91   27.81
  23715.751   411.753    13.61   24.10
  24084.362   415.987    11.48   20.12
  24452.915   421.181    14.09   15.26
  24821.408   416.184   -13.56   16.96
  25189.842   405.771   -28.26   21.88
  25558.216   389.921   -43.03   22.13
  25926.532   375.288   -39.73   13.52
  26294.789   369.553   -15.57    8.45
  26662.986   370.917     3.70   11.42
  27031.124   378.608    20.89   15.09
  27399.204   385.932    19.90   15.25
  27767.224   387.688     4.77   16.39
  28135.186   389.676     5.40   16.22
  28503.088   394.269    12.49   17.01
  28870.932   399.932    15.40   17.43
  29238.716   414.853    40.57   19.89
  29606.442   429.973    41.12   19.88
  29974.109   447.178    46.79   18.68
  30341.718   460.200    35.42   14.06
  30709.267   462.568     6.44   12.97
  31083.574   456.387   -16.51   16.74
  31463.215   442.013   -37.86   19.83
  31842.792   427.861   -37.28   14.39
  32222.307   425.127    -7.21   12.96
  32601.758   427.959     7.46   16.43
  32981.147   434.810    18.06   15.33
  33360.472   443.533    23.00   12.25
  33739.735   448.351    12.70   10.43
  34118.934   450.480     5.62    8.83
  34498.071   451.184     1.86    8.14
  34877.144   449.382    -4.76    8.98
  35256.155   446.068    -8.74   12.85
  35635.103   448.320     5.94   17.75
  36013.988   449.000     1.79   19.53
  36392.810   447.789    -3.20   18.18
  36771.570   444.890    -7.65   17.47
  37150.267   440.355   -11.98   13.75
  37528.901   438.467    -4.99   11.63
  37907.473   440.805     6.18   11.55
  38285.982   443.500     7.12   12.78
  38664.428   443.160    -0.90   16.78
  39042.812   435.632   -19.90   22.59
  39421.133   422.882   -33.70   22.72
  39799.392   409.338   -35.80   14.77
  40177.588   400.662   -22.94   10.93
  40555.722   393.632   -18.59   11.64
  40933.794   389.657   -10.51   13.42
  41311.803   391.960     6.09   19.28
  41689.750   394.028     5.47   23.35
  42067.634   394.587     1.48   24.66
  42445.457   392.600    -5.26   25.57
  42823.217   389.013    -9.49   24.58
  43200.915   382.533   -17.16   20.78
  43578.550   377.840   -12.43   15.65
  43956.124   375.250    -6.86   12.64
  44333.635   372.297    -7.82   12.64
  44711.084   368.526    -9.99   11.36
  45088.472   366.110    -6.40   10.03
  45465.797   365.118    -2.63   12.65
  45843.060   366.472     3.59   14.87
  46220.262   369.158     7.12   14.26
  46597.401   370.986     4.85   14.37
  46974.478   371.333     0.92   14.59
  47351.494   370.784    -1.46   14.90
  47728.448   373.219     6.46   14.73
  48105.340   382.041    23.40   20.60
  48482.170   394.855    34.01   26.17
  48858.938   408.539    36.32   25.83
  49235.645   415.027    17.22   28.93
  49612.290   413.468    -4.14   33.03
  49988.874   412.716    -2.00   34.01
  50365.395   415.872     8.38   34.95
  50741.856   426.203    27.44   33.84
  51118.254   438.078    31.55   29.05
  51494.591   443.625    14.74   25.96
  51870.867   448.618    13.27   23.40
  52247.081   448.861     0.65   26.15
  52623.234   455.960    18.87   22.06
  52999.325   459.514     9.45   18.02
  53375.355   461.808     6.10   13.89
  53751.324   458.253    -9.45   12.77
  54127.231   453.280   -13.23   15.75
  54503.077   444.987   -22.06   20.92
  54878.862   437.513   -19.89   25.97
  55254.585   430.260   -19.30   29.44
  55630.248   420.827   -25.11   28.25
  56005.849   409.961   -28.93   25.20
  56381.389   398.630   -30.17   23.87
  56756.868   385.974   -33.70   31.35
  57132.286   370.500   -41.22   40.80
  57507.643   349.675   -55.48   41.15
  57882.939   335.403   -38.03   33.65
  58258.173   322.737   -33.75   20.25
  58633.347   322.222    -1.37   18.20
  59008.460   326.605    11.68   18.58
  59383.513   338.056    30.53   26.03
  59758.504   359.486    57.15   33.82
  60133.434   383.365    63.68   34.00
  60508.304   402.096    49.96   33.41
  60883.113   418.480    43.71   31.37
  61257.861   431.724    35.34   27.45
  61632.548   444.865    35.07   21.86
  62007.175   455.400    28.12   17.61
  62381.741   463.184    20.78   16.37
  62756.246   471.932    23.36   21.94
  63130.691   486.260    38.26   25.54
  63505.076   498.595    32.95   20.96
  63879.399   503.154    12.18   14.93
  64253.663   500.137    -8.06   15.90
  64627.866   491.092   -24.17   19.38
  65002.008   482.620   -22.64   19.22
  65376.090   479.000    -9.68   19.65
  65750.111   477.729    -3.40   19.03
  66124.073   469.720   -21.41   20.46
  66497.974   453.529   -43.30   26.56
  66871.814   432.880   -55.23   31.47
  67245.595   411.521   -57.14   26.02
  67619.315   396.703   -39.65   19.67
  67992.975   392.108   -12.30   17.95
  68366.575   396.724    12.35   22.44
  68740.114   411.227    38.82   26.78
  69113.594   428.312    45.74   29.10
  69487.013   450.933    60.58   31.44
  69860.372   468.382    46.73   29.30
  70233.672   482.946    39.01   19.53
  70606.911   486.919    10.64   14.60
  70980.091   482.838   -10.94   16.64
  71353.210   472.027   -28.97   20.78
  71726.270   457.289   -39.50   21.70
  72099.269   446.882   -27.90   24.46
  72472.209   439.303   -20.32   27.15
  72845.089   433.811   -14.73   29.67
  73217.909   424.514   -24.94   29.53
  73590.670   414.849   -25.92   29.04
  73963.370   399.865   -40.20   28.38
  74336.011   385.324   -39.02   27.40
  74708.593   365.347   -53.62   31.30
  75081.115   345.014   -54.58   31.42
  75453.577   330.776   -38.22   27.22
  75825.979   321.943   -23.72   22.09
  76198.322   323.776     4.92   26.30
  76570.606   337.792    37.64   37.27
  76942.829   351.147    35.88   40.45
  77314.994   375.306    64.91   40.58
  77687.099   396.397    56.68   39.47
  78059.145   414.583    48.88   37.01
  78431.131   421.192    17.77   35.71
  78803.058   419.315    -5.05   36.88
  79174.925   419.857     1.46   31.45
  79546.733   422.493     7.09   27.31
  79918.482   439.636    46.11   28.35
  80290.172   459.257    52.78   27.45
  80661.803   475.640    44.08   23.92
  81033.374   486.685    29.72   15.58
  81404.886   489.329     7.12   14.78
  81776.339   490.378     2.83   20.29
  82147.733   493.151     7.46   25.22
  82519.068   497.733    12.34   25.46
  82890.344   499.784     5.52   22.83
  83261.561   495.432   -11.72   26.48
  83632.719   485.816   -25.91   28.34
  84003.818   475.338   -28.23   27.41
  84374.858   467.840   -20.21   26.24
  84745.839   452.787   -40.57   31.50
  85116.762   436.240   -44.61   31.79
  85487.625   419.635   -44.77   28.11
  85858.430   409.527   -27.26   29.54
  86229.175   407.514    -5.43   35.24
  86599.863   411.081     9.62   41.68
  86970.491   410.316    -2.06   43.21
  87341.061   401.662   -23.35   43.45
  87711.572   380.173   -57.99   43.91
  88082.024   359.224   -56.55   37.05
  88452.418   343.816   -41.60   28.11
  88822.753   336.027   -21.03   22.15
  89193.030   333.560    -6.66   23.55
  89563.248   337.192     9.81   29.93
  89933.408   347.959    29.09   39.80
  90303.509   361.411    36.34   48.49
  90673.552   382.562    57.15   51.33
  91043.536   401.699    51.72   49.63
  91413.462   415.123    36.29   41.05
  91783.329   422.178    19.07   29.89
  92153.139   413.067   -24.64   29.02
  92522.890   390.635   -60.66   44.00
  92892.582   360.118   -82.54   45.37
  93262.217   341.459   -50.48   30.87
  93631.793   347.247    15.66   33.77
  94001.311   377.370    81.51   42.56
  94370.771   413.273    97.17   41.88
  94740.173   440.014    72.38   27.13
  95109.517   442.921     7.87   21.84
  95478.802   430.384   -33.95   29.07
  95848.030   410.779   -53.09   29.67
  96217.199   395.000   -42.74   23.96
  96586.311   394.792    -0.56   22.83
  96955.364   400.603    15.74   21.84
  97324.360   416.240    42.37   25.33
  97693.298   432.082    42.94   27.01
  98062.178   452.187    54.50   22.84
  98431.000   468.222    43.47   16.84
  98799.764   483.027    40.14   15.23
  99168.470   493.712    28.98   15.42
  99537.119   500.274    17.80   13.65
  99905.710   497.397    -7.80   18.90
 100274.243   482.356   -40.81   29.01
 100642.719   465.278   -46.34   27.85
 101011.137   454.811   -28.41   20.31
 101379.497   458.014     8.69   19.48
 101747.799   470.365    33.53   21.42
 102116.045   483.795    36.47   18.91
 102484.232   493.842    27.29   14.27
 102852.362   498.301    12.11   11.48
 103220.435   498.390     0.24   12.07
 103588.450   495.203    -8.66   16.66
 103956.407   489.909   -14.39   19.32
 104324.307   482.270   -20.76   19.77
 104692.150   472.184   -27.42   19.63
 105059.936   462.014   -27.65   17.73
 105427.664   455.066   -18.89   15.06
 105799.451   450.892   -11.23   14.62
 106178.963   447.605    -8.66   15.16
 106558.413   445.000    -6.87   16.23
 106937.801   440.867   -10.89   14.63
 107317.128   440.380    -1.28   16.95
 107696.394   437.280    -8.17   18.56
 108075.598   433.878    -8.97   21.14
 108454.741   426.000   -20.78   19.60
 108833.822   418.575   -19.58   15.84
 109212.843   414.595   -10.50   12.99
 109591.802   415.405     2.14   15.26
 109970.699   417.274     4.93   17.08
 110349.536   420.486     8.48   19.63
 110728.312   419.086    -3.70   22.78
 111107.026   419.560     1.25   24.64
 111485.679   418.214    -3.55   28.58
 111864.272   419.446     3.25   32.37
 112242.803   416.644    -7.40   37.25
 112621.273   410.000   -17.55   40.69
 112999.682   398.365   -30.74   40.83
 113378.031   387.311   -29.21   36.60
 113756.318   380.342   -18.42   34.05
 114134.545   374.082   -16.55   31.42
 114512.710   369.408   -12.36   32.72
 114890.815   370.083     1.79   37.77
 115268.859   367.947    -5.65   42.76
 115646.843   377.181    24.43   55.71
 116024.765   382.447    13.93   57.10
 116402.627   392.603    26.87   50.81
 116780.428   388.697   -10.34   41.47
 117158.169   364.054   -65.23   46.73
 117535.849   328.865   -93.16   55.93
 117913.468   295.149   -89.28   41.02
 118291.027   283.838   -29.95   23.96
 118668.525   301.737    47.41   37.43
 119045.963   337.055    93.56   46.07
 119423.340   380.307   114.60   44.11
 119800.657   415.986    94.55   34.38
 120177.914   444.461    75.47   28.28
 120555.110   462.529    47.90   18.91
 120932.246   467.853    14.12   15.68
 121309.321   465.014    -7.53   18.87
 121686.336   457.630   -19.58   21.89
 122063.291   450.890   -17.88   23.52
 122440.186   444.595   -16.70   26.01
 122817.021   436.527   -21.41   28.72
 123193.795   425.973   -28.01   28.97
 123570.509   412.890   -34.72   25.52
 123947.163   402.338   -28.01   21.08
 124323.757   394.466   -20.90   18.63
 124700.291   389.114   -14.21   20.70
 125076.765   382.427   -17.76   25.65
 125453.179   374.478   -21.11   29.93
 125829.533   358.440   -42.61   36.39
 126205.827   338.843   -52.07   36.05
 126582.061   314.446   -64.84   33.51
 126958.236   288.315   -69.46   28.67
 127334.350   272.160   -42.95   21.80
 127710.405   266.270   -15.66   15.21
 128086.400   274.311    21.38   22.98
 128462.335   296.933    60.17   34.12
 128838.210   323.192    69.85   38.31
 129214.026   355.592    86.20   40.51
 129589.782   384.644    77.31   37.69
 129965.478   410.776    69.55   34.01
 130341.115   433.563    60.66   21.85
 130716.692   443.467    26.37   17.11
 131092.209   445.347     5.01   19.26
 131467.668   448.479     8.34   18.65
 131843.066   453.458    13.26   18.92
 132218.405   464.947    30.61   19.21
 132593.685   472.153    19.20   13.65
 132968.905   465.307   -18.24   20.21
 133344.066   447.000   -48.79   29.71
 133719.167   424.203   -60.77   28.35
 134094.210   404.315   -53.02   18.47
 134469.193   397.712   -17.61   15.42
 134844.116   405.707    21.32   26.91
 135218.981   418.918    35.24   33.16
 135593.786   439.303    54.38   32.34
 135968.532   454.625    40.88   26.56
 136343.219   462.613    21.32   19.63
 136717.846   459.229    -9.03   18.98
 137092.415   441.270   -47.94   30.84
 137466.924   414.235   -72.18   33.04
 137841.375   388.267   -69.34   27.03
 138215.766   372.515   -42.07   13.88
 138590.099   375.622     8.30   16.24
 138964.372   391.197    41.61   27.18
 139338.587   416.151    66.67   32.57
 139712.743   431.403    40.76   26.33
 140086.840   428.205    -8.55   31.61
 140460.878   401.548   -71.26   42.59
 140834.857   369.685   -85.19   36.62
 141208.777   342.907   -71.61   22.21
 141582.639   337.627   -14.12   15.54
 141956.442   350.527    34.51   29.22
 142330.186   376.736    70.12   40.35
 142703.872   410.370    89.99   41.48
 143077.499   433.425    61.70   33.97
 143451.067   454.342    55.99   26.35
 143824.577   469.859    41.54   21.78
 144198.028   480.338    28.06   15.84
 144571.421   484.735    11.78   11.42
 144944.755   480.573   -11.15   15.92
 145318.031   478.382    -5.87   17.18
 145691.248   480.960     6.91   17.39
 146064.407   487.176    16.66   15.68
 146437.507   491.000    10.25   10.32
 146810.549   489.314    -4.52   10.03
 147183.533   484.173   -13.78   10.01
 147556.459   475.194   -24.07    9.19
 147929.326   465.747   -25.33   14.79
 148302.135   453.597   -32.58   19.38
 148674.885   443.293   -27.64   19.86
 149047.578   432.616   -28.64   22.64
 149420.212   423.986   -23.16   28.92
 149792.789   412.068   -31.98   34.72
 150165.307   395.836   -43.57   32.80
 150537.767   387.260   -23.02   22.88
 150910.169   392.324    13.60   23.85
 151282.513   411.827    52.37   34.58
 151654.798   434.378    60.57   29.73
 152027.026   450.829    44.19   21.16
 152399.196   452.824     5.36   24.43
 152771.309   438.368   -38.84   35.45
 153143.363   415.278   -62.05   38.58
 153515.359   388.960   -70.74   33.52
 153887.298   370.792   -48.84   20.05
 154259.178   372.307     4.07   19.23
 154631.001   388.775    44.28   31.88
 155002.767   415.562    72.04   34.16
 155374.474   437.444    58.86   29.35
 155746.124   445.230    20.95   29.78
 156117.716   439.639   -15.04   35.69
 156489.251   433.122   -17.54   36.78
 156860.727   426.930   -16.67   35.20
 157232.147   436.707    26.32   32.60
 157603.508   447.465    28.97   34.74
 157974.813   464.200    45.07   28.26
 158346.059   471.306    19.14   21.55
 158717.249   466.893   -11.89   26.51
 159088.380   451.569   -41.28   31.67
 159459.455   430.653   -56.36   36.81
 159830.472   407.083   -63.52   34.56
 160201.431   385.440   -58.34   29.59
 160572.334   364.236   -57.16   24.18
 160943.178   348.027   -43.70   18.34
 161313.966   337.113   -29.43   11.81
 161684.697   333.781    -8.99    7.86
 162055.370   339.056    14.23   14.07
 162425.986   350.795    31.67   19.10
 162796.544   361.027    27.61   15.11
 163167.046   363.315     6.17   10.65
 163537.491   357.685   -15.20   13.55
 163907.878   349.055   -23.30   13.89
 164278.208   339.288   -26.37    9.09
 164648.482   335.236   -10.94    4.74
 165018.698   336.370     3.06    5.85
 165388.857   341.472    13.78   10.14
 165758.960   353.068    31.33   15.69
 166129.005   366.694    36.82   19.44
 166498.994   386.527    53.60   23.86
 166868.925   400.616    38.08   21.45
 167238.800   413.689    35.34   16.53
 167608.618   422.819    24.68   14.89
 167978.379   432.548    26.31   18.54
 168348.084   441.236    23.50   19.75
 168717.731   452.260    29.82   18.72
 169087.322   457.514    14.21   16.08
 169456.857   452.178   -14.44   21.01
 169826.334   438.181   -37.88   26.80
 170195.755   415.082   -62.52   27.39
 170565.119   396.507   -50.28   21.12
 170934.427   382.342   -38.35   15.46
 171303.678   373.451   -24.08   13.90
 171672.873   364.384   -24.56   15.41
 172042.011   356.085   -22.48   15.34
 172411.093   347.055   -24.46   14.09
 172780.118   340.521   -17.70   12.51
 173149.087   334.781   -15.56   12.33
 173517.999   330.028   -12.88   12.50
 173886.855   322.493   -20.42   14.31
 174255.655   313.676   -23.90   14.90
 174624.399   309.589   -11.08   13.45
 174993.086   315.930    17.19   21.05
 175361.716   335.493    53.06   28.81
 175730.291   354.634    51.92   21.83
 176098.809   364.658    27.20   12.35
 176467.272   364.901     0.66   11.62
 176835.678   364.630    -0.74   12.13
 177204.027   366.620     5.40   12.51
 177572.321   373.055    17.47   13.60
 177940.559   380.239    19.51   13.31
 178308.741   387.726    20.33   13.02
 178676.866   390.873     8.55   10.31
 179044.936   388.466    -6.54    9.29
 179412.949   380.521   -21.58   14.50
 179780.907   366.219   -38.86   18.21
 180148.809   354.085   -32.98   15.76
 180518.301   346.726   -19.91   11.20
 180897.685   340.191   -17.22   10.69
 181277.008   329.733   -27.57   18.50
 181656.273   319.294   -27.52   20.95
 182035.477   316.329    -7.82   20.54
 182414.621   325.577    24.39   30.94
 182793.706   337.767    32.15   31.05
 183172.731   340.600     7.47   28.79
 183551.697   335.431   -13.64   27.25
 183930.602   329.301   -16.17   17.77
 184309.449   333.718    11.66   17.86
 184688.235   350.053    43.12   22.20
 185066.962   367.594    46.31   20.41
 185445.629   383.240    41.31   20.87
 185824.237   397.087    36.57   15.13
 186202.786   401.726    12.25   10.02
 186581.275   397.817   -10.33   14.26
 186959.704   386.890   -28.87   18.40
 187338.074   367.473   -51.31   20.76
 187716.385   354.028   -35.53   16.70
 188094.636   350.986    -8.04   14.38
 188472.829   360.465    25.06   23.33
 188850.961   380.267    52.36   24.95
 189229.035   394.853    38.57   13.26
 189607.049   392.133    -7.19   15.39
 189985.004   378.522   -36.01   20.25
 190362.900   359.068   -51.47   21.89
 190740.737   339.042   -52.99   19.81
 191118.515   329.479   -25.31   15.04
 191496.234   330.527     2.77   17.10
 191873.893   338.458    21.00   21.45
 192251.494   354.959    43.69   22.37
 192629.035   371.423    43.60   22.56
 193006.518   388.135    44.27   22.43
 193383.942   402.500    38.05   17.26
 193761.306   411.507    23.86    9.90
 194138.612   413.294     4.74    7.40
 194515.859   403.824   -25.10   16.61
 194893.047   387.718   -42.69   21.47
 195270.177   375.315   -32.88   18.75
 195647.247   368.528   -18.00   13.48
 196024.259   366.260    -6.01   12.73
 196401.212   360.342   -15.70   18.23
 196778.106   349.194   -29.57   22.61
 197154.942   338.123   -29.37   19.72
 197531.719   338.843     1.91   24.17
 197908.438   348.365    25.27   27.47
 198285.098   358.618    27.22   19.60
 198661.699   356.213    -6.38   15.95
 199038.242   355.072    -3.03   15.36
 199414.726   356.932     4.94   16.15
 199791.152   357.569     1.69   18.48
 200167.520   341.247   -43.36   34.78
 200543.829   310.479   -81.75   44.96
 200920.080   283.113   -72.72   35.86
 201296.272   268.849   -37.91   19.35
 201672.406   273.521    12.42   23.05
 202048.482   292.708    51.01   28.55
 202424.499   310.606    47.59   25.99
 202800.458   330.338    52.48   25.40
 203176.359   347.662    46.08   26.26
 203552.202   369.405    57.84   27.51
 203927.987   383.985    38.79   17.30
 204303.713   381.959    -5.39   18.57
 204679.382   373.845   -21.60   23.35
 205054.992   367.082   -18.00   20.84
 205430.544   365.028    -5.47   17.90
 205806.038   370.027    13.31   15.14
 206181.475   374.264    11.28   12.64
 206556.853   380.083    15.50   11.12
 206932.173   387.135    18.79   12.29
 207307.436   394.028    18.36   15.80
 207682.640   400.703    17.79   21.76
 208057.787   403.493     7.44   23.51
 208432.876   404.514     2.72   20.05
 208807.907   402.310    -5.88   15.32
 209182.880   392.671   -25.70   14.35
 209557.796   383.676   -23.99   12.82
 209932.654   378.097   -14.88   13.13
 210307.454   373.194   -13.08   15.51
 210682.196   369.257   -10.51   16.77
 211056.881   362.284   -18.61   14.68
 211431.508   355.784   -17.35   13.50
 211806.078   345.425   -27.65   13.48
 212180.590   336.575   -23.62   12.54
 212555.045   332.890    -9.84   10.49
 212929.442   337.329    11.85   16.30
 213303.781   350.440    35.02   22.93
 213678.063   364.542    37.67   19.46
 214052.288   374.608    26.89   17.61
 214426.456   378.380    10.08   20.62
 214800.566   375.361    -8.07   21.36
 215174.618   372.882    -6.63   17.68
 215548.613   374.205     3.54   12.93
 215922.551   376.309     5.62    8.70
 216296.432   377.635     3.55    7.20
 216670.256   380.662     8.10    7.86
 217044.022   385.945    14.13   12.22
 217417.731   395.569    25.75   13.11
 217791.383   400.222    12.45    9.68
 218164.978   398.831    -3.72   12.73
 218538.516   390.616   -21.99   18.29
 218911.997   374.197   -43.95   23.25
 219285.420   359.597   -39.09   24.88
 219658.787   339.863   -52.84   23.97
 220032.097   322.718   -45.92   22.50
 220405.349   306.986   -42.14   20.48
 220778.545   295.143   -31.73   17.29
 221151.684   290.479   -12.50   18.51
 221524.766   292.594     5.67   26.27
 221897.791   303.203    28.43   30.27
 222270.760   312.597    25.18   27.34
 222643.671   310.160    -6.53   26.40
 223016.526   294.864   -41.02   34.57
 223389.324   266.520   -76.01   44.97
 223762.065   247.000   -52.36   38.06
 224134.750   245.973    -2.75   28.93
 224507.377   265.147    51.45   37.99
 224879.949   299.192    91.36   40.02
 225252.463   330.643    84.41   33.42
 225624.921   356.452    69.28   31.56
 225997.323   384.943    76.49   33.23
 226369.668   411.222    70.56   35.71
 226741.956   437.732    71.19   28.61
 227114.188   452.042    38.43   18.44
 227486.364   459.408    19.79    9.69
 227858.483   457.958    -3.90    9.13
 228230.546   452.847   -13.73   10.51
 228602.552   446.222   -17.81   12.49
 228974.502   436.306   -26.66   17.67
 229346.395   423.972   -33.16   24.31
 229718.233   401.356   -60.81   34.11
 230090.014   379.141   -59.74   36.55
 230461.739   350.778   -76.29   37.74
 230833.407   327.929   -61.46   32.06
 231205.020   308.708   -51.71   26.70
 231576.576   292.686   -43.11   24.97
 231948.076   280.814   -31.95   20.63
 232319.520   277.143    -9.88   15.25
 232690.908   278.771     4.38   19.59
 233062.240   285.403    17.85   21.38
 233433.515   295.171    26.31   21.58
 233804.735   311.130    42.98   26.41
 234175.899   336.549    68.47   33.47
 234547.007   361.565    67.39   34.31
 234918.059   390.681    78.45   36.97
 235289.055   419.239    76.96   29.95
 235659.995   437.694    49.74   20.49
 236030.879   451.254    36.55   16.37
 236401.708   462.472    30.25   18.25
 236772.480   472.901    28.12   18.36
 237143.197   480.319    20.01   15.69
 237513.858   481.929     4.34   13.27
 237884.463   475.139   -18.32   17.08
 238255.013   457.971   -46.32   23.72
 238625.507   437.528   -55.17   28.22
 238995.946   408.722   -77.74   32.87
 239366.328   389.708   -51.32   27.82
 239736.655   378.027   -31.54   14.70
 240106.927   379.444     3.83   14.37
 240477.143   387.986    23.07   18.75
 240847.304   393.726    15.50   19.26
 241217.409   399.653    16.01   22.25
 241587.458   407.164    20.29   26.31
 241957.452   418.014    29.32   27.18
 242327.391   428.657    28.76   26.00
 242697.274   445.750    46.20   24.94
 243067.102   460.671    40.34   24.30
 243436.875   481.500    56.32   23.29
 243806.592   496.648    40.96   20.07
 244176.254   504.183    20.38   13.39
 244545.861   498.577   -15.16   17.66
 244915.412   481.139   -47.18   26.47
 245284.909   459.543   -58.43   28.63
 245654.350   437.606   -59.37   24.93
 246023.736   425.600   -32.49   21.10
 246393.066   431.889    17.02   28.46
 246762.342   449.600    47.95   34.83
 247131.563   478.620    78.58   34.18
 247500.728   496.732    49.05   23.27
 247869.839   498.113     3.74   19.13
 248238.894   484.986   -35.56   29.67
 248607.895   461.000   -64.99   36.43
 248976.841   430.174   -83.53   34.43
 249345.731   412.662   -47.46   37.08
 249714.567   395.794   -45.72   47.46
 250083.348   386.096   -26.29   52.24
 250452.074   380.515   -15.13   54.65
 250820.745   374.554   -16.16   49.97
 251189.361   362.750   -32.02   49.12
 251557.923   346.054   -45.29   54.45
 251926.430   322.838   -62.99   47.41
 252294.882   305.200   -47.86   31.55
 252663.279   295.194   -27.15   19.43
 253031.622   296.413     3.31   21.23
 253399.910   305.197    23.84   28.85
 253768.144   317.853    34.36   34.91
 254136.322   337.470    53.27   38.53
 254504.447   369.520    87.04   43.58
 254872.516   394.838    68.77   44.41
 255240.531   426.600    86.29   42.85
 255619.182   456.647    79.33   31.51
 255998.379   482.419    67.95   32.05
 256377.518   507.071    65.01   30.30
 256756.599   524.458    45.86   24.41
 257135.622   535.099    28.07   14.48
 257514.586   535.583     1.28    9.66
 257893.493   527.945   -20.15   12.30
 258272.341   517.643   -27.19   13.23
 258651.131   505.159   -32.95   15.07
 259029.864   491.397   -36.33   14.75
 259408.538   482.786   -22.74   12.79
 259787.154   478.543   -11.20   11.77
 260165.712   482.595    10.70   16.97
 260544.212   492.056    24.99   22.39
 260922.654   498.833    17.91   22.03
 261301.039   504.639    15.34   19.20
 261679.365   509.099    11.79   17.55
 262057.634   519.917    28.59   22.31
 262435.845   536.926    44.96   24.45
 262813.998   553.520    43.87   22.18
 263192.093   564.397    28.76   12.42
 263570.131   557.338   -18.67   20.75
 263948.111   537.629   -52.13   27.95
 264326.033   513.208   -64.60   27.76
 264703.897   488.208   -66.15   23.36
 265081.704   474.113   -37.30   16.40
 265459.454   470.123   -10.56   16.42
 265837.145   474.229    10.87   25.57
 266214.780   480.676    17.07   30.02
 266592.356   482.838     5.73   27.19
 266969.876   469.947   -34.14   26.80
 267347.337   459.676   -27.20   26.96
 267724.742   448.722   -29.02   32.38
 268102.089   441.930   -18.00   36.37
 268479.378   442.569     1.70   35.44
 268856.610   443.486     2.43   31.29
 269233.785   441.139    -6.22   25.34
 269610.903   438.704    -6.45   20.09
 269987.963   439.652     2.51   19.97
 270364.966   446.028    16.91   20.84
 270741.912   455.324    24.65   24.80
 271118.801   467.812    33.13   28.30
 271495.632   476.735    23.68   30.47
 271872.407   480.366     9.63   27.22
 272249.124   481.086     1.91   24.66
 272625.784   482.887     4.78   21.50
 273002.387   489.028    16.30   20.38
 273378.933   497.750    23.16   19.16
 273755.422   503.833    16.15   18.23
 274131.854   510.696    18.23   16.62
 274508.230   520.288    25.48   18.24
 274884.548   534.271    37.15   27.53
 275260.809   561.863    73.31   36.94
 275637.014   587.000    66.80   31.05
 276013.161   596.240    24.56   22.62
 276389.252   593.582    -7.07   25.73
 276765.286   574.757   -50.05   32.93
 277141.263   549.429   -67.35   33.94
 277517.184   529.746   -52.34   38.32
 277893.048   521.577   -21.73   39.85
 278268.855   517.465   -10.94   33.41
 278644.605   513.042   -11.77   28.13
 279020.299   511.556    -3.96   29.18
 279395.936   516.028    11.90   37.86
 279771.517   526.217    27.12   43.58
 280147.041   547.786    57.42   33.57
 280522.508   560.567    34.03   23.84
 280897.920   566.522    15.86   18.19
 281273.274   565.603    -2.45   17.34
 281648.572   551.028   -38.83   26.01
 282023.814   530.114   -55.72   33.75
 282398.999   490.380  -105.88   55.15
 282774.128   434.899  -147.86   74.26
 283149.201   372.338  -166.75   86.50
 283524.217   287.056  -227.35   94.38
 283899.177   227.225  -159.52   75.93
 284274.081   206.082   -56.38   58.68
 284648.928   230.271    64.51   82.24
 285023.720   305.904   201.75  105.88
 285398.455   395.072   237.89   95.84
 285773.134   481.716   231.19   86.93
 286147.756   548.838   179.13   60.38
 286522.323   578.817    80.02   40.87
 286896.834   579.500     1.82   48.94
 287271.288   527.845  -137.91   88.12
 287645.687   455.471  -193.26   96.05
 288020.029   381.750  -196.88   91.17
 288394.316   310.479  -190.37   69.38
 288768.546   255.183  -147.72   69.23
 289142.721   199.085  -149.89   78.03
 289516.840   165.366   -90.10   64.44
 289890.903   152.597   -34.13   49.32
 290264.910   168.803    43.32   67.64
 290638.861   233.296   172.42   94.78
 291012.756   303.086   186.61  100.10
 291386.596   359.716   151.44   86.42
 291760.380   384.471    66.21   73.62
 292134.108   341.120  -115.96  108.77
 292507.780   275.485  -175.60  107.20
 292881.397   230.547  -120.25   84.53
 293254.958   203.045   -73.60   66.59
 293628.464   204.649     4.29   79.12
 294001.914   207.043     6.41   82.47
 294375.308   206.437    -1.62   67.17
 294748.647   193.729   -34.03   44.25
 295121.930   191.611    -5.67   44.19
 295495.158   196.681    13.58   48.37
 295868.331   204.257    20.30   48.38
 296241.448   222.761    49.58   54.74
 296614.509   249.729    72.27   64.20
 296987.515   288.648   104.31   68.08
 297360.466   307.690    51.04   70.72
 297733.361   325.338    47.31   91.44
 298106.202   323.043    -6.15  111.01
 298478.986   316.569   -17.36  112.59
 298851.716   306.551   -26.87  110.16
 299224.390   292.446   -37.84  102.07
 299597.009   271.409   -56.44   87.27
 299969.573   256.693   -39.49   71.28
 300342.082   262.848    16.52   70.46
 300714.536   282.824    53.62   84.01
 301086.934   294.426    31.15   80.91
 301459.278   307.945    36.30   71.56
 301831.566   331.114    62.22   93.26
 302203.800   390.070   158.34  119.42
 302575.978   475.986   230.78  103.59
 302948.101   530.577   146.66   82.51
 303320.170   577.563   126.25   60.29
 303692.183   600.270    61.02   47.04
 304064.142   611.909    31.28   35.78
