-189191.332    56.140     0.00   13.63
-188809.796    60.577    11.63   14.50
-188428.352    68.018    19.51   15.24
-188047.000    76.239    21.56   15.98
-187665.739    83.872    20.02   15.08
-187284.570    91.392    19.73   13.95
-186903.492    96.459    13.30   10.57
-186522.505    96.954     1.30    8.38
-186141.609    96.221    -1.92    5.60
-185760.805    95.862    -0.94    4.19
-185380.092    98.948     8.11    5.17
-184999.469   103.729    12.56    5.40
-184618.938   107.770    10.62    5.92
-184238.497   112.352    12.04    5.22
-183858.148   116.816    11.74    6.06
-183477.889   121.233    11.62    6.16
-183097.721   124.806     9.40    4.72
-182717.643   124.892     0.22    5.15
-182337.656   121.483    -8.97    7.27
-181957.760   120.734    -1.97    7.53
-181577.954   123.713     7.84    7.49
-181198.238   128.064    11.46    7.47
-180818.612   133.513    14.35    4.71
-180439.077   136.879     8.87    4.69
-180059.632   140.844    10.45    5.87
-179680.278   143.779     7.74    5.63
-179301.013   146.970     8.41    4.54
-178921.838   149.098     5.61    4.96
-178542.754   151.637     6.70    4.96
-178163.759   152.941     3.44    4.03
-177784.854   153.431     1.29    4.00
-177406.038   152.483    -2.50    5.10
-177027.313   151.112    -3.62    5.88
-176648.677   150.237    -2.31    5.28
-176270.130   150.239     0.01    5.36
-175891.673   153.637     8.98    8.65
-175513.306   160.994    19.45   12.60
-175135.027   168.467    19.76   13.10
-174756.839   172.353    10.28    9.83
-174378.739   169.310    -8.05   11.62
-174000.729   162.172   -18.89   11.92
-173622.807   152.973   -24.34    9.20
-173244.975   145.025   -21.04   11.37
-172867.232   130.831   -37.58   19.63
-172489.578   115.348   -41.00   21.27
-172112.012   100.166   -40.22   15.58
-171734.536    91.322   -23.43    8.93
-171357.148    87.993    -8.82    6.02
-170979.849    90.814     7.48    8.20
-170602.638    93.556     7.27    8.52
-170225.516    97.875    11.45    7.89
-169848.483   101.576     9.82    6.06
-169471.538   103.212     4.34    5.54
-169094.681   103.596     1.02    6.39
-168717.913   104.425     2.20    8.20
-168341.233   105.714     3.42   10.10
-167964.641   107.598     5.00   10.44
-167588.137   104.210    -9.00   12.78
-167211.722    99.418   -12.73   12.02
-166835.394    94.446   -13.21    9.84
-166459.154    92.588    -4.94    8.65
-166083.003    95.174     6.88    9.44
-165706.939    99.685    12.00   10.03
-165330.963   104.175    11.94   10.44
-164955.074   107.250     8.18    9.03
-164579.273   107.590     0.91    7.92
-164203.560   108.229     1.70    6.56
-163827.934   105.722    -6.67    5.83
-163452.396   104.568    -3.07    7.20
-163076.946   104.800     0.62    8.05
-162701.582   103.773    -2.74    9.02
-162326.306   102.237    -4.09   10.13
-161951.117   101.802    -1.16   11.05
-161576.015   103.411     4.29   11.52
-161201.001   104.821     3.76    9.55
-160826.073   105.927     2.95    6.91
-160451.233   104.319    -4.29    7.11
-160076.479   101.943    -6.34    7.66
-159701.812   104.608     7.11   10.82
-159327.232   111.314    17.91   12.39
-158952.739   119.523    21.92   13.63
-158578.333   127.967    22.55   13.20
-158204.013   138.252    27.48   13.57
-157829.779   145.413    19.14   12.39
-157455.633   150.970    14.85    9.34
-157081.572   151.666     1.86    7.88
-156707.598   149.472    -5.87    8.87
-156333.711   145.503   -10.62    9.08
-155959.910   141.066   -11.87    8.87
-155586.194   138.018    -8.16    7.70
-155212.566   136.284    -4.64    6.22
-154839.023   132.675    -9.66    7.53
-154465.566   128.360   -11.56    9.59
-154092.195   124.598   -10.08    9.43
-153718.910   120.794   -10.19    8.75
-153345.711   117.039   -10.06   11.33
-152972.598   109.798   -19.41   15.39
-152599.571    98.587   -30.06   18.99
-152226.629    86.056   -33.61   15.88
-151853.773    76.341   -26.06    8.00
-151481.002    71.494   -13.01    4.38
-151108.317    69.447    -5.49    4.29
-150735.718    66.870    -6.92    3.23
-150363.203    64.578    -6.15    3.18
-149990.775    62.180    -6.44    3.94
-149618.431    59.233    -7.92    4.05
-149246.173    56.657    -6.92    3.49
-148874.000    56.588    -0.18    3.68
-148501.912    57.964     3.70    4.51
-148129.909    59.791     4.91    4.33
-147757.991    60.637     2.28    3.64
-147386.158    60.882     0.66    4.31
-147014.410    62.578     4.56    6.39
-146642.746    67.316    12.75    8.38
-146271.168    70.704     9.12    8.07
-145899.674    73.776     8.27    8.04
-145528.265    73.684    -0.25    7.81
-145156.940    72.801    -2.38    7.20
-144785.700    73.913     3.00    9.57
-144414.544    74.263     0.94   13.51
-144043.473    70.656    -9.72   14.30
-143672.486    65.802   -13.09   10.95
-143301.584    61.093   -12.70    5.94
-142930.766    60.867    -0.61    7.63
-142560.032    63.825     7.98   10.60
-142189.382    70.831    18.90   13.50
-141818.816    79.117    22.36   11.50
-141448.334    84.608    14.82    7.95
-141077.936    85.037     1.16    6.84
-140707.622    82.103    -7.92    8.02
-140337.392    77.813   -11.59    9.17
-139967.246    68.540   -25.06   13.20
-139597.183    58.789   -26.35   17.10
-139227.205    46.617   -32.90   11.54
-138857.309    40.074   -17.69    5.15
-138487.498    38.503    -4.25    3.33
-138117.770    39.774     3.44    3.69
-137748.125    41.132     3.67    3.65
-137378.564    43.409     6.16    3.53
-137009.086    44.819     3.82    4.01
-136639.691    47.548     7.39    6.75
-136270.380    52.724    14.02   10.37
-135901.152    59.483    18.31   10.29
-135532.007    67.278    21.12    9.40
-135162.945    73.737    17.50    8.55
-134793.966    77.568    10.38    7.43
-134425.070    78.947     3.74    6.40
-134056.257    77.686    -3.42    6.89
-133687.527    73.074   -12.51    7.33
-133318.879    67.709   -14.55    6.22
-132950.315    64.675    -8.23    3.96
-132581.833    62.887    -4.85    2.14
-132213.433    63.068     0.49    2.19
-131845.117    64.151     2.94    2.56
-131476.882    64.974     2.23    2.60
-131108.731    65.784     2.20    2.37
-130740.661    66.239     1.24    2.33
-130372.674    64.483    -4.77    3.53
-130004.770    62.467    -5.48    3.54
-129636.947    59.290    -8.64    5.45
-129269.207    55.006   -11.65    9.20
-128901.549    47.776   -19.67   12.39
-128533.973    39.744   -21.85   11.77
-128166.479    32.954   -18.48    6.04
-127799.066    30.108    -7.75    3.26
-127431.736    29.487    -1.69    3.35
-127064.488    30.429     2.57    4.08
-126697.322    31.520     2.97    4.26
-126330.237    33.807     6.23    2.66
-125963.234    35.137     3.62    2.20
-125596.313    36.260     3.06    2.31
-125229.473    37.146     2.42    2.90
-124862.715    37.490     0.94    2.96
-124496.038    37.235    -0.70    3.08
-124129.443    35.685    -4.23    3.93
-123762.929    33.137    -6.95    3.56
-123396.496    32.278    -2.35    2.59
-123030.145    32.787     1.39    2.84
-122663.875    34.753     5.37    3.11
-122297.686    36.833     5.68    2.78
-121931.578    38.389     4.25    2.67
-121565.551    40.377     5.43    3.43
-121199.605    42.964     7.07    4.65
-120833.741    45.911     8.06    5.21
-120467.957    49.177     8.93    4.94
-120102.254    53.380    11.49    5.02
-119736.631    55.231     5.06    4.79
-119371.090    56.301     2.93    4.84
-119005.629    54.433    -5.11    6.36
-118640.249    50.668   -10.31    6.77
-118274.949    48.137    -6.93    5.54
-117909.730    46.411    -4.72    4.30
-117544.592    45.137    -3.49    4.32
-117179.533    42.402    -7.49    6.50
-116814.556    39.372    -8.30    7.13
-116449.658    35.539   -10.51    5.38
-116084.841    35.082    -1.25    6.08
-115709.327    37.579     6.65    9.45
-115327.686    40.568     7.83   10.56
-114946.134    42.251     4.41    9.33
-114564.672    41.607    -1.69    7.72
-114183.298    39.821    -4.68    5.91
-113802.014    38.667    -3.03    6.06
-113420.820    37.686    -2.57    6.56
-113039.714    38.519     2.19    6.68
-112658.698    41.264     7.21    6.53
-112277.770    45.132    10.15    5.57
-111896.932    47.677     6.68    3.79
-111516.182    48.256     1.52    3.60
-111135.522    48.122    -0.35    4.05
-110754.950    44.245   -10.19    7.66
-110374.467    38.637   -14.74    8.40
-109994.072    33.960   -12.29    7.51
-109613.767    29.459   -11.84    6.00
-109233.549    26.423    -7.98    5.65
-108853.420    24.372    -5.40    6.12
-108473.380    23.870    -1.32    6.83
-108093.428    22.647    -3.22    7.28
-107713.564    19.862    -7.33    7.77
-107333.789    15.647   -11.10    7.70
-106954.102    12.539    -8.19    4.91
-106574.502    12.845     0.81    4.90
-106194.991    15.483     6.95    6.23
-105815.568    18.808     8.76    5.14
-105436.233    17.151    -4.37    6.37
-105056.986    13.147   -10.56    7.67
-104677.826     7.776   -14.17    7.78
-104298.755     4.535    -8.55    6.20
-103919.771     6.804     5.99    9.30
-103540.874    12.003    13.72   11.87
-103162.066    19.462    19.69   14.36
-102783.344    27.566    21.40   12.48
-102404.711    30.686     8.24   11.89
-102026.164    27.304    -8.94   16.10
-101647.705    20.686   -17.49   17.31
-101269.334    14.587   -16.12   12.66
-100891.049    13.785    -2.12   11.48
-100512.852    18.737    13.09   13.01
-100134.741    26.127    19.55   11.00
 -99756.718    31.677    14.68    8.00
 -99378.782    37.132    14.44    6.91
 -99000.933    40.716     9.49    6.07
 -98623.170    43.687     7.86    6.57
 -98245.495    45.617     5.11    6.95
 -97867.906    46.261     1.70    8.23
 -97490.404    47.313     2.79    8.60
 -97112.988    48.869     4.12   10.29
 -96735.659    50.870     5.30   10.20
 -96358.417    52.086     3.22    9.40
 -95981.261    53.756     4.43    7.72
 -95604.191    53.960     0.54    4.87
 -95227.208    54.117     0.42    3.88
 -94850.311    52.057    -5.47    6.58
 -94473.501    50.239    -4.83    9.17
 -94096.776    49.063    -3.12    9.68
 -93720.138    49.745     1.81    9.86
 -93343.585    52.566     7.49   10.14
 -92967.119    59.205    17.64    9.96
 -92590.738    62.627     9.09    8.45
 -92214.444    61.853    -2.06    8.70
 -91838.235    61.714    -0.37    8.37
 -91462.112    59.087    -6.99    6.70
 -91086.075    56.488    -6.91    6.02
 -90710.123    56.041    -1.19    5.62
 -90334.257    56.724     1.82    4.82
 -89958.476    55.875    -2.26    3.25
 -89582.781    56.931     2.81    3.32
 -89207.171    59.350     6.44    6.09
 -88831.647    62.960     9.61    9.59
 -88456.208    69.374    17.09   14.32
 -88080.854    75.439    16.16   18.15
 -87705.586    82.097    17.74   21.46
 -87330.402    85.902    10.14   19.79
 -86955.304    89.837    10.49   17.05
 -86580.291    93.147     8.83   12.33
 -86205.362    98.528    14.35    9.76
 -85830.519   106.207    20.49   11.89
 -85455.760   115.677    25.27   12.65
 -85081.086   126.122    27.88   10.09
 -84706.497   133.225    18.96    8.32
 -84331.992   137.162    10.51    6.93
 -83957.572   139.726     6.85    9.79
 -83583.237   143.440     9.92   13.13
 -83208.986   147.996    12.18   13.05
 -82834.820   151.175     8.50   10.52
 -82460.738   150.304    -2.33    9.47
 -82086.740   147.900    -6.43    8.19
 -81712.827   145.500    -6.42    5.28
 -81338.998   142.488    -8.06    6.59
 -80965.253   137.350   -13.75   10.27
 -80591.592   131.921   -14.53   13.46
 -80218.015   125.370   -17.54   16.72
 -79844.522   117.882   -20.05   19.36
 -79471.113   108.689   -24.62   20.03
 -79097.788    97.161   -30.88   18.29
 -78724.547    86.460   -28.67   16.01
 -78351.390    76.944   -25.50   13.34
 -77978.316    70.117   -18.30   12.51
 -77605.326    63.470   -17.82   12.71
 -77232.419    57.435   -16.18   12.40
 -76859.597    52.588   -13.00   10.58
 -76486.857    49.587    -8.05    8.37
 -76114.201    50.253     1.79    7.91
 -75741.629    51.539     3.45    7.67
 -75369.139    51.415    -0.33    8.44
 -74996.733    49.402    -5.41    9.94
 -74624.411    45.637   -10.11   11.76
 -74252.171    39.235   -17.20   10.79
 -73880.015    34.326   -13.19    7.93
 -73507.941    32.147    -5.86    7.03
 -73135.951    30.455    -4.55    7.53
 -72764.043    31.419     2.59    9.37
 -72392.219    32.687     3.41   10.11
 -72020.477    34.794     5.67   10.47
 -71648.818    34.657    -0.37    9.00
 -71277.242    34.395    -0.71    7.15
 -70905.748    29.627   -12.83   11.26
 -70534.337    23.094   -17.59   15.73
 -70163.009    15.725   -19.85   17.65
 -69791.763    10.854   -13.12   16.14
 -69420.600     8.152    -7.28   14.62
 -69049.519     7.667    -1.31   14.43
 -68678.520     6.527    -3.07   13.77
 -68307.603     5.789    -1.99   12.41
 -67936.769     7.117     3.58   11.20
 -67566.017     8.370     3.38    9.60
 -67195.347    10.765     6.46    8.03
 -66824.760    12.944     5.88    7.35
 -66454.254    12.904    -0.11    8.01
 -66083.830    12.884    -0.05    7.30
 -65713.488    14.041     3.12    6.97
 -65343.228    15.017     2.64    6.43
 -64973.050    16.177     3.13    5.05
 -64602.953    18.617     6.59    7.67
 -64232.939    24.360    15.52   13.69
 -63863.006    30.648    17.00   15.92
 -63493.154    35.745    13.78   15.03
 -63123.384    37.960     5.99   13.09
 -62753.696    37.340    -1.68   11.86
 -62384.088    40.051     7.34   11.16
 -62014.563    45.467    14.66   11.37
 -61645.118    52.447    18.89   10.17
 -61275.755    58.301    15.85    6.64
 -60906.473    60.940     7.15    5.24
 -60537.273    62.074     3.07    4.41
 -60168.153    62.518     1.20    3.97
 -59799.114    62.919     1.09    3.48
 -59430.157    63.777     2.33    2.84
 -59061.280    64.486     1.92    2.87
 -58692.485    64.137    -0.95    4.29
 -58323.770    65.310     3.18    5.08
 -57955.136    68.194     7.82    7.05
 -57586.582    71.716     9.56    7.49
 -57218.110    75.679    10.76    5.10
 -56849.718    75.960     0.76    3.97
 -56481.406    74.066    -5.14    4.76
 -56113.175    72.997    -2.90    4.20
 -55745.025    72.817    -0.49    4.12
 -55376.955    74.237     3.86    4.67
 -55008.966    75.519     3.48    4.16
 -54641.056    75.744     0.61    5.65
 -54273.227    73.538    -6.00    7.78
 -53905.479    71.096    -6.64    8.18
 -53537.810    68.176    -7.94    7.65
 -53170.222    64.546    -9.88    7.17
 -52802.713    60.008   -12.35    6.69
 -52435.285    56.354    -9.95    7.05
 -52067.936    54.132    -6.05    6.60
 -51700.668    54.088    -0.12    7.41
 -51333.479    56.294     6.01    8.54
 -50966.370    59.247     8.05    8.56
 -50599.341    61.890     7.20    9.14
 -50232.392    64.997     8.47   10.10
 -49865.522    66.067     2.92   10.50
 -49498.732    67.153     2.96   11.05
 -49132.021    63.696    -9.43   13.18
 -48765.390    58.431   -14.36   12.81
 -48398.839    54.003   -12.08    9.46
 -48032.366    53.739    -0.72    7.84
 -47665.973    55.407     4.55    6.51
 -47299.660    55.727     0.87    6.58
 -46933.425    57.215     4.06    6.58
 -46567.270    61.429    11.51    7.96
 -46201.194    65.297    10.57    7.86
 -45835.197    68.225     8.00    5.94
 -45469.279    69.974     4.78    4.19
 -45103.440    69.607    -1.00    3.31
 -44737.680    69.457    -0.41    3.20
 -44371.999    69.978     1.42    3.17
 -44006.397    71.726     4.78    4.14
 -43640.873    74.762     8.31    5.47
 -43275.429    79.647    13.37    6.39
 -42910.063    85.017    14.70    6.31
 -42544.775    90.637    15.39    6.45
 -42179.566    95.768    14.05    6.43
 -41814.436   101.492    15.67    6.51
 -41449.384   107.696    17.00    7.47
 -41079.203   112.950    14.19    6.64
 -40697.729   116.577     9.51    4.67
 -40316.343   118.158     4.15    3.53
 -39935.044   115.488    -7.00    5.23
 -39553.832   107.649   -20.57   15.92
 -39172.707    97.527   -26.56   25.22
 -38791.669    83.815   -35.99   29.81
 -38410.717    72.855   -28.77   28.94
 -38029.853    72.507    -0.91   25.88
 -37649.075    82.417    26.03   26.50
 -37268.384    94.322    31.27   22.12
 -36887.780   101.053    17.69   14.35
 -36507.262   102.982     5.07    8.33
 -36126.831    99.897    -8.11    8.12
 -35746.486    96.922    -7.82    9.54
 -35366.228    95.147    -4.67   15.84
 -34986.056    94.017    -2.97   19.06
 -34605.970    95.102     2.86   14.31
 -34225.971    95.132     0.08    9.75
 -33846.057    92.067    -8.07    9.09
 -33466.230    87.353   -12.41    9.42
 -33086.489    79.567   -20.50   11.52
 -32706.834    72.266   -19.23   10.90
 -32327.265    67.847   -11.64    8.99
 -31947.782    66.926    -2.43    6.04
 -31568.384    69.455     6.67    4.12
 -31189.073    70.411     2.52    3.14
 -30809.847    68.142    -5.98    4.79
 -30430.707    64.668    -9.16    5.97
 -30051.652    61.132    -9.33    6.91
 -29672.683    57.801    -8.79    8.64
 -29293.799    55.425    -6.27   10.07
 -28915.001    54.193    -3.25   11.22
 -28536.289    56.829     6.96   16.25
 -28157.661    66.667    25.98   24.76
 -27779.119    82.974    43.08   27.82
 -27400.662    97.047    37.19   19.71
 -27022.290   102.514    14.45    9.01
 -26644.003    95.287   -19.10   14.73
 -26265.802    80.707   -38.55   19.00
 -25887.685    68.247   -32.95   15.73
 -25509.653    66.804    -3.82   15.10
 -25131.707    72.859    16.02   17.13
 -24753.844    81.841    23.77   15.20
 -24376.067    89.117    19.26    8.95
 -23998.375    92.085     7.86    5.87
 -23620.767    92.537     1.20    6.32
 -23243.243    90.335    -5.83   10.04
 -22865.804    89.556    -2.06   11.99
 -22488.450    92.469     7.72   13.27
 -22111.180    96.429    10.50   12.19
 -21733.995   101.842    14.35    5.00
 -21356.893   101.954     0.30    3.69
 -20979.876    99.007    -7.81    4.73
 -20602.944    96.517    -6.61    4.89
 -20226.095    96.132    -1.02    5.56
 -19849.330    98.087     5.19    6.93
 -19472.650   101.806     9.87    7.26
 -19096.053   103.987     5.79    6.59
 -18719.541   102.669    -3.50    7.98
 -18343.112    95.556   -18.90   13.09
 -17966.767    86.688   -23.56   14.30
 -17590.506    78.887   -20.73   10.96
 -17214.328    76.169    -7.23    9.47
 -16838.234    71.132   -13.39   15.43
 -16462.224    59.025   -32.20   26.22
 -16086.297    40.567   -49.10   27.85
 -15710.454    26.250   -38.09   21.05
 -15334.694    16.147   -26.88    7.10
 -14959.018    15.538    -1.62    4.45
 -14583.425    14.887    -1.73    4.34
 -14207.915    11.779    -8.28    6.29
 -13832.488     7.861   -10.43    6.75
 -13457.145     5.729    -5.68    7.20
 -13081.884     4.074    -4.41    7.38
 -12706.707     4.867     2.11    8.44
 -12331.613     6.638     4.72    8.74
 -11956.601     8.284     4.39    8.78
 -11581.673     8.974     1.84    8.63
 -11206.827     8.987     0.03    8.18
 -10832.064     8.091    -2.39    7.51
 -10457.384     7.546    -1.45    6.84
 -10082.786     6.719    -2.21    6.31
  -9708.271     6.372    -0.93    6.01
  -9333.839     5.486    -2.37    6.35
  -8959.489     4.742    -1.99    6.62
  -8585.222     3.385    -3.63    6.26
  -8211.037     1.730    -4.42    5.01
  -7836.934     0.484    -3.33    3.66
  -7462.913     0.132    -0.94    3.37
  -7088.975     0.437     0.82    4.94
  -6715.119     1.132     1.86    5.75
  -6341.345     1.787     1.75    5.49
  -5967.654     3.160     3.67    6.27
  -5594.044     5.587     6.50    7.69
  -5220.516     7.408     4.88    8.50
  -4847.070     8.137     1.95    8.73
  -4473.706     8.352     0.57    8.46
  -4100.424     6.011    -6.27    8.16
  -3727.223     3.490    -6.75    7.48
  -3354.105     1.317    -5.82    5.27
  -2981.067     1.233    -0.23    5.15
  -2608.112     2.106     2.34    5.61
  -2235.238     1.831    -0.74    5.28
  -1862.445     0.531    -3.49    4.03
  -1489.734    -0.424    -2.56    2.99
  -1117.105    -1.373    -2.55    0.00
   -744.556    -1.373     0.00    0.00
   -372.089    -1.373     0.00    0.00
      0.297    -1.373     0.00    0.00
    372.601    -1.074     0.80    1.70
    744.825     2.239     8.90    7.03
   1116.967     6.658    11.87    9.49
   1489.029    11.967    14.27    9.96
   1861.009    13.021     2.83    9.57
   2232.909    11.294    -4.64   10.40
   2604.727     7.844    -9.28   10.14
   2976.465     6.153    -4.55    8.36
   3348.122     5.647    -1.36    7.33
   3719.699     8.723     8.28    7.51
   4091.195    12.557    10.32    7.55
   4462.610    15.733     8.55    7.11
   4833.944    19.193     9.32    6.81
   5205.199    20.459     3.41    7.08
   5576.372    19.525    -2.52    7.91
   5947.466    17.950    -4.24    8.07
   6318.479    16.511    -3.88    6.59
   6689.411    15.392    -3.02    5.92
   7060.264    14.419    -2.63    5.82
   7431.036    13.943    -1.28    6.22
   7801.728    13.418    -1.42    6.15
   8172.340    13.474     0.15    5.38
   8542.872    14.290     2.20    4.26
   8913.324    15.266     2.63    2.15
   9283.696    15.029    -0.64    1.97
   9653.988    14.536    -1.33    1.94
  10024.201    13.908    -1.70    1.75
  10394.333    14.505     1.61    2.21
  10764.386    15.748     3.36    2.45
  11134.359    16.940     3.22    2.47
  11504.253    18.001     2.87    2.34
  11874.067    20.257     6.10    4.70
  12243.801    23.372     8.42    7.24
  12613.456    26.670     8.92    8.99
  12983.032    33.627    18.82   13.89
  13352.528    40.349    18.19   19.07
  13721.945    46.448    16.51   19.46
  14091.282    52.474    16.32   16.84
  14460.541    54.246     4.80   14.00
  14829.720    58.637    11.90   12.24
  15198.820    64.659    16.32   13.72
  15567.841    73.933    25.13   12.79
  15936.783    76.218     6.19   11.45
  16305.646    73.729    -6.75   14.01
  16674.430    71.433    -6.23   15.57
  17043.135    67.994    -9.33   14.32
  17411.762    68.844     2.30   12.44
  17780.310    71.565     7.38    7.16
  18148.778    72.708     3.10    5.90
  18517.169    76.883    11.33    6.49
  18885.480    82.637    15.62    7.60
  19253.714    85.714     8.36    6.71
  19621.868    84.690    -2.78    6.92
  19989.944    81.206    -9.46    8.40
  20357.942    74.525   -18.15    7.51
  20725.861    71.801    -7.41    5.80
  21093.702    71.532    -0.73    6.42
  21461.465    73.994     6.69    7.91
  21829.149    80.236    16.97    7.41
  22196.756    83.827     9.77    6.13
  22564.284    86.010     5.94    4.95
  22931.734    85.556    -1.24    5.66
  23299.106    84.743    -2.21    6.64
  23666.400    86.688     5.30    8.19
  24033.617    89.147     6.70    8.21
  24400.755    86.294    -7.77   15.84
  24767.816    78.556   -21.08   20.96
  25134.798    68.497   -27.41   20.32
  25501.703    60.455   -21.92   14.19
  25868.531    58.266    -5.97   11.48
  26235.280    62.454    11.42   11.82
  26601.952    66.069     9.86   12.66
  26968.547    71.565    14.99   11.36
  27335.064    77.304    15.66    8.05
  27701.504    81.399    11.17    3.75
  28067.866    83.102     4.65    4.23
  28434.151    83.606     1.38    4.07
  28800.359    83.913     0.84    3.94
  29166.489    82.617    -3.54    5.05
  29532.542    80.964    -4.52    4.53
  29898.518    80.617    -0.95    4.29
  30264.417    79.767    -2.32    4.33
  30630.239    79.352    -1.14    4.44
  30995.984    78.883    -1.28    5.79
  31361.652    80.658     4.85   10.16
  31727.243    86.699    16.53   15.12
  32092.757    92.215    15.09   17.09
  32458.195    97.833    15.37   15.28
  32823.555    99.356     4.17   14.70
  33188.839   100.943     4.34   13.97
  33554.092    98.038    -7.95   12.84
  33935.397    94.908    -8.21   12.94
  34316.617    91.627    -8.61   10.39
  34697.752    90.809    -2.15    8.16
  35078.803    92.127     3.46    6.69
  35459.768    92.617     1.29    6.03
  35840.649    93.550     2.45    6.48
  36221.446    98.833    13.87   10.37
  36602.158   106.975    21.38   12.71
  36982.785   117.051    26.47   11.80
  37363.328   123.736    17.57    8.66
  37743.786   124.586     2.24    9.49
  38124.160   121.383    -8.42   11.71
  38504.450   116.740   -12.21   10.13
  38884.656   113.703    -7.99    7.48
  39264.777   113.586    -0.31    6.29
  39644.814   114.029     1.17    6.03
  40024.767   113.596    -1.14    6.86
  40404.636   112.171    -3.75    8.06
  40784.422   107.005   -13.60   10.89
  41164.123   102.779   -11.13   10.71
  41543.740   101.127    -4.35   10.50
  41923.274   101.725     1.58   10.93
  42302.724   106.821    13.43    8.93
  42682.090   110.538     9.80    6.94
  43061.372   112.782     5.92    5.08
  43440.571   113.924     3.01    4.51
  43819.686   115.729     4.76    5.00
  44198.718   115.605    -0.33    7.12
  44577.666   112.352    -8.59   12.11
  44956.532   105.924   -16.97   14.31
  45335.313    98.950   -18.41   11.97
  45714.012    95.238    -9.80    7.59
  46092.627    93.678    -4.12    5.65
  46471.159    92.334    -3.55    5.42
  46849.608    93.092     2.00    4.96
  47227.974    95.171     5.50    6.72
  47606.257   101.212    15.97   10.13
  47984.457   109.583    22.13    8.18
  48362.574   114.364    12.65    6.12
  48740.608   117.529     8.37    5.84
  49118.560   121.051     9.32    8.14
  49496.429   125.349    11.37    9.26
  49874.215   131.054    15.10    6.67
  50251.918   135.916    12.87    4.15
  50629.539   139.954    10.69    4.71
  51007.078   142.819     7.59    4.80
  51384.534   144.679     4.93    3.95
  51761.907   144.401    -0.73    3.81
  52139.198   142.070    -6.18    4.64
  52516.407   139.874    -5.82    4.72
  52893.534   136.476    -9.01    5.85
  53270.578   133.332    -8.34    6.88
  53647.541   131.522    -4.80    8.71
  54024.421   132.669     3.04   11.05
  54401.219   137.209    12.05   11.95
  54777.935   143.701    17.23    9.63
  55154.570   147.867    11.06    7.18
  55531.122   146.872    -2.64    6.61
  55907.593   140.752   -16.25   10.82
  56283.982   132.862   -20.96   12.00
  56660.289   124.450   -22.35    8.96
  57036.514   118.533   -15.73    6.96
  57412.658   115.352    -8.46    4.98
  57788.720   115.771     1.12    5.71
  58164.701   116.690     2.44    5.56
  58540.600   119.472     7.40    4.93
  58916.418   122.329     7.60    5.09
  59292.155   124.831     6.66    5.91
  59667.810   127.059     5.93    5.33
  60043.384   128.195     3.03    4.78
  60418.877   126.967    -3.27    7.66
  60794.288   124.277    -7.17    8.40
  61169.619   123.549    -1.94    8.79
  61544.868   127.797    11.32    9.33
  61920.037   134.816    18.71    7.27
  62295.125   140.331    14.70    5.85
  62670.131   144.518    11.17    5.64
  63045.057   146.606     5.57    5.10
  63419.902   147.369     2.03    5.20
  63794.667   146.730    -1.70    6.12
  64169.350   144.355    -6.34    7.02
  64543.953   142.792    -4.17    6.16
  64918.476   141.817    -2.60    4.61
  65292.918   140.008    -4.83    3.34
  65667.279   139.565    -1.19    2.75
  66041.560   140.111     1.46    3.56
  66415.761   142.210     5.61    4.55
  66789.882   145.035     7.55    3.96
  67163.922   145.908     2.33    2.85
  67537.882   144.057    -4.95    4.99
  67911.761   140.792    -8.73    6.62
  68285.561   137.171    -9.69    7.11
  68659.280   133.739    -9.18    7.97
  69032.920   131.529    -5.91    8.43
  69406.480   132.213     1.83    8.33
  69779.959   133.029     2.19    8.09
  70153.359   134.256     3.29    7.36
  70526.679   135.783     4.09    7.14
  70899.919   136.679     2.40    6.84
  71273.080   139.149     6.62    5.46
  71646.161   141.318     5.81    3.83
  72019.162   142.179     2.31    4.06
  72392.083   144.246     5.54    3.66
  72764.926   144.974     1.95    2.93
  73137.688   144.248    -1.95    2.91
  73510.372   143.112    -3.05    2.96
  73882.976   142.637    -1.27    3.23
  74255.500   144.493     4.98    5.78
  74627.946   148.334    10.31    7.64
  75000.312   150.044     4.59    7.43
  75372.599   147.527    -6.76   10.57
  75744.807   139.462   -21.67   14.37
  76116.936   132.823   -17.84   12.28
  76488.985   128.526   -11.55   10.03
  76860.956   124.084   -11.94   10.50
  77232.848   118.091   -16.12   10.18
  77604.661   113.214   -13.12    9.39
  77976.396   106.542   -17.95    9.10
  78348.051   103.106    -9.25    6.70
  78719.628   102.574    -1.43    7.56
  79091.126   103.940     3.68    9.83
  79462.546   103.543    -1.07   11.22
  79833.887   101.690    -4.99   11.84
  80205.149    98.344    -9.01   12.49
  80576.333    96.658    -4.54   14.20
  80947.439    94.442    -5.97   14.04
  81318.466    90.688   -10.12   10.94
  81689.415    87.083    -9.72    5.81
  82060.286    86.440    -1.73    4.38
  82431.078    88.823     6.43    6.36
  82801.792    94.804    16.13    9.60
  83172.429   101.223    17.32   10.55
  83542.987   109.732    22.96    9.88
  83913.467   115.492    15.54    7.77
  84283.869   118.340     7.69    6.08
  84654.193   118.008    -0.89    6.28
  85024.439   117.993    -0.04    5.88
  85394.608   118.905     2.47    5.93
  85764.698   120.975     5.59    5.00
  86134.711   123.565     7.00    4.84
  86504.646   125.144     4.27    5.10
  86874.504   127.400     6.10    6.41
  87244.284   131.301    10.55    8.08
  87613.987   135.190    10.52    8.95
  87983.612   137.755     6.94    6.82
  88353.159   137.840     0.23    5.90
  88722.629   135.404    -6.59    6.13
  89092.022   130.497   -13.28    6.33
  89461.338   125.595   -13.27    8.22
  89830.576   120.083   -14.93    8.67
  90199.737   115.718   -11.82    7.08
  90568.821   113.692    -5.49    6.54
  90937.828   115.194     4.07    6.96
  91306.757   116.627     3.88    5.72
  91675.610   117.690     2.88    4.13
  92044.386   118.743     2.85    4.52
  92413.085   119.701     2.60    4.05
  92781.707   120.553     2.31    4.05
  93150.252   119.138    -3.84    6.61
  93518.720   116.679    -6.67    7.22
  93887.112   114.443    -6.07    7.05
  94255.427   112.367    -5.64    5.40
  94623.666   113.363     2.71    5.72
  94991.827   116.985     9.84    7.34
  95359.913   121.446    12.12    7.53
  95727.921   125.377    10.68    5.66
  96095.854   128.393     8.20    4.08
  96463.710   130.261     5.08    4.08
  96831.489   132.090     4.97    3.45
  97199.193   133.170     2.94    3.74
  97566.820   133.127    -0.12    4.27
  97934.370   132.505    -1.69    5.11
  98301.845   131.231    -3.47    5.63
  98669.244   130.078    -3.14    5.22
  99036.566   130.827     2.04    5.31
  99403.813   132.021     3.25    5.40
  99770.983   134.542     6.87    5.06
 100138.078   137.752     8.74    3.42
 100505.097   139.946     5.98    3.30
 100872.040   139.164    -2.13    4.86
 101238.907   137.885    -3.48    5.32
 101605.698   137.919     0.09    6.01
 101972.414   138.143     0.61    6.15
 102339.054   141.575     9.36    6.25
 102705.618   145.090     9.59    5.01
 103072.107   147.946     7.79    6.06
 103438.520   149.227     3.50    6.32
 103804.858   149.702     1.30    6.25
 104171.121   148.698    -2.74    6.82
 104537.308   147.027    -4.56    6.86
 104903.420   146.919    -0.30    5.26
 105269.457   148.713     4.90    5.42
 105635.418   150.090     3.76    5.81
 106001.304   151.017     2.53    5.55
 106367.115   152.788     4.84    6.55
 106732.851   152.859     0.19    7.25
 107098.512   150.874    -5.43    7.45
 107464.098   148.723    -5.88    7.29
 107829.609   147.605    -3.06    5.95
 108195.045   150.438     7.75    7.07
 108571.414   154.079     9.67    8.96
 108952.471   154.332     0.67   11.06
 109333.445   152.681    -4.33   12.63
 109714.337   150.774    -5.00   11.50
 110095.146   149.240    -4.03    7.87
 110475.873   148.898    -0.90    7.29
 110856.517   147.727    -3.08    7.71
 111237.079   145.480    -5.90    6.73
 111617.559   143.683    -4.72    5.21
 111997.957   146.819     8.24    6.18
 112378.272   150.501     9.68    5.26
 112758.505   151.059     1.47    6.77
 113138.656   149.338    -4.53    9.42
 113518.725   146.730    -6.86   10.11
 113898.711   143.768    -7.79    9.44
 114278.616   140.112    -9.62    7.93
 114658.439   137.694    -6.37    5.84
 115038.180   137.315    -1.00    6.21
 115417.840   139.832     6.63    8.38
 115797.417   143.627    10.00    7.43
 116176.913   147.282     9.63    6.71
 116556.327   149.957     7.05    6.08
 116935.660   151.380     3.75    5.50
 117314.911   152.512     2.99    4.30
 117694.081   152.349    -0.43    3.12
 118073.169   152.029    -0.84    2.31
 118452.176   151.416    -1.62    2.20
 118831.101   151.315    -0.27    2.55
 119209.945   149.863    -3.83    5.43
 119588.708   146.414    -9.10    7.28
 119967.390   143.742    -7.06    6.67
 120345.990   144.297     1.47    6.66
 120724.510   146.558     5.97    6.57
 121102.949   147.712     3.05    5.61
 121481.306   146.919    -2.10    6.13
 121859.583   143.127   -10.02    7.09
 122237.778   139.449    -9.72    5.98
 122615.893   136.469    -7.88    3.85
 122993.927   135.783    -1.82    3.64
 123371.881   137.012     3.25    5.01
 123749.754   139.560     6.74    6.33
 124127.546   142.404     7.53    5.08
 124505.257   143.868     3.88    4.21
 124882.888   141.723    -5.68    5.62
 125260.439   137.662   -10.76    7.69
 125637.909   134.573    -8.18    6.87
 126015.299   133.082    -3.95    4.53
 126392.608   136.252     8.40    5.39
 126769.838   140.827    12.13    5.38
 127146.987   145.256    11.74    5.59
 127524.056   149.227    10.53    4.30
 127901.044   151.895     7.08    3.04
 128277.953   154.127     5.92    2.28
 128654.782   155.989     4.94    3.92
 129031.530   157.548     4.14    5.63
 129408.199   156.978    -1.51    7.12
 129784.788   155.558    -3.77    8.37
 130161.297   154.319    -3.29    8.07
 130537.727   153.167    -3.06    6.50
 130914.076   154.978     4.81    6.35
 131290.346   155.238     0.69    6.27
 131666.537   154.887    -0.93    5.56
 132042.648   153.301    -4.22    4.63
 132418.679   152.174    -3.00    4.49
 132794.631   151.649    -1.40    4.17
 133170.503   150.765    -2.35    3.86
 133546.296   149.957    -2.15    3.67
 133922.010   150.490     1.42    4.10
 134297.645   151.003     1.37    4.39
 134673.200   150.251    -2.00    4.50
 135048.676   149.025    -3.26    4.22
 135424.073   147.874    -3.06    3.78
 135799.391   147.606    -0.72    3.93
 136174.630   147.393    -0.57    3.58
 136549.790   147.874     1.28    3.04
 136924.871   149.680     4.81    2.69
 137299.874   150.290     1.63    2.60
 137674.797   151.057     2.05    2.61
 138049.642   152.553     3.99    3.57
 138424.408   154.053     4.00    4.16
 138799.095   156.036     5.29    3.64
 139173.703   157.810     4.74    3.02
 139548.234   158.691     2.35    4.24
 139922.685   157.681    -2.70    5.85
 140297.058   156.648    -2.76    6.24
 140671.353   157.451     2.15    6.40
 141045.569   157.911     1.23    5.58
 141419.707   161.449     9.46    4.98
 141793.767   163.985     6.78    3.97
 142167.748   162.957    -2.75    5.38
 142541.651   162.778    -0.48    5.58
 142915.476   161.983    -2.12    5.14
 143289.223   161.723    -0.70    5.90
 143662.892   162.811     2.91    6.29
 144036.483   163.574     2.04    7.00
 144409.996   164.171     1.60    7.63
 144783.432   164.132    -0.10    6.74
 145156.789   163.442    -1.85    6.55
 145530.068   160.459    -7.99    5.29
 145903.270   158.627    -4.91    0.00
 146276.394   158.627     0.00    0.00
 146649.441   158.627     0.00    0.00
 147022.409   158.627     0.00    0.00
 147395.301   158.627     0.00    0.00
 147768.114   158.904     0.74    1.58
 148140.851   159.499     1.60    3.09
 148513.510   162.692     8.57    8.15
 148886.091   166.340     9.79   10.11
 149258.595   170.402    10.90   10.59
 149631.022   173.427     8.12    9.90
 150003.372   174.275     2.28   10.25
 150375.644   173.617    -1.77    9.61
 150747.840   173.660     0.12    7.95
 151119.958   174.957     3.48    5.54
 151491.999   175.218     0.70    3.58
 151863.964   173.202    -5.42    4.20
 152235.851   171.071    -5.73    4.18
 152607.661   168.436    -7.09    4.85
 152979.395   164.455   -10.71    6.71
 153351.052   158.446   -16.17    8.28
 153722.632   153.240   -14.01    7.20
 154094.135   149.421   -10.28    4.61
 154465.562   151.021     4.31    8.03
 154836.912   157.170    16.56   11.03
 155208.186   162.638    14.73   10.52
 155579.383   168.149    14.85    6.07
 155950.503   168.499     0.94    4.70
 156321.547   168.298    -0.54    4.10
 156692.515   167.842    -1.23    3.29
 157063.407   167.325    -1.39    2.76
 157434.222   167.100    -0.61    2.49
 157804.961   166.866    -0.63    2.34
 158175.623   167.159     0.79    2.53
 158546.210   168.253     2.95    2.89
 158916.720   168.999     2.01    2.52
 159287.155   169.541     1.46    2.56
 159657.513   170.765     3.31    3.31
 160027.796   172.714     5.26    4.45
 160398.002   175.477     7.46    4.38
 160768.133   177.724     6.07    3.62
 161138.188   179.418     4.58    2.03
 161508.167   179.904     1.31    1.53
 161878.070   179.834    -0.19    1.77
 162247.898   179.261    -1.55    2.60
 162617.650   179.241    -0.06    3.14
 162987.327   179.233    -0.02    2.93
 163356.928   178.883    -0.95    2.79
 163726.453   178.692    -0.52    2.76
 164095.903   178.671    -0.05    2.63
 164465.278   179.170     1.35    2.79
 164834.577   179.971     2.17    2.91
 165203.801   180.627     1.78    2.59
 165572.950   180.165    -1.25    2.90
 165942.023   179.440    -1.96    3.07
 166311.021   179.872     1.17    3.50
 166679.945   180.443     1.55    3.54
 167048.793   181.111     1.81    2.97
 167417.566   181.070    -0.11    2.50
 167786.264   179.326    -4.73    6.13
 168154.887   177.407    -5.20    8.39
 168523.435   176.467    -2.55    9.43
 168891.908   177.380     2.48    9.32
 169260.307   177.778     1.08    7.57
 169628.631   179.316     4.18    4.31
 169996.880   179.552     0.64    3.56
 170365.054   181.084     4.16    4.55
 170733.154   183.020     5.26    4.28
 171101.179   183.799     2.12    3.78
 171469.129   185.052     3.41    3.82
 171837.006   185.744     1.88    3.49
 172204.807   186.327     1.58    3.36
 172572.534   186.703     1.02    3.65
 172940.187   186.294    -1.11    3.48
 173307.766   186.372     0.21    2.94
 173675.270   186.475     0.28    2.81
 174042.700   183.455    -8.22    8.91
 174410.056   179.395   -11.05   12.47
 174777.338   175.492   -10.63   13.93
 175144.545   169.986   -14.99   14.73
 175511.679   167.720    -6.17   14.46
 175878.739   172.584    13.25   13.70
 176245.724   176.483    10.62   11.51
 176612.636   178.475     5.43    7.79
 176979.474   177.999    -1.30    6.23
 177346.238   173.257   -12.93    8.48
 177712.928   168.051   -14.20    7.16
 178079.544   163.749   -11.73    3.80
 178446.087   161.489    -6.17    2.16
 178812.556   160.914    -1.57    2.12
 179178.952   160.713    -0.55    2.05
 179545.274   160.752     0.11    1.69
 179911.522   161.148     1.08    1.31
 180277.697   161.584     1.19    0.59
 180643.799   161.305    -0.76    1.55
 181009.827   160.315    -2.70    2.87
 181375.782   160.900     1.60    3.98
 181741.663   163.287     6.52    5.70
 182107.471   166.466     8.69    5.76
 182473.206   170.079     9.88    4.25
 182838.868   172.354     6.22    2.92
 183210.638   173.714     3.66    2.85
 183591.530   173.184    -1.39    5.36
 183972.342   170.337    -7.48    9.84
 184353.073   169.075    -3.31   11.10
 184733.724   168.003    -2.82   10.53
 185114.295   165.809    -5.77   10.88
 185494.785   161.294   -11.87   13.54
 185875.195   157.064   -11.12   14.43
 186255.525   157.713     1.71   14.44
 186635.775   160.489     7.30   15.01
 187015.945   166.276    15.22   10.63
 187396.034   169.279     7.90    3.23
 187776.044   165.412   -10.17    5.92
 188155.974   160.583   -12.71    6.83
 188535.824   156.223   -11.48    6.45
 188915.594   152.429    -9.99    5.13
 189295.284   149.812    -6.89    6.88
 189674.895   146.149    -9.65    8.04
 190054.426   140.990   -13.59    7.66
 190433.877   135.692   -13.96    5.57
 190813.249   132.747    -7.76    5.65
 191192.541   131.208    -4.06    5.89
 191571.754   131.268     0.16    5.85
 191950.887   133.003     4.58    4.74
 192329.941   134.986     5.23    3.10
 192708.916   134.584    -1.06    3.59
 193087.811   133.779    -2.12    4.04
 193466.627   132.821    -2.53    3.69
 193845.364   132.007    -2.15    3.67
 194224.022   131.410    -1.58    3.67
 194602.601   130.910    -1.32    3.68
 194981.101   128.247    -7.03    2.72
 195359.521   127.197    -2.77    2.77
 195737.863   125.942    -3.32    2.78
 196116.126   124.421    -4.02    3.81
 196494.310   122.051    -6.26    6.07
 196872.415   120.358    -4.48    7.12
 197250.442   123.268     7.70   14.18
 197628.390   134.272    29.11   25.70
 198006.259   150.116    41.92   28.37
 198384.049   167.358    45.63   18.16
 198761.761   175.869    22.53    5.31
 199139.395   174.261    -4.26    5.08
 199516.950   169.759   -11.92    7.38
 199894.427   164.197   -14.73    9.45
 200271.825   158.869   -14.12    8.29
 200649.145   157.907    -2.55    9.68
 201026.387   161.078     8.40   11.72
 201403.550   166.251    13.71   11.58
 201780.636   170.297    10.73    9.98
 202157.643   171.046     1.99    8.61
 202534.572   168.214    -7.51    8.02
 202911.423   163.864   -11.54   10.11
 203288.197   157.913   -15.79   10.26
 203664.892   152.659   -13.94    7.96
 204041.509   148.946    -9.86    4.02
 204418.049   147.509    -3.82    3.81
 204794.511   145.220    -6.08    4.98
 205170.895   142.778    -6.49    7.64
 205547.201   140.111    -7.09    8.15
 205923.430   138.132    -5.26    7.70
 206299.581   139.539     3.74    6.52
 206675.655   142.552     8.01    5.48
 207051.651   145.038     6.61    6.19
 207427.570   149.208    11.09    6.98
 207803.411   153.227    10.69    7.09
 208179.175   151.573    -4.40   11.36
 208554.862   147.316   -11.33   14.60
 208930.471   143.960    -8.93   14.92
 209306.003   142.594    -3.64   13.69
 209681.458   146.997    11.73   11.31
 210056.836   152.527    14.73    4.92
 210432.137   154.757     5.94    3.93
 210807.361   155.660     2.41    3.93
 211182.508   157.272     4.30    4.85
 211557.578   159.863     6.91    5.43
 211932.571   162.649     7.43    6.36
 212307.487   165.718     8.19    7.20
 212682.326   167.111     3.72    6.68
 213057.089   169.036     5.14    6.68
 213431.775   170.149     2.97    7.18
 213806.384   170.173     0.06    7.20
 214180.917   168.942    -3.28    7.76
 214555.373   167.036    -5.09    7.74
 214929.753   164.986    -5.48    8.62
 215304.056   161.432    -9.49    9.98
 215678.283   157.975    -9.24   10.09
 216052.433   154.489    -9.31    8.97
 216426.507   150.305   -11.18    5.70
 216800.505   148.255    -5.48    3.05
 217174.426   147.748    -1.36    2.18
 217548.272   148.087     0.91    2.31
 217922.041   150.160     5.54    3.24
 218295.734   152.953     7.47    5.33
 218669.351   157.497    12.16    6.77
 219042.892   163.197    15.26    6.51
 219416.358   167.693    12.04    5.55
 219789.747   171.290     9.63    4.54
 220163.060   172.979     4.52    4.22
 220536.298   173.018     0.10    4.42
 220909.460   171.671    -3.61    6.04
 221282.546   170.809    -2.31    7.17
 221655.556   169.616    -3.20    7.59
 222028.491   170.093     1.28    7.24
 222401.350   169.347    -2.00    5.71
 222774.133   169.036    -0.84    4.93
 223146.842   171.540     6.72    6.59
 223519.474   173.960     6.49    7.16
 223892.032   174.171     0.56    6.84
 224264.513   174.027    -0.39    5.91
 224636.920   173.649    -1.02    4.63
 225009.251   174.517     2.33    5.41
 225381.507   177.682     8.50    6.54
 225753.688   180.012     6.26    5.37
 226125.794   181.571     4.19    3.93
 226497.825   182.518     2.54    3.11
 226869.780   181.032    -4.00    4.72
 227241.661   178.229    -7.53    6.14
 227613.467   176.476    -4.71    5.48
 227985.197   177.111     1.71    6.08
 228356.853   180.521     9.17    7.91
 228728.434   185.573    13.59    7.37
 229099.941   189.081     9.44    4.94
 229471.372   189.660     1.56    4.48
 229842.729   189.786     0.34    4.51
 230214.011   190.094     0.83    4.08
 230585.219   189.809    -0.77    3.83
 230956.352   188.009    -4.85    3.88
 231327.410   186.322    -4.55    3.29
 231698.395   184.160    -5.83    2.87
 232069.304   182.597    -4.21    2.75
 232440.140   182.820     0.60    3.19
