-249005.184   172.236     0.00    5.14
-248630.816   175.496     8.70    4.14
-248256.384   177.089     4.25    2.60
-247881.887   177.041    -0.13    2.59
-247507.327   175.746    -3.46    3.94
-247132.702   172.039    -9.89    5.77
-246758.012   167.481   -12.16    7.44
-246383.259   161.639   -15.59    9.37
-246008.441   153.648   -21.31    9.53
-245633.558   147.433   -16.58    8.27
-245258.611   141.876   -14.82    4.83
-244883.600   139.864    -5.36    3.46
-244508.523   138.031    -4.88    3.40
-244133.383   136.337    -4.52    2.89
-243758.178   135.226    -2.96    3.07
-243382.908   132.395    -7.54    3.70
-243007.573   128.326   -10.84    5.76
-242632.174   124.239   -10.88    6.49
-242256.710   120.089   -11.05    4.47
-241881.181   119.109    -2.61    3.54
-241505.587   119.876     2.04    4.53
-241129.929   120.775     2.39    4.22
-240754.206   122.648     4.99    4.20
-240378.417   125.483     7.54    6.29
-240002.564   127.938     6.53    6.18
-239626.646   128.302     0.97    6.24
-239250.663   127.539    -2.03    6.74
-238874.615   124.551    -7.94    6.09
-238498.501   122.901    -4.38    5.97
-238122.323   122.863    -0.10    5.35
-237746.079   120.189    -7.11    7.13
-237369.771   116.382   -10.11   10.38
-236993.397   112.701    -9.78   11.28
-236616.957   106.953   -15.27   10.91
-236240.453   103.939    -8.00   10.13
-235863.883   101.037    -7.71    8.55
-235487.248    97.651    -8.99    6.17
-235110.547    95.395    -5.99    3.84
-234733.781    95.382    -0.03    3.30
-234356.950    97.314     5.12    4.43
-233980.053    99.257     5.16    3.62
-233603.090   101.726     6.55    3.50
-233226.062   101.733     0.02    5.75
-232848.969   101.164    -1.51    7.92
-232471.809   101.240     0.20    9.17
-232094.584   100.913    -0.87    8.55
-231717.294   100.280    -1.68    7.36
-231339.937   101.419     3.02    7.84
-230962.515   103.299     4.98   10.47
-230585.027   106.531     8.56   13.56
-230207.473   111.401    12.90   15.96
-229829.854   113.559     5.71   16.79
-229452.168   116.836     8.67   16.67
-229074.417   118.446     4.26   15.32
-228696.599   119.901     3.85   14.68
-228318.716   120.364     1.22   14.82
-227940.766   120.364     0.00   14.84
-227562.751   120.046    -0.84   13.86
-227184.669   119.689    -0.95   12.43
-226806.521   119.129    -1.48   10.55
-226428.307   118.789    -0.90    9.04
-226050.027   117.467    -3.49   10.58
-225671.680   116.901    -1.50   10.80
-225293.267   116.217    -1.81   11.28
-224914.788   114.351    -4.93   11.66
-224536.243   110.965    -8.94   12.79
-224157.631   106.357   -12.17   13.51
-223778.952   101.737   -12.20   13.17
-223400.207   100.555    -3.12   13.49
-223021.396   103.264     7.15   14.13
-222642.518   107.004     9.87   13.03
-222263.574   111.426    11.67   10.28
-221884.563   115.382    10.44    7.06
-221505.485   117.328     5.13    5.27
-221126.341   116.507    -2.16    7.42
-220747.130   113.496    -7.94    9.69
-220367.852   109.186   -11.36   10.59
-219988.507   105.826    -8.86    9.09
-219609.096   104.073    -4.62    7.69
-219229.618   104.192     0.32    7.93
-218850.073   105.446     3.30    8.89
-218470.460   105.975     1.39    8.96
-218090.781   104.676    -3.42    9.56
-217711.035   100.901    -9.94   11.71
-217331.222    94.726   -16.26   13.58
-216960.544    88.696   -16.26   13.47
-216593.538    85.976    -7.41   13.18
-216226.469    84.509    -4.00   13.37
-215859.338    87.314     7.64   15.05
-215492.145    90.737     9.32   15.73
-215124.890    94.683    10.74   15.29
-214757.573    95.619     2.55   15.37
-214390.193    95.139    -1.31   14.84
-214022.752    91.086   -11.03   15.13
-213655.248    85.026   -16.49   15.58
-213287.681    77.014   -21.79   14.25
-212920.053    68.389   -23.46   10.25
-212552.362    64.026   -11.86    3.96
-212184.608    63.551    -1.29    2.94
-211816.792    62.294    -3.42    7.06
-211448.914    57.002   -14.38   13.15
-211080.973    55.284    -4.67   13.97
-210712.970    54.694    -1.60   13.96
-210344.904    57.189     6.78   12.64
-209976.775    63.064    15.96    2.63
-209608.584    61.864    -3.26    3.18
-209240.330    60.953    -2.47    3.53
-208872.013    60.271    -1.85    3.38
-208503.634    60.726     1.24    3.34
-208135.192    62.210     4.02    3.96
-207766.687    62.064    -0.39    6.46
-207398.119    57.950   -11.16   11.03
-207029.489    53.981   -10.77   12.51
-206660.795    52.328    -4.48   13.11
-206292.039    50.668    -4.50   13.63
-205923.219    48.851    -4.92   13.76
-205554.337    47.454    -3.79   13.89
-205185.391    48.664     3.28   14.71
-204816.383    49.281     1.67   14.66
-204447.312    48.364    -2.49   15.21
-204078.177    45.901    -6.67   15.58
-203708.979    41.639   -11.54   13.88
-203339.718    37.091   -12.31    9.39
-202970.394    34.617    -6.70    4.40
-202601.006    36.370     4.74    8.25
-202231.556    40.314    10.67   12.48
-201862.042    45.256    13.37   15.16
-201492.464    51.876    17.91   15.70
-201122.823    56.977    13.80   14.17
-200753.119    61.501    12.23   10.22
-200383.351    64.284     7.52    4.20
-200013.520    64.024    -0.70    2.60
-199643.626    63.748    -0.75    2.25
-199273.667    62.635    -3.01    2.66
-198903.646    62.271    -0.98    2.80
-198533.560    61.987    -0.77    2.72
-198163.411    61.518    -1.27    2.09
-197793.198    61.889     1.00    2.25
-197422.922    62.312     1.14    2.43
-197052.582    62.055    -0.69    2.48
-196682.178    62.222     0.45    2.98
-196311.710    62.987     2.07    3.97
-195941.178    62.802    -0.50    4.25
-195570.583    62.326    -1.28    4.12
-195199.923    62.789     1.25    3.27
-194829.200    62.183    -1.63    3.13
-194458.413    60.814    -3.69    3.59
-194087.561    59.210    -4.33    3.65
-193716.646    57.086    -5.72    3.00
-193345.666    55.114    -5.32    2.86
-192974.623    54.564    -1.48    2.67
-192603.515    55.132     1.53    3.49
-192232.343    57.543     6.49    5.84
-191861.107    62.111    12.30    5.93
-191489.806    65.839    10.04    5.65
-191118.442    68.395     6.88    4.26
-190747.013    67.451    -2.54    5.21
-190375.519    65.205    -6.05    6.45
-190003.962    63.469    -4.67    5.80
-189632.340    66.321     7.67   12.27
-189260.653    77.271    29.46   28.90
-188888.902    91.081    37.14   38.30
-188517.086   105.464    38.68   43.45
-188145.206   119.676    38.21   44.46
-187773.262   124.740    13.61   41.97
-187401.252   122.185    -6.87   38.32
-187029.178   116.753   -14.60   32.64
-186657.040   108.555   -22.02   21.31
-186284.836   109.389     2.24   19.03
-185912.568   115.407    16.16   19.85
-185540.235   127.654    32.89   17.43
-185167.837   141.901    38.25   14.12
-184795.375   151.551    25.91   11.86
-184422.847   160.914    25.13   10.36
-184050.255   163.289     6.37   11.01
-183677.597   160.765    -6.77   14.57
-183304.875   158.024    -7.35   14.68
-182932.088   157.753    -0.73   12.11
-182559.235   159.594     4.94    9.69
-182186.318   166.689    19.02    9.97
-181813.335   172.489    15.55   10.62
-181440.287   178.185    15.27   11.24
-181067.174   182.314    11.06   10.09
-180693.996   183.464     3.08    9.42
-180320.752   184.030     1.52    9.63
-179947.444   183.726    -0.81    8.77
-179574.069   183.762     0.10    7.25
-179200.630   182.035    -4.62    5.43
-178827.125   180.572    -3.92    5.86
-178453.554   175.326   -14.04    9.34
-178079.919   168.837   -17.37   11.01
-177706.217   161.407   -19.88   10.27
-177332.450   156.632   -12.77    6.59
-176958.618   156.185    -1.20    5.31
-176584.720   159.336     8.43    5.35
-176210.756   162.314     7.96    4.85
-175836.727   163.955     4.39    5.04
-175462.631   165.703     4.67    4.93
-175088.471   167.979     6.08    4.75
-174714.244   169.259     3.42    5.08
-174339.951   171.691     6.50    5.66
-173965.593   174.148     6.56    5.37
-173591.169   177.257     8.30    4.68
-173216.679   181.222    10.59    7.68
-172842.123   187.248    16.09   11.18
-172467.500   194.632    19.71    9.90
-172092.812   198.055     9.13    8.06
-171718.058   196.703    -3.61    9.49
-171343.238   188.914   -20.78   12.34
-170968.351   179.722   -24.52   12.44
-170593.399   173.610   -16.30   10.67
-170218.380   170.526    -8.22    9.13
-169843.295   165.264   -14.03    9.07
-169468.143   163.308    -5.21   10.24
-169092.926   163.185    -0.33   11.10
-168717.642   165.986     7.46   13.11
-168342.291   172.838    18.25   15.63
-167966.875   181.363    22.70   14.49
-167591.391   185.419    10.80   10.54
-167215.842   175.654   -26.00   23.65
-166840.225   155.962   -52.42   30.67
-166464.543   140.101   -42.21   25.11
-166088.793   133.464   -17.66   14.13
-165712.977   138.201    12.60   17.03
-165337.094   151.401    35.11   19.39
-164961.145   162.603    29.79   15.38
-164585.129   170.803    21.81   11.63
-164209.046   179.639    23.49    6.09
-163832.896   184.413    12.69    6.52
-163456.679   189.060    12.35    5.61
-163080.396   192.142     8.19    3.77
-162704.046   193.139     2.65    2.84
-162327.628   192.489    -1.73    2.54
-161951.144   192.837     0.92    2.46
-161574.593   194.111     3.38    2.91
-161197.974   195.901     4.75    4.04
-160821.289   198.259     6.26    4.67
-160444.536   200.433     5.77    4.65
-160067.716   201.901     3.90    4.85
-159690.829   205.148     8.61    4.13
-159313.875   207.259     5.60    3.41
-158936.854   207.852     1.57    3.45
-158559.765   208.339     1.29    3.86
-158182.609   209.139     2.12    4.03
-157805.385   210.126     2.62    4.16
-157428.094   210.178     0.14    4.22
-157050.736   210.154    -0.06    4.19
-156673.310   208.815    -3.55    4.09
-156295.816   208.165    -1.72    4.24
-155918.255   209.401     3.27    4.98
-155540.627   209.046    -0.94    5.29
-155162.930   207.828    -3.22    5.17
-154785.167   205.486    -6.20    6.40
-154407.335   200.501   -13.19    8.00
-154029.436   195.076   -14.35    9.53
-153651.468   189.431   -14.93    9.34
-153273.433   183.639   -15.32    6.15
-152895.331   180.358    -8.68    4.30
-152517.160   178.053    -6.09    2.80
-152138.921   177.026    -2.72    2.41
-151760.614   174.913    -5.59    2.69
-151382.240   173.559    -3.58    2.75
-151003.797   172.987    -1.51    2.46
-150625.286   173.408     1.11    2.92
-150246.708   174.716     3.45    2.92
-149868.061   176.668     5.15    3.39
-149489.345   178.305     4.32    4.00
-149110.562   179.507     3.17    4.12
-148731.710   181.382     4.95    3.94
-148352.790   182.395     2.67    4.22
-147973.802   183.730     3.52    5.02
-147594.745   185.281     4.09    5.15
-147215.620   186.462     3.11    4.22
-146836.427   187.991     4.03    4.03
-146457.164   189.296     3.44    4.27
-146077.834   190.023     1.92    4.31
-145698.435   188.576    -3.81    5.68
-145318.967   185.864    -7.15    5.89
-144939.431   183.876    -5.24    5.29
-144559.826   183.642    -0.62    6.23
-144180.152   184.044     1.06    6.23
-143800.410   184.033    -0.03    4.77
-143420.598   182.836    -3.15    4.08
-143040.718   179.626    -8.45    4.87
-142660.769   176.594    -7.98    4.54
-142286.419   175.096    -4.00    4.02
-141919.610   175.458     0.99    3.87
-141552.736   176.010     1.51    4.00
-141185.800   174.060    -5.32    6.15
-140818.799   170.803    -8.87    7.88
-140451.735   168.239    -6.98    7.86
-140084.607   166.057    -5.94    6.59
-139717.415   163.304    -7.50    6.41
-139350.160   159.226   -11.10    8.30
-138982.841   153.154   -16.53   10.69
-138615.457   146.901   -17.02   11.00
-138248.010   140.813   -16.57    8.53
-137880.499   137.037   -10.27    5.18
-137512.924   136.509    -1.44    4.41
-137145.285   138.035     4.15    5.16
-136777.582   140.271     6.08    5.94
-136409.815   142.218     5.29    6.20
-136041.984   143.185     2.63    6.35
-135674.089   143.901     1.95    5.65
-135306.129   144.145     0.66    4.62
-134938.106   144.740     1.62    3.73
-134570.018   145.571     2.26    3.04
-134201.866   146.802     3.34    4.44
-133833.649   149.444     7.17    6.67
-133465.368   153.539    11.12    7.97
-133097.023   157.089     9.64    7.85
-132728.613   159.827     7.43    6.96
-132360.139   162.444     7.10    5.00
-131991.601   164.248     4.89    3.88
-131622.998   166.055     4.90    3.96
-131254.330   168.369     6.28    4.44
-130885.598   169.401     2.80    5.16
-130516.801   168.428    -2.64    7.16
-130147.940   164.345   -11.07   10.05
-129779.014   159.991   -11.80    9.99
-129410.023   155.584   -11.94    9.67
-129040.968   151.824   -10.19    8.52
-128671.847   149.601    -6.02    7.76
-128302.662   148.357    -3.37    7.48
-127933.412   147.599    -2.05    6.20
-127564.097   145.382    -6.00    7.83
-127194.718   140.963   -11.96   10.27
-126825.273   135.722   -14.18   10.86
-126455.763   131.455   -11.55    8.72
-126086.189   129.496    -5.30    6.55
-125716.549   132.608     8.42    8.31
-125346.844   136.751    11.21    7.90
-124977.074   141.284    12.26    6.60
-124607.239   145.148    10.45    5.33
-124237.338   147.693     6.88    4.90
-123867.373   149.401     4.62    5.36
-123497.342   150.839     3.88    5.92
-123127.246   151.345     1.37    6.57
-122757.084   150.450    -2.42    7.54
-122386.858   149.791    -1.78    8.49
-122016.565   147.889    -5.14    9.67
-121646.208   146.450    -3.89   10.90
-121275.785   142.242   -11.36   12.67
-120905.296   138.132   -11.09   14.10
-120534.742   131.864   -16.91   15.32
-120164.122   128.876    -8.06   15.08
-119793.437   124.689   -11.30   13.37
-119422.686   121.437    -8.77   10.02
-119051.869   119.303    -5.75    7.73
-118680.987   117.913    -3.75    7.65
-118310.038   115.395    -6.79    8.00
-117939.024   112.575    -7.60    7.47
-117567.945   111.214    -3.67    6.81
-117196.799   112.424     3.26    6.83
-116825.588   113.321     2.41    7.24
-116454.310   115.469     5.79    7.61
-116082.967   117.451     5.34    8.02
-115711.557   117.419    -0.09    8.05
-115340.082   118.132     1.92    7.79
-114968.540   117.160    -2.62    6.93
-114596.933   116.669    -1.32    5.48
-114225.259   116.531    -0.37    4.73
-113853.519   117.214     1.83    3.91
-113481.713   118.395     3.18    3.72
-113109.841   120.716     6.24    4.66
-112737.902   122.599     5.06    5.71
-112365.897   124.534     5.20    5.93
-111993.826   125.230     1.87    6.02
-111621.688   125.351     0.33    5.70
-111249.484   125.684     0.89    3.84
-110877.213   125.382    -0.81    2.90
-110504.876   123.828    -4.17    3.32
-110132.473   122.950    -2.36    3.28
-109760.003   122.493    -1.23    3.71
-109387.466   123.914     3.81    5.22
-109014.862   125.587     4.49    7.82
-108642.192   126.815     3.29   10.10
-108269.456   126.456    -0.96   10.40
-107896.652   126.950     1.32   10.44
-107523.782   126.527    -1.13    9.12
-107150.845   125.407    -3.00    7.87
-106777.841   124.506    -2.42    8.65
-106404.770   124.840     0.90   10.90
-106031.632   127.527     7.20   12.75
-105658.427   130.802     8.77   11.64
-105285.155   131.120     0.85   10.49
-104911.817   129.889    -3.30   10.17
-104538.411   127.657    -5.98    9.48
-104164.938   127.889     0.62    9.15
-103791.398   127.925     0.10    7.88
-103417.791   128.669     1.99    7.30
-103044.116   128.961     0.78    8.87
-102670.374   128.364    -1.60   10.14
-102296.565   125.840    -6.75   10.98
-101922.689   122.535    -8.84   13.28
-101548.745   120.010    -6.75   15.22
-101174.734   120.413     1.08   18.07
-100800.656   124.169    10.04   19.89
-100426.510   133.527    25.01   16.29
-100052.296   139.389    15.66   11.92
 -99678.015   142.010     7.00    7.74
 -99303.666   141.580    -1.15    8.28
 -98929.250   138.281    -8.81    9.51
 -98554.766   135.178    -8.29    8.51
 -98180.215   135.035    -0.38    8.03
 -97805.595   134.539    -1.32    8.03
 -97430.908   132.424    -5.64    7.96
 -97056.154   131.234    -3.18    7.60
 -96681.331   131.172    -0.16    7.08
 -96306.440   130.531    -1.71    6.61
 -95931.482   130.030    -1.34    7.86
 -95556.455   127.051    -7.94    9.48
 -95181.361   121.605   -14.52    9.38
 -94806.199   119.002    -6.94   10.33
 -94430.968   120.947     5.18   12.35
 -94055.669   125.004    10.81   13.20
 -93680.303   129.901    13.04   12.03
 -93304.868   132.196     6.11   10.57
 -92929.365   132.336     0.37   11.73
 -92553.793   131.811    -1.40   11.70
 -92178.154   130.254    -4.14   10.06
 -91802.446   128.055    -5.85    8.89
 -91426.670   125.653    -6.39    7.36
 -91050.825   124.581    -2.85    8.53
 -90674.912   124.308    -0.72    8.91
 -90298.930   124.852     1.44    9.60
 -89922.880   126.202     3.59    9.72
 -89546.762   125.572    -1.67    9.39
 -89170.574   123.105    -6.56    9.77
 -88794.319   120.274    -7.52   12.20
 -88417.994   117.448    -7.51   13.57
 -88041.601   115.181    -6.02   14.44
 -87665.139   113.779    -3.73   13.73
 -87288.608   112.389    -3.69   13.17
 -86912.009   107.986   -11.69   12.54
 -86535.341   104.214   -10.01   11.41
 -86158.603   100.481    -9.91    9.49
 -85781.797    98.135    -6.22    7.06
 -85404.922    98.779     1.71    6.97
 -85027.978   100.086     3.47    7.28
 -84650.965   100.864     2.06    7.60
 -84273.883   100.234    -1.67    8.76
 -83896.732   101.370     3.01   10.00
 -83519.511   100.365    -2.66    9.77
 -83142.222    97.927    -6.46    8.83
 -82764.863    95.937    -5.27    8.23
 -82387.435    93.965    -5.22    6.72
 -82009.937    94.124     0.42    5.90
 -81632.371    94.363     0.63    5.79
 -81254.735    94.382     0.05    5.90
 -80877.029    93.376    -2.66    6.75
 -80499.254    91.389    -5.26    7.09
 -80121.410    90.314    -2.84    7.87
 -79743.496    90.186    -0.34    8.22
 -79365.512    89.829    -0.94    8.30
 -78987.459    90.730     2.38    7.29
 -78609.336    91.599     2.30    6.79
 -78231.144    94.691     8.17    8.66
 -77852.882   100.010    14.06    8.32
 -77474.550   102.145     5.64    7.16
 -77096.148   102.394     0.66    7.82
 -76717.677   100.126    -5.99    8.46
 -76339.135    98.450    -4.43    6.86
 -75960.524    97.635    -2.15    6.23
 -75581.843    99.241     4.24    6.92
 -75203.091   103.686    11.73    8.43
 -74824.270   107.627    10.40    8.07
 -74445.379   110.214     6.83    9.32
 -74066.417   110.644     1.14    9.38
 -73687.385   110.654     0.03    8.92
 -73308.284   112.169     4.00    7.51
 -72929.112   114.523     6.21    6.55
 -72549.869   116.997     6.52    6.32
 -72170.557   120.864    10.19    6.58
 -71791.174   123.596     7.20    6.93
 -71411.720   124.055     1.21    8.45
 -71032.197   124.164     0.29    8.46
 -70652.603   123.539    -1.64    7.73
 -70272.938   122.926    -1.61    6.87
 -69893.203   124.401     3.88    6.11
 -69513.397   126.786     6.28    6.87
 -69133.520   129.828     8.01    7.54
 -68753.573   132.504     7.04    6.87
 -68373.556   134.267     4.64    4.94
 -67993.467   135.024     1.99    5.37
 -67615.132   133.734    -3.41    7.32
 -67248.523   130.876    -7.79    8.91
 -66881.850   128.303    -7.02    9.98
 -66515.111   125.324    -8.12    8.83
 -66148.307   124.567    -2.06    6.83
 -65781.438   124.824     0.70    4.79
 -65414.503   127.254     6.62    5.45
 -65047.504   130.619     9.17    4.58
 -64680.438   132.006     3.78    4.07
 -64313.308   132.086     0.22    4.31
 -63946.111   131.696    -1.06    5.17
 -63578.850   132.051     0.97    5.97
 -63211.523   132.079     0.08    6.27
 -62844.130   132.222     0.39    6.57
 -62476.672   131.262    -2.61    7.25
 -62109.148   129.358    -5.18    7.43
 -61741.558   128.145    -3.30    6.50
 -61373.903   128.474     0.90    5.65
 -61006.182   128.401    -0.20    4.26
 -60638.395   129.136     2.00    3.69
 -60270.543   129.259     0.34    3.39
 -59902.624   128.925    -0.91    3.28
 -59534.640   128.851    -0.20    3.46
 -59166.590   128.830    -0.06    3.91
 -58798.474   129.116     0.78    4.22
 -58430.292   128.198    -2.49    4.57
 -58062.043   126.218    -5.38    4.69
 -57693.729   124.041    -5.91    4.16
 -57325.349   122.319    -4.68    3.19
 -56956.903   122.226    -0.25    3.42
 -56588.390   121.689    -1.46    4.38
 -56219.811   121.063    -1.70    5.75
 -55851.166   119.584    -4.01    7.26
 -55482.455   117.450    -5.79    9.04
 -55113.678   114.456    -8.12   10.77
 -54744.834   112.781    -4.54   12.07
 -54375.924   111.009    -4.80   13.11
 -54006.947   108.746    -6.13   13.45
 -53637.904   107.498    -3.38   12.01
 -53268.794   104.706    -7.57   10.34
 -52899.618   100.912   -10.27    9.28
 -52530.375    95.949   -13.44    9.60
 -52161.066    91.395   -12.33   10.03
 -51791.690    87.753    -9.86   10.77
 -51422.248    84.503    -8.80   10.76
 -51052.739    81.425    -8.33    9.14
 -50683.163    79.679    -4.72    7.44
 -50313.520    77.679    -5.41    6.01
 -49943.810    75.706    -5.34    5.74
 -49574.034    74.703    -2.71    5.58
 -49204.191    73.693    -2.73    5.05
 -48834.281    72.864    -2.24    4.97
 -48464.304    72.563    -0.81    5.31
 -48094.260    72.319    -0.66    5.53
 -47724.148    72.147    -0.46    5.63
 -47353.970    72.158     0.03    5.70
 -46983.725    72.043    -0.31    5.57
 -46613.413    71.395    -1.75    4.66
 -46243.033    70.936    -1.24    4.04
 -45872.586    71.030     0.25    5.03
 -45502.072    70.876    -0.41    5.99
 -45131.491    72.040     3.14    6.89
 -44760.842    70.865    -3.17    9.95
 -44390.126    71.382     1.40   10.80
 -44019.343    73.805     6.53   10.64
 -43648.492    76.451     7.13    8.05
 -43277.574    78.984     6.83    4.68
 -42906.588    80.864     5.07    5.08
 -42535.535    81.443     1.56    5.73
 -42164.414    80.964    -1.29    6.13
 -41793.226    78.672    -6.17    5.29
 -41421.969    76.019    -7.14    4.19
 -41050.646    74.406    -4.34    4.23
 -40679.254    73.276    -3.04    3.54
 -40307.795    72.984    -0.79    2.78
 -39936.268    73.913     2.50    3.04
 -39564.673    74.792     2.37    3.11
 -39193.010    75.358     1.52    3.07
 -38821.279    75.768     1.10    3.80
 -38449.481    75.023    -2.00    4.48
 -38077.614    74.889    -0.36    4.65
 -37705.680    75.555     1.79    4.14
 -37333.677    76.900     3.62    3.47
 -36961.606    78.523     4.36    3.43
 -36589.467    77.539    -2.64    6.23
 -36217.260    74.139    -9.14    9.97
 -35844.985    69.630   -12.11    9.77
 -35472.641    66.370    -8.75    6.55
 -35100.230    65.413    -2.57    4.13
 -34727.749    68.098     7.21    4.46
 -34355.201    71.443     8.98    3.60
 -33982.584    73.876     6.53    3.34
 -33609.899    76.852     7.98    2.95
 -33237.145    79.435     6.93    3.16
 -32864.323    81.669     5.99    3.59
 -32491.432    83.636     5.27    4.29
 -32118.472    84.383     2.00    5.90
 -31745.444    84.567     0.49    7.92
 -31372.348    80.949    -9.70   10.09
 -30999.182    75.486   -14.64   10.54
 -30625.948    69.702   -15.50    8.78
 -30252.645    65.370   -11.60    6.17
 -29879.274    61.563   -10.20    4.63
 -29505.833    60.274    -3.45    4.25
 -29132.324    59.210    -2.85    3.51
 -28758.745    59.254     0.12    2.84
 -28385.098    60.551     3.47    2.11
 -28011.382    61.935     3.70    2.16
 -27637.596    63.250     3.52    1.69
 -27263.742    63.864     1.64    1.74
 -26889.818    65.479     4.32    3.76
 -26515.826    68.147     7.13    5.46
 -26141.764    71.997    10.29    6.85
 -25767.633    75.274     8.76    5.81
 -25393.432    77.555     6.10    3.74
 -25019.163    78.489     2.49    2.86
 -24644.824    78.900     1.10    2.47
 -24270.415    79.975     2.87    3.35
 -23895.938    80.996     2.73    4.27
 -23521.390    76.852   -11.06   13.03
 -23146.773    64.563   -32.80   23.67
 -22772.087    48.358   -43.25   24.43
 -22397.331    32.484   -42.36   13.29
 -22022.506    25.716   -18.06    3.21
 -21647.611    24.406    -3.49    1.66
 -21272.646    24.347    -0.16    2.25
 -20897.611    24.298    -0.13    2.49
 -20522.507    24.815     1.38    2.49
 -20147.333    24.924     0.29    2.28
 -19772.089    24.142    -2.08    1.68
 -19396.775    24.006    -0.36    1.41
 -19021.391    24.439     1.15    2.16
 -18645.937    25.329     2.37    2.92
 -18270.413    26.089     2.02    2.98
 -17894.819    27.330     3.31    2.63
 -17519.156    28.623     3.44    1.63
 -17143.421    29.555     2.48    1.88
 -16767.617    30.464     2.42    2.07
 -16391.743    31.230     2.04    2.07
 -16015.798    31.901     1.79    1.55
 -15639.783    32.365     1.23    1.41
 -15263.698    32.547     0.48    1.34
 -14887.543    31.336    -3.22    2.83
 -14511.317    29.876    -3.88    3.32
 -14135.020    28.924    -2.53    3.68
 -13758.653    29.426     1.33    6.59
 -13382.216    31.424     5.31    8.48
 -13005.708    31.291    -0.35    8.57
 -12629.129    31.417     0.34    8.27
 -12252.480    31.681     0.70    7.94
 -11875.760    27.527   -11.03   12.16
 -11498.970    20.242   -19.33   16.37
 -11122.108    13.055   -19.07   17.46
 -10745.176     6.171   -18.26   16.34
 -10368.173     0.536   -14.95   11.91
  -9991.100    -3.858   -11.65    1.15
  -9613.955    -1.750     5.59    7.72
  -9236.739    -1.261     1.30    8.16
  -8859.453     0.876     5.66   10.37
  -8482.095     5.830    13.13   14.23
  -8104.666     7.889     5.45   15.05
  -7727.166    10.305     6.40   15.59
  -7349.595    12.407     5.57   16.11
  -6971.953     9.156    -8.61   16.53
  -6594.240     5.298   -10.21   15.59
  -6216.455     0.796   -11.92   11.97
  -5838.599    -2.299    -8.19    6.15
  -5460.672    -3.183    -2.34    4.51
  -5082.673    -3.999    -2.16    1.13
  -4704.603    -4.111    -0.30    0.00
  -4326.461    -4.111     0.00    0.00
  -3948.248    -4.111     0.00    0.00
  -3569.963    -4.111     0.00    0.00
  -3191.607    -4.111     0.00    0.00
  -2813.179    -4.111     0.00    0.00
  -2434.679    -3.500     1.62    3.31
  -2056.108    -1.221     6.02    7.84
  -1677.465     2.594    10.08   11.43
  -1298.750     6.900    11.37   13.60
   -919.963     8.298     3.69   14.39
   -541.105     6.515    -4.71   14.22
   -162.174     6.771     0.68   14.31
    216.828     5.630    -3.01   14.16
    595.903     3.728    -5.02   13.14
    975.049     7.198     9.15   14.88
   1354.268     8.986     4.72   15.25
   1733.559     8.095    -2.35   15.23
   2112.922     6.476    -4.27   14.63
   2492.357     3.737    -7.22   13.10
   2871.864     2.239    -3.95   12.10
   3251.444     1.759    -1.26   12.03
   3631.096     2.543     2.06   12.92
   4010.820     3.430     2.34   13.93
   4390.617     6.617     8.39   16.20
   4770.486     9.174     6.73   17.03
   5150.428    11.383     5.81   17.36
   5530.442    13.491     5.55   16.74
   5910.529    14.598     2.91   15.90
   6290.688    14.970     0.98   15.92
   6670.920    17.984     7.93   15.87
   7051.225    22.358    11.50   15.17
   7419.953    24.470     5.73   12.49
   7786.416    25.973     4.10    8.39
   8152.946    25.210    -2.08    5.96
   8519.543    20.947   -11.63    9.56
   8886.206    14.166   -18.49   12.11
   9252.937    14.256     0.25   13.62
   9619.734    16.214     5.34   13.99
   9986.599    21.365    14.04   10.99
  10353.530    25.701    11.82    3.83
  10720.528    24.647    -2.87    2.38
  11087.594    23.626    -2.78    2.64
  11454.727    22.865    -2.07    3.33
  11821.927    22.214    -1.77    3.42
  12189.194    21.057    -3.15    2.98
  12556.528    19.584    -4.01    2.69
  12923.930    17.191    -6.51    6.46
  13291.399    14.516    -7.28    8.48
  13658.935    10.724   -10.32   10.47
  14026.539     9.431    -3.52   11.14
  14394.210     9.889     1.25   12.22
  14761.949    12.133     6.10   13.87
  15129.755    16.474    11.80   14.93
  15497.628    22.759    17.09   12.76
  15865.570    29.441    18.16    3.89
  16233.579    30.866     3.87    1.92
  16601.655    31.370     1.37    2.21
  16969.799    32.055     1.86    2.10
  17338.011    32.501     1.21    1.45
  17706.291    30.159    -6.36    8.28
  18074.639    22.901   -19.71   15.25
  18443.054    12.435   -28.41   17.17
  18811.537     2.740   -26.31   12.62
  19180.089    -2.123   -13.20    5.94
  19548.708     3.317    14.76   17.04
  19917.395    15.302    32.51   27.97
  20286.150    25.551    27.79   31.82
  20654.973    40.187    39.68   35.27
  21023.865    50.840    28.88   35.00
  21392.824    64.746    37.69   26.03
  21761.852    71.661    18.74   16.95
  22130.948    76.769    13.84    8.52
  22500.112    78.734     5.32    9.04
  22869.344    82.121     9.17    9.39
  23238.645    85.586     9.38    8.68
  23608.014    89.876    11.61    6.99
  23977.452    93.496     9.80    5.77
  24346.958    96.852     9.08    5.45
  24716.532   102.003    13.94    8.66
  25086.175   109.489    20.25   12.34
  25455.887   120.337    29.34   17.79
  25825.667   133.451    35.47   21.91
  26195.516   147.979    39.28   27.64
  26565.434   163.101    40.88   29.81
  26935.420   175.063    32.33   26.35
  27305.475   182.876    21.11   23.44
  27675.598   189.359    17.52   19.01
  28045.791   190.913     4.20   15.00
  28416.053   189.613    -3.51   10.44
  28786.383   185.841   -10.19    8.65
  29156.782   178.739   -19.17   10.42
  29527.250   170.730   -21.62   11.55
  29897.788   159.016   -31.61   15.83
  30268.394   146.747   -33.11   18.52
  30639.070   133.353   -36.14   17.42
  31009.814   122.300   -29.81   12.97
  31380.628   113.621   -23.41   11.00
  31751.511   107.274   -17.11   10.04
  32122.463   100.865   -17.28    8.98
  32493.485    97.958    -7.84    7.80
  32864.576    98.346     1.05    7.68
  33235.736    98.272    -0.20    8.30
  33606.965    95.447    -7.61   10.12
  33978.264    93.253    -5.91    9.47
  34349.633    90.222    -8.16    5.85
  34721.071    90.435     0.57    3.80
  35092.579    91.986     4.18    2.51
  35464.156    92.524     1.45    2.12
  35835.803    92.051    -1.27    2.77
  36207.519    91.307    -2.00    4.12
  36579.306    90.681    -1.68    5.23
  36951.162    90.724     0.11    5.64
  37323.088    90.419    -0.82    4.70
  37695.083    90.452     0.09    2.94
  38067.149    91.286     2.24    2.09
  38439.284    91.958     1.80    2.14
  38811.490    92.462     1.35    2.28
  39183.765    92.980     1.39    2.80
  39556.111    93.222     0.65    2.74
  39928.526    92.412    -2.18    3.06
  40301.012    90.666    -4.69    2.27
  40673.568    89.548    -3.00    1.83
  41046.194    88.148    -3.76    1.88
  41418.890    86.463    -4.52    3.28
  41791.656    84.425    -5.47    4.05
  42164.493    82.853    -4.22    3.48
  42537.400    82.974     0.32    3.14
  42910.378    84.650     4.49    2.99
  43283.426    85.864     3.26    2.48
  43656.544    86.877     2.72    2.40
  44029.733    87.802     2.48    2.39
  44402.992    89.147     3.60    2.32
  44776.323    89.937     2.12    1.73
  45149.723    90.394     1.22    2.02
  45523.195    91.247     2.28    2.64
  45896.737    91.762     1.38    2.97
  46270.349    92.098     0.90    3.10
  46644.033    91.075    -2.74    3.40
  47017.787    89.450    -4.35    2.50
  47391.613    89.072    -1.01    2.21
  47765.509    89.148     0.20    1.99
  48139.476    89.222     0.20    2.16
  48513.514    89.419     0.53    3.50
  48887.623    92.877     9.24    6.82
  49261.804    98.828    15.90    8.24
  49636.055   106.693    21.02    9.78
  50010.378   116.543    26.31   13.60
  50384.771   129.613    34.91   20.82
  50759.236   147.111    46.73   24.93
  51133.772   165.028    47.84   25.02
  51508.380   178.296    35.42   21.31
  51883.059   188.383    26.92   14.90
  52257.809   189.740     3.62   15.73
  52632.631   181.072   -23.13   23.06
  53007.524   165.913   -40.44   25.96
  53382.488   155.330   -28.22   21.23
  53757.525   151.474   -10.28   16.89
  54132.632   157.609    16.36   18.75
  54507.812   164.039    17.14   17.94
  54883.063   162.457    -4.22   18.44
  55258.386   156.964   -14.64   16.28
  55633.780   152.759   -11.20   10.43
  56009.247   154.132     3.66    7.28
  56384.785   157.808     9.79    7.42
  56760.395   160.777     7.91    5.82
  57136.077   163.820     8.10    6.78
  57511.831   168.629    12.80    7.90
  57887.657   173.551    13.10    7.64
  58263.555   176.963     9.08    6.47
  58639.526   181.470    11.99    8.79
  59015.568   186.340    12.95   10.74
  59391.682   190.365    10.70   10.93
  59767.869   192.973     6.93    8.82
  60144.128   193.383     1.09    7.19
  60520.459   193.853     1.25    5.99
  60896.863   194.865     2.69    5.38
  61273.339   197.660     7.42    4.92
  61649.887   200.237     6.85    5.41
  62026.508   206.063    15.47    8.77
  62403.201   216.521    27.76   18.09
  62779.967   234.830    48.60   27.03
  63156.805   251.555    44.38   30.24
  63533.716   271.322    52.45   27.99
  63910.700   286.650    40.66   23.71
  64287.757   300.659    37.15   19.46
  64664.886   308.567    20.97   18.29
  65042.088   314.141    14.78   21.69
  65419.363   318.567    11.73   22.61
  65796.710   328.674    26.79   25.48
  66174.131   336.563    20.90   27.58
  66551.625   345.691    24.18   28.30
  66929.191   350.841    13.64   22.98
  67306.831   351.107     0.70   19.53
  67684.544   349.889    -3.23   15.14
  68062.329   352.900     7.97   11.29
  68440.188   359.508    17.49   11.28
  68818.121   371.798    32.52   14.60
  69196.126   383.781    31.70   14.95
  69574.205   394.764    29.05   15.54
  69952.357   402.679    20.93   15.45
  70330.583   404.980     6.09   22.71
  70708.882   402.481    -6.61   29.73
  71087.254   401.041    -3.81   32.80
  71465.700   402.437     3.69   35.63
  71844.220   409.176    17.80   35.06
  72222.813   423.510    37.86   33.77
  72601.479   438.505    39.60   32.06
  72980.220   455.389    44.58   26.61
  73359.034   468.371    34.27   25.14
  73737.922   471.214     7.50   29.26
  74116.884   473.179     5.19   32.92
  74495.919   495.286    58.33   53.08
  74875.029   528.731    88.23   79.78
  75254.212   592.325   167.72  113.38
  75633.469   639.817   125.23  117.30
  76012.801   663.264    61.81  121.70
  76392.206   670.509    19.10  120.74
  76771.686   668.528    -5.22   97.37
  77151.240   693.296    65.26   98.81
  77530.868   765.548   190.33  127.56
  77910.570   833.198   178.18  127.97
  78290.346   900.809   178.04  127.88
  78670.197   944.506   115.04  123.43
  79050.122   970.195    67.62  114.17
  79430.122   987.340    45.12   96.55
  79810.196   976.700   -27.99   86.42
  80190.344   952.181   -64.50  102.43
  80570.568   891.417  -159.82  114.09
  80950.865   817.269  -194.99  100.01
  81331.238   768.555  -128.08  114.97
  81711.684   717.590  -133.97  130.00
  82084.710   687.502   -80.66  123.59
  82450.962   653.781   -92.08  102.14
  82817.282   663.728    27.15   91.48
  83183.671   680.242    45.08   76.62
  83550.129   685.400    14.08   52.62
  83916.655   680.913   -12.24   47.26
  84283.250   653.210   -75.57   56.51
  84649.913   628.759   -66.69   58.87
  85016.645   605.797   -62.62   69.99
  85383.446   574.601   -85.05   78.60
  85750.315   529.686  -122.44   96.12
  86117.253   478.186  -140.36   92.20
  86484.260   414.598  -173.27   71.43
  86851.336   367.714  -127.73   55.86
  87218.481   329.639  -103.71   35.36
  87585.695   308.107   -58.64   28.94
  87952.978   290.115   -48.99   16.80
  88320.330   279.624   -28.56   12.67
  88687.750   273.101   -17.76    9.86
  89055.240   266.716   -17.38   11.30
  89422.800   257.925   -23.92   13.46
  89790.428   246.992   -29.74   13.73
  90158.125   241.924   -13.78   13.02
  90525.892   259.457    47.68   46.03
  90893.728   294.889    96.33   71.53
  91261.634   357.277   169.59   83.80
  91629.608   427.820   191.72   80.99
  91997.652   511.762   228.09  103.67
  92365.766   585.516   200.37  114.58
  92733.949   668.505   225.42  107.08
  93102.202   721.945   145.13   88.66
  93470.524   748.317    71.60   68.97
  93838.916   738.934   -25.47   89.28
  94207.377   686.950  -141.10  121.25
  94575.908   610.911  -206.34  117.80
  94944.509   543.389  -183.20   95.15
  95313.180   507.150   -98.30   68.57
  95681.920   497.353   -26.57   55.18
  96050.731   491.502   -15.86   47.42
  96419.611   488.698    -7.60   47.70
  96788.561   471.445   -46.77   55.90
  97157.581   455.342   -43.64   53.49
  97526.671   454.514    -2.24   66.90
  97895.831   486.741    87.31   82.31
  98265.061   548.030   166.00   86.26
  98634.362   581.136    89.65   82.86
  99003.732   624.199   116.59   89.66
  99373.173   632.548    22.60   96.54
  99742.684   637.226    12.66   96.64
 100112.265   657.570    55.05   90.88
 100481.917   667.924    28.01   82.62
 100851.638   691.192    62.94   81.24
 101221.431   723.340    86.94   75.07
 101591.293   749.070    69.57   86.09
 101961.227   772.803    64.16   85.61
 102331.230   818.417   123.29   88.90
 102701.305   846.803    76.71   90.16
 103071.450   859.693    34.83   93.75
 103441.665   872.100    33.52   84.64
 103811.951   860.877   -30.31   80.67
 104182.308   841.418   -52.55   84.07
 104552.736   810.468   -83.56   85.77
 104923.234   772.291  -103.05   68.34
 105293.804   755.199   -46.13   60.80
 105664.444   747.598   -20.51   62.05
 106035.155   714.752   -88.61   75.63
 106405.937   682.365   -87.35   80.15
 106776.790   652.127   -81.54   71.04
 107147.715   624.465   -74.58   68.09
 107518.710   588.389   -97.25   87.84
 107889.776   543.684  -120.49  104.15
 108260.914   486.347  -154.50   80.01
 108632.123   457.673   -77.25   59.72
 109003.403   440.226   -47.00   57.71
 109374.754   422.866   -46.75   57.78
 109746.177   400.210   -61.00   50.99
 110117.671   378.298   -58.99   53.59
 110489.236   358.648   -52.89   61.81
 110860.873   342.293   -44.01   66.38
 111232.581   319.986   -60.02   54.11
 111604.361   314.744   -14.10   38.53
 111976.213   315.876     3.05   40.55
 112348.136   320.048    11.22   43.47
 112720.131   337.047    45.70   50.43
 113092.197   363.452    70.97   67.86
 113464.335   410.998   127.78   83.27
 113836.545   472.158   164.33   75.96
 114208.827   523.021   136.64   49.62
 114581.181   563.700   109.26   45.97
 114953.607   588.159    65.68   45.34
 115326.104   590.207     5.50   53.39
 115698.674   592.484     6.11   55.98
 116071.315   612.354    53.33   66.56
 116444.029   656.728   119.06   85.70
 116816.815   688.673    85.70   76.07
 117189.673   705.124    44.13   73.01
 117562.603   727.922    61.14   73.06
 117935.605   727.063    -2.30   69.08
 118308.680   721.854   -13.96   68.26
 118681.827   698.843   -61.68   58.33
 119055.046   673.784   -67.15   33.66
 119428.338   675.360     4.22   30.33
 119801.702   699.309    64.15   41.12
 120175.139   728.491    78.15   42.22
 120548.648   736.495    21.43   42.03
 120922.230   736.194    -0.81   40.38
 121295.884   733.866    -6.23   42.10
 121669.611   731.968    -5.08   39.30
 122043.411   740.389    22.53   36.35
 122417.284   741.214     2.21   40.48
 122791.229   739.371    -4.93   41.55
 123165.247   753.102    36.71   46.08
 123539.338   761.979    23.73   44.21
 123913.502   760.470    -4.03   42.38
 124287.739   736.116   -65.08   58.42
 124662.049   701.036   -93.73   66.55
 125036.432   642.854  -155.42   58.52
 125410.888   592.495  -134.50   64.88
 125785.417   546.772  -122.09   61.43
 126160.019   521.877   -66.46   51.38
 126534.695   523.377     4.00   57.15
 126909.443   530.302    18.48   62.24
 127284.265   542.796    33.33   57.61
 127659.161   546.463     9.78   53.12
 128034.130   559.636    35.13   61.05
 128409.172   567.570    21.16   60.51
 128784.287   590.026    59.87   52.15
 129159.477   613.144    61.62   50.68
 129534.739   629.434    43.41   48.34
 129910.076   632.048     6.96   48.60
 130285.486   619.797   -32.64   52.19
 130660.969   590.423   -78.24   48.28
 131036.527   552.785  -100.23   54.57
 131412.158   514.450  -102.06   58.46
 131787.863   467.207  -125.76   50.96
 132163.642   433.832   -88.82   37.08
 132539.494   427.693   -16.34   42.32
 132915.421   453.192    67.84   71.42
 133291.422   490.286    98.66   80.38
 133667.496   513.002    60.41   71.34
 134043.645   536.684    62.97   51.62
 134419.868   550.291    36.17   48.97
 134796.165   577.241    71.63   53.86
 135172.536   604.298    71.90   51.54
 135548.981   629.502    66.96   46.15
 135925.501   643.035    35.94   45.77
 136302.095   648.842    15.42   40.63
 136678.764   630.616   -48.39   52.92
 137055.506   607.990   -60.06   55.78
 137432.324   594.945   -34.62   47.37
 137809.216   603.990    24.00   52.40
 138186.182   620.187    42.97   58.46
 138563.223   616.012   -11.07   58.48
 138940.338   608.371   -20.26   52.79
 139317.529   616.682    22.03   48.38
 139694.794   641.133    64.82   55.91
 140072.134   657.616    43.69   53.45
 140449.548   654.245    -8.93   54.74
 140827.038   646.822   -19.67   59.09
 141204.602   638.133   -23.02   63.10
 141582.241   664.025    68.57   70.07
 141959.956   685.307    56.35   72.99
 142337.745   680.776   -11.99   82.45
 142715.609   664.935   -41.93   82.07
 143093.549   667.957     8.00   73.40
 143471.564   690.779    60.38   75.06
 143849.654   702.383    30.69   87.73
 144227.819   697.925   -11.79   93.06
 144606.059   689.389   -22.57   81.48
 144984.375   688.912    -1.26   76.93
 145362.766   676.636   -32.45   84.57
 145741.233   671.293   -14.12   91.72
 146119.775   674.064     7.32   87.94
 146498.393   680.515    17.04   79.93
 146877.086   680.264    -0.66   74.76
 147255.855   685.067    12.68   83.66
 147634.699   699.866    39.07   91.80
 148013.619   734.606    91.69   91.13
 148392.615   752.349    46.82   78.70
 148771.687   743.670   -22.90   77.79
 149150.835   720.786   -60.36   80.91
 149530.058   702.422   -48.43   78.06
 149909.358   709.955    19.86   70.30
 150288.733   736.832    70.85   56.54
 150668.184   739.316     6.55   60.34
 151047.712   732.664   -17.53   64.67
 151427.316   699.718   -86.80   83.85
 151806.995   647.433  -137.72   92.22
 152186.751   600.889  -122.58   85.19
 152566.583   559.491  -109.00   73.41
 152946.492   547.659   -31.15   76.01
 153326.477   527.968   -51.83   64.09
 153706.538   524.912    -8.04   65.07
 154086.676   533.349    22.20   77.35
 154466.890   554.817    56.47   80.48
 154847.180   564.473    25.39   64.34
 155227.547   546.258   -47.89   78.00
 155607.991   519.933   -69.20   87.87
 155988.512   495.551   -64.08   84.36
 156369.109   467.603   -73.44   79.39
 156746.786   438.618   -76.75   93.83
 157112.818   382.147  -154.30  101.72
 157478.919   319.510  -171.11   74.06
 157845.091   284.563   -95.45   66.13
 158211.333   260.877   -64.68   59.92
 158577.645   238.036   -62.36   36.57
 158944.028   227.923   -27.61   13.58
 159310.480   244.428    45.04   40.55
 159677.004   280.754    99.12   79.09
 160043.597   343.854   172.15  108.03
 160410.261   397.001   144.96  114.65
 160776.995   435.747   105.67  100.49
 161143.800   420.900   -40.48  100.08
 161510.676   392.258   -78.08   97.03
 161877.622   363.383   -78.70   71.47
 162244.638   360.724    -7.25   61.49
 162611.726   386.967    71.50   83.05
 162978.884   428.729   113.76   97.72
 163346.113   466.400   102.59   94.99
 163713.412   472.104    15.53   87.99
 164080.783   477.786    15.47   78.28
 164448.224   473.577   -11.46   67.83
 164815.736   481.207    20.76   63.55
 165183.320   499.012    48.45   66.64
 165550.974   527.458    77.38   85.11
 165918.699   559.181    86.28   84.13
 166286.495   590.202    84.35   74.86
 166654.363   597.048    18.61   68.65
 167022.301   604.157    19.32   68.18
 167390.311   617.810    37.10   59.20
 167758.392   621.237     9.31   47.22
 168126.545   613.787   -20.24   35.07
 168494.768   593.911   -53.99   40.97
 168863.063   556.484  -101.64   53.68
 169231.430   523.070   -90.72   57.31
 169599.868   481.036  -114.10   50.55
 169968.377   453.722   -74.13   40.01
 170336.958   429.452   -65.86   29.42
 170705.610   415.933   -36.68   27.50
 171074.334   403.865   -32.73   26.11
 171443.130   397.559   -17.10   21.57
 171811.998   398.144     1.59   18.82
 172180.937   401.874    10.11   20.15
