# NaN NaN NaN ;Mean Elev.(m), Avg Gradient(m/km), RMS Gradient(m/km) - SRTM1     
#    8.000   0.116   1.049 ;Mean Elev.(m), Avg Gradient(m/km), RMS Gradient(m/km) - ASTER GDEM
#    1.000  -0.000   0.253 ;Mean Elev.(m), Avg Gradient(m/km), RMS Gradient(m/km) - GMTED2010 
  7 128.094043  72.232155     1.580     1.545  3 52456.48365567 14.136
 10 128.075348  72.236519     1.245     1.187  6 52561.48365821 37.973
 12 128.069249  72.237726     1.438     1.456  6 52631.48361041 26.443
 15 128.104359  72.232779     1.297     1.289  3 52736.48364118 24.826
 16 128.117030  72.231413     1.337     1.318  3 52771.48361526 34.342
 17 128.065838  72.235892     3.125     3.114  6 52806.48366652 22.109
 18 128.071353  72.236894     1.475     1.477  6 52841.48372609 14.664
 19 128.081865  72.234000     1.071     1.058  5 52876.48376405 35.588
 20 128.116040  72.232216     1.078     1.078  2 52911.48372505 38.179
 23 128.104152  72.232606     1.387     1.395  3 53016.48371458 28.854
 24 128.071743  72.236364     1.589     1.523  7 53051.48369370 27.105
 25 128.102968  72.230118     1.481     1.415  3 53086.48372832 25.210
 26 128.070569  72.237299     1.500     1.508  7 53121.48370062 16.349
 28 128.103625  72.230259     2.522     2.499  3 53191.48374528 11.743
 29 128.103556  72.232398     1.281     1.307  3 53226.48374956 32.885
 30 128.109758  72.232294     1.174     1.226  3 53261.48372316 42.002
 31 128.066805  72.236404     2.287     2.318  6 53296.48375854 38.549
 32 128.098210  72.230521     1.532     1.483  3 53331.48372894 29.503
 34 128.085190  72.232399     1.556     1.488  5 53401.48370335 24.061
 35 128.112971  72.230582     1.532     1.502  3 53436.48369172 27.866
 36 128.068901  72.237642     1.589     1.593  6 53471.48374449 24.769
 37 128.093669  72.231319     1.355     1.360  3 53506.48377617 42.020
 38 128.096820  72.230181     1.958     1.961  3 53541.48378060 12.798
 39 128.105589  72.231287     1.118     1.065  3 53576.48377008 23.696
 40 128.115355  72.230824    -1.993    -1.964  3 53611.48372147 21.870
 41 128.071366  72.236316     1.505     1.519  6 53646.48372786 39.631
 42 128.096601  72.231134     1.301     1.289  4 53681.48374243 22.705
 43 128.111694  72.232927     1.357     1.325  3 53716.48366995 21.923
 44 128.071129  72.236885     1.396     1.367  6 53751.48359012 21.858
 45 128.103781  72.232412     1.317     1.366  3 53786.48361866 22.356
 46 128.133738  72.228150     1.382     1.346  4 53821.48357320 21.592
 47 128.072394  72.236694     1.422     1.392  6 53856.48366509 16.805
 48 128.095154  72.231978     2.898     2.963  3 53891.48367578 23.655
 49 128.071132  72.237148     2.087     2.070  7 53926.48373931 13.632
 50 128.099109  72.232021     1.111     1.191  3 53961.48372336 40.215
 51 128.061906  72.233390    -4.632    -6.021  4 53996.48366586 16.105
 52 128.080022  72.234393     1.832     1.725  5 54031.48371863 37.304
 53 128.105949  72.230251     1.605     1.563  3 54066.48371096 23.638
 54 128.112549  72.231656     1.570     1.564  3 54101.48367296 25.490
 55 128.070769  72.237695     1.712     1.722  7 54136.48364047 23.607
 56 128.108793  72.231009     1.577     1.546  3 54171.48364938 18.123
 57 128.070076  72.236572     1.621     1.623  6 54206.48364538 18.283
 58 128.095615  72.231551     0.878     0.875  3 54241.48367688 32.128
 59 128.098006  72.230190     2.588     2.564  3 54276.48369135 11.854
 61 128.114162  72.231684     1.326     1.276  3 54346.48366575 32.691
 62 128.079813  72.234293     1.281     1.187  5 54381.48363026 32.284
 63 128.104027  72.231939     1.395     1.395  3 54416.48361497 25.344
 64 128.070496  72.235823     1.435     1.390  6 54451.48359956 21.956
 65 128.097964  72.231680     1.391     1.422  3 54486.48361157 23.283
 66 128.084966  72.233022     1.433     1.446  4 54521.48361198 23.109
 67 128.108410  72.231503     1.384     1.384  2 54556.48362188 19.402
 68 128.093124  72.230291     1.360     1.294  3 54591.48360742 17.355
 69 128.100686  72.230873     4.303     4.311  3 54626.48362313 13.439
 70 128.093893  72.230278     1.115     1.162  3 54661.48363112 28.191
 71 128.110630  72.230540     1.413     1.488  3 54696.48360735 32.355
 72 128.078238  72.234522     1.813     1.785  6 54731.48358824 14.706
 73 128.097270  72.231396     1.858     1.866  3 54766.48358660 33.881
 74 128.069555  72.237029     1.558     1.604  6 54801.48358271 26.100
 75 128.098412  72.231020     1.490     1.467  3 54836.48357872 26.235
 76 128.072218  72.236844     1.530     1.481  6 54871.48358081 23.834
 77 128.112506  72.230555     1.496     1.470  3 54906.48358621 21.221
 78 128.078542  72.234452     1.497     1.461  6 54941.48357286 20.652
 79 128.092062  72.232086     2.423     2.414  3 54976.48360047 38.774
 80 128.099117  72.231700     2.167     2.182  3 55011.48360948 13.649
 81 128.093740  72.231669     1.228     1.346  3 55046.48360130 34.537
 82 128.112098  72.232291     1.346     1.315  3 55081.48357383 36.493
 83 128.082252  72.233626     1.378     1.356  5 55116.48353383 34.175
 84 128.098071  72.231612     1.306     1.289  3 55151.48353149 19.706
 85 128.070990  72.236998     1.541     1.498  7 55186.48352079 19.809
 86 128.100857  72.231179     1.394     1.397  3 55221.48352972 21.252
 87 128.087884  72.232016     1.377     1.355  3 55256.48351543 18.271
 88 128.110772  72.231954     1.424     1.401  3 55291.48351825 20.311
 89 128.093394  72.231110     1.237     1.217  3 55326.48350008 20.601
 90 128.102564  72.231446     2.005     1.969  3 55361.48349638 13.150
 91 128.079270  72.234433     1.152     1.231  6 55396.48350424 30.122
 92 128.096305  72.231764     1.221     1.309  3 55431.48351184 36.636
 93 128.116304  72.232798     1.154     1.154  2 55466.48347167 37.702
