-181137.585  1249.137     0.00   66.44
-180765.729  1256.001    18.46   66.83
-180393.946  1263.926    21.32   63.93
-180022.236  1243.853   -54.01   71.66
-179650.599  1203.929  -107.44   63.82
-179279.035  1159.068  -120.75   63.50
-178907.544  1117.282  -112.50   82.10
-178536.126  1046.508  -190.58  112.74
-178164.781   959.325  -234.81  121.08
-177793.508   869.340  -242.40   92.11
-177422.309   833.527   -96.49   58.53
-177051.182   824.395   -24.61   52.28
-176680.127   833.156    23.62   64.91
-176309.146   861.524    76.48   81.64
-175938.236   911.289   134.19   94.55
-175567.400   972.298   164.54   91.25
-175196.636  1022.527   135.49   69.07
-174825.944  1046.386    64.37   58.91
-174455.325  1038.111   -22.33   78.36
-174084.778  1002.423   -96.33   96.24
-173714.304   952.920  -133.64  103.02
-173343.901   916.028   -99.61   80.66
-172973.571   919.523     9.44   78.49
-172603.314   958.963   106.53  110.33
-172233.128  1029.545   190.69  117.27
-171863.014  1095.234   177.50   91.75
-171492.973  1157.448   168.15   71.26
-171123.004  1187.929    82.40   72.38
-170753.106  1200.690    34.50   59.72
-170383.281  1187.325   -36.14   65.50
-170013.527  1146.179  -111.29   78.15
-169643.846  1111.268   -94.45   67.28
-169274.236  1115.604    11.73   81.28
-168904.698  1148.534    89.12   97.56
-168535.231  1174.974    71.57   89.97
-168165.837  1124.383  -136.97  121.98
-167796.514  1050.649  -199.67  136.19
-167427.263   973.437  -209.13   96.50
-167058.083   933.625  -107.85   32.75
-166688.975   958.100    66.32   47.73
-166319.938   997.616   107.09   52.82
-165950.973  1040.361   115.87   68.84
-165582.079  1075.212    94.49   80.98
-165213.256  1131.534   152.73   96.65
-164844.505  1174.763   117.24   94.11
-164475.825  1205.849    84.33   68.03
-164107.217  1223.929    49.05   51.67
-163738.679  1229.883    16.16   58.17
-163370.213  1222.372   -20.39   74.50
-163001.818  1205.374   -46.15   89.20
-162633.494  1174.541   -83.72   96.69
-162265.241  1141.893   -88.67   86.14
-161897.059  1124.236   -47.96   74.98
-161528.948  1126.902     7.24   76.84
-161160.908  1178.370   139.86  106.26
-160792.939  1217.714   106.93  117.36
-160425.040  1287.057   188.51  126.89
-160057.213  1328.259   112.03  104.17
-159689.456  1327.651    -1.65   97.59
-159321.770  1286.451  -112.06  112.01
-158954.154  1234.432  -141.52   91.94
-158586.610  1210.432   -65.31   88.40
-158219.135  1188.911   -58.57   98.04
-157851.732  1180.990   -21.56   97.73
-157484.399  1157.543   -63.84   97.07
-157117.136  1155.309    -6.08   97.25
-156749.944  1161.786    17.64   86.92
-156382.822  1171.044    25.22   68.41
-156015.770  1186.144    41.14   66.59
-155648.789  1213.258    73.89   74.28
-155281.878  1256.132   116.86   86.54
-154915.038  1319.528   172.83   83.98
-154548.267  1342.554    62.79   76.73
-154181.567  1343.656     3.01   80.16
-153814.937  1320.179   -64.04   90.24
-153448.377  1290.458   -81.09   84.67
-153081.886  1295.347    13.34   75.77
-152715.466  1298.776     9.36   57.51
-152349.116  1294.383   -11.99   51.10
-151982.836  1298.988    12.57   52.17
-151616.626  1320.857    59.72   67.24
-151250.485  1337.562    45.63   59.87
-150871.399  1338.468     2.39   56.36
-150490.761  1306.743   -83.35   73.20
-150110.200  1250.486  -147.85   70.16
-149729.715  1201.902  -127.70   62.37
-149349.306  1174.690   -71.54   59.23
-148968.974  1154.252   -53.74   65.59
-148588.718  1125.383   -75.93   71.32
-148208.537  1105.334   -52.74   69.09
-147828.433  1108.201     7.54   63.12
-147448.405  1135.260    71.21   77.51
-147068.453  1170.673    93.21   68.90
-146688.577  1184.834    37.28   65.24
-146308.777  1171.031   -36.35   82.95
-145929.053  1129.632  -109.04   84.46
-145549.405  1119.981   -25.42   88.48
-145169.832  1119.236    -1.96   87.44
-144790.335  1096.770   -59.21   86.17
-144410.914  1055.772  -108.07   91.03
-144031.568  1001.685  -142.60   82.98
-143652.298   939.167  -164.85   65.25
-143273.104   904.087   -92.52   48.63
-142893.985   880.497   -62.23   44.84
-142514.941   869.376   -29.34   43.93
-142135.973   880.656    29.77   62.70
-141757.080   908.075    72.37   84.56
-141378.263   970.684   165.29  126.11
-140999.521  1014.272   115.10  125.76
-140620.854   996.872   -45.96  134.47
-140242.262   930.837  -174.44  166.63
-139863.746   818.455  -296.93  158.08
-139485.304   717.508  -266.77  110.80
-139106.938   654.457  -166.66   63.19
-138728.647   621.155   -88.04   23.85
-138350.430   618.673    -6.56   16.81
-137972.289   632.655    36.98   31.10
-137594.222   680.455   126.45   77.80
-137216.231   749.441   182.53  108.70
-136838.314   824.909   199.72  118.03
-136460.472   912.810   232.66   90.31
-136082.704   971.133   154.41   75.21
-135705.011  1028.900   152.96   79.25
-135327.393  1088.909   158.93   92.47
-134949.850  1147.179   154.35  105.53
-134572.381  1190.213   114.02   87.23
-134194.986  1202.776    33.29   75.81
-133817.666  1180.248   -59.71  103.05
-133440.420  1098.039  -217.94  139.89
-133063.249   980.880  -310.66  154.34
-132686.152   842.781  -366.25  152.66
-132309.129   745.415  -258.28  124.07
-131932.180   669.516  -201.37   68.05
-131555.306   662.752   -17.95   57.56
-131178.506   704.315   110.32   91.05
-130801.780   792.747   234.76  123.25
-130425.128   894.280   269.59  130.57
-130048.550   974.190   212.22  110.28
-129672.046  1033.628   157.88   68.75
-129295.615  1058.576    66.28   44.70
-128919.259  1045.528   -34.68   54.46
-128542.977  1021.249   -64.53   57.85
-128166.768  1002.074   -50.97   56.30
-127790.633   983.179   -50.24   62.16
-127414.572   978.315   -12.93   72.57
-127038.584   963.673   -38.95   79.36
-126662.670   948.774   -39.64   84.75
-126286.830   922.951   -68.71   81.41
-125911.063   886.351   -97.41   74.21
-125535.370   852.388   -90.41   70.38
-125159.750   818.645   -89.84   57.11
-124784.204   795.225   -62.37   37.72
-124408.731   777.520   -47.16   31.07
-124033.331   771.597   -15.78   30.69
-123658.005   781.457    26.27   45.05
-123282.751   807.469    69.33   58.75
-122907.571   843.792    96.82   66.60
-122532.464   875.225    83.80   77.70
-122157.431   907.259    85.43   81.71
-121782.470   929.574    59.52   80.20
-121407.582   970.807   110.00   77.74
-121032.768  1008.644   100.96   83.96
-120658.026  1044.583    95.91   91.57
-120283.357  1077.120    86.85  109.27
-119908.761  1113.758    97.82  109.17
-119534.238  1126.903    35.10   91.71
-119159.787  1107.247   -52.50   88.93
-118785.410  1052.551  -146.11  111.65
-118411.105   969.969  -220.65  114.98
-118036.872   919.632  -134.52   86.40
-117662.713   911.190   -22.57   89.00
-117288.625   929.547    49.07  111.39
-116914.611   949.451    53.22  104.64
-116540.669   918.788   -82.01  117.43
-116166.799   834.528  -225.39  142.31
-115793.001   731.911  -274.55  134.00
-115419.276   629.524  -273.99  105.36
-115045.624   561.765  -181.36   80.78
-114672.043   511.599  -134.30   53.01
-114298.535   490.214   -57.26   52.60
-113925.099   476.542   -36.61   61.04
-113551.735   459.429   -45.84   45.55
-113178.443   447.273   -32.57   45.80
-112805.224   436.055   -30.06   51.06
-112432.076   423.224   -34.39   47.68
-112059.000   405.849   -46.58   27.25
-111685.997   398.283   -20.29   15.45
-111313.065   402.225    10.57   24.73
-110940.205   430.713    76.41   59.30
-110567.416   500.781   187.97  126.98
-110194.700   614.119   304.11  158.06
-109822.055   718.088   279.03  150.16
-109449.482   804.639   232.32  118.51
-109076.981   841.520    99.02  104.30
-108704.551   846.481    13.32  107.77
-108332.193   842.929    -9.54  103.10
-107959.906   842.155    -2.08   93.14
-107587.691   887.758   122.53  101.18
-107215.547   919.402    85.04   96.00
-106843.475   905.179   -38.23  109.66
-106471.474   846.228  -158.48  131.17
-106099.544   801.338  -120.70  105.98
-105727.686   810.327    24.18  116.33
-105355.899   875.167   174.42  122.70
-104984.183   933.841   157.86   90.88
-104612.538   939.156    14.30   95.99
-104240.964   932.264   -18.55   92.41
-103869.462   949.417    46.18   93.88
-103498.030  1009.389   161.47  117.99
-103126.670  1112.707   278.24  139.55
-102755.380  1198.516   231.13  122.27
-102384.161  1247.742   132.62   87.85
-102013.014  1249.631     5.09   87.19
-101641.937  1216.340   -89.72  100.50
-101270.930  1165.755  -136.35   95.62
-100899.995  1128.018  -101.74   93.46
-100529.130  1101.876   -70.49   93.75
-100158.336  1085.318   -44.66   90.43
 -99787.613  1062.565   -61.38   93.15
 -99416.960  1055.651   -18.66   91.79
 -99046.378  1049.798   -15.79   86.15
 -98675.866  1043.679   -16.52   73.37
 -98305.424  1034.258   -25.43   65.03
 -97935.054   992.817  -111.90   89.71
 -97564.753   920.849  -194.37  102.44
 -97194.523   834.294  -233.81   91.84
 -96824.363   771.940  -168.46   67.89
 -96454.274   717.310  -147.62   42.86
 -96084.254   684.292   -89.24   39.18
 -95714.305   676.191   -21.90   43.91
 -95344.426   734.451   157.52  115.51
 -94974.617   813.545   213.89  135.41
 -94604.878   904.656   246.44  118.92
 -94235.210   957.081   141.83   79.44
 -93865.611   948.282   -23.81   89.03
 -93496.082   928.508   -53.52   99.08
 -93126.623   914.041   -39.16  103.59
 -92757.234   913.881    -0.43  117.21
 -92387.915   912.363    -4.11  124.08
 -92018.666   897.737   -39.61  125.74
 -91649.486   854.772  -116.39  129.44
 -91280.376   789.562  -176.68  114.34
 -90911.336   721.508  -184.42   98.76
 -90542.365   661.260  -163.30   78.72
 -90173.464   616.690  -120.83   57.59
 -89804.633   588.935   -75.26   41.33
 -89435.871   575.248   -37.12   37.63
 -89067.178   574.397    -2.31   43.75
 -88698.555   581.286    18.69   55.64
 -88330.002   585.097    10.34   60.55
 -87961.518   583.289    -4.91   65.87
 -87593.103   558.191   -68.13   74.89
 -87224.757   521.203  -100.42   72.75
 -86856.481   483.317  -102.88   63.86
 -86488.273   455.996   -74.20   46.08
 -86120.135   440.201   -42.91   18.68
 -85752.067   439.167    -2.81   17.41
 -85384.067   452.792    37.03   31.68
 -85016.136   489.516    99.82   71.79
 -84648.274   565.449   206.43  114.51
 -84280.482   634.109   186.69  102.05
 -83912.758   667.144    89.84   69.03
 -83545.103   672.051    13.35   68.94
 -83177.517   685.432    36.40   87.80
 -82810.000   723.535   103.68  105.92
 -82442.551   804.012   219.03  112.96
 -82075.172   877.891   201.11   89.82
 -81707.861   922.423   121.24   63.43
 -81340.618   926.791    11.89   67.35
 -80973.444   907.043   -53.79   85.78
 -80606.339   900.342   -18.26   86.35
 -80239.303   884.262   -43.81   88.73
 -79872.335   865.145   -52.10   95.67
 -79505.435   845.041   -54.80  106.29
 -79138.604   790.691  -148.17  111.84
 -78771.841   732.724  -158.06  103.19
 -78405.147   682.144  -137.94   88.99
 -78038.521   638.049  -120.28   55.07
 -77671.963   629.772   -22.58   54.77
 -77305.474   629.872     0.27   71.69
 -76939.052   628.532    -3.66   95.89
 -76572.699   616.804   -32.02  100.21
 -76197.416   601.254   -41.44   81.78
 -75816.935   605.156    10.26   91.08
 -75436.528   644.488   103.40  127.56
 -75056.195   677.429    86.61  137.03
 -74675.936   683.438    15.80  123.54
 -74295.752   666.202   -45.34   99.39
 -73915.642   627.311  -102.32   78.13
 -73535.606   584.353  -113.04   60.17
 -73155.644   544.792  -104.12   39.34
 -72775.756   523.866   -55.09   33.68
 -72395.942   495.365   -75.04   33.62
 -72016.202   467.981   -72.12   35.05
 -71636.536   451.087   -44.50   31.71
 -71256.944   459.417    21.95   46.34
 -70877.425   490.702    82.44   59.89
 -70497.981   520.289    77.98   44.21
 -70118.610   524.891    12.13   31.06
 -69739.313   512.947   -31.49   31.40
 -69360.089   509.332    -9.53   29.31
 -68980.939   509.654     0.85   30.63
 -68601.863   527.880    48.08   46.79
 -68222.860   550.435    59.51   58.39
 -67843.931   570.155    52.05   58.80
 -67465.075   575.595    14.36   55.23
 -67086.292   572.822    -7.32   64.89
 -66707.583   573.411     1.56   82.13
 -66328.948   583.318    26.17   84.51
 -65950.385   590.685    19.46   83.26
 -65571.896   551.110  -104.57  101.31
 -65193.479   487.466  -168.19  104.43
 -64815.136   425.215  -164.54   67.17
 -64436.867   377.679  -125.67   44.46
 -64058.670   351.340   -69.65   33.46
 -63680.546   330.822   -54.27   24.76
 -63302.495   317.295   -35.78   17.59
 -62924.517   304.795   -33.07   16.26
 -62546.612   294.606   -26.96   14.31
 -62168.780   284.896   -25.70   12.78
 -61791.021   276.866   -21.26   11.71
 -61413.334   267.386   -25.10   12.39
 -61035.720   260.167   -19.12   13.66
 -60658.179   252.742   -19.67   13.00
 -60280.710   245.981   -17.91    8.26
 -59903.314   244.156    -4.84    8.04
 -59525.991   246.715     6.78   14.04
 -59148.740   247.743     2.73   18.54
 -58771.562   251.845    10.88   21.72
 -58394.456   251.201    -1.71   20.41
 -58017.422   250.599    -1.60   18.94
 -57640.461   253.772     8.42   19.04
 -57263.572   260.154    16.94   20.56
 -56886.755   266.995    18.15   20.11
 -56510.011   274.576    20.12   19.75
 -56133.339   280.888    16.76   17.29
 -55756.738   281.468     1.54   15.84
 -55380.210   278.826    -7.02   14.94
 -55003.754   274.237   -12.19   12.50
 -54627.371   270.627    -9.59    9.75
 -54251.059   264.237   -16.98    9.68
 -53874.819   258.749   -14.59   12.65
 -53498.650   248.155   -28.16   13.92
 -53122.554   240.616   -20.05   11.22
 -52746.530   235.411   -13.84    8.48
 -52370.577   232.708    -7.19    7.60
 -51994.696   233.039     0.88   11.21
 -51618.887   232.481    -1.49   13.30
 -51243.149   230.094    -6.35   15.76
 -50867.483   226.481    -9.62   18.56
 -50491.889   219.397   -18.86   20.59
 -50116.366   213.649   -15.31   20.43
 -49740.914   203.273   -27.64   18.63
 -49365.534   198.167   -13.60   15.04
 -48990.226   194.095   -10.85   11.39
 -48614.989   191.581    -6.70   12.17
 -48239.823   189.133    -6.52   11.65
 -47864.728   186.817    -6.17    9.37
 -47489.705   185.888    -2.48    8.65
 -47114.753   184.923    -2.57    7.67
 -46739.872   183.061    -4.97    6.10
 -46365.062   179.902    -8.43    7.28
 -45990.323   174.121   -15.43    9.74
 -45615.655   167.119   -18.69   11.65
 -45241.059   162.885   -11.30    9.90
 -44866.533   159.911    -7.94    8.34
 -44492.078   157.714    -5.87    7.40
 -44117.694   157.311    -1.07    5.67
 -43743.381   155.616    -4.53    5.49
 -43369.139   154.798    -2.19    5.19
 -42994.967   154.308    -1.31    4.98
 -42620.866   154.609     0.80    4.96
 -42246.836   155.574     2.58    5.51
 -41872.877   155.557    -0.05    5.68
 -41498.988   153.402    -5.76    6.15
 -41125.170   151.485    -5.13    6.78
 -40751.422   149.822    -4.45    6.18
 -40377.744   149.308    -1.38    5.35
 -40004.138   149.085    -0.60    5.62
 -39630.601   147.764    -3.54    5.84
 -39257.135   145.272    -6.67    5.80
 -38883.739   143.469    -4.83    5.14
 -38510.414   140.920    -6.83    4.80
 -38137.158   139.878    -2.79    5.09
 -37763.973   138.041    -4.92    5.92
 -37390.858   135.637    -6.44    5.60
 -37017.814   133.673    -5.26    4.42
 -36644.839   132.655    -2.73    3.98
 -36271.934   130.849    -4.84    4.49
 -35899.100   128.576    -6.10    4.79
 -35526.335   125.054    -9.45    4.69
 -35153.640   121.481    -9.59    4.96
 -34781.016   117.619   -10.36    4.93
 -34408.461   114.086    -9.48    5.74
 -34035.975   110.381    -9.95    4.79
 -33663.560   107.396    -8.02    5.34
 -33291.214   103.861    -9.49    5.37
 -32918.939   100.586    -8.80    4.19
 -32546.732    98.299    -6.14    3.27
 -32174.596    96.708    -4.28    4.00
 -31802.528    93.016    -9.92    5.08
 -31430.531    90.453    -6.89    4.82
 -31058.603    88.453    -5.38    4.29
 -30686.744    87.145    -3.52    3.84
 -30314.955    87.480     0.90    3.78
 -29943.235    87.379    -0.27    3.60
 -29571.585    85.807    -4.23    2.77
 -29200.004    84.144    -4.48    2.29
 -28828.492    83.081    -2.86    3.58
 -28457.049    82.143    -2.53    4.99
 -28085.676    81.841    -0.81    6.64
 -27714.371    82.673     2.24    7.77
 -27343.136    83.264     1.59    8.41
 -26971.970    82.696    -1.53    7.95
 -26600.873    81.191    -4.06    7.46
 -26229.845    79.861    -3.59    5.97
 -25858.886    78.537    -3.57    4.48
 -25487.996    78.272    -0.71    4.47
 -25117.174    78.479     0.56    4.67
 -24746.422    78.976     1.34    4.27
 -24375.738    78.479    -1.34    3.76
 -24005.123    77.779    -1.89    4.17
 -23634.577    76.969    -2.19    5.25
 -23264.100    76.376    -1.60    5.94
 -22893.691    76.191    -0.50    5.94
 -22523.351    76.330     0.37    5.72
 -22153.079    76.287    -0.12    5.88
 -21782.876    75.029    -3.40    6.51
 -21412.742    73.898    -3.06    6.62
 -21042.675    73.755    -0.39    6.54
 -20672.678    74.043     0.78    5.77
 -20302.748    73.579    -1.25    5.00
 -19932.888    73.004    -1.55    4.81
 -19563.095    72.779    -0.61    3.65
 -19193.371    72.769    -0.03    3.31
 -18823.714    71.708    -2.87    5.09
 -18454.127    70.732    -2.64    5.59
 -18084.607    69.938    -2.15    5.53
 -17715.155    70.155     0.59    5.69
 -17345.772    71.249     2.96    5.42
 -16976.456    72.343     2.96    4.77
 -16607.209    72.302    -0.11    6.43
 -16238.029    69.964    -6.33    9.55
 -15868.918    66.862    -8.41   10.04
 -15499.874    64.558    -6.24    8.58
 -15130.898    62.228    -6.31    5.51
 -14761.990    60.423    -4.89    4.25
 -14393.150    58.394    -5.50    3.89
 -14024.377    56.111    -6.19    3.32
 -13655.673    55.041    -2.90    3.56
 -13287.036    56.818     4.82    4.76
 -12918.466    59.004     5.93    4.13
 -12549.964    60.456     3.94    3.27
 -12181.530    60.435    -0.06    3.45
 -11813.163    58.783    -4.48    5.04
 -11444.864    57.320    -3.97    6.79
 -11076.632    55.955    -3.71    8.57
 -10708.468    56.600     1.75    9.99
 -10340.371    60.359    10.21   10.80
  -9972.341    60.788     1.16   10.09
  -9604.379    60.335    -1.23    8.46
  -9236.484    57.885    -6.66    7.26
  -8868.656    52.272   -15.26    7.60
  -8500.895    49.643    -7.15    7.21
  -8133.202    52.588     8.01   11.10
  -7765.575    57.644    13.75   11.69
  -7398.016    61.203     9.68   12.13
  -7030.524    45.508   -42.71   32.25
  -6663.099    22.966   -61.35   35.90
  -6295.740     1.881   -57.40   26.89
  -5928.449   -11.684   -36.93    1.23
  -5561.225    -9.189     6.79    8.09
  -5194.067    -0.845    22.73   15.99
  -4826.976    11.191    32.79   18.59
  -4459.952    20.516    25.41   14.06
  -4092.995    26.191    15.46    4.27
  -3726.105    25.400    -2.16    3.25
  -3359.281    23.649    -4.77    2.28
  -2992.524    19.626   -10.97   10.12
  -2625.833    12.272   -20.06   15.47
  -2259.209     3.743   -23.26   16.79
  -1892.652     0.637    -8.48   14.86
  -1520.868     3.981     9.00   16.31
  -1140.536     8.998    13.19   16.38
   -760.277     9.602     1.59   16.07
   -380.089     7.586    -5.30   16.42
      0.026     6.822    -2.01   15.75
    380.069    10.034     8.45   16.83
    760.039    17.757    20.32   15.25
   1139.938    25.273    19.78    8.80
   1519.764    29.720    11.71    3.91
   1899.518    32.365     6.96    4.78
   2279.200    33.870     3.96    4.34
   2658.811    35.398     4.03    3.54
   3038.349    34.634    -2.01    4.94
   3417.815    34.555    -0.21    5.99
   3797.210    35.153     1.58    6.75
   4176.532    36.084     2.45    6.22
   4555.783    37.929     4.87    2.73
   4934.962    36.461    -3.87    2.95
   5314.069    33.953    -6.62    3.74
   5693.105    31.602    -6.20    3.78
   6072.069    29.996    -4.24    3.50
   6450.962    29.532    -1.22    2.84
   6829.782    29.132    -1.05    2.12
   7208.532    28.468    -1.75    1.38
   7587.210    28.155    -0.83    1.32
   7965.816    27.807    -0.92    1.50
   8344.351    27.543    -0.70    1.34
   8722.815    27.599     0.15    1.58
   9101.208    27.024    -1.52    1.63
   9479.529    26.561    -1.22    1.45
   9857.779    26.742     0.48    1.45
  10235.957    27.916     3.11    2.44
  10614.065    30.036     5.61    3.36
  10992.101    32.429     6.33    3.25
  11370.067    34.096     4.41    2.48
  11747.961    34.407     0.82    2.32
  12125.785    32.572    -4.86    3.43
  12503.537    30.266    -6.10    3.33
  12881.219    29.626    -1.70    3.29
  13258.829    30.191     1.50    3.87
  13636.369    32.938     7.28    4.92
  14013.838    31.919    -2.70   10.86
  14391.237    28.488    -9.09   15.10
  14768.564    22.591   -15.63   17.07
  15145.821    16.024   -17.41   14.10
  15523.007    11.459   -12.10    6.61
  15900.123    10.707    -1.99    4.42
  16277.168    13.456     7.29   10.90
  16654.143    18.866    14.35   18.16
  17031.047    29.941    29.38   21.49
  17407.881    39.920    26.48   20.19
  17784.644    49.720    26.01   15.45
  18161.337    58.229    22.59   10.24
  18537.959    70.298    32.05   14.38
  18914.512    84.667    38.16   20.37
  19290.994   100.609    42.35   22.26
  19667.406   112.574    31.79   16.55
  20043.748   118.667    16.19   11.48
  20420.019   119.879     3.22    9.53
  20796.221   122.649     7.36   10.40
  21172.352   124.926     6.05   12.19
  21548.414   125.655     1.94   14.01
  21924.405   123.116    -6.75   16.57
  22300.327   118.908   -11.19   17.20
  22676.179   112.986   -15.76   17.84
  23051.961   104.227   -23.31   16.76
  23427.673    95.781   -22.48   13.07
  23803.315    90.108   -15.10    8.20
  24178.888    88.941    -3.11    7.23
  24554.390    92.261     8.84    9.17
  24929.824    94.919     7.08    8.73
  25305.187    94.607    -0.83    8.00
  25680.481    91.362    -8.65    7.93
  26055.706    90.551    -2.16    6.50
  26430.861    93.710     8.42    8.49
  26805.946   100.384    17.79    9.99
  27180.962   107.070    17.83    7.13
  27555.909   109.911     7.58    3.66
  27930.786   111.154     3.32    2.68
  28305.594   111.618     1.24    3.20
  28680.333   113.057     3.84    3.18
  29055.003   113.323     0.71    3.28
  29429.603   113.020    -0.81    3.51
  29804.134   111.026    -5.32    3.83
  30178.596   106.630   -11.74    6.29
  30552.990   100.866   -15.40   10.07
  30927.313    91.920   -23.90   11.19
  31301.568    85.953   -15.94    8.11
  31675.754    86.359     1.09    9.35
  32049.872    92.227    15.68   12.06
  32423.920   100.738    22.75   10.36
  32797.899   105.721    13.32    5.60
  33171.810   106.902     3.16    4.11
  33545.651   107.359     1.22    4.16
  33919.424   108.109     2.01    4.17
  34293.129   107.557    -1.48    4.61
  34666.764   104.769    -7.46    6.84
  35040.331    99.769   -13.38    7.79
  35413.830    93.626   -16.45    5.07
  35787.260    92.069    -4.17    3.58
  36160.621    95.252     8.52    7.43
  36533.914    99.476    11.32    8.20
  36907.139   102.227     7.37    7.69
  37280.295   103.167     2.52    7.83
  37653.383   102.504    -1.78    7.61
  38026.402   101.381    -3.01    7.41
  38399.353    99.914    -3.93    7.17
  38772.236    97.347    -6.88    7.46
  39145.051    92.745   -12.34    8.92
  39517.797    86.107   -17.81    9.72
  39890.476    78.914   -19.30    8.18
  40263.086    74.287   -12.42    5.35
  40635.628    71.878    -6.47    2.59
  41008.102    72.543     1.79    3.08
  41380.508    73.996     3.90    3.96
  41752.847    75.301     3.50    4.93
  42125.117    76.829     4.11    4.71
  42497.320    77.564     1.97    3.88
  42869.454    79.264     4.57    3.46
  43241.521    80.910     4.42    4.37
  43613.520    83.444     6.81    5.14
  43985.451    84.866     3.82    4.88
  44357.315    86.215     3.63    3.75
  44729.111    87.093     2.36    3.65
  45100.840    86.861    -0.62    4.79
  45472.500    85.203    -4.46    6.05
  45844.094    83.841    -3.66    7.64
  46215.619    81.022    -7.59    8.49
  46587.078    76.655   -11.76    9.73
  46958.469    71.822   -13.01   10.20
  47329.792    67.010   -12.96    8.69
  47701.048    63.655    -9.04    6.10
  48072.237    62.060    -4.30    3.95
  48443.359    62.453     1.06    3.45
  48814.413    63.804     3.64    5.07
  49185.400    65.070     3.41    6.33
  49556.320    67.120     5.53    8.11
  49927.173    70.226     8.38   10.31
  50297.958    76.116    15.88   11.88
  50668.677    82.456    17.10   10.32
  51039.328    89.784    19.77    6.38
  51409.913    94.026    11.45    4.20
  51780.431    95.913     5.09    4.06
  52150.881    96.545     1.71    4.87
  52521.265    97.875     3.59    5.82
  52891.582    99.708     4.95    6.47
  53261.832   101.935     6.01    6.37
  53632.016   105.532     9.72    4.21
  54002.132   108.294     7.46    4.22
  54372.182   110.767     6.68    5.58
  54742.165   113.551     7.52    5.62
  55112.082   116.508     7.99    4.50
  55481.932   119.153     7.15    2.48
  55851.716   120.026     2.36    3.36
  56221.433   120.267     0.65    4.74
  56591.083   120.167    -0.27    4.76
  56960.667   120.537     1.00    3.96
  57330.185   121.332     2.15    2.88
  57699.636   122.821     4.03    2.58
  58069.021   125.508     7.27    4.06
  58438.339   127.637     5.76    4.14
  58807.592   129.202     4.24    3.45
  59176.778   129.845     1.74    2.60
  59545.898   129.516    -0.89    2.22
  59914.951   129.878     0.98    3.11
  60283.939   130.423     1.48    3.60
  60652.861   129.935    -1.32    4.02
  61021.716   128.637    -3.52    4.43
  61390.505   126.310    -6.31    4.12
  61759.229   124.435    -5.08    2.94
  62127.886   123.311    -3.05    2.91
  62496.478   122.866    -1.21    3.45
  62865.004   121.710    -3.14    4.52
  63233.464   119.166    -6.90    5.74
  63601.858   117.943    -3.32    6.20
  63970.186   117.142    -2.18    6.13
  64338.448   118.154     2.75    5.84
  64706.645   121.075     7.93    4.38
  65074.776   121.179     0.28    4.04
  65442.842   119.679    -4.08    5.26
  65810.842   118.516    -3.16    5.40
  66178.776   117.179    -3.63    5.67
  66546.645   117.626     1.22    6.15
  66914.448   115.882    -4.74    7.35
  67282.186   110.549   -14.50    9.28
  67649.859   105.463   -13.83    9.04
  68017.466   104.524    -2.55    8.56
  68385.008   107.410     7.85    9.40
  68752.484   111.349    10.72    8.44
  69119.895   113.447     5.71    7.61
  69487.241   112.740    -1.93    8.00
  69854.522   111.781    -2.61    8.28
  70221.737   110.275    -4.10    8.49
  70588.887   108.238    -5.55    8.51
  70955.973   106.533    -4.64    7.95
  71322.993   104.637    -5.17    6.20
  71689.948   103.483    -3.14    4.49
  72056.838   105.322     5.01    6.63
  72423.663   107.781     6.71    7.67
  72790.424   111.263     9.49    7.37
  73159.015   114.179     7.91    6.86
  73539.198   118.228    10.65    7.01
  73919.310   121.884     9.62    6.34
  74299.352   123.964     5.47    4.62
  74679.324   125.057     2.87    4.05
  75059.225   124.528    -1.39    4.72
  75439.056   124.728     0.52    5.18
  75818.817   127.386     7.00    6.15
  76198.508   129.709     6.12    7.12
  76578.128   132.630     7.69    6.68
  76957.678   134.917     6.02    5.92
  77337.158   137.441     6.65    6.52
  77716.568   140.438     7.90    6.07
  78095.908   143.002     6.76    4.69
  78475.178   145.548     6.71    4.95
  78854.379   146.807     3.32    4.70
  79233.509   147.398     1.56    3.81
  79612.569   147.451     0.14    4.12
  79991.560   146.250    -3.17    3.80
  80370.481   146.672     1.11    4.02
  80749.332   147.745     2.83    4.27
  81128.113   148.504     2.00    4.63
  81506.825   149.036     1.40    4.42
  81885.467   148.410    -1.65    4.62
  82264.039   148.276    -0.35    5.10
  82642.542   146.870    -3.71    5.06
  83020.975   144.947    -5.08    5.33
  83399.339   142.311    -6.97    5.46
  83777.634   141.673    -1.69    5.36
  84155.859   144.574     7.67    7.31
  84534.014   149.441    12.87    6.87
  84912.101   153.591    10.97    4.14
  85290.118   156.281     7.12    2.21
  85668.065   157.410     2.99    2.78
  86045.944   157.600     0.50    3.30
  86423.753   156.998    -1.59    3.57
  86801.494   155.620    -3.65    2.89
  87179.165   154.429    -3.15    2.41
  87556.767   153.816    -1.62    2.19
  87934.300   152.435    -3.66    2.68
  88311.764   151.043    -3.69    3.02
  88689.160   149.276    -4.68    3.43
  89066.486   147.020    -5.98    3.62
  89443.743   146.325    -1.84    3.05
  89820.932   146.362     0.10    3.48
  90198.052   147.508     3.04    4.01
  90575.103   148.637     2.99    4.00
  90952.085   149.642     2.67    3.73
  91328.998   150.155     1.36    4.02
  91705.843   149.002    -3.06    4.35
  92082.620   147.143    -4.93    4.03
  92459.328   145.474    -4.43    3.20
  92835.967   145.837     0.97    4.00
  93212.538   147.568     4.60    4.99
  93589.040   151.444    10.29    5.88
  93965.474   154.576     8.32    3.78
  94341.839   155.504     2.47    2.76
  94718.136   155.607     0.27    2.73
  95094.365   155.524    -0.22    3.17
  95470.526   155.381    -0.38    3.42
  95846.618   153.055    -6.18    5.03
  96222.642   149.816    -8.61    5.36
  96598.598   147.355    -6.55    5.69
  96974.486   146.339    -2.70    5.43
  97350.306   145.364    -2.59    4.98
  97726.058   145.362    -0.01    5.17
  98101.741   144.752    -1.62    4.75
  98477.357   143.825    -2.47    3.74
  98852.905   143.384    -1.18    3.01
  99228.385   141.776    -4.28    2.85
  99603.797   140.703    -2.86    3.12
  99979.141   139.932    -2.05    4.26
 100354.417   138.752    -3.14    5.53
 100729.626   139.043     0.78    6.28
 101104.767   139.574     1.41    6.71
 101479.840   137.630    -5.18    7.14
 101854.846   136.240    -3.70    6.44
 102229.784   135.043    -3.19    5.14
 102604.654   134.971    -0.19    4.68
 102979.457   134.600    -0.99    5.13
 103354.193   133.685    -2.44    5.08
 103728.861   134.950     3.38    6.42
 104103.461   137.704     7.35    7.99
 104477.994   142.290    12.24    8.04
 104852.460   145.938     9.74    7.22
 105226.859   149.798    10.31    7.29
 105601.190   153.875    10.89    6.83
 105975.454   158.325    11.89    7.49
 106349.651   162.270    10.54    7.00
 106723.780   163.355     2.90    5.66
 107097.843   162.981    -1.00    5.24
 107471.838   161.661    -3.53    4.54
 107845.766   161.127    -1.43    3.84
 108219.627   162.155     2.75    3.15
 108593.422   163.051     2.40    2.72
 108967.149   162.398    -1.75    2.99
 109340.809   161.100    -3.47    2.57
 109714.403   161.032    -0.18    2.20
 110087.930   162.243     3.24    3.34
 110461.389   164.691     6.55    4.41
 110834.782   167.008     6.20    3.72
 111208.109   168.398     3.72    3.05
 111581.368   168.529     0.35    2.69
 111954.561   167.476    -2.82    2.88
 112327.688   165.774    -4.56    3.48
 112700.748   164.404    -3.67    3.46
 113073.741   163.929    -1.27    3.61
 113446.667   164.838     2.44    3.97
 113819.528   166.318     3.97    3.76
 114192.321   167.055     1.98    3.97
 114565.049   167.756     1.88    4.51
 114937.710   168.179     1.14    5.09
 115310.304   168.786     1.63    5.61
 115682.832   168.492    -0.79    6.03
 116055.294   168.358    -0.36    5.73
 116427.690   168.722     0.98    4.64
 116800.020   169.366     1.73    3.42
 117172.283   170.239     2.34    2.71
 117544.480   171.741     4.04    2.71
 117916.612   174.116     6.38    4.08
 118288.677   176.779     7.16    4.08
 118660.676   177.275     1.33    3.81
 119032.609   176.816    -1.23    4.49
 119404.476   173.870    -7.92    6.47
 119776.277   170.948    -7.86    7.47
 120148.013   168.740    -5.94    7.50
 120519.682   165.255    -9.38    6.54
 120891.286   162.757    -6.72    4.75
 121262.824   161.230    -4.11    4.40
 121634.296   159.586    -4.42    3.85
 122005.702   158.432    -3.11    3.85
 122377.043   158.155    -0.75    3.48
 122748.318   158.429     0.74    3.10
 123119.528   158.666     0.64    2.40
 123490.671   160.559     5.10    2.94
 123861.750   163.536     8.02    3.77
 124232.763   166.666     8.44    4.18
 124603.710   170.167     9.44    4.78
 124974.592   173.389     8.69    4.15
 125345.409   175.776     6.44    3.53
 125716.160   177.802     5.46    2.87
 126086.846   178.740     2.53    2.39
 126457.467   179.218     1.29    2.43
 126828.022   179.919     1.89    2.56
 127198.512   180.758     2.26    3.00
 127568.937   181.500     2.00    3.20
 127939.297   182.034     1.44    3.02
 128309.592   182.082     0.13    2.93
 128679.821   181.218    -2.33    2.84
 129049.986   180.117    -2.97    2.66
 129420.085   179.204    -2.47    2.56
 129790.120   177.895    -3.54    3.43
 130160.089   176.771    -3.04    3.78
 130529.994   175.862    -2.46    3.60
 130899.834   174.854    -2.72    3.22
 131269.609   174.119    -1.99    2.86
 131639.319   173.508    -1.65    2.58
 132008.964   174.029     1.41    3.17
 132378.545   175.461     3.87    4.65
 132748.061   178.869     9.22    6.83
 133117.512   183.128    11.53    8.00
 133486.899   189.376    16.91    9.52
 133856.221   192.647     8.86    8.29
 134225.478   192.426    -0.60    7.82
 134594.671   190.504    -5.21    7.24
 134963.800   188.862    -4.45    4.42
 135332.863   191.129     6.14    6.61
 135701.863   198.391    19.68    9.74
 136070.798   203.854    14.80    8.70
 136439.669   207.130     8.88    6.60
 136808.475   206.821    -0.84    7.02
 137177.217   203.697    -8.47    6.63
 137545.895   201.816    -5.10    4.20
 137914.509   203.191     3.73    4.73
 138283.058   207.691    12.21    6.58
 138651.543   212.779    13.81    6.43
 139019.964   217.549    12.95    6.52
 139388.321   222.799    14.25    6.71
 139756.614   226.524    10.11    5.19
 140124.843   228.546     5.49    3.14
 140493.008   228.131    -1.13    3.48
 140861.109   227.166    -2.62    3.66
 141229.146   227.266     0.27    3.67
 141597.119   226.692    -1.56    3.80
 141965.028   226.166    -1.43    4.26
 142332.874   225.231    -2.54    4.80
 142700.655   224.105    -3.06    3.80
 143068.373   224.784     1.85    3.91
 143436.027   225.130     0.94    4.55
 143803.618   226.089     2.61    5.67
 144171.145   225.545    -1.48    7.25
 144538.608   225.216    -0.89    8.89
 144906.007   225.591     1.02    9.64
 145273.343   222.404    -8.68   12.49
 145640.616   217.179   -14.22   13.66
 146007.825   209.504   -20.90   12.32
 146374.970   201.129   -22.81    8.44
 146742.052   195.576   -15.13    6.33
 147109.071   191.504   -11.09    5.07
 147476.026   188.154    -9.13    4.55
 147842.918   185.734    -6.60    4.14
 148221.717   184.337    -3.69    3.41
 148601.685   185.479     3.00    3.97
 148981.585   188.054     6.78    4.97
 149361.416   191.648     9.46    5.44
 149741.179   195.369     9.80    5.78
 150120.874   197.276     5.02    4.82
 150500.500   196.072    -3.17    6.53
 150880.058   194.252    -4.79    7.36
 151259.547   195.745     3.93   10.17
 151638.968   207.106    29.94   19.05
 152018.321   220.369    34.96   17.42
 152397.606   228.957    22.64   10.38
 152776.822   231.922     7.82    6.18
 153155.971   229.500    -6.39    6.46
 153535.051   227.240    -5.96    5.62
 153914.063   225.611    -4.30    4.45
 154293.007   225.229    -1.01    2.99
 154671.884   225.858     1.66    2.56
 155050.692   225.833    -0.07    2.59
 155429.432   226.394     1.48    3.37
 155808.105   226.215    -0.47    4.18
 156186.710   226.573     0.95    4.60
 156565.246   227.228     1.73    4.41
 156943.716   227.699     1.24    3.88
 157322.117   228.508     2.14    3.23
 157700.451   229.926     3.75    3.40
 158078.717   230.994     2.82    3.07
 158456.915   230.579    -1.10    3.33
 158835.046   229.829    -1.98    3.55
 159213.109   228.265    -4.14    3.12
 159591.105   227.969    -0.78    2.84
 159969.033   228.240     0.72    2.88
 160346.894   230.691     6.49    5.08
 160724.688   234.729    10.69    6.87
 161102.414   237.641     7.71    6.64
 161480.073   238.581     2.49    5.71
 161857.664   236.724    -4.92    6.28
 162235.188   234.435    -6.06    5.46
 162612.645   235.560     2.98    7.84
 162990.035   244.315    23.19   15.77
 163367.358   253.192    23.52   15.98
 163744.614   262.962    25.89   12.52
 164121.802   269.027    16.08    8.88
 164498.924   270.354     3.52    7.23
 164875.978   271.812     3.87    5.26
 165252.966   271.504    -0.82    3.82
 165629.886   270.591    -2.42    2.53
 166006.740   268.722    -4.96    2.96
 166383.527   265.031    -9.80    5.76
 166760.247   262.307    -7.23    6.28
 167136.900   260.871    -3.81    5.61
 167513.486   262.041     3.11    5.38
 167890.006   265.327     8.73    4.78
 168266.459   269.495    11.07    3.52
 168642.845   274.291    12.74    6.43
 169019.165   278.516    11.23    7.24
 169395.418   280.959     6.49    6.05
 169771.605   281.283     0.86    7.19
 170147.725   276.253   -13.37   10.74
 170523.779   271.111   -13.67    9.89
 170899.766   268.654    -6.53    9.54
 171275.687   267.436    -3.24    9.72
 171651.541   266.203    -3.28    8.84
 172027.329   261.218   -13.27   10.15
 172403.051   253.045   -21.75   11.68
 172778.707   246.218   -18.17    7.38
 173154.296   245.766    -1.20    6.14
 173529.819   249.647    10.33    7.82
 173905.276   255.703    16.13    9.04
 174280.667   262.366    17.75    9.70
 174655.992   267.479    13.62    9.76
 175031.251   271.410    10.47    6.85
 175406.444   272.384     2.60    5.03
 175781.571   270.191    -5.84    4.67
 176156.631   269.191    -2.67    4.51
 176531.626   269.216     0.07    4.83
 176906.555   268.445    -2.06    5.16
 177281.419   264.979    -9.24    7.55
 177656.216   260.841   -11.04    7.59
 178030.948   256.459   -11.69    5.48
 178405.614   253.533    -7.81    4.74
 178780.214   253.666     0.36    5.31
 179154.748   255.685     5.39    7.44
 179529.217   259.754    10.86   10.04
 179903.621   266.270    17.40   10.52
 180277.959   273.018    18.03   10.52
 180652.231   279.335    16.87   10.05
 181026.438   284.947    15.00    9.80
 181400.579   291.073    16.37    6.68
 181774.655   294.599     9.42    3.97
 182148.665   295.245     1.73    3.40
 182522.610   291.495   -10.02    7.17
 182896.490   285.442   -16.19    9.08
 183270.305   277.475   -21.31   10.33
 183644.054   273.060   -11.81    9.67
 184017.738   273.935     2.34    9.97
 184391.357   278.268    11.60   11.03
 184764.911   282.821    12.18    8.33
 185138.399   282.774    -0.13    9.35
 185511.823   277.954   -12.91   13.21
 185885.181   271.867   -16.30   13.81
 186258.475   263.919   -21.29   15.20
 186631.703   253.660   -27.48   16.18
 187004.867   246.994   -17.86   12.95
 187377.966   241.756   -14.04    7.73
 187750.999   240.479    -3.42    6.39
 188123.968   237.281    -8.57    9.24
 188496.873   231.629   -15.16   11.12
 188869.712   223.065   -22.97    9.00
 189242.487   217.537   -14.83    5.55
 189615.196   215.479    -5.52    3.65
 189987.842   214.029    -3.89    3.01
 190360.422   212.384    -4.41    3.06
 190732.938   211.179    -3.23    2.89
 191105.390   209.352    -4.90    2.54
 191477.777   208.352    -2.68    2.36
 191850.099   212.429    10.95    8.64
 192222.357   219.654    19.41   12.78
 192594.551   227.871    22.07   12.44
 192966.680   232.537    12.54   10.89
 193338.744   235.537     8.06   11.33
 193710.745   237.549     5.41   11.36
 194082.681   239.729     5.86   10.42
 194454.553   241.461     4.66    8.79
 194826.361   242.486     2.76    9.40
 195198.104   243.524     2.79    9.83
 195569.783   245.512     5.35    9.33
 195941.398   247.500     5.35    7.16
 196312.949   248.888     3.73    4.50
 196684.436   248.438    -1.21    5.12
 197055.859   247.986    -1.22    5.67
 197427.218   248.055     0.19    5.53
 197798.513   248.364     0.83    5.08
 198169.744   249.376     2.73    3.66
 198540.911   251.103     4.65    2.89
 198912.015   252.036     2.51    3.22
 199283.054   253.102     2.87    3.80
 199654.030   255.154     5.53    4.20
 200024.941   257.463     6.22    4.27
 200395.790   260.500     8.19    5.63
 200766.574   263.265     7.46    5.46
 201137.295   265.322     5.55    4.81
 201507.952   266.555     3.33    4.09
 201878.545   267.240     1.85    3.44
 202249.075   268.315     2.90    2.44
 202619.542   269.142     2.23    1.76
 202989.945   269.463     0.87    1.95
 203360.284   270.717     3.39    3.49
 203730.560   273.461     7.41    5.12
 204100.773   276.812     9.05    4.87
 204470.922   279.315     6.76    3.65
 204841.008   280.821     4.07    2.62
 205211.031   281.052     0.63    2.40
 205580.990   281.445     1.06    3.03
 205950.886   282.633     3.21    4.06
 206320.719   283.546     2.47    4.80
 206690.489   285.103     4.21    5.67
 207060.195   285.944     2.28    5.81
 207429.839   283.850    -5.67    6.77
 207799.419   280.331    -9.52    8.55
 208168.937   274.974   -14.49    9.95
 208538.391   270.441   -12.27    8.10
 208907.782   267.384    -8.28    6.05
 209277.111   266.447    -2.54    4.37
 209646.376   264.533    -5.18    4.10
 210015.579   261.516    -8.17    5.14
 210384.718   259.192    -6.30    4.52
 210753.795   257.629    -4.23    3.70
 211122.810   255.679    -5.28    4.08
 211491.761   253.774    -5.16    6.11
 211860.650   252.958    -2.21    8.60
 212229.476   252.898    -0.16    9.29
 212598.239   253.544     1.75    9.24
 212966.940   253.229    -0.85    8.24
 213335.578   250.327    -7.87    8.70
 213704.153   243.315   -19.02   12.22
 214072.666   231.939   -30.86   14.70
 214441.117   221.401   -28.60   13.03
 214809.505   211.841   -25.95    8.71
 215177.831   203.816   -21.78    9.70
 215546.094   196.571   -19.67   11.52
 215914.295   191.561   -13.60    9.64
 216282.433   188.893    -7.25    7.17
 216650.510   192.242     9.10    9.62
 217018.524   200.034    21.17   11.65
 217386.475   208.204    22.20   10.97
 217754.365   213.705    14.95    9.49
 218122.192   216.736     8.24    7.67
 218489.958   219.474     7.44    6.21
 218857.661   220.092     1.68    5.60
 219225.302   219.141    -2.59    4.71
 219592.881   219.191     0.14    3.94
 219960.398   220.310     3.04    4.52
 220327.853   224.525    11.47    6.81
 220695.246   230.529    16.34    8.33
 221062.577   238.611    22.00   10.31
 221429.846   247.154    23.26   11.53
 221797.053   256.730    26.07   11.42
 222164.199   263.913    19.56    9.28
 222531.283   269.115    14.17    7.29
 222907.063   271.717     6.92    7.59
 223286.891   272.154     1.15    7.93
 223666.651   270.636    -4.00    7.27
 224046.345   265.103   -14.57   10.19
 224425.972   257.705   -19.48   13.65
 224805.533   249.516   -21.57   14.03
 225185.027   245.592   -10.34   11.87
 225564.454   248.416     7.44   15.82
 225943.815   248.455     0.10   19.73
 226323.109   252.318    10.18   18.12
 226702.337   255.219     7.65   16.96
 227081.499   262.529    19.28   18.02
 227460.594   275.794    34.99   15.39
 227839.623   284.230    22.25   11.56
 228218.586   286.616     6.30    8.92
 228597.482   282.771   -10.15   11.98
 228976.312   273.866   -23.50   13.89
 229355.076   266.698   -18.92   12.03
 229733.774   261.004   -15.03   13.08
 230112.406   257.139   -10.20   14.64
 230490.971   248.957   -21.61   15.30
 230869.471   238.408   -27.86   13.16
 231247.904   232.166   -16.49   12.28
 231626.272   227.784   -11.58   10.09
 232004.574   225.054    -7.22   10.39
 232382.809   221.309    -9.90   10.91
 232760.979   217.916    -8.97   10.42
 233139.083   213.374   -12.01   10.95
 233517.121   207.341   -15.95   15.02
 233895.093   200.648   -17.71   16.76
 234273.000   194.824   -15.41   16.64
 234650.841   190.736   -10.82   18.40
 235028.616   190.294    -1.17   22.52
 235406.326   189.804    -1.30   22.74
 235783.970   186.468    -8.83   21.32
 236161.548   179.304   -18.97   20.35
 236539.061   170.245   -23.99   19.04
 236916.509   163.529   -17.79   15.00
 237293.891   163.800     0.72   16.77
 237671.207   176.066    32.50   28.25
 238048.458   183.100    18.64   29.25
 238425.644   175.824   -19.29   32.04
 238802.764   158.166   -46.81   28.67
 239179.820   143.339   -39.31   16.00
 239556.809   140.154    -8.45   12.10
 239933.734   151.115    29.08   23.23
 240310.594   170.230    50.71   28.24
 240687.388   187.542    45.94   25.93
 241064.117   202.786    40.46   19.99
 241440.781   213.627    28.78   18.88
 241817.380   226.951    35.37   21.57
 242193.914   240.815    36.81   20.79
 242570.383   249.475    23.00   15.81
 242946.787   254.638    13.71   10.37
 243323.127   252.055    -6.86   10.42
 243699.401   244.611   -19.78   11.31
 244075.610   235.516   -24.17   17.29
 244451.755   222.140   -35.55   18.05
 244827.835   210.318   -31.43   15.88
 245203.850   197.902   -33.01   10.67
 245579.800   190.179   -20.54    7.96
 245955.686   184.640   -14.73    7.09
 246331.507   182.609    -5.40    5.65
 246707.263   189.422    18.13   15.35
 247082.955   203.791    38.24   23.03
 247458.582   223.491    52.43   24.32
 247834.145   239.243    41.93   17.36
 248209.643   244.913    15.10   10.49
 248585.077   240.140   -12.71   15.03
 248960.446   230.153   -26.60   16.07
 249335.752   223.758   -17.04   10.74
 249710.992   227.040     8.74   12.97
 250086.169   238.014    29.25   16.82
 250461.281   251.153    35.02   14.59
 250836.328   257.773    17.65    9.63
 251211.312   255.566    -5.88   11.49
 251586.232   248.800   -18.04   11.28
 251961.087   243.466   -14.23   11.00
 252335.878   238.341   -13.67   11.57
 252710.605   233.607   -12.63    9.40
 253085.268   231.845    -4.70    7.07
 253459.867   232.875     2.75    6.92
 253834.402   235.565     7.18    5.38
 254208.873   236.579     2.71    3.80
 254583.280   236.045    -1.42    3.67
 254957.624   234.781    -3.38    3.83
 255331.903   232.448    -6.23    4.69
 255706.119   230.791    -4.43    4.83
 256080.271   228.935    -4.96    5.82
 256454.359   226.794    -5.72    6.01
 256828.383   224.718    -5.55    5.60
 257202.344   223.309    -3.77    4.99
 257576.241   221.192    -5.66    5.27
 257950.074   219.571    -4.33    5.93
 258323.844   217.541    -5.43    5.38
 258697.550   215.381    -5.78    3.50
 259071.193   214.880    -1.34    2.99
 259444.772   216.929     5.48    5.89
 259818.288   220.829    10.44    7.65
 260191.740   224.792    10.61    6.79
 260565.129   227.888     8.29    5.50
 260938.455   229.615     4.63    5.30
 261311.717   228.828    -2.11    5.34
 261684.916   228.192    -1.70    5.29
 262058.052   227.951    -0.65    4.49
 262431.124   229.111     3.11    5.52
 262804.134   232.454     8.96    5.75
 263177.080   234.854     6.44    4.66
 263549.963   233.799    -2.83    5.04
 263922.783   230.085    -9.96    5.82
 264295.540   224.036   -16.23    7.77
 264668.233   216.908   -19.12    7.58
 265040.864   211.429   -14.70    6.60
 265413.432   206.055   -14.42    6.29
 265785.937   199.254   -18.26    7.99
 266158.379   191.679   -20.33    9.90
 266530.758   184.065   -20.44   11.99
 266903.074   176.739   -19.67   13.17
 267275.328   171.529   -13.99   12.41
 267647.518   169.557    -5.30   11.51
 268019.646   170.604     2.81   11.64
 268391.712   177.405    18.28   11.77
 268763.714   186.241    23.75   11.12
 269135.654   194.845    23.13    9.67
 269507.531   201.025    16.61    6.71
 269879.346   205.256    11.38    3.38
 270251.098   206.555     3.50    2.92
 270622.788   206.521    -0.09    3.09
 270994.415   206.242    -0.75    2.89
 271365.979   206.114    -0.35    2.22
 271737.482   205.966    -0.40    1.59
 272108.921   204.099    -5.03    4.08
 272480.299   200.333   -10.14    5.93
 272851.614   196.602   -10.05    5.02
 273222.867   194.413    -5.90    3.13
 273594.057   192.348    -5.56    3.54
 273965.186   189.660    -7.24    5.79
 274336.252   186.205    -9.31    7.07
 274707.256   181.293   -13.24    8.80
 275078.198   174.705   -17.76   12.22
 275449.077   168.322   -17.21   15.48
 275819.895   159.217   -24.55   16.98
 276190.651   149.571   -26.01   16.80
 276561.344   139.025   -28.44   13.70
 276931.976   131.089   -21.41   10.47
 277302.545   125.244   -15.77    8.75
 277673.053   123.191    -5.54    9.33
 278043.499   123.310     0.32   10.71
 278413.883   123.932     1.68   11.52
 278784.205   124.025     0.25   10.62
 279154.465   120.077   -10.66   11.99
 279524.664   109.499   -28.57   15.01
 279894.801    98.802   -28.89   13.96
 280264.876    87.613   -30.23   17.88
 280634.889    75.279   -33.33   26.38
 281004.841    60.442   -40.10   29.12
 281374.731    51.666   -23.72   24.96
 281744.560    45.451   -16.80   13.57
 282114.327    48.723     8.85   14.44
 282484.033    49.512     2.13   14.50
 282853.677    45.602   -10.58   14.64
 283223.259    37.810   -21.08   10.61
 283592.780    33.571   -11.47    2.73
 283962.240    33.179    -1.06    0.00
 284331.639    33.179     0.00    0.00
 284700.976    33.179     0.00    0.00
 285070.252    33.179     0.00    0.00
 285439.466    34.243     2.88    5.38
 285808.620    43.615    25.38   21.60
 286177.712    66.192    61.16   42.46
 286546.743    94.255    76.03   49.72
 286915.712   126.416    87.14   45.47
 287284.621   150.629    65.62   39.24
 287653.469   166.632    43.38   37.61
 288022.255   174.724    21.94   32.59
 288390.981   178.692    10.76   27.77
 288759.645   184.438    15.58   22.80
 289128.249   194.017    25.98   21.71
 289496.792   204.521    28.49   23.45
 289865.273   218.740    38.58   20.72
 290233.694   230.366    31.55   18.45
 290602.054   236.300    16.11   13.44
 290970.353   236.508     0.56   13.41
 291338.592   231.590   -13.35   17.49
 291706.770   217.685   -37.76   22.29
 292074.887   202.970   -39.96   20.93
 292442.943   200.786    -5.93   19.30
 292810.939   207.652    18.65   23.33
 293178.874   218.641    29.86   19.91
 293546.748   225.873    19.65   13.23
 293914.562   218.691   -19.52   18.52
 294282.315   208.692   -27.18   17.22
 294650.008   208.490    -0.55   15.50
 295017.640   211.358     7.80   14.66
 295385.212   217.983    18.02   13.81
