# NaN NaN NaN ;Mean Elev.(m), Avg Gradient(m/km), RMS Gradient(m/km) - SRTM1     
#    5.000  -1.051   8.476 ;Mean Elev.(m), Avg Gradient(m/km), RMS Gradient(m/km) - ASTER GDEM
#   17.060  -0.891   7.969 ;Mean Elev.(m), Avg Gradient(m/km), RMS Gradient(m/km) - GMTED2010 
  7 124.782585  69.402126    38.781    38.781  2 52455.50499736  8.602
  8 124.785633  69.407939    16.091    16.155  3 52490.50497277 48.859
 10 124.772480  69.403520    14.365    14.274  4 52560.50500022 42.478
 11 124.774909  69.405549    19.748    19.623  3 52595.50500880 21.992
 12 124.772338  69.402615    38.940    39.226  4 52630.50494298 12.524
 14 124.771133  69.403835    36.377    36.995  4 52700.50494269  9.907
 15 124.788466  69.406915    34.913    36.491  4 52735.50497642  6.235
 17 124.765539  69.402304    22.624    22.618  4 52805.50500045 18.100
 18 124.771981  69.403403    18.467    18.403  4 52840.50506121 47.123
 19 124.775904  69.403092    20.468    20.029  4 52875.50510009 12.268
 20 124.792832  69.408169    17.040    17.047  4 52910.50506925 35.872
 21 124.763197  69.406962    13.776    13.776  2 52945.50501451 29.492
 23 124.785973  69.406211    45.555    44.498  4 53015.50505693  3.110
 24 124.772965  69.401477    52.947    53.343  4 53050.50503163  2.419
 25 124.781175  69.405409    56.514    56.700  4 53085.50506828  1.340
 26 124.771313  69.402460    53.187    53.633  3 53120.50503827  2.181
 27 124.769112  69.404532    16.729    16.732  3 53155.50509219 42.171
 34 124.775504  69.402835    47.153    46.560  4 53400.50504181  4.428
 35 124.791418  69.406543    52.807    54.266  4 53435.50503188  2.009
 36 124.769952  69.402784    55.904    56.654  4 53470.50507871  1.242
 37 124.784498  69.400029    55.683    55.683  2 53505.50511593  8.769
 38 124.780100  69.404505    30.080    24.385  4 53540.50511849 18.945
 39 124.786739  69.404927    19.254    19.220  4 53575.50511135 44.978
 40 124.792901  69.407184    55.999    55.842  4 53610.50506258  7.306
 43 124.793117  69.407406    53.718    55.109  5 53715.50501083  3.601
 44 124.770525  69.403201    35.289    38.827  4 53750.50492763  9.085
 45 124.787690  69.405986    55.159    55.106  4 53785.50495799  1.624
 46 124.801659  69.408530    57.784    58.230  3 53820.50491634  0.849
 47 124.771079  69.402662    50.231    49.544  5 53855.50500126  1.880
 48 124.783544  69.404704    28.065    28.173  4 53890.50501188 22.644
 49 124.771677  69.401481    20.027    20.095  4 53925.50507581 49.428
 50 124.783183  69.404414    21.154    21.024  4 53960.50506382 15.884
 51 124.761274  69.401485    19.571    19.622  5 53995.50500100 51.047
 52 124.771926  69.404402    14.752    14.792  4 54030.50505677 40.186
 54 124.790813  69.407352    27.432    27.611  4 54100.50501435 15.688
 55 124.770053  69.403958    34.089    38.151  4 54135.50497652 11.552
 57 124.770639  69.402088    29.982    27.588  4 54205.50498081  9.595
 58 124.781793  69.403990    50.146    54.472  4 54240.50501461 11.680
 59 124.781887  69.404442    23.404    23.399  4 54275.50503044 30.805
 61 124.791563  69.408417    54.783    54.894  4 54345.50500726 14.009
 62 124.775707  69.402024    21.490    21.581  4 54380.50496778 22.789
 63 124.792313  69.401095    44.288    44.288  2 54415.50495448 10.394
 64 124.772725  69.400788    36.402    42.191  3 54450.50493564 10.501
 65 124.780656  69.405987    54.788    54.845  4 54485.50495116  1.866
 66 124.775007  69.403775    52.525    53.589  4 54520.50494953  1.921
 67 124.793672  69.403211    60.299    60.520  3 54555.50496143  0.729
 69 124.783295  69.405357    23.934    23.818  4 54625.50496206 17.092
 70 124.777003  69.405083    18.698    18.683  4 54660.50497040 30.665
 71 124.788451  69.406027    19.723    20.229  5 54695.50494849 44.304
 72 124.773749  69.403360    29.970    29.946  4 54730.50492546 14.269
 73 124.778408  69.406746    13.400    13.400  2 54765.50492721 40.681
 74 124.770183  69.402412    27.643    27.643  2 54800.50491905 21.373
 75 124.781275  69.405687    48.527    50.264  4 54835.50491858  1.916
 76 124.769952  69.403870    44.216    44.116  4 54870.50491690  2.664
 77 124.792646  69.404505    57.260    57.260  2 54905.50492653  0.670
 78 124.773772  69.403443    58.680    58.857  4 54940.50490874  1.594
 79 124.777761  69.404709    19.932    19.924  4 54975.50493830 27.905
 80 124.783547  69.405203    22.304    22.081  5 55010.50494930 47.365
 81 124.779611  69.404622    14.232    14.098  5 55045.50494030 25.152
 82 124.792569  69.405965    18.463    18.303  4 55080.50491472 35.155
 83 124.776156  69.403038    19.375    20.174  4 55115.50487213 23.338
 84 124.775729  69.409044    12.924    12.924  2 55150.50487240 19.995
 85 124.771269  69.402701    23.957    20.244  4 55185.50485698 14.874
 86 124.783885  69.405288    36.034    37.213  5 55220.50486963  8.097
 87 124.776578  69.402854    34.366    37.600  4 55255.50485281  9.285
 88 124.790241  69.407209    55.608    55.608  2 55290.50485900  0.400
 89 124.777947  69.405012    15.728    13.977  4 55325.50483908 20.952
 90 124.784017  69.405454    20.736    20.692  4 55360.50483614 28.910
 91 124.775625  69.402548    18.254    18.247  4 55395.50484142 20.595
 92 124.780920  69.404924    19.830    19.977  5 55430.50485160 16.798
 93 124.794849  69.407842    55.469    55.909  4 55465.50481303  2.111
