# NaN NaN NaN ;Mean Elev.(m), Avg Gradient(m/km), RMS Gradient(m/km) - SRTM1     
#   29.419  -0.625   3.199 ;Mean Elev.(m), Avg Gradient(m/km), RMS Gradient(m/km) - ASTER GDEM
#   25.000  -1.507   8.255 ;Mean Elev.(m), Avg Gradient(m/km), RMS Gradient(m/km) - GMTED2010 
  7 124.846176  64.969612    30.872    30.880 12 52448.51805073 32.466
  8 124.871739  64.957301    47.810    47.826 20 52483.51803565 32.006
  9 124.885333  64.953968    46.750    46.666 18 52518.51799354 39.700
 10 124.842121  64.969264    46.428    46.483 12 52553.51804768 22.156
 11 124.879146  64.952972    46.370    46.314 21 52588.51802546 28.985
 12 124.884669  64.954911    46.773    46.676 17 52623.51797693 20.719
 13 124.868418  64.959803    46.643    46.617 18 52658.51799703 18.988
 15 124.872991  64.957276    46.496    46.511 20 52728.51801596 14.142
 16 124.878308  64.953960    47.162    47.044 21 52763.51802773 20.417
 17 124.852449  64.967959    50.363    50.353 16 52798.51800518 52.182
 18 124.853008  64.968005    49.164    49.140 15 52833.51807536 48.023
 19 124.874786  64.955781    47.526    47.560 20 52868.51811489 22.817
 20 124.877985  64.953396    47.329    47.455 22 52903.51812743 24.644
 21 124.886292  64.957725    46.194    46.188 14 52938.51806468 44.774
 22 124.850602  64.969324    46.646    46.657 14 52973.51810385 18.348
 23 124.857884  64.966594    46.587    46.567 19 53008.51811121  9.797
 24 124.844552  64.968925    46.534    46.449 12 53043.51806976  8.361
 25 124.865654  64.961599    46.792    46.756 19 53078.51810117  7.546
 26 124.839528  64.970641    47.335    47.361 11 53113.51807408  6.579
 27 124.854358  64.967131    46.913    46.914 16 53148.51811814 32.499
 28 124.879006  64.953094    51.774    51.784 21 53183.51811261 42.511
 29 124.871088  64.958280    48.372    48.184 19 53218.51813823 24.113
 30 124.883629  64.952786    47.239    47.247 20 53253.51811444 42.384
 31 124.839265  64.969107    47.848    47.866 10 53288.51812117 23.854
 32 124.881376  64.953040    47.322    47.281 20 53323.51809278 17.273
 33 124.886607  64.956061    47.423    47.438 15 53358.51805681 10.974
 34 124.846408  64.969133    47.258    47.278 13 53393.51807657  8.385
 35 124.884884  64.954389    47.072    46.930 17 53428.51806702  8.416
 36 124.847992  64.971096    47.326    47.344 14 53463.51809156  6.486
 37 124.849855  64.969076    47.204    47.204 14 53498.51816047 38.529
 38 124.881823  64.952597    50.078    50.084 20 53533.51813981 51.959
 39 124.862933  64.963062    49.181    49.136 19 53568.51815926 51.509
 40 124.885393  64.955980    48.340    48.278 16 53603.51810316 21.269
 41 124.843808  64.970382    48.302    48.302 12 53638.51810531 52.592
 42 124.851592  64.969093    46.810    46.821 16 53673.51812516 26.212
 43 124.885911  64.958564    47.056    47.050 14 53708.51805346 14.583
 44 124.892469  64.959081    47.256    47.207 11 53743.51796404 11.824
 45 124.874655  64.956215    46.891    46.840 21 53778.51799179  9.624
 46 124.890172  64.958464    46.756    46.809 12 53813.51796608  8.583
 47 124.844755  64.970354    47.122    47.085 13 53848.51802706  9.824
 49 124.850851  64.969182    50.093    50.062 14 53918.51810784 30.949
 50 124.853532  64.967666    46.816    46.794 16 53953.51810971 32.734
 52 124.850423  64.968478    47.647    47.634 14 54023.51809042 46.680
 53 124.880648  64.952647    47.152    47.174 21 54058.51807917 22.549
 54 124.883750  64.956362    47.426    47.373 17 54093.51805941 12.144
 55 124.844977  64.970513    47.201    47.203 13 54128.51800172  8.278
 56 124.875146  64.955596    47.220    47.047 21 54163.51802938  8.646
 57 124.850982  64.968417    47.643    47.622 15 54198.51800361  8.065
 58 124.858824  64.966529    46.925    46.874 19 54233.51804569 42.646
 59 124.871535  64.958085    50.828    50.872 19 54268.51806287 19.726
 60 124.870785  64.958464    49.424    49.174 20 54303.51806651 20.301
 61 124.881287  64.952955    48.361    48.245 20 54338.51805026 19.376
 62 124.857861  64.965609    47.813    47.655 18 54373.51800160 22.194
 63 124.872800  64.956842    46.485    46.499 20 54408.51799675 40.087
 64 124.845383  64.969426    46.688    46.620 13 54443.51796376 17.141
 65 124.872055  64.957544    47.196    47.197 20 54478.51798647 15.002
 66 124.847519  64.969629    46.797    46.736 13 54513.51797867 10.558
 67 124.879936  64.953950    46.978    47.043 21 54548.51799930  8.799
 68 124.867717  64.959596    47.298    47.284 19 54583.51797217  7.282
 69 124.868494  64.959432    52.516    52.473 19 54618.51799229 45.036
 70 124.866886  64.960457    48.928    48.935 19 54653.51800416 53.187
 71 124.879375  64.953907    49.037    48.918 21 54688.51799147 18.981
 72 124.847093  64.970097    49.766    49.767 13 54723.51795458 16.535
 73 124.872121  64.957489    47.191    47.170 20 54758.51796800 50.639
 74 124.843452  64.969921    46.658    46.677 12 54793.51794786 19.387
 75 124.864428  64.962248    47.349    47.355 19 54828.51796776 15.460
 76 124.848859  64.970419    46.825    46.831 14 54863.51794212 11.710
 77 124.873863  64.956926    46.696    46.560 19 54898.51796618 10.942
 78 124.852297  64.968972    46.808    46.593 16 54933.51793618  8.527
 79 124.869118  64.958582    50.131    50.103 20 54968.51796803 29.273
 80 124.861011  64.964197    50.187    50.194 20 55003.51798893 19.417
 81 124.872721  64.957188    48.392    48.032 20 55038.51797428 19.337
 82 124.881461  64.953246    48.465    48.468 21 55073.51795842 51.586
 83 124.848697  64.969939    47.768    47.782 14 55108.51790954 19.863
 84 124.874284  64.955493    46.221    46.183 20 55143.51791048 35.187
 85 124.845366  64.969624    46.763    46.766 13 55178.51788266 19.564
 86 124.870765  64.958468    46.422    46.340 19 55213.51790579 18.156
 87 124.855407  64.966383    46.346    46.122 17 55248.51788164 14.979
 88 124.877479  64.954610    46.434    46.267 21 55283.51789873 14.244
 89 124.867534  64.960308    46.751    46.803 18 55318.51787058 21.984
 90 124.877134  64.953953    50.236    50.254 21 55353.51787144 42.214
 91 124.847580  64.970345    48.611    48.608 14 55388.51787291 18.921
 92 124.872024  64.957958    48.121    48.014 19 55423.51788991 20.218
 93 124.883499  64.953348    47.692    48.014 19 55458.51786033 26.194
