-110577.526    -1.200     0.00    0.00
-110206.890    -1.200     0.00    0.00
-109836.158    -1.200     0.00    0.00
-109465.332    -1.200     0.00    0.00
-109094.412    -1.200     0.00    0.00
-108723.396    -1.200     0.00    0.00
-108352.285    -1.200     0.00    0.00
-107981.079    -1.200     0.00    0.00
-107609.778    -1.200     0.00    0.00
-107238.382    -1.200     0.00    0.00
-106866.891    -1.200     0.00    0.00
-106495.304    -1.200     0.00    0.00
-106123.621    -1.200     0.00    0.00
-105751.844    -1.200     0.00    0.00
-105379.970    -1.200     0.00    0.00
-105008.001    -1.200     0.00    0.00
-104635.936    -1.200     0.00    0.00
-104263.776    -1.200     0.00    0.00
-103891.519    -1.200     0.00    0.00
-103519.167    -1.200     0.00    0.00
-103146.718    -1.200     0.00    0.00
-102774.174    -1.200     0.00    0.00
-102401.533    -1.200     0.00    0.00
-102028.796    -1.200     0.00    0.00
-101655.962    -1.200     0.00    0.00
-101283.033    -1.200     0.00    0.00
-100910.006    -1.200     0.00    0.00
-100536.883    -1.200     0.00    0.00
-100163.664    -1.200     0.00    0.00
 -99790.348    -1.200     0.00    0.00
 -99416.935    -1.200     0.00    0.00
 -99043.425    -1.200     0.00    0.00
 -98669.818    -1.200     0.00    0.00
 -98296.115    -1.200     0.00    0.00
 -97922.314    -1.200     0.00    0.00
 -97548.416    -1.200     0.00    0.00
 -97174.421    -1.200     0.00    0.00
 -96800.328    -1.200     0.00    0.00
 -96426.138    -1.200     0.00    0.00
 -96051.851    -1.200     0.00    0.00
 -95677.466    -1.200     0.00    0.00
 -95302.984    -1.200     0.00    0.00
 -94928.403    -1.200     0.00    0.00
 -94553.726    -1.200     0.00    0.00
 -94178.950    -1.200     0.00    0.00
 -93804.076    -1.200     0.00    0.00
 -93429.104    -1.200     0.00    0.00
 -93054.035    -1.200     0.00    0.00
 -92678.867    -1.200     0.00    0.00
 -92303.600    -1.200     0.00    0.00
 -91928.236    -0.635     1.51    2.54
 -91552.773     1.653     6.09    6.33
 -91177.212     5.590    10.48    9.18
 -90801.552     8.899     8.81    9.93
 -90425.794    12.554     9.73    9.21
 -90049.937    14.684     5.67    8.07
 -89673.981    17.443     7.34    5.24
 -89297.926    17.914     1.25    3.71
 -88921.772    18.250     0.89    1.41
 -88545.520    17.991    -0.69    1.37
 -88169.168    18.054     0.17    1.36
 -87792.717    18.024    -0.08    1.40
 -87416.167    17.939    -0.23    1.36
 -87039.518    18.091     0.40    1.22
 -86662.769    17.850    -0.64    1.34
 -86285.920    17.267    -1.55    1.36
 -85908.973    16.622    -1.71    1.09
 -85531.925    16.570    -0.14    1.21
 -85154.778    16.620     0.13    1.47
 -84777.531    17.149     1.40    1.78
 -84400.184    17.906     2.01    1.84
 -84022.738    18.891     2.61    2.60
 -83645.191    19.133     0.64    4.56
 -83267.544    17.738    -3.69    7.67
 -82889.797    16.133    -4.25    8.98
 -82511.950    13.308    -7.48   10.23
 -82134.002    10.948    -6.24   10.54
 -81755.954     8.271    -7.08   10.21
 -81377.805     6.401    -4.94    9.71
 -80999.556     3.864    -6.71    8.16
 -80621.207     2.026    -4.86    6.32
 -80242.756     0.546    -3.91    4.59
 -79864.205    -0.397    -2.49    2.66
 -79485.552    -0.671    -0.72    1.25
 -79106.799    -0.591     0.21    0.49
 -78727.945    -0.332     0.68    0.34
 -78348.990    -0.200     0.35    0.00
 -77969.933    -0.200     0.00    0.00
 -77590.775    -0.020     0.48    0.67
 -77211.516     0.469     1.29    1.42
 -76832.155     1.188     1.90    2.20
 -76452.693     2.816     4.29    4.29
 -76073.129     4.265     3.82    5.36
 -75693.463     5.050     2.07    5.36
 -75313.696     5.362     0.82    5.32
 -74933.826     3.890    -3.87    2.86
 -74553.855     3.095    -2.09    0.80
 -74173.782     2.858    -0.62    0.78
 -73793.606     2.775    -0.22    1.08
 -73413.329     2.686    -0.24    1.34
 -73032.949     2.316    -0.97    1.50
 -72652.467     1.996    -0.84    1.55
 -72271.882     1.439    -1.46    1.56
 -71891.195     0.906    -1.40    1.40
 -71510.405     0.350    -1.46    1.09
 -71129.512    -0.013    -0.95    0.62
 -70748.517    -0.200    -0.49    0.00
 -70367.419    -0.200     0.00    0.00
 -69986.218    -0.200     0.00    0.00
 -69604.914    -0.200     0.00    0.00
 -69223.507    -0.200     0.00    0.00
 -68841.996    -0.200     0.00    0.00
 -68460.383    -0.200     0.00    0.00
 -68078.666    -0.200     0.00    0.00
 -67696.845    -0.200     0.00    0.00
 -67314.921    -0.200     0.00    0.00
 -66932.894    -0.200     0.00    0.00
 -66550.762    -0.200     0.00    0.00
 -66168.527    -0.200     0.00    0.00
 -65786.188    -0.200     0.00    0.00
 -65403.746    -0.200     0.00    0.00
 -65021.199    -0.031     0.44    0.91
 -64638.548     0.282     0.82    1.59
 -64269.969     0.580     0.81    2.03
 -63906.648     0.742     0.45    1.95
 -63543.237     0.808     0.18    1.89
 -63179.734     0.614    -0.53    1.54
 -62816.140     0.332    -0.78    1.17
 -62452.455    -0.019    -0.96    0.66
 -62088.679    -0.192    -0.48    0.09
 -61724.812    -0.200    -0.02    0.00
 -61360.853    -0.200     0.00    0.00
 -60996.803    -0.200     0.00    0.00
 -60632.661    -0.200     0.00    0.00
 -60268.428    -0.200     0.00    0.00
 -59904.103    -0.200     0.00    0.00
 -59539.686    -0.200     0.00    0.00
 -59175.178    -0.200     0.00    0.00
 -58810.577    -0.200     0.00    0.00
 -58445.885    -0.200     0.00    0.00
 -58081.101    -0.200     0.00    0.00
 -57716.225    -0.200     0.00    0.00
 -57351.256    -0.200     0.00    0.00
 -56986.196    -0.200     0.00    0.00
 -56621.043    -0.200     0.00    0.00
 -56255.798    -0.200     0.00    0.00
 -55890.460    -0.200     0.00    0.00
 -55525.030    -0.200     0.00    0.00
 -55159.508    -0.200     0.00    0.00
 -54793.892    -0.200     0.00    0.00
 -54428.184    -0.200     0.00    0.00
 -54062.384    -0.200     0.00    0.00
 -53696.490    -0.200     0.00    0.00
 -53330.504    -0.200     0.00    0.00
 -52964.424    -0.200     0.00    0.00
 -52598.252    -0.200     0.00    0.00
 -52231.986    -0.200     0.00    0.00
 -51865.627    -0.200     0.00    0.00
 -51499.175    -0.200     0.00    0.00
 -51132.630    -0.200     0.00    0.00
 -50765.991    -0.200     0.00    0.00
 -50399.258    -0.200     0.00    0.00
 -50032.433    -0.200     0.00    0.00
 -49665.513    -0.200     0.00    0.00
 -49298.500    -0.200     0.00    0.00
 -48931.393    -0.200     0.00    0.00
 -48564.192    -0.200     0.00    0.00
 -48196.897    -0.200     0.00    0.00
 -47829.509    -0.200     0.00    0.00
 -47462.026    -0.200     0.00    0.00
 -47094.449    -0.200     0.00    0.00
 -46726.778    -0.200     0.00    0.00
 -46359.012    -0.200     0.00    0.00
 -45991.153    -0.200     0.00    0.00
 -45623.199    -0.200     0.00    0.00
 -45255.150    -0.200     0.00    0.00
 -44887.007    -0.200     0.00    0.00
 -44518.769    -0.200     0.00    0.00
 -44150.436    -0.200     0.00    0.00
 -43782.009    -0.200     0.00    0.00
 -43413.487    -0.200     0.00    0.00
 -43044.869    -0.200     0.00    0.00
 -42676.157    -0.200     0.00    0.00
 -42307.350    -0.200     0.00    0.00
 -41938.447    -0.200     0.00    0.00
 -41569.450    -0.200     0.00    0.00
 -41200.357    -0.200     0.00    0.00
 -40831.168    -0.200     0.00    0.00
 -40461.885    -0.200     0.00    0.00
 -40092.505    -0.200     0.00    0.00
 -39723.030    -0.200     0.00    0.00
 -39353.460    -0.200     0.00    0.00
 -38983.793    -0.200     0.00    0.00
 -38614.031    -0.200     0.00    0.00
 -38244.173    -0.200     0.00    0.00
 -37874.219    -0.200     0.00    0.00
 -37504.169    -0.200     0.00    0.00
 -37134.022    -0.200     0.00    0.00
 -36763.780    -0.200     0.00    0.00
 -36393.441    -0.200     0.00    0.00
 -36023.006    -0.200     0.00    0.00
 -35652.474    -0.200     0.00    0.00
 -35281.846    -0.200     0.00    0.00
 -34911.121    -0.200     0.00    0.00
 -34540.300    -0.200     0.00    0.00
 -34169.382    -0.200     0.00    0.00
 -33798.367    -0.200     0.00    0.00
 -33427.255    -0.200     0.00    0.00
 -33056.047    -0.200     0.00    0.00
 -32684.741     0.072     0.73    0.84
 -32313.338     0.316     0.66    1.11
 -31941.838     0.528     0.57    1.24
 -31570.241     0.544     0.04    1.27
 -31198.546     0.453    -0.24    1.21
 -30826.754     0.568     0.31    1.26
 -30454.864     0.784     0.58    1.36
 -30082.877     1.232     1.20    1.46
 -29710.792     1.816     1.57    1.35
 -29338.610     2.219     1.08    1.12
 -28966.329     2.534     0.84    0.78
 -28593.951     2.501    -0.09    0.86
 -28221.475     2.435    -0.18    0.95
 -27848.900     2.256    -0.48    1.13
 -27476.228     2.168    -0.24    1.19
 -27103.457     1.995    -0.46    1.30
 -26730.589     1.704    -0.78    1.41
 -26357.621     1.496    -0.56    1.45
 -25984.556     1.117    -1.02    1.45
 -25611.391     0.856    -0.70    1.40
 -25238.129     0.498    -0.96    1.24
 -24864.767     0.288    -0.56    1.08
 -24491.307     0.114    -0.46    0.89
 -24117.748    -0.118    -0.62    0.44
 -23744.090    -0.184    -0.18    0.13
 -23370.333     0.075     0.69    1.02
 -22996.478     0.808     1.96    1.93
 -22622.522     1.371     1.51    2.16
 -22248.468     2.048     1.81    2.20
 -21874.315     2.626     1.55    1.98
 -21500.062     3.178     1.47    1.59
 -21125.709     3.568     1.04    1.02
 -20751.257     3.743     0.47    0.34
 -20376.706     3.765     0.06    0.35
 -20002.055     3.982     0.58    0.50
 -19627.304     4.421     1.17    1.43
 -19252.453     7.421     8.00    6.06
 -18877.502     8.308     2.37    6.78
 -18502.451     7.639    -1.78    7.42
 -18127.300     5.665    -5.26    6.96
 -17752.049     2.628    -8.09    3.25
 -17376.698     2.104    -1.40    1.23
 -17001.246     2.640     1.43    0.63
 -16625.694     2.800     0.43    0.00
 -16250.041     2.784    -0.04    0.13
 -15874.288     2.211    -1.52    1.14
 -15498.434     1.312    -2.39    1.47
 -15122.480     0.633    -1.81    1.29
 -14746.424     0.186    -1.19    0.95
 -14370.268     0.363     0.47    1.13
 -13994.011     0.696     0.89    1.31
 -13617.653     1.120     1.12    1.45
 -13241.193     1.626     1.35    1.43
 -12864.632     2.032     1.08    1.26
 -12487.970     2.046     0.04    1.28
 -12111.207     2.009    -0.10    1.30
 -11734.342     2.165     0.41    1.20
 -11357.376     2.272     0.28    1.10
 -10980.308     2.455     0.49    0.90
 -10603.138     2.584     0.34    0.72
 -10225.866     2.616     0.08    0.65
  -9848.493     2.206    -1.09    1.11
  -9471.017     1.614    -1.57    1.41
  -9093.440     0.941    -1.78    1.37
  -8715.760     0.949     0.02    1.36
  -8337.978     1.344     1.04    1.45
  -7960.094     2.200     2.27    1.15
  -7582.108     2.339     0.37    1.02
  -7204.019     1.783    -1.47    1.38
  -6825.827     1.503    -0.74    1.42
  -6447.533     1.560     0.15    1.41
  -6069.136     2.006     1.18    1.28
  -5690.636     2.617     1.61    0.61
  -5312.034     2.312    -0.81    1.09
  -4933.328     1.926    -1.02    1.33
  -4554.520     1.808    -0.31    1.37
  -4175.608     1.912     0.27    1.33
  -3796.593     2.288     0.99    1.08
  -3417.475     2.800     1.35    0.00
  -3038.253     2.800     0.00    0.00
  -2658.928     2.742    -0.15    0.23
  -2279.499     2.014    -1.92    1.26
  -1899.967     1.252    -2.01    1.45
  -1520.331     0.376    -2.31    1.11
  -1140.591    -0.115    -1.29    0.40
   -760.747    -0.200    -0.22    0.00
   -380.800    -0.200     0.00    0.00
     -0.748    -0.200     0.00    0.00
    379.408    -0.200     0.00    0.00
    759.668    -0.129     0.19    0.34
   1140.033     0.183     0.82    0.77
   1520.502     0.508     0.86    0.94
   1901.075     0.751     0.64    0.98
   2281.753     0.957     0.54    0.93
   2662.536     1.083     0.33    0.90
   3043.423     1.066    -0.05    0.90
   3424.416     0.839    -0.60    0.96
   3805.513     0.532    -0.80    0.95
   4186.715     0.323    -0.55    0.86
   4568.023     0.416     0.24    0.90
   4949.435     0.768     0.92    0.98
   5330.953     1.209     1.16    0.89
   5712.576     1.554     0.90    0.62
   6094.305     1.729     0.46    0.34
   6476.139     1.716    -0.04    0.38
   6858.079     1.776     0.16    0.20
   7240.124     1.800     0.06    0.00
   7622.275     1.800     0.00    0.00
   8004.533     1.800     0.00    0.00
   8386.896     1.800     0.00    0.00
   8769.365     1.800     0.00    0.00
   9151.940     1.800     0.00    0.00
   9534.622     1.800     0.00    0.00
   9917.410     1.800     0.00    0.00
  10294.709     1.800     0.00    0.00
  10657.802     1.800     0.00    0.00
  11020.987     1.800     0.00    0.00
  11384.264     1.800     0.00    0.00
  11747.634     1.784    -0.04    0.18
  12111.096     1.456    -0.90    0.74
  12474.651     1.240    -0.59    0.88
  12838.299     1.206    -0.09    0.90
  13202.040     1.220     0.04    0.89
  13565.873     1.646     1.17    0.51
  13929.800     1.800     0.42    0.00
  14293.820     1.800     0.00    0.00
  14657.933     1.800     0.00    0.00
  15022.139     1.800     0.00    0.00
  15386.438     1.665    -0.37    0.48
  15750.831     1.248    -1.14    0.88
  16115.317     0.753    -1.36    0.99
  16479.897     0.296    -1.25    0.85
  16844.570    -0.120    -1.14    0.37
  17209.337    -0.200    -0.22    0.00
  17574.198    -0.200     0.00    0.00
  17939.152    -0.200     0.00    0.00
  18304.200    -0.200     0.00    0.00
  18669.342    -0.200     0.00    0.00
  19034.579    -0.184     0.04    0.18
  19399.909    -0.169     0.04    0.25
  19765.333    -0.087     0.22    0.45
  20130.852     0.416     1.38    0.91
  20496.465     0.986     1.56    0.97
  20862.172     1.517     1.45    0.68
  21227.974     1.752     0.64    0.21
  21593.871     1.557    -0.53    0.43
  21959.862     1.328    -0.63    0.50
  22325.947     1.083    -0.67    0.45
  22692.128     0.886    -0.54    0.28
  23058.403     0.767    -0.32    0.18
  23424.773     0.571    -0.54    0.42
  23791.238     0.323    -0.68    0.50
  24157.798     0.076    -0.67    0.45
  24524.454    -0.114    -0.52    0.28
  24891.204    -0.200    -0.23    0.00
  25258.050    -0.200     0.00    0.00
  25624.991     0.184     1.05    1.65
  25992.028     2.162     5.39    4.27
  26359.160     3.866     4.64    4.73
  26726.387     4.063     0.54    4.62
  27093.711     4.354     0.79    4.39
  27461.130     3.741    -1.67    3.82
  27828.644     3.374    -1.00    3.06
  28196.255     4.351     2.66    2.95
  28563.962     5.708     3.69    2.45
  28931.764     6.179     1.28    2.18
  29299.663     6.928     2.03    1.86
  29667.658     7.491     1.53    1.57
  30035.749     7.668     0.48    1.63
  30403.937     7.292    -1.02    2.73
  30772.221     5.453    -4.99    3.86
  31140.602     3.404    -5.56    4.08
  31509.079     1.392    -5.46    3.20
  31877.652    -0.042    -3.89    0.84
  32246.323     0.573     1.67    1.96
  32615.090     2.125     4.21    3.18
  32983.954     4.170     5.54    3.22
  33352.915     5.769     4.33    2.45
  33721.973     6.925     3.13    1.29
  34091.128     6.823    -0.28    1.58
  34460.381     5.869    -2.58    2.82
  34829.730     4.525    -3.64    3.47
  35199.177     3.304    -3.31    3.53
  35568.722     2.854    -1.22    3.48
  35938.363     2.985     0.35    3.36
  36308.103     3.589     1.63    3.26
  36677.940     4.888     3.51    2.74
  37047.875     5.712     2.23    1.77
  37417.907     5.412    -0.81    1.70
  37788.038     5.590     0.48    1.82
  38158.266     5.536    -0.15    1.74
  38528.593     5.925     1.05    1.89
  38899.017     6.641     1.93    1.55
  39269.540     6.729     0.24    2.00
  39640.161     5.917    -2.19    3.08
  40010.881     4.550    -3.69    3.88
  40381.699     3.042    -4.07    3.92
  40752.615     1.428    -4.35    3.17
  41123.630     0.292    -3.06    1.68
  41494.744    -0.200    -1.33    0.00
  41865.956    -0.200     0.00    0.00
  42237.268    -0.200     0.00    0.00
  42608.678    -0.200     0.00    0.00
  42980.187     0.638     2.26    2.72
  43351.795     2.668     5.46    4.50
  43723.503     4.659     5.36    5.01
  44095.309     7.221     6.89    4.82
  44467.215     7.246     0.07    4.88
  44839.221     5.707    -4.14    5.08
  45211.325     3.560    -5.77    5.07
  45583.530     1.214    -6.30    3.26
  45955.834     0.896    -0.85    2.32
  46328.238     0.831    -0.17    2.33
  46700.741     0.907     0.20    2.38
  47073.344     0.652    -0.69    2.20
  47446.048    -0.200    -2.29    0.00
  47818.851    -0.200     0.00    0.00
  48191.755    -0.200     0.00    0.00
  48564.758    -0.200     0.00    0.00
  48937.862     0.120     0.86    1.43
  49311.067     2.311     5.87    4.38
  49684.372     3.932     4.34    5.03
  50057.777     4.568     1.70    4.78
  50431.283     3.992    -1.54    4.52
  50804.890     2.288    -4.56    3.42
  51178.597     1.700    -1.57    2.40
  51552.405     1.563    -0.37    2.29
  51926.315     1.557    -0.01    2.18
  52300.325     1.159    -1.07    1.77
  52674.436     1.246     0.23    1.75
  53048.649     1.300     0.14    1.72
  53422.962     1.691     1.05    1.83
  53797.378     2.079     1.04    1.64
  54171.894     2.155     0.20    1.41
  54546.512     2.315     0.43    1.27
  54921.232     2.138    -0.47    1.35
  55296.053     1.918    -0.59    1.67
  55670.977     1.830    -0.23    1.79
  56046.002     1.488    -0.91    1.81
  56421.129     1.307    -0.48    1.60
  56796.357     1.151    -0.42    1.44
  57171.689     1.092    -0.16    1.34
  57547.122     0.961    -0.35    1.27
  57922.657     0.675    -0.76    0.96
  58298.295     0.393    -0.75    0.77
  58674.036     0.487     0.25    0.87
  59049.878     0.651     0.44    1.07
  59425.824     0.645    -0.02    1.04
  59801.872     0.590    -0.14    1.04
  60178.023     0.609     0.05    1.03
  60554.277     0.540    -0.18    0.94
  60930.633     0.625     0.23    1.09
  61307.093     0.753     0.34    1.07
  61683.656     0.714    -0.10    1.12
  62060.322     0.973     0.69    1.36
  62437.092     1.296     0.86    1.66
  62813.964     1.442     0.39    1.82
  63190.940     1.528     0.23    1.73
  63568.020     1.555     0.07    1.67
  63945.204     1.082    -1.26    1.38
  64322.491     0.769    -0.83    1.16
  64699.882     0.614    -0.41    0.96
  65077.376     0.542    -0.19    0.83
  65454.975     0.815     0.72    0.99
  65832.678     1.064     0.66    1.01
  66210.485     1.177     0.30    1.11
  66588.396     1.284     0.28    1.14
  66966.412     1.122    -0.43    1.04
  67344.532     0.921    -0.53    1.03
  67722.756     1.104     0.49    1.19
  68101.085     1.125     0.06    1.09
  68479.519     1.146     0.05    1.15
  68858.057     1.710     1.49    1.37
  69236.701     1.930     0.58    1.46
  69615.449     1.816    -0.30    1.49
  69994.302     1.428    -1.02    1.42
  70373.260     0.800    -1.66    1.28
  70752.324     0.284    -1.36    0.78
  71131.493     0.200    -0.22    0.75
  71510.767     0.115    -0.22    0.70
  71890.147     0.249     0.35    0.85
  72269.632     0.258     0.02    0.85
  72649.223     0.105    -0.40    0.72
  73028.919    -0.017    -0.32    0.59
  73408.722    -0.128    -0.29    0.36
  73788.630     0.017     0.38    0.56
  74168.644     0.194     0.47    0.88
  74548.765     0.267     0.19    0.95
  74928.991     0.677     1.08    1.44
  75309.324     0.831     0.40    1.61
  75689.763     1.130     0.79    1.94
  76070.309     1.601     1.24    2.23
  76450.961     1.751     0.39    2.34
  76831.720     1.224    -1.38    1.99
  77212.585     0.760    -1.22    1.48
  77593.558     0.448    -0.82    1.32
  77974.637     0.219    -0.60    0.79
  78355.823     0.242     0.06    0.88
  78737.116     0.471     0.60    1.02
  79118.516     0.532     0.16    1.02
  79500.024     0.552     0.05    0.91
  79881.639     0.484    -0.18    0.97
  80263.361     0.304    -0.47    0.94
  80645.191     0.186    -0.31    0.91
  81027.129    -0.035    -0.58    0.72
  81409.174    -0.100    -0.17    0.35
  81791.327     0.226     0.85    0.85
  82173.588     0.808     1.52    1.61
  82555.957     1.375     1.49    2.21
  82938.434     1.725     0.91    2.51
  83321.019     1.365    -0.94    2.21
  83703.713     1.123    -0.63    1.84
  84086.514     1.246     0.32    1.71
  84469.424     1.216    -0.08    1.44
  84852.443     1.396     0.47    1.43
  85218.869     1.441     0.12    1.33
  85581.838     1.471     0.08    1.35
  85944.900     1.445    -0.07    1.26
  86308.057     1.192    -0.70    1.08
  86671.307     1.300     0.30    1.13
  87034.652     1.248    -0.14    1.06
  87398.091     1.438     0.52    1.34
  87761.624     1.838     1.10    1.55
  88125.251     2.020     0.50    1.54
  88488.972     2.081     0.17    1.60
  88852.788     1.708    -1.02    1.51
  89216.699     1.738     0.08    1.43
  89580.704     1.640    -0.27    1.36
  89944.804     1.686     0.13    1.32
  90308.998     1.747     0.17    1.34
  90673.287     2.009     0.72    1.44
  91037.672     2.012     0.01    1.42
  91402.151     2.067     0.15    1.28
  91766.725     2.024    -0.12    1.24
  92131.394     2.130     0.29    1.13
  92496.159     2.319     0.52    1.35
  92861.018     2.574     0.70    1.63
  93225.973     2.615     0.11    1.75
  93591.024     2.403    -0.58    1.83
  93956.170     1.933    -1.29    1.52
  94321.411     1.677    -0.70    1.23
  94686.748     1.800     0.34    1.21
  95052.181     1.925     0.34    1.21
  95417.710     1.792    -0.36    1.21
  95783.334     1.845     0.15    1.18
  96149.055     1.768    -0.21    1.14
  96514.871     1.784     0.04    1.12
  96880.784     2.012     0.62    1.15
  97246.793     1.995    -0.05    1.27
  97612.898     2.004     0.03    1.27
  97979.099     1.899    -0.29    1.34
  98345.397     1.977     0.21    1.36
  98711.791     2.101     0.34    1.38
  99078.282     2.243     0.39    1.38
  99444.870     2.420     0.48    1.43
  99811.554     2.625     0.56    1.46
 100178.335     2.368    -0.70    1.39
 100545.213     2.242    -0.34    1.48
 100912.188     2.072    -0.47    1.52
 101279.260     1.927    -0.39    1.40
 101646.429     2.148     0.60    1.55
 102013.695     2.241     0.25    1.53
 102381.058     2.552     0.85    1.42
 102748.519     2.428    -0.33    1.51
 103116.077     2.395    -0.09    1.52
 103483.733     2.454     0.16    1.52
 103851.486     2.479     0.07    1.61
 104219.337     2.720     0.66    1.81
 104587.286     3.231     1.39    1.98
 104955.333     3.464     0.63    2.01
 105323.477     3.485     0.06    1.96
 105691.720     3.747     0.71    1.70
 106060.060     3.609    -0.37    1.70
 106428.499     3.335    -0.74    1.49
 106797.036     3.777     1.20    1.68
 107165.671     3.746    -0.08    2.18
 107534.404     3.012    -1.99    2.78
 107903.237     2.186    -2.24    3.05
 108272.167     1.281    -2.45    2.82
 108641.196     0.722    -1.51    2.60
 109010.324     0.504    -0.59    2.51
 109379.551     1.189     1.85    2.84
 109748.876     2.084     2.42    3.04
 110118.301     3.213     3.06    2.53
 110487.824     4.029     2.21    1.49
 110857.447     3.553    -1.29    1.28
 111227.169     2.867    -1.86    1.23
 111596.990     2.494    -1.01    1.38
 111966.910     2.053    -1.19    1.37
 112336.930     1.747    -0.83    1.29
 112707.049     1.346    -1.09    1.00
 113077.268     1.323    -0.06    0.97
 113447.587     1.240    -0.22    0.99
 113818.005     1.281     0.11    1.03
 114188.523     1.632     0.95    1.51
 114559.141     1.559    -0.20    1.55
 114929.860     1.878     0.86    1.70
 115300.678     1.899     0.06    1.36
 115671.596     2.567     1.80    1.60
 116042.615     3.485     2.47    1.57
 116413.734     3.486     0.00    2.04
 116784.953     2.951    -1.44    2.66
 117156.273     2.284    -1.80    2.94
 117527.693     1.800    -1.30    3.08
 117899.215     1.580    -0.59    3.24
 118270.836     1.355    -0.60    3.16
 118642.559     1.732     1.01    3.09
 119014.383     2.553     2.21    2.98
 119386.307     2.504    -0.13    2.99
 119758.333     1.903    -1.61    3.14
 120130.460     0.434    -3.95    2.61
 120502.688    -0.724    -3.11    1.40
 120875.017    -0.588     0.36    1.71
 121247.448    -0.300     0.78    2.13
 121619.981    -0.293     0.02    2.22
 121992.615    -0.514    -0.59    1.98
 122365.350    -0.999    -1.30    0.94
 122738.187    -1.200    -0.54    0.00
 123111.127    -1.200     0.00    0.00
 123484.168    -0.712     1.31    1.58
 123857.311     1.103     4.86    3.10
 124230.556     2.121     2.73    3.20
 124603.903     2.767     1.73    3.09
 124977.353     1.800    -2.59    3.24
 125350.905     0.523    -3.42    2.93
 125724.559    -0.502    -2.74    2.21
 126098.316    -1.200    -1.87    0.00
 126472.176    -1.200     0.00    0.00
 126846.138    -1.200     0.00    0.00
 127220.203    -1.200     0.00    0.00
 127594.371    -1.200     0.00    0.00
 127968.642    -1.200     0.00    0.00
 128343.016    -1.200     0.00    0.00
 128717.493    -1.200     0.00    0.00
 129092.073    -1.200     0.00    0.00
 129466.756    -1.200     0.00    0.00
 129841.543    -1.058     0.38    0.84
 130216.433    -0.320     1.97    2.29
 130591.427     0.628     2.53    2.98
 130966.525     0.745     0.31    3.04
 131341.726     0.153    -1.58    2.71
 131717.031    -0.631    -2.09    1.65
 132092.440    -0.329     0.80    2.25
 132467.953     0.903     3.28    3.25
 132843.570     2.182     3.41    3.40
 133219.291     3.090     2.41    3.22
 133595.116     2.419    -1.78    3.24
 133971.046     1.181    -3.29    3.12
 134347.080     0.033    -3.05    2.58
 134723.219    -0.949    -2.61    1.08
 135099.462    -1.200    -0.67    0.00
 135475.810    -1.200     0.00    0.00
 135852.263    -1.177     0.06    0.15
 136228.820    -1.036     0.37    0.45
 136605.483    -0.693     0.91    0.78
 136982.251    -0.416     0.73    0.82
 137359.123    -0.408     0.02    0.79
 137736.101    -0.456    -0.13    0.77
 138113.185    -0.724    -0.71    0.56
 138490.373    -0.884    -0.43    0.47
 138867.667    -0.920    -0.10    0.45
 139245.067    -1.056    -0.36    0.35
 139622.573    -1.200    -0.38    0.00
 140000.184    -1.200     0.00    0.00
 140377.901    -1.200     0.00    0.00
 140755.724    -1.200     0.00    0.00
 141133.653    -1.200     0.00    0.00
 141511.688    -1.200     0.00    0.00
 141889.829    -1.200     0.00    0.00
 142268.077    -1.200     0.00    0.00
 142646.431    -1.200     0.00    0.00
 143024.892    -1.200     0.00    0.00
 143403.459    -1.200     0.00    0.00
 143782.133    -1.200     0.00    0.00
 144160.913    -1.200     0.00    0.00
 144539.800    -1.200     0.00    0.00
 144918.795    -1.200     0.00    0.00
 145297.896    -1.200     0.00    0.00
 145677.105    -1.200     0.00    0.00
 146056.420    -1.200     0.00    0.00
