 -87769.153    -1.562     0.00    0.00
 -87398.512    -1.562     0.00    0.00
 -87027.776    -1.562     0.00    0.00
 -86656.946    -1.562     0.00    0.00
 -86286.020    -1.562     0.00    0.00
 -85915.000    -1.562     0.00    0.00
 -85543.885    -1.562     0.00    0.00
 -85172.674    -1.562     0.00    0.00
 -84801.369    -1.562     0.00    0.00
 -84429.968    -1.562     0.00    0.00
 -84058.472    -1.562     0.00    0.00
 -83686.880    -1.562     0.00    0.00
 -83315.193    -1.562     0.00    0.00
 -82943.411    -1.562     0.00    0.00
 -82571.533    -1.562     0.00    0.00
 -82199.559    -1.562     0.00    0.00
 -81827.490    -1.562     0.00    0.00
 -81455.324    -1.562     0.00    0.00
 -81083.063    -1.562     0.00    0.00
 -80710.706    -1.562     0.00    0.00
 -80338.253    -1.562     0.00    0.00
 -79965.704    -1.562     0.00    0.00
 -79593.058    -1.562     0.00    0.00
 -79220.317    -1.562     0.00    0.00
 -78847.479    -1.562     0.00    0.00
 -78474.544    -1.562     0.00    0.00
 -78101.513    -1.562     0.00    0.00
 -77728.386    -1.562     0.00    0.00
 -77355.162    -1.562     0.00    0.00
 -76981.841    -1.562     0.00    0.00
 -76608.423    -1.562     0.00    0.00
 -76234.909    -1.562     0.00    0.00
 -75861.298    -1.562     0.00    0.00
 -75487.589    -1.562     0.00    0.00
 -75113.784    -1.562     0.00    0.00
 -74739.881    -1.562     0.00    0.00
 -74365.881    -1.562     0.00    0.00
 -73991.784    -1.562     0.00    0.00
 -73617.590    -1.562     0.00    0.00
 -73243.298    -1.562     0.00    0.00
 -72868.908    -1.562     0.00    0.00
 -72494.421    -1.562     0.00    0.00
 -72119.836    -1.562     0.00    0.00
 -71745.154    -1.562     0.00    0.00
 -71370.373    -1.562     0.00    0.00
 -70995.495    -1.562     0.00    0.00
 -70620.519    -1.562     0.00    0.00
 -70245.444    -1.562     0.00    0.00
 -69870.272    -1.562     0.00    0.00
 -69495.001    -1.562     0.00    0.00
 -69119.632    -0.996     1.51    2.54
 -68744.164     1.291     6.09    6.33
 -68368.598     5.228    10.48    9.18
 -67992.934     8.537     8.81    9.93
 -67617.171    12.192     9.73    9.21
 -67241.309    14.322     5.67    8.07
 -66865.349    17.081     7.34    5.24
 -66489.289    17.553     1.25    3.71
 -66113.131    17.888     0.89    1.41
 -65736.874    17.630    -0.69    1.37
 -65360.517    17.692     0.17    1.36
 -64984.062    17.662    -0.08    1.40
 -64607.507    17.577    -0.23    1.36
 -64230.853    17.730     0.40    1.22
 -63854.099    17.488    -0.64    1.34
 -63477.246    16.905    -1.55    1.36
 -63100.294    16.260    -1.71    1.09
 -62723.242    16.208    -0.14    1.21
 -62346.090    16.258     0.13    1.47
 -61968.838    16.788     1.40    1.78
 -61591.487    17.544     2.01    1.84
 -61214.036    18.529     2.61    2.60
 -60836.484    18.771     0.64    4.56
 -60458.833    17.377    -3.69    7.67
 -60081.081    15.771    -4.25    8.98
 -59703.229    12.946    -7.48   10.23
 -59325.277    10.587    -6.24   10.54
 -58947.224     7.909    -7.08   10.21
 -58569.071     6.040    -4.94    9.71
 -58190.817     3.502    -6.71    8.16
 -57812.463     1.664    -4.86    6.32
 -57434.007     0.184    -3.91    4.59
 -57055.451    -0.759    -2.49    2.66
 -56676.794    -1.033    -0.72    1.25
 -56298.037    -0.952     0.21    0.49
 -55919.178    -0.694     0.68    0.34
 -55540.218    -0.562     0.35    0.00
 -55161.156    -0.562     0.00    0.00
 -54781.994    -0.382     0.48    0.67
 -54402.730     0.107     1.29    1.42
 -54023.364     0.826     1.90    2.20
 -53643.897     2.454     4.29    4.29
 -53264.329     3.903     3.82    5.36
 -52884.658     4.688     2.07    5.36
 -52504.886     5.000     0.82    5.32
 -52125.012     3.528    -3.87    2.86
 -51745.036     2.733    -2.09    0.80
 -51364.958     2.496    -0.62    0.78
 -50984.778     2.414    -0.22    1.08
 -50604.496     2.324    -0.24    1.34
 -50224.111     1.954    -0.97    1.50
 -49843.624     1.635    -0.84    1.55
 -49463.035     1.077    -1.46    1.56
 -49082.343     0.544    -1.40    1.40
 -48701.549    -0.012    -1.46    1.09
 -48320.651    -0.375    -0.95    0.62
 -47939.651    -0.562    -0.49    0.00
 -47558.549    -0.562     0.00    0.00
 -47177.343    -0.562     0.00    0.00
 -46796.034    -0.562     0.00    0.00
 -46414.622    -0.562     0.00    0.00
 -46033.107    -0.562     0.00    0.00
 -45651.489    -0.562     0.00    0.00
 -45269.767    -0.562     0.00    0.00
 -44887.942    -0.562     0.00    0.00
 -44506.013    -0.562     0.00    0.00
 -44123.981    -0.562     0.00    0.00
 -43741.845    -0.562     0.00    0.00
 -43359.605    -0.562     0.00    0.00
 -42977.262    -0.562     0.00    0.00
 -42594.814    -0.562     0.00    0.00
 -42212.263    -0.393     0.44    0.91
 -41829.607    -0.079     0.82    1.59
 -41461.024     0.218     0.81    2.03
 -41097.699     0.381     0.45    1.95
 -40734.283     0.447     0.18    1.89
 -40370.776     0.252    -0.53    1.54
 -40007.178    -0.030    -0.78    1.17
 -39643.488    -0.380    -0.96    0.66
 -39279.708    -0.554    -0.48    0.09
 -38915.836    -0.562    -0.02    0.00
 -38551.873    -0.562     0.00    0.00
 -38187.818    -0.562     0.00    0.00
 -37823.672    -0.562     0.00    0.00
 -37459.434    -0.562     0.00    0.00
 -37095.105    -0.562     0.00    0.00
 -36730.684    -0.562     0.00    0.00
 -36366.171    -0.562     0.00    0.00
 -36001.566    -0.562     0.00    0.00
 -35636.870    -0.562     0.00    0.00
 -35272.081    -0.562     0.00    0.00
 -34907.201    -0.562     0.00    0.00
 -34542.228    -0.562     0.00    0.00
 -34177.163    -0.562     0.00    0.00
 -33812.006    -0.562     0.00    0.00
 -33446.756    -0.562     0.00    0.00
 -33081.414    -0.562     0.00    0.00
 -32715.980    -0.562     0.00    0.00
 -32350.452    -0.562     0.00    0.00
 -31984.833    -0.562     0.00    0.00
 -31619.120    -0.562     0.00    0.00
 -31253.315    -0.562     0.00    0.00
 -30887.417    -0.562     0.00    0.00
 -30521.426    -0.562     0.00    0.00
 -30155.343    -0.562     0.00    0.00
 -29789.166    -0.562     0.00    0.00
 -29422.896    -0.562     0.00    0.00
 -29056.532    -0.562     0.00    0.00
 -28690.076    -0.562     0.00    0.00
 -28323.526    -0.562     0.00    0.00
 -27956.883    -0.562     0.00    0.00
 -27590.146    -0.562     0.00    0.00
 -27223.316    -0.562     0.00    0.00
 -26856.392    -0.562     0.00    0.00
 -26489.374    -0.562     0.00    0.00
 -26122.263    -0.562     0.00    0.00
 -25755.058    -0.562     0.00    0.00
 -25387.759    -0.562     0.00    0.00
 -25020.365    -0.562     0.00    0.00
 -24652.878    -0.562     0.00    0.00
 -24285.297    -0.562     0.00    0.00
 -23917.621    -0.562     0.00    0.00
 -23549.852    -0.562     0.00    0.00
 -23181.987    -0.562     0.00    0.00
 -22814.029    -0.562     0.00    0.00
 -22445.976    -0.562     0.00    0.00
 -22077.828    -0.562     0.00    0.00
 -21709.586    -0.562     0.00    0.00
 -21341.249    -0.562     0.00    0.00
 -20972.817    -0.562     0.00    0.00
 -20604.290    -0.562     0.00    0.00
 -20235.669    -0.562     0.00    0.00
 -19866.952    -0.562     0.00    0.00
 -19498.140    -0.562     0.00    0.00
 -19129.233    -0.562     0.00    0.00
 -18760.231    -0.562     0.00    0.00
 -18391.134    -0.562     0.00    0.00
 -18021.941    -0.562     0.00    0.00
 -17652.653    -0.562     0.00    0.00
 -17283.269    -0.562     0.00    0.00
 -16913.790    -0.562     0.00    0.00
 -16544.215    -0.562     0.00    0.00
 -16174.544    -0.562     0.00    0.00
 -15804.777    -0.562     0.00    0.00
 -15434.915    -0.562     0.00    0.00
 -15064.956    -0.562     0.00    0.00
 -14694.901    -0.562     0.00    0.00
 -14324.751    -0.562     0.00    0.00
 -13954.504    -0.562     0.00    0.00
 -13584.160    -0.562     0.00    0.00
 -13213.721    -0.562     0.00    0.00
 -12843.185    -0.562     0.00    0.00
 -12472.552    -0.562     0.00    0.00
 -12101.823    -0.562     0.00    0.00
 -11730.997    -0.562     0.00    0.00
 -11360.075    -0.562     0.00    0.00
 -10989.056    -0.562     0.00    0.00
 -10617.939    -0.562     0.00    0.00
 -10246.726    -0.562     0.00    0.00
  -9875.416    -0.290     0.73    0.84
  -9504.009    -0.046     0.66    1.11
  -9132.504     0.167     0.57    1.24
  -8760.902     0.182     0.04    1.27
  -8389.203     0.091    -0.24    1.21
  -8017.407     0.206     0.31    1.26
  -7645.513     0.422     0.58    1.36
  -7273.521     0.870     1.20    1.46
  -6901.432     1.454     1.57    1.35
  -6529.245     1.857     1.08    1.12
  -6156.960     2.172     0.84    0.78
  -5784.577     2.140    -0.09    0.86
  -5412.096     2.074    -0.18    0.95
  -5039.518     1.894    -0.48    1.13
  -4666.841     1.806    -0.24    1.19
  -4294.066     1.633    -0.46    1.30
  -3921.192     1.342    -0.78    1.41
  -3548.221     1.135    -0.56    1.45
  -3175.151     0.755    -1.02    1.45
  -2801.982     0.494    -0.70    1.40
  -2428.715     0.136    -0.96    1.24
  -2055.349    -0.074    -0.56    1.08
  -1681.884    -0.248    -0.46    0.89
  -1308.321    -0.480    -0.62    0.44
   -934.659    -0.546    -0.18    0.13
   -560.897    -0.287     0.69    1.02
   -187.037     0.446     1.96    1.93
    186.923     1.009     1.51    2.16
    560.981     1.686     1.81    2.20
    935.139     2.265     1.55    1.98
   1309.397     2.816     1.47    1.59
   1683.754     3.206     1.04    1.02
   2058.210     3.381     0.47    0.34
   2432.766     3.403     0.06    0.35
   2807.422     3.620     0.58    0.50
   3182.177     4.059     1.17    1.43
   3557.033     7.059     8.00    6.06
   3931.988     7.946     2.37    6.78
   4307.043     7.277    -1.78    7.42
   4682.199     5.303    -5.26    6.96
   5057.454     2.266    -8.09    3.25
   5432.810     1.742    -1.40    1.23
   5808.266     2.278     1.43    0.63
   6183.823     2.438     0.43    0.00
   6559.480     2.422    -0.04    0.13
   6935.237     1.849    -1.52    1.14
   7311.096     0.950    -2.39    1.47
   7687.055     0.271    -1.81    1.29
   8063.115    -0.176    -1.19    0.95
   8439.275     0.001     0.47    1.13
   8815.537     0.335     0.89    1.31
   9191.900     0.758     1.12    1.45
   9568.364     1.265     1.35    1.43
   9944.929     1.671     1.08    1.26
  10321.596     1.684     0.04    1.28
  10698.363     1.648    -0.10    1.30
  11075.233     1.804     0.41    1.20
  11452.204     1.910     0.28    1.10
  11829.276     2.093     0.49    0.90
  12206.451     2.222     0.34    0.72
  12583.727     2.254     0.08    0.65
  12961.105     1.844    -1.09    1.11
  13338.585     1.252    -1.57    1.41
  13716.167     0.580    -1.78    1.37
  14093.851     0.588     0.02    1.36
  14471.637     0.982     1.04    1.45
  14849.526     1.838     2.27    1.15
  15227.517     1.978     0.37    1.02
  15605.610     1.421    -1.47    1.38
  15983.806     1.141    -0.74    1.42
  16362.105     1.198     0.15    1.41
  16740.506     1.644     1.18    1.28
  17119.010     2.255     1.61    0.61
  17497.618     1.950    -0.81    1.09
  17876.328     1.564    -1.02    1.33
  18255.141     1.446    -0.31    1.37
  18634.057     1.550     0.27    1.33
  19013.076     1.926     0.99    1.08
  19392.199     2.438     1.35    0.00
  19771.425     2.438     0.00    0.00
  20150.755     2.380    -0.15    0.23
  20530.188     1.652    -1.92    1.26
  20909.725     0.890    -2.01    1.45
  21289.365     0.014    -2.31    1.11
  21669.110    -0.477    -1.29    0.40
  22048.958    -0.562    -0.22    0.00
  22428.910    -0.562     0.00    0.00
  22808.967    -0.562     0.00    0.00
  23189.127    -0.562     0.00    0.00
  23569.392    -0.491     0.19    0.34
  23949.761    -0.179     0.82    0.77
  24330.234     0.147     0.86    0.94
  24710.812     0.389     0.64    0.98
  25091.495     0.595     0.54    0.93
  25472.282     0.721     0.33    0.90
  25853.174     0.704    -0.05    0.90
  26234.171     0.477    -0.60    0.96
  26615.272     0.171    -0.80    0.95
  26996.479    -0.038    -0.55    0.86
  27377.791     0.054     0.24    0.90
  27759.208     0.406     0.92    0.98
  28140.730     0.847     1.16    0.89
  28522.358     1.192     0.90    0.62
  28904.091     1.368     0.46    0.34
  29285.930     1.354    -0.04    0.38
  29667.874     1.414     0.16    0.20
  30049.924     1.438     0.06    0.00
  30432.080     1.438     0.00    0.00
  30814.342     1.438     0.00    0.00
  31196.709     1.438     0.00    0.00
  31579.183     1.438     0.00    0.00
  31961.763     1.438     0.00    0.00
  32344.449     1.438     0.00    0.00
  32727.242     1.438     0.00    0.00
  33104.546     1.438     0.00    0.00
  33467.642     1.438     0.00    0.00
  33830.831     1.438     0.00    0.00
  34194.113     1.438     0.00    0.00
  34557.487     1.422    -0.04    0.18
  34920.953     1.094    -0.90    0.74
  35284.513     0.878    -0.59    0.88
  35648.165     0.844    -0.09    0.90
  36011.910     0.859     0.04    0.89
  36375.748     1.285     1.17    0.51
  36739.679     1.438     0.42    0.00
  37103.703     1.438     0.00    0.00
  37467.820     1.438     0.00    0.00
  37832.030     1.438     0.00    0.00
  38196.334     1.303    -0.37    0.48
  38560.731     0.886    -1.14    0.88
  38925.221     0.391    -1.36    0.99
  39289.805    -0.066    -1.25    0.85
  39654.482    -0.481    -1.14    0.37
  40019.253    -0.562    -0.22    0.00
  40384.118    -0.562     0.00    0.00
  40749.077    -0.562     0.00    0.00
  41114.129    -0.562     0.00    0.00
  41479.276    -0.562     0.00    0.00
  41844.516    -0.546     0.04    0.18
  42209.851    -0.531     0.04    0.25
  42575.279    -0.449     0.22    0.45
  42940.802     0.054     1.38    0.91
  43306.420     0.624     1.56    0.97
  43672.131     1.156     1.45    0.68
  44037.937     1.390     0.64    0.21
  44403.838     1.196    -0.53    0.43
  44769.833     0.966    -0.63    0.50
  45135.923     0.721    -0.67    0.45
  45502.108     0.524    -0.54    0.28
  45868.387     0.406    -0.32    0.18
  46234.761     0.210    -0.54    0.42
  46601.231    -0.039    -0.68    0.50
  46967.795    -0.286    -0.67    0.45
  47334.455    -0.476    -0.52    0.28
  47701.210    -0.562    -0.23    0.00
  48068.060    -0.562     0.00    0.00
  48435.005    -0.178     1.05    1.65
  48802.046     1.800     5.39    4.27
  49169.182     3.505     4.64    4.73
  49536.414     3.701     0.54    4.62
  49903.741     3.993     0.79    4.39
  50271.165     3.380    -1.67    3.82
  50638.684     3.013    -1.00    3.06
  51006.299     3.989     2.66    2.95
  51374.010     5.346     3.69    2.45
  51741.817     5.818     1.28    2.18
  52109.720     6.566     2.03    1.86
  52477.719     7.129     1.53    1.57
  52845.814     7.306     0.48    1.63
  53214.006     6.930    -1.02    2.73
  53582.294     5.091    -4.99    3.86
  53950.679     3.043    -5.56    4.08
  54319.160     1.030    -5.46    3.20
  54687.738    -0.403    -3.89    0.84
  55056.413     0.211     1.67    1.96
  55425.184     1.763     4.21    3.18
  55794.053     3.808     5.54    3.22
  56163.018     5.407     4.33    2.45
  56532.080     6.563     3.13    1.29
  56901.240     6.461    -0.28    1.58
  57270.496     5.508    -2.58    2.82
  57639.850     4.163    -3.64    3.47
  58009.301     2.942    -3.31    3.53
  58378.850     2.493    -1.22    3.48
  58748.496     2.623     0.35    3.36
  59118.240     3.227     1.63    3.26
  59488.081     4.526     3.51    2.74
  59858.020     5.350     2.23    1.77
  60228.057     5.050    -0.81    1.70
  60598.192     5.228     0.48    1.82
  60968.425     5.174    -0.15    1.74
  61338.756     5.563     1.05    1.89
  61709.184     6.280     1.93    1.55
  62079.712     6.368     0.24    2.00
  62450.337     5.555    -2.19    3.08
  62821.061     4.188    -3.69    3.88
  63191.883     2.680    -4.07    3.92
  63562.804     1.066    -4.35    3.17
  63933.823    -0.070    -3.06    1.68
  64304.941    -0.562    -1.33    0.00
  64676.157    -0.562     0.00    0.00
  65047.473    -0.562     0.00    0.00
  65418.887    -0.562     0.00    0.00
  65790.401     0.277     2.26    2.72
  66162.013     2.306     5.46    4.50
  66533.725     4.297     5.36    5.01
  66905.536     6.859     6.89    4.82
  67277.446     6.884     0.07    4.88
  67649.456     5.345    -4.14    5.08
  68021.565     3.198    -5.77    5.07
  68393.774     0.852    -6.30    3.26
  68766.082     0.534    -0.85    2.32
  69138.490     0.469    -0.17    2.33
  69510.998     0.546     0.20    2.38
  69883.605     0.290    -0.69    2.20
  70256.313    -0.562    -2.29    0.00
  70629.121    -0.562     0.00    0.00
  71002.029    -0.562     0.00    0.00
  71375.037    -0.562     0.00    0.00
  71748.145    -0.242     0.86    1.43
  72121.354     1.950     5.87    4.38
  72494.663     3.571     4.34    5.03
  72868.072     4.206     1.70    4.78
  73241.583     3.630    -1.54    4.52
  73615.193     1.926    -4.56    3.42
  73988.905     1.338    -1.57    2.40
  74362.718     1.201    -0.37    2.29
  74736.631     1.196    -0.01    2.18
  75110.646     0.797    -1.07    1.77
  75484.761     0.884     0.23    1.75
  75858.978     0.938     0.14    1.72
  76233.296     1.329     1.05    1.83
  76607.716     1.717     1.04    1.64
  76982.237     1.793     0.20    1.41
  77356.859     1.953     0.43    1.27
  77731.583     1.777    -0.47    1.35
  78106.409     1.556    -0.59    1.67
  78481.336     1.468    -0.23    1.79
  78856.366     1.126    -0.91    1.81
  79231.497     0.946    -0.48    1.60
  79606.730     0.789    -0.42    1.44
  79982.065     0.731    -0.16    1.34
  80357.503     0.599    -0.35    1.27
  80733.043     0.313    -0.76    0.96
  81108.685     0.032    -0.75    0.77
  81484.430     0.125     0.25    0.87
  81860.277     0.289     0.44    1.07
  82236.227     0.283    -0.02    1.04
  82612.279     0.229    -0.14    1.04
  82988.434     0.247     0.05    1.03
  83364.692     0.178    -0.18    0.94
  83741.053     0.263     0.23    1.09
  84117.517     0.391     0.34    1.07
  84494.085     0.353    -0.10    1.12
  84870.755     0.611     0.69    1.36
  85247.529     0.934     0.86    1.66
  85624.406     1.081     0.39    1.82
  86001.386     1.167     0.23    1.73
  86378.470     1.194     0.07    1.67
  86755.658     0.720    -1.26    1.38
  87132.949     0.407    -0.83    1.16
  87510.345     0.252    -0.41    0.96
  87887.844     0.180    -0.19    0.83
  88265.447     0.453     0.72    0.99
  88643.154     0.702     0.66    1.01
  89020.965     0.815     0.30    1.11
  89398.881     0.923     0.28    1.14
  89776.901     0.761    -0.43    1.04
  90155.025     0.559    -0.53    1.03
  90533.254     0.743     0.49    1.19
  90911.587     0.764     0.06    1.09
  91290.025     0.784     0.05    1.15
  91668.568     1.348     1.49    1.37
  92047.215     1.569     0.58    1.46
  92425.968     1.454    -0.30    1.49
  92804.826     1.066    -1.02    1.42
  93183.788     0.438    -1.66    1.28
  93562.856    -0.078    -1.36    0.78
  93942.029    -0.162    -0.22    0.75
  94321.308    -0.247    -0.22    0.70
  94700.692    -0.112     0.35    0.85
  95080.181    -0.104     0.02    0.85
  95459.777    -0.256    -0.40    0.72
  95839.478    -0.379    -0.32    0.59
  96219.284    -0.490    -0.29    0.36
  96599.197    -0.345     0.38    0.56
  96979.216    -0.168     0.47    0.88
  97359.340    -0.095     0.19    0.95
  97739.571     0.316     1.08    1.44
  98119.908     0.469     0.40    1.61
  98500.352     0.769     0.79    1.94
  98880.902     1.239     1.24    2.23
  99261.558     1.389     0.39    2.34
  99642.321     0.862    -1.38    1.99
 100023.191     0.399    -1.22    1.48
 100404.168     0.087    -0.82    1.32
 100785.251    -0.142    -0.60    0.79
 101166.442    -0.119     0.06    0.88
 101547.739     0.110     0.60    1.02
 101929.144     0.170     0.16    1.02
 102310.656     0.190     0.05    0.91
 102692.275     0.123    -0.18    0.97
 103074.002    -0.058    -0.47    0.94
 103455.836    -0.176    -0.31    0.91
 103837.778    -0.397    -0.58    0.72
 104219.828    -0.462    -0.17    0.35
 104601.985    -0.136     0.85    0.85
 104984.250     0.446     1.52    1.61
 105366.624     1.014     1.49    2.21
 105749.105     1.364     0.91    2.51
 106131.694     1.003    -0.94    2.21
 106514.392     0.761    -0.63    1.84
 106897.198     0.884     0.32    1.71
 107280.113     0.855    -0.08    1.44
 107663.136     1.035     0.47    1.43
 108029.566     1.079     0.12    1.33
 108392.538     1.110     0.08    1.35
 108755.605     1.083    -0.07    1.26
 109118.766     0.830    -0.70    1.08
 109482.020     0.938     0.30    1.13
 109845.369     0.887    -0.14    1.06
 110208.812     1.076     0.52    1.34
 110572.349     1.476     1.10    1.55
 110935.980     1.658     0.50    1.54
 111299.706     1.719     0.17    1.60
 111663.526     1.346    -1.02    1.51
 112027.440     1.376     0.08    1.43
 112391.449     1.278    -0.27    1.36
 112755.553     1.324     0.13    1.32
 113119.752     1.385     0.17    1.34
 113484.045     1.648     0.72    1.44
 113848.433     1.650     0.01    1.42
 114212.916     1.705     0.15    1.28
 114577.495     1.662    -0.12    1.24
 114942.168     1.769     0.29    1.13
 115306.936     1.957     0.52    1.35
 115671.800     2.212     0.70    1.63
 116036.759     2.253     0.11    1.75
 116401.814     2.041    -0.58    1.83
 116766.964     1.572    -1.29    1.52
 117132.209     1.315    -0.70    1.23
 117497.551     1.438     0.34    1.21
 117862.987     1.563     0.34    1.21
 118228.520     1.430    -0.36    1.21
 118594.149     1.483     0.15    1.18
 118959.873     1.407    -0.21    1.14
 119325.694     1.422     0.04    1.12
 119691.611     1.650     0.62    1.15
 120057.623     1.633    -0.05    1.27
 120423.733     1.643     0.03    1.27
 120789.938     1.537    -0.29    1.34
 121156.240     1.615     0.21    1.36
 121522.638     1.740     0.34    1.38
 121889.133     1.882     0.39    1.38
 122255.725     2.058     0.48    1.43
 122622.413     2.263     0.56    1.46
 122989.198     2.006    -0.70    1.39
 123356.080     1.881    -0.34    1.48
 123723.059     1.710    -0.47    1.52
 124090.135     1.566    -0.39    1.40
 124457.308     1.786     0.60    1.55
 124824.578     1.879     0.25    1.53
 125191.946     2.190     0.85    1.42
 125559.411     2.067    -0.33    1.51
 125926.973     2.033    -0.09    1.52
 126294.633     2.092     0.16    1.52
 126662.390     2.117     0.07    1.61
 127030.245     2.359     0.66    1.81
 127398.198     2.870     1.39    1.98
 127766.249     3.102     0.63    2.01
 128134.397     3.123     0.06    1.96
 128502.644     3.385     0.71    1.70
 128870.988     3.247    -0.37    1.70
 129239.431     2.973    -0.74    1.49
 129607.972     3.415     1.20    1.68
 129976.611     3.384    -0.08    2.18
 130345.349     2.651    -1.99    2.78
 130714.185     1.824    -2.24    3.05
 131083.120     0.919    -2.45    2.82
 131452.153     0.360    -1.51    2.60
 131821.285     0.142    -0.59    2.51
 132190.516     0.827     1.85    2.84
 132559.845     1.723     2.42    3.04
 132929.274     2.851     3.06    2.53
 133298.801     3.667     2.21    1.49
 133668.428     3.192    -1.29    1.28
 134038.154     2.505    -1.86    1.23
 134407.979     2.133    -1.01    1.38
 134777.904     1.692    -1.19    1.37
 135147.928     1.386    -0.83    1.29
 135518.051     0.984    -1.09    1.00
 135888.274     0.961    -0.06    0.97
 136258.597     0.878    -0.22    0.99
 136629.019     0.919     0.11    1.03
 136999.541     1.270     0.95    1.51
 137370.164     1.197    -0.20    1.55
 137740.886     1.516     0.86    1.70
 138111.708     1.537     0.06    1.36
 138482.631     2.205     1.80    1.60
 138853.653     3.123     2.47    1.57
 139224.776     3.124     0.00    2.04
 139596.000     2.589    -1.44    2.66
 139967.324     1.922    -1.80    2.94
 140338.748     1.438    -1.30    3.08
 140710.274     1.218    -0.59    3.24
 141081.900     0.993    -0.60    3.16
 141453.626     1.370     1.01    3.09
 141825.454     2.192     2.21    2.98
 142197.383     2.142    -0.13    2.99
 142569.413     1.542    -1.61    3.14
 142941.543     0.072    -3.95    2.61
 143313.776    -1.086    -3.11    1.40
 143686.109    -0.950     0.36    1.71
 144058.544    -0.661     0.78    2.13
 144431.081    -0.654     0.02    2.22
 144803.719    -0.876    -0.59    1.98
 145176.458    -1.361    -1.30    0.94
 145549.300    -1.562    -0.54    0.00
 145922.243    -1.562     0.00    0.00
 146295.288    -1.074     1.31    1.58
 146668.435     0.741     4.86    3.10
 147041.685     1.759     2.73    3.20
 147415.036     2.406     1.73    3.09
 147788.490     1.438    -2.59    3.24
 148162.046     0.161    -3.42    2.93
 148535.705    -0.864    -2.74    2.21
 148909.466    -1.562    -1.87    0.00
 149283.329    -1.562     0.00    0.00
 149657.296    -1.562     0.00    0.00
 150031.365    -1.562     0.00    0.00
 150405.537    -1.562     0.00    0.00
 150779.812    -1.562     0.00    0.00
 151154.190    -1.562     0.00    0.00
 151528.671    -1.562     0.00    0.00
 151903.255    -1.562     0.00    0.00
 152277.943    -1.562     0.00    0.00
 152652.733    -1.419     0.38    0.84
 153027.628    -0.681     1.97    2.29
 153402.626     0.266     2.53    2.98
 153777.727     0.383     0.31    3.04
 154152.933    -0.209    -1.58    2.71
 154528.242    -0.993    -2.09    1.65
 154903.655    -0.691     0.80    2.25
 155279.172     0.541     3.28    3.25
 155654.793     1.821     3.41    3.40
 156030.518     2.728     2.41    3.22
 156406.348     2.057    -1.78    3.24
 156782.282     0.819    -3.29    3.12
 157158.320    -0.329    -3.05    2.58
 157534.463    -1.310    -2.61    1.08
 157910.710    -1.562    -0.67    0.00
 158287.062    -1.562     0.00    0.00
 158663.519    -1.539     0.06    0.15
 159040.081    -1.398     0.37    0.45
 159416.748    -1.055     0.91    0.78
 159793.519    -0.778     0.73    0.82
 160170.396    -0.769     0.02    0.79
 160547.378    -0.818    -0.13    0.77
 160924.466    -1.086    -0.71    0.56
 161301.659    -1.246    -0.43    0.47
 161678.957    -1.282    -0.10    0.45
 162056.361    -1.418    -0.36    0.35
 162433.871    -1.562    -0.38    0.00
 162811.486    -1.562     0.00    0.00
 163189.207    -1.562     0.00    0.00
 163567.034    -1.562     0.00    0.00
 163944.967    -1.562     0.00    0.00
 164323.007    -1.562     0.00    0.00
 164701.152    -1.562     0.00    0.00
 165079.404    -1.562     0.00    0.00
 165457.762    -1.562     0.00    0.00
 165836.227    -1.562     0.00    0.00
 166214.798    -1.562     0.00    0.00
 166593.476    -1.562     0.00    0.00
 166972.261    -1.562     0.00    0.00
 167351.152    -1.562     0.00    0.00
 167730.151    -1.562     0.00    0.00
 168109.256    -1.562     0.00    0.00
 168488.469    -1.562     0.00    0.00
 168867.789    -1.562     0.00    0.00
