# NaN NaN NaN ;Mean Elev.(m), Avg Gradient(m/km), RMS Gradient(m/km) - SRTM1     
#    3.788  -0.518   7.580 ;Mean Elev.(m), Avg Gradient(m/km), RMS Gradient(m/km) - ASTER GDEM
#    1.200  -0.088   2.081 ;Mean Elev.(m), Avg Gradient(m/km), RMS Gradient(m/km) - GMTED2010 
  7 127.345765  72.617683     8.212     8.212  2 52456.48374173 25.489
 10 127.337905  72.616206     2.426     2.416  3 52561.48374298 48.127
 12 127.337350  72.614503     4.129     4.617  3 52631.48369454 18.466
 15 127.350487  72.621195     4.292     4.292  2 52736.48372788 12.017
 16 127.357804  72.622770     2.039     2.039  2 52771.48370261 29.225
 17 127.328248  72.615553     7.865     8.569  3 52806.48375130 32.226
 18 127.333793  72.616569     8.355     8.501  3 52841.48381086 29.876
 19 127.338955  72.616593     8.357     8.357  2 52876.48384947 25.250
 20 127.359479  72.622103     7.750     7.750  2 52911.48381209 24.637
 23 127.350369  72.621038     2.024     2.024  2 53016.48380128 15.941
 24 127.337036  72.614592     2.426     2.516  3 53051.48377815 15.475
 25 127.349412  72.618568     2.298     2.298  2 53086.48381503 14.055
 26 127.335884  72.615534     2.187     2.180  3 53121.48378507  9.906
 28 127.349755  72.618669     8.139     8.139  2 53191.48383199 26.970
 29 127.349661  72.620817     8.497     8.497  2 53226.48383626 29.497
 30 127.356160  72.620757     5.411     5.411  2 53261.48380987 28.388
 31 127.329372  72.616094     4.168     4.196  3 53296.48384331 34.419
 32 127.344326  72.618923     2.276     2.276  2 53331.48381565 24.393
 34 127.339545  72.616438     2.614     2.537  3 53401.48378910 19.828
 35 127.353676  72.621916     3.035     3.035  2 53436.48377907 19.615
 36 127.337074  72.614439     3.095     3.084  3 53471.48382862 17.793
 37 127.342571  72.618294     2.177     2.140  3 53506.48386256 23.659
 38 127.342974  72.618597     8.373     8.373  2 53541.48386731 30.502
 39 127.351900  72.619733     8.320     8.320  2 53576.48385679 27.348
 40 127.356190  72.622182     8.033     8.033  2 53611.48380882 27.639
 41 127.333819  72.615984     8.178     8.207  3 53646.48381263 24.334
 42 127.345655  72.618112     2.320     2.320  2 53681.48382882 19.758
 43 127.357968  72.621372     2.666     2.666  2 53716.48375666 17.346
 44 127.333450  72.616525     4.597     5.084  3 53751.48367490 15.786
 45 127.349877  72.620823     3.719     3.719  2 53786.48370537 16.278
 46 127.397816  72.608046     3.442     4.168  6 53821.48365797 15.952
 47 127.334963  72.616389     3.782     2.807  3 53856.48374987 11.235
 48 127.343890  72.618916     7.119     8.132  3 53891.48376217 33.130
 49 127.336642  72.615434     6.891     8.336  3 53926.48382376 26.575
 50 127.348203  72.619024     6.361     8.345  3 53961.48380974 27.969
 51 127.324197  72.613017     3.497     3.458  3 53996.48375064 31.957
 52 127.339833  72.615530     3.429     3.445  3 54031.48380372 32.268
 53 127.352209  72.618667     2.934     2.934  2 54066.48379767 19.615
 54 127.358973  72.620112     4.132     4.132  2 54101.48375967 17.629
 55 127.336035  72.615933     5.995     6.092  3 54136.48372493 14.648
 56 127.355176  72.619451     2.979     2.979  2 54171.48373609 11.606
 57 127.332547  72.616239     5.598     5.851  3 54206.48373016 12.084
 58 127.344470  72.618514     1.675     1.582  3 54241.48376327 17.541
 59 127.344109  72.618603     8.390     8.390  2 54276.48377805 26.514
 61 127.357720  72.621594     6.375     8.103  3 54346.48375278 27.824
 62 127.339671  72.615432     6.941     7.368  3 54381.48371536 21.037
 63 127.350244  72.620365     2.298     2.298  2 54416.48370168 19.756
 64 127.332967  72.615492     1.634     1.638  3 54451.48368434 16.634
 65 127.346863  72.618636     2.214     2.100  3 54486.48369796 13.930
 66 127.339257  72.617048     2.062     2.062  2 54521.48369772 12.748
 67 127.351869  72.621384     2.767     2.767  2 54556.48370892 10.634
 68 127.341986  72.617251     2.843     2.244  3 54591.48369381 10.551
 69 127.346849  72.619289     7.770     7.770  2 54626.48370984 26.101
 70 127.342824  72.617238     8.052     8.379  3 54661.48371751 28.213
 71 127.354135  72.620436     6.282     7.683  3 54696.48369438 28.767
 72 127.335192  72.617099     8.366     8.552  3 54731.48367366 31.737
 73 127.346204  72.618348     2.856     2.846  3 54766.48367299 30.034
 74 127.332002  72.616690     2.579     3.001  3 54801.48366749 22.595
 75 127.344512  72.619427     3.076     3.076  2 54836.48366543 20.990
 76 127.334698  72.616514     3.147     3.142  3 54871.48366558 20.185
 77 127.353300  72.621887     2.820     2.820  2 54906.48367356 16.480
 78 127.335526  72.617035     3.533     3.379  3 54941.48365828 14.711
 79 127.343706  72.617605     3.660     3.660  2 54976.48368654 27.163
 80 127.348090  72.618670     5.503     4.046  3 55011.48369586 33.702
 81 127.342558  72.618620     8.153     8.437  3 55046.48368769 27.937
 82 127.358449  72.620757     2.866     2.866  2 55081.48366054 29.831
 83 127.339334  72.616209     7.494     7.494  2 55116.48361925 21.726
 84 127.347044  72.618572     2.115     2.066  3 55151.48361788 15.828
 85 127.336304  72.615230     1.961     1.685  3 55186.48360524 13.150
 86 127.347037  72.619588     2.505     2.505  2 55221.48361643 13.512
 87 127.342293  72.616049     2.277     2.126  3 55256.48360117 12.252
 88 127.357135  72.620411     3.185     3.185  2 55291.48360496 10.972
 89 127.342261  72.618078     1.860     1.854  3 55326.48358647 10.869
 90 127.348761  72.619870     8.222     8.222  2 55361.48358309 29.191
 91 127.336269  72.617011     8.207     8.483  3 55396.48358966 30.305
 92 127.345142  72.618724     8.126     8.222  3 55431.48359822 24.778
 93 127.379852  72.612633     7.949     8.043  4 55466.48355644 24.663
