# NaN NaN NaN ;Mean Elev.(m), Avg Gradient(m/km), RMS Gradient(m/km) - SRTM1     
#    4.267  -6.431  11.595 ;Mean Elev.(m), Avg Gradient(m/km), RMS Gradient(m/km) - ASTER GDEM
#   16.996  -5.508  11.676 ;Mean Elev.(m), Avg Gradient(m/km), RMS Gradient(m/km) - GMTED2010 
  8 125.054565  69.722411    22.654    19.981 14 52506.50305378 19.296
  9 125.058111  69.707885    21.939    21.559 16 52541.50303340 17.733
 10 125.078764  69.697175    14.638    13.781  8 52576.50307943 28.078
 11 125.059878  69.719621    18.839    18.398 15 52611.50304648 15.536
 12 125.059589  69.710940    20.928    20.247 17 52646.50303146 12.021
 13 125.053091  69.731563    18.767    18.483 10 52681.50300655 10.564
 15 125.053498  69.720635    20.686    20.207 14 52751.50308655  8.085
 16 125.048551  69.706653    16.923    19.190 13 52786.50302845 20.967
 17 125.045289  69.713695    46.954    37.146 12 52821.50310321 10.581
 18 125.065146  69.706450    15.723    15.659  7 52856.50314882 48.410
 19 125.053932  69.715538    52.461    49.716 14 52891.50318317 15.402
 20 125.066923  69.721253    13.510    13.693  4 52926.50313619 35.176
 21 125.057133  69.711416    15.574    16.641 11 52961.50310282 18.385
 22 125.054497  69.715423    17.983    15.901 16 52996.50314388 11.711
 23 125.053133  69.730676    15.214    15.508 10 53031.50310752 11.393
 24 125.056928  69.716067    19.779    18.281 16 53066.50311331  8.952
 25 125.053080  69.729684    18.225    18.128 10 53101.50311399  8.540
 26 125.041656  69.726119    21.471    17.184 10 53136.50311747  7.990
 27 125.046051  69.719235    49.191    39.186 10 53171.50316697 13.380
 30 125.056361  69.702371    21.420    21.647 12 53276.50311560 36.524
 34 125.061392  69.719544    19.880    20.064 16 53416.50310253  9.303
 35 125.040742  69.712567    19.134    18.302 12 53451.50309983  7.773
 36 125.039721  69.720277    22.659    19.454 10 53486.50318654  6.607
 37 125.053170  69.722345    38.490    35.735 13 53521.50317928 36.782
 38 125.081647  69.696553    17.578    17.541  7 53556.50319827 39.713
 39 125.052669  69.734311    19.443    19.381  7 53591.50314415 12.583
 40 125.045809  69.704684    38.797    39.268 10 53626.50312680 41.971
 41 125.081751  69.693554    12.791    13.338  5 53661.50314948 43.894
 42 125.065264  69.717850    15.079    14.777  8 53696.50312278 19.360
 44 125.056359  69.716111    16.872    17.028 16 53766.50301769 11.558
 45 125.051032  69.733706    14.653    14.963 10 53801.50302274 10.122
 46 125.040379  69.715659    17.431    17.300 11 53836.50302774  7.948
 47 125.061157  69.710345    17.716    17.635 16 53871.50308170 12.080
 48 125.047299  69.718403    45.738    35.767 12 53906.50312240 12.154
 49 125.062287  69.706394    30.785    31.936 15 53941.50314848 41.635
 50 125.050966  69.729624    19.513    19.848 11 53976.50310797 15.147
 51 125.036394  69.717662    20.946    21.055  9 54011.50310894 13.509
 52 125.082530  69.700910    12.752    12.698  5 54046.50311820 25.506
 53 125.083456  69.704831    16.298    21.360  5 54081.50311181 22.305
 54 125.055678  69.733436    15.591    14.321  9 54116.50305045 16.573
 55 125.053434  69.718072    18.480    17.982 14 54151.50306568 12.426
 56 125.052883  69.733233    18.470    18.468 10 54186.50304290 10.644
 57 125.050646  69.715224    45.763    43.341 15 54221.50307492  3.897
 58 125.060294  69.715195    48.990    48.513 15 54256.50309760 17.640
 59 125.048084  69.724840    29.261    27.302 12 54291.50310139 14.043
 60 125.060780  69.719114    42.861    42.050 15 54326.50309725 26.206
 61 125.056168  69.732904    25.095    26.831  9 54361.50305093 15.396
 62 125.065837  69.709460    20.400    20.154 11 54396.50303528 38.690
 63 125.052583  69.731072    16.582    17.470 10 54431.50300058 12.173
 64 125.054427  69.714265    20.899    18.288 15 54466.50301737  9.710
 65 125.050959  69.728900    19.213    19.325 11 54501.50301392  7.898
 66 125.047961  69.725769    18.967    18.780 11 54536.50303471  8.053
 67 125.052215  69.732513    20.573    20.621 10 54571.50301672  5.780
 68 125.060902  69.713354    15.895    17.423 13 54606.50302604 19.930
 69 125.056114  69.720744    47.088    41.595 15 54641.50303660 12.423
 70 125.051089  69.721079    33.373    28.387 13 54676.50303892 15.999
 71 125.054784  69.731803    20.437    18.891  9 54711.50299577 15.138
 72 125.077230  69.700004    19.065    19.480  8 54746.50300249 23.255
 73 125.078551  69.707246    13.495    13.512  7 54781.50297606 22.814
 74 125.062785  69.709233    15.368    16.953 11 54816.50299754 18.566
 75 125.057319  69.723788    13.469    13.510  8 54851.50297759 15.749
 76 125.055856  69.715840    14.653    12.452 14 54886.50300293 13.556
 77 125.052398  69.734334    17.259    17.893 10 54921.50298053 10.045
 78 125.064217  69.707070    15.867    15.902 11 54956.50299730 20.524
 79 125.062732  69.711364    53.731    57.480 15 54991.50302118 16.839
 80 125.071805  69.711994    19.899    19.874 10 55026.50301182 14.461
 81 125.048406  69.725209    21.429    22.320 11 55061.50300811 41.459
 82 125.064062  69.727010    16.398    16.399  6 55096.50295735 17.752
 83 125.082363  69.697080    13.760    13.853  5 55131.50294488 41.535
 84 125.052746  69.726817    14.222    14.196 12 55166.50291973 18.152
 85 125.056258  69.714468    13.290    13.206 17 55201.50294085 15.273
 86 125.053671  69.728448    13.608    13.496  9 55236.50292650 13.877
 87 125.059235  69.716789    14.898    15.774 16 55271.50293546 11.491
 88 125.057036  69.731477    11.914    11.536  9 55306.50290884 10.921
 89 125.058877  69.716681    44.905    43.528 15 55341.50290590 37.623
 90 125.056658  69.723358    36.665    36.086 13 55376.50290022 15.430
 91 125.066440  69.708213    21.710    21.205 10 55411.50292041 45.669
 92 125.058845  69.719902    30.579    27.208 16 55446.50291487 19.365
