# NaN NaN NaN ;Mean Elev.(m), Avg Gradient(m/km), RMS Gradient(m/km) - SRTM1     
#    3.000  -2.813  21.407 ;Mean Elev.(m), Avg Gradient(m/km), RMS Gradient(m/km) - ASTER GDEM
#    3.257  -3.939  19.247 ;Mean Elev.(m), Avg Gradient(m/km), RMS Gradient(m/km) - GMTED2010 
  7     5.203 52475.48570393 22.88 127.031095  72.409206  9.799
  7     5.189 52475.48570458 21.40 127.025495  72.412096  9.799
  7     4.848 52475.48570522 21.20 127.019895  72.414986  9.799
  7     5.526 52475.48570587 22.09 127.014295  72.417876  9.799
  7     5.700 52475.48570651 23.84 127.008695  72.420766  9.799
  8     5.384 52510.48566012 23.69 127.050270  72.410709  8.985
  8     5.363 52510.48566077 24.45 127.044680  72.413599  8.985
  8     5.016 52510.48566141 24.15 127.039080  72.416489  8.985
  8     5.169 52510.48566206 24.45 127.033480  72.419379  8.985
  8     5.543 52510.48566270 25.20 127.027880  72.422269  8.985
  9     4.849 52545.48567381 22.18 127.018110  72.410907  7.525
  9     4.112 52545.48567446 22.96 127.012510  72.413787  7.525
  9     3.934 52545.48567510 23.25 127.006910  72.416677  7.525
  9     4.547 52545.48567575 23.78 127.001300  72.419567  7.525
 10     1.917 52580.48570184 30.83 127.027704  72.410193  7.254
 10     1.958 52580.48570249 32.64 127.022114  72.413083  7.254
 10     2.026 52580.48570313 32.49 127.016514  72.415963  7.254
 10     1.871 52580.48570378 33.03 127.010914  72.418853  7.254
 10     1.823 52580.48570442 31.70 127.005304  72.421743  7.254
 11     2.691 52615.48566987 23.44 127.048922  72.409474  4.565
 11     1.937 52615.48567051 24.41 127.043322  72.412364  4.565
 11     2.145 52615.48567116 24.87 127.037732  72.415254  4.565
 11     2.388 52615.48567180 24.67 127.032132  72.418144  4.565
 11     2.553 52615.48567245 23.94 127.026535  72.421035  4.336
 12     4.565 52650.48564879 22.10 127.029719  72.410903  6.870
 12     4.174 52650.48564943 24.01 127.024119  72.413793  6.870
 12     4.185 52650.48565007 23.31 127.018519  72.416673  6.870
 12     3.535 52650.48565072 24.46 127.012919  72.419563  6.870
 12     4.001 52650.48565136 23.81 127.007309  72.422453  6.870
 13     2.938 52685.48563490 22.28 127.052554  72.409721  5.774
 13     2.725 52685.48563555 22.09 127.046961  72.412608  4.979
 13     2.693 52685.48563619 22.61 127.041361  72.415498  4.979
 13     2.522 52685.48563684 22.96 127.035771  72.418388  4.979
 13     1.950 52685.48563748 23.42 127.030171  72.421278  4.979
 14     3.781 52720.48568637 19.88 127.032656  72.409239  6.948
 14     3.609 52720.48568702 19.63 127.027056  72.412129  6.948
 14     3.271 52720.48568766 20.77 127.021463  72.415015  3.438
 14     3.100 52720.48568831 20.39 127.015863  72.417905  3.438
 14     3.077 52720.48568895 20.46 127.010263  72.420795  3.438
 15     3.390 52755.48570987 15.29 127.040437  72.408244  2.892
 15     3.392 52755.48571051 16.02 127.034837  72.411134  2.892
 15     3.245 52755.48571116 16.49 127.029247  72.414024  2.892
 15     3.184 52755.48571180 16.16 127.023649  72.416917  4.266
 15     2.975 52755.48571244 16.36 127.018049  72.419797  4.266
 15     2.742 52755.48571309 16.36 127.012449  72.422687  4.266
 17     6.311 52825.48572881 25.41 127.024151  72.408529 10.224
 17     6.036 52825.48572945 22.87 127.018551  72.411409 10.224
 17     6.573 52825.48573010 22.68 127.012959  72.414299 20.397
 17     7.046 52825.48573074 21.15 127.007349  72.417189 20.397
 17     7.150 52825.48573139 22.95 127.001749  72.420079 20.397
 18     6.556 52860.48577483 25.30 127.024946  72.409952 16.774
 18     6.228 52860.48577547 24.55 127.019346  72.412842 16.774
 18     6.045 52860.48577611 24.47 127.013743  72.415732 15.658
 18     5.609 52860.48577676 25.41 127.008143  72.418622 15.658
 18     6.837 52860.48577740 25.79 127.002543  72.421512 15.658
 20     3.010 52930.48575286 34.78 127.058098  72.408380 14.370
 20     3.096 52930.48575351 36.75 127.052508  72.411270 14.370
 20     3.199 52930.48575415 46.98 127.046918  72.414160 14.370
 20     3.489 52930.48575480 49.08 127.041318  72.417050 14.370
 20     3.372 52930.48575544 48.50 127.035728  72.419940 14.370
 20     3.693 52930.48575609 38.93 127.030128  72.422830 14.370
 21     1.434 52965.48574727 17.95 127.016478  72.411192  3.793
 21     1.762 52965.48574791 17.82 127.010878  72.414082  3.793
 21     1.877 52965.48574856 18.43 127.005278  72.416972  3.793
 21     1.519 52965.48574920 18.65 126.999678  72.419852  3.793
 23     2.104 53035.48572859 20.23 127.051236  72.410329  3.590
 23     2.359 53035.48572924 19.60 127.045646  72.413219  3.590
 23     2.454 53035.48572988 19.86 127.040056  72.416109  3.590
 23     2.604 53035.48573053 20.30 127.034451  72.418994  3.779
 23     1.810 53035.48573117 21.47 127.028861  72.421884  3.779
 24     2.160 53070.48574909 18.78 127.030427  72.411424  4.841
 24     2.521 53070.48574974 18.53 127.024837  72.414314  4.841
 24     2.405 53070.48575038 19.61 127.019237  72.417204  4.841
 24     2.729 53070.48575103 20.08 127.013637  72.420094  4.841
 25     1.832 53105.48572959 12.36 127.059595  72.409262  3.292
 25     2.234 53105.48573023 12.48 127.054005  72.412152  3.292
 25     2.585 53105.48573088 12.92 127.048405  72.415042  3.292
 25     2.831 53105.48573152 12.69 127.042815  72.417932  3.292
 25     2.782 53105.48573216 12.41 127.037214  72.420819  2.707
 25     2.692 53105.48573281 12.18 127.031614  72.423709  2.707
 26     3.386 53140.48575543  9.72 127.027111  72.409153  3.135
 26     3.061 53140.48575608 10.27 127.021511  72.412043  3.135
 26     2.938 53140.48575672  9.81 127.015911  72.414933  3.135
 26     2.846 53140.48575737  9.36 127.010311  72.417813  3.135
 26     3.058 53140.48575801  9.09 127.004711  72.420703  3.135
 27     8.273 53175.48578824 18.08 127.031675  72.410012  9.439
 27     7.698 53175.48578889 17.89 127.026075  72.412902  9.439
 27     7.326 53175.48578953 17.21 127.020475  72.415792  9.439
 28     5.207 53210.48580623 25.39 127.037395  72.409597 14.991
 28     5.177 53210.48580688 23.05 127.031795  72.412487 14.991
 28     5.537 53210.48580752 21.98 127.026199  72.415377 10.209
 28     5.293 53210.48580817 23.02 127.020599  72.418257 10.209
 28     5.854 53210.48580881 23.63 127.014999  72.421147 10.209
 29     5.158 53245.48577410 29.66 127.046303  72.410312  7.967
 29     5.386 53245.48577474 27.76 127.040713  72.413202  7.967
 29     5.828 53245.48577539 27.04 127.035111  72.416095 14.332
 29     6.607 53245.48577603 26.14 127.029521  72.418975 14.332
 29     6.955 53245.48577668 27.17 127.023921  72.421865 14.332
 30     5.239 53280.48575826 19.66 127.011961  72.410368  3.576
 30     4.842 53280.48575891 20.05 127.006361  72.413258  3.576
 30     4.459 53280.48575955 20.73 127.000761  72.416138  3.576
 30     4.452 53280.48576020 21.12 126.995161  72.419028  3.576
 30     5.407 53280.48576084 20.82 126.989551  72.421918  3.576
 31     3.569 53315.48577351 26.00 127.030035  72.410112  5.096
 31     3.653 53315.48577415 26.69 127.024445  72.413002  5.096
 31     3.562 53315.48577480 27.74 127.018845  72.415882  5.096
 31     3.554 53315.48577544 28.61 127.013239  72.418773  3.652
 31     3.927 53315.48577609 27.69 127.007639  72.421663  3.652
 32     3.124 53350.48573858 21.91 127.048377  72.409435  3.458
 32     3.225 53350.48573922 22.60 127.042777  72.412325  3.458
 32     3.727 53350.48573987 21.60 127.037177  72.415215  3.458
 32     3.969 53350.48574051 21.40 127.031587  72.418105  3.458
 32     4.044 53350.48574116 21.42 127.025981  72.420991  2.605
 33     4.770 53385.48572059 21.56 127.016390  72.409530  3.591
 33     4.334 53385.48572123 21.57 127.010790  72.412420  3.591
 33     3.969 53385.48572188 22.05 127.005190  72.415310  3.591
 33     3.929 53385.48572252 22.59 126.999590  72.418190  3.591
 33     4.220 53385.48572317 22.39 126.993990  72.421080  3.591
 34     4.865 53420.48572396 20.19 127.047791  72.408237  3.412
 34     4.218 53420.48572461 21.24 127.042201  72.411127  3.412
 34     4.082 53420.48572525 20.23 127.036601  72.414017  3.412
 34     3.788 53420.48572590 20.81 127.031000  72.416903  3.028
 34     3.951 53420.48572654 20.02 127.025400  72.419793  3.028
 34     4.077 53420.48572719 20.48 127.019800  72.422673  3.028
 36     4.033 53490.48581606 15.77 127.022135  72.410893  2.957
 36     3.876 53490.48581670 16.10 127.016535  72.413773  2.957
 36     3.646 53490.48581735 16.78 127.010935  72.416663  2.957
 36     3.710 53490.48581799 16.27 127.005335  72.419553  2.957
 37     9.251 53525.48579955 45.97 127.038445  72.410001  9.971
 37    10.059 53525.48580019 36.38 127.032845  72.412891  9.971
 37    15.616 53525.48580084 29.46 127.027247  72.415781 32.377
 37    15.247 53525.48580148 28.65 127.021647  72.418671 32.377
 37    15.631 53525.48580213 30.70 127.016047  72.421551 32.377
 38    32.694 53560.48582726  6.37 127.035705  72.409736  5.790
 38    30.332 53560.48582791  4.92 127.030115  72.412626  5.790
 38    26.859 53560.48582855  5.13 127.024518  72.415519  5.700
 39     6.575 53595.48576482 26.44 127.058943  72.408906 12.713
 39     6.043 53595.48576546 24.82 127.053343  72.411796 12.713
 39     5.506 53595.48576611 24.96 127.047753  72.414686 12.713
 39     5.528 53595.48576675 24.19 127.042153  72.417571  9.664
 39     5.191 53595.48576740 24.34 127.036553  72.420461  9.664
 39     5.782 53595.48576804 22.64 127.030953  72.423351  9.664
 40     6.397 53630.48576013 27.20 127.003942  72.409700 13.333
 40     6.211 53630.48576078 26.16 126.998342  72.412590 13.333
 40     5.598 53630.48576142 25.49 126.992732  72.415480 13.333
 40     5.668 53630.48576207 26.20 126.987132  72.418360 13.333
 40     5.703 53630.48576271 26.31 126.981522  72.421250 13.333
 42     4.366 53700.48573578 17.58 127.046775  72.410191  6.903
 42     4.387 53700.48573643 18.91 127.041175  72.413081  6.903
 42     4.435 53700.48573707 19.29 127.035585  72.415971  6.903
 42     4.627 53700.48573772 18.67 127.029985  72.418861  6.903
 42     4.271 53700.48573836 19.55 127.024385  72.421751  6.903
 43     3.652 53735.48565714 14.49 127.067693  72.409678  2.738
 43     4.308 53735.48565778 13.89 127.062093  72.412568  2.738
 43     4.138 53735.48565843 14.01 127.056503  72.415458  2.738
 43     4.269 53735.48565907 14.00 127.050913  72.418348  2.738
 43     4.658 53735.48565972 13.94 127.045313  72.421238  2.738
 44     3.536 53770.48564792 15.09 127.031311  72.411652  3.471
 44     3.832 53770.48564856 16.00 127.025711  72.414532  3.471
 45     4.165 53805.48564011 13.37 127.054472  72.410925  2.778
 45     4.307 53805.48564075 14.36 127.048872  72.413815  2.778
 45     4.563 53805.48564140 14.30 127.043282  72.416705  2.778
 45     4.612 53805.48564204 13.66 127.037682  72.419588  2.140
 45     5.020 53805.48564269 13.26 127.032082  72.422478  2.140
 47     4.179 53875.48570796 12.39 127.028156  72.411415  2.598
 47     4.417 53875.48570861 11.77 127.022559  72.414301  2.290
 47     4.407 53875.48570925 12.31 127.016959  72.417191  2.290
 47     4.671 53875.48570990 12.22 127.011359  72.420071  2.290
 48     7.607 53910.48575534 12.84 127.021747  72.410692  5.336
 48     7.589 53910.48575599 13.36 127.016147  72.413582  5.336
 48     7.527 53910.48575663 13.88 127.010547  72.416462  5.336
 48     8.368 53910.48575728 14.46 127.004947  72.419354 16.603
 49     5.446 53945.48577493 25.95 127.028928  72.410879 14.133
 49     5.187 53945.48577557 25.79 127.023328  72.413769 14.133
 49     5.175 53945.48577622 25.64 127.017728  72.416659 14.133
 49     6.114 53945.48577686 25.50 127.012128  72.419549 14.133
 49     6.341 53945.48577751 28.38 127.006528  72.422434  6.729
 51     5.401 54015.48574108 21.57 127.012963  72.410767 10.002
 51     4.811 54015.48574173 21.33 127.007363  72.413657 10.002
 51     4.477 54015.48574237 22.29 127.001753  72.416547 10.002
 51     4.693 54015.48574302 22.38 126.996157  72.419429 14.523
 52     4.404 54050.48574132 23.71 127.044465  72.408202  5.371
 52     4.029 54050.48574197 24.45 127.038865  72.411092  5.371
 52     3.588 54050.48574261 25.56 127.033265  72.413982  5.371
 52     3.589 54050.48574325 26.29 127.027675  72.416872  5.371
 52     3.675 54050.48574390 26.37 127.022075  72.419752  5.371
 52     4.587 54050.48574454 24.64 127.016465  72.422642  5.371
 53     5.430 54085.48573332 21.00 127.049626  72.407639  4.521
 53     5.145 54085.48573397 20.79 127.044026  72.410529  4.521
 53     4.428 54085.48573461 20.92 127.038436  72.413419  4.521
 53     4.120 54085.48573526 21.94 127.032836  72.416309  4.521
 53     4.317 54085.48573590 22.60 127.027236  72.419199  4.521
 53     4.735 54085.48573655 22.62 127.021636  72.422079  4.521
 54     4.263 54120.48566011 18.95 127.066980  72.410544  3.478
 54     3.910 54120.48566075 19.38 127.061390  72.413434  3.478
 54     3.835 54120.48566140 19.85 127.055800  72.416324  3.478
 54     4.225 54120.48566204 19.98 127.050200  72.419214  3.478
 54     4.849 54120.48566268 18.68 127.044610  72.422104  3.478
 55     4.024 54155.48569188 15.18 127.037438  72.408850 11.077
 55     5.612 54155.48569252 13.91 127.031848  72.411740 11.077
 56     3.947 54190.48565733 14.47 127.057680  72.410818  2.566
 56     3.785 54190.48565798 13.62 127.052090  72.413708  2.566
 56     3.999 54190.48565862 13.53 127.046490  72.416598  2.566
 56     5.059 54190.48565927 12.49 127.040900  72.419488  2.566
 56     4.508 54190.48565991 13.28 127.035300  72.422368  2.566
 57     3.561 54225.48570334 13.45 127.030179  72.409616  5.166
 57     4.180 54225.48570398 13.22 127.024579  72.412506  5.166
 57     4.377 54225.48570527 11.93 127.013379  72.418276  5.166
 57     5.360 54225.48570592 11.63 127.007779  72.421166  5.166
 58     7.121 54260.48572363 12.02 127.034225  72.410345 12.514
 58     6.839 54260.48572427 12.55 127.028625  72.413235 12.514
 58     6.971 54260.48572492 13.04 127.023025  72.416125 12.514
 58     6.314 54260.48572556 15.55 127.017425  72.419015 12.514
 58     6.994 54260.48572621 14.85 127.011825  72.421895 12.514
 59     7.498 54295.48572694 29.20 127.040620  72.408343 18.356
 59     7.177 54295.48572759 29.19 127.035030  72.411233 18.356
 59     7.270 54295.48572823 29.04 127.029430  72.414123 18.356
 59     6.985 54295.48572888 28.92 127.023830  72.417003 18.356
 59     6.642 54295.48572952 29.26 127.018230  72.419893 18.356
 59     7.705 54295.48573017 28.91 127.012630  72.422783 18.356
 60     5.981 54330.48571915 26.37 127.051057  72.408154 12.628
 60     5.555 54330.48571979 25.47 127.045457  72.411044 12.628
 60     4.807 54330.48572044 25.96 127.039867  72.413934 12.628
 60     5.601 54330.48572108 24.33 127.034267  72.416824 12.628
 60     6.516 54330.48572173 24.15 127.028667  72.419704 12.628
 60     7.165 54330.48572237 23.79 127.023067  72.422594 12.628
 61   120.639 54365.48566480 18.06 127.048810  72.415292 22.148
 61   121.168 54365.48566545 14.28 127.043220  72.418182 22.148
 61   121.607 54365.48566609  6.01 127.037620  72.421062 22.148
 62     4.123 54400.48566134 30.45 127.038346  72.409590  7.336
 62     3.911 54400.48566198 30.98 127.032756  72.412480  7.336
 62     3.846 54400.48566263 31.66 127.027156  72.415370  7.336
 62     3.806 54400.48566327 32.81 127.021556  72.418260  7.336
 62     3.765 54400.48566391 29.93 127.015956  72.421140  7.336
 63     2.090 54435.48561811 16.69 127.055733  72.408722  3.483
 63     2.449 54435.48561875 16.82 127.050143  72.411612  3.483
 63     2.960 54435.48561940 17.21 127.044543  72.414502  3.483
 63     3.405 54435.48562004 16.40 127.038953  72.417392  3.483
 63     3.437 54435.48562069 17.18 127.033353  72.420282  3.483
 63     4.010 54435.48562133 17.07 127.027753  72.423162  3.483
 64     2.928 54470.48564535 15.32 127.028891  72.409073  3.469
 64     3.148 54470.48564599 15.78 127.023291  72.411963  3.469
 64     3.512 54470.48564664 16.37 127.017691  72.414853  3.469
 64     3.468 54470.48564728 17.00 127.012091  72.417743  3.469
 64     3.745 54470.48564793 16.59 127.006491  72.420623  3.469
 65     3.447 54505.48563206 12.52 127.053316  72.410616  2.230
 65     3.782 54505.48563270 12.79 127.047726  72.413506  2.230
 65     4.071 54505.48563335 12.14 127.042126  72.416396  2.230
 65     4.302 54505.48563399 12.35 127.036526  72.419286  2.230
 65     4.815 54505.48563463 11.89 127.030936  72.422166  2.230
 66     5.261 54540.48566019 11.05 127.039243  72.410127  2.064
 66     4.942 54540.48566083 11.39 127.033653  72.413017  2.064
 66     4.164 54540.48566148 12.10 127.028053  72.415907  2.064
 66     4.398 54540.48566212 11.77 127.022453  72.418797  2.064
 66     4.600 54540.48566277 11.64 127.016853  72.421677  2.064
 67     4.402 54575.48563297 10.93 127.058369  72.409294  2.202
 67     4.651 54575.48563361 11.12 127.052779  72.412184  2.202
 67     4.494 54575.48563426 10.85 127.047183  72.415075  1.959
 67     4.600 54575.48563490 11.11 127.041583  72.417965  1.959
 67     4.690 54575.48563555 10.48 127.035993  72.420855  1.959
 67     4.449 54575.48563619 10.57 127.030393  72.423745  1.959
 68    25.011 54610.48565237 11.53 127.037612  72.410194 12.063
 68     3.592 54610.48565366 34.22 127.026422  72.415974 12.063
 68     2.659 54610.48565430 36.10 127.020822  72.418864 12.063
 68     5.622 54610.48565495 30.91 127.015222  72.421754 12.063
 69     8.876 54645.48565991 31.24 127.036956  72.410425  8.890
 69     8.526 54645.48566055 33.19 127.031366  72.413315  8.890
 69     8.783 54645.48566119 32.91 127.025766  72.416205  8.890
 69     9.870 54645.48566184 34.04 127.020166  72.419095  8.890
 69     6.623 54645.48566248 36.49 127.014566  72.421985  8.890
 70     4.479 54680.48566091 30.85 127.041048  72.409173 15.280
 70     4.706 54680.48566155 25.94 127.035452  72.412057 13.147
 70     4.831 54680.48566220 24.53 127.029852  72.414947 13.147
 70     5.406 54680.48566284 25.72 127.024262  72.417837 13.147
 70     6.080 54680.48566349 26.89 127.018652  72.420727 13.147
 71     4.708 54715.48561095 24.98 127.058678  72.410774  5.755
 71     4.343 54715.48561159 25.52 127.053078  72.413664  5.755
 71     4.345 54715.48561224 24.39 127.047488  72.416554  5.755
 71     4.880 54715.48561288 24.99 127.041888  72.419441  9.961
 71     5.522 54715.48561353 23.35 127.036288  72.422331  9.961
 72     4.715 54750.48563219 21.74 127.027134  72.410388  6.257
 72     4.425 54750.48563284 20.99 127.021534  72.413278  6.257
 72     4.121 54750.48563348 21.32 127.015934  72.416168  6.257
 72     3.794 54750.48563412 22.84 127.010334  72.419058  6.257
 72     3.854 54750.48563477 27.16 127.004724  72.421948  6.257
 73     3.248 54785.48559943 23.09 127.053498  72.407931  4.049
 73     2.909 54785.48560007 22.95 127.047908  72.410821  4.049
 73     4.046 54785.48560072 22.76 127.042308  72.413706  4.185
 73     3.512 54785.48560136 22.82 127.036718  72.416596  4.185
 73     4.027 54785.48560201 21.98 127.031118  72.419486  4.185
 73     4.589 54785.48560265 21.36 127.025518  72.422376  4.185
 74     4.307 54820.48562550 19.66 127.026189  72.411079  3.178
 74     3.821 54820.48562615 19.77 127.020589  72.413969  3.178
 74     3.749 54820.48562679 19.23 127.014989  72.416859  3.178
 74     3.987 54820.48562744 19.07 127.009389  72.419749  3.178
 75     4.938 54855.48559638 20.14 127.048897  72.410037  6.062
 75     5.094 54855.48559703 19.17 127.043297  72.412927  6.062
 75     4.780 54855.48559896 18.80 127.026504  72.421591  3.493
 76     4.940 54890.48562871 19.22 127.040266  72.409008  3.629
 76     4.264 54890.48562936 20.67 127.034676  72.411898  3.629
 76     4.118 54890.48563000 19.93 127.029076  72.414788  3.629
 76     4.261 54890.48563065 19.09 127.023476  72.417678  3.629
 76     4.340 54890.48563129 20.01 127.017876  72.420568  3.629
 77     4.448 54925.48559490 16.07 127.060716  72.409156  3.043
 77     4.201 54925.48559619 15.77 127.049526  72.414936  3.043
 77     4.267 54925.48559683 15.46 127.043934  72.417825  3.154
 77     5.009 54925.48559747 14.95 127.038334  72.420715  3.154
 77     5.495 54925.48559812 15.25 127.032734  72.423605  3.154
 78     5.304 54960.48562746  7.78 127.029352  72.409714  1.926
 78     5.041 54960.48562810  7.89 127.023752  72.412604  1.926
 78     4.187 54960.48562875  8.81 127.018162  72.415494  1.926
 78     4.655 54960.48562939  8.64 127.012562  72.418384  1.926
 78     4.774 54960.48563004  8.71 127.006952  72.421274  1.926
 80     5.815 55030.48563831 27.13 127.041586  72.408960 10.915
 80     5.853 55030.48563895 23.92 127.035996  72.411850 10.915
 80     5.372 55030.48563960 23.47 127.030396  72.414740 10.915
 80     6.039 55030.48564024 22.76 127.024796  72.417630 10.915
 80     6.522 55030.48564089 22.39 127.019196  72.420520 10.915
 81     5.439 55065.48562849 26.35 127.048627  72.408282 16.825
 81     5.797 55065.48562913 24.86 127.043037  72.411172 16.825
 81     5.229 55065.48562978 24.45 127.037441  72.414057 10.483
 81     5.910 55065.48563042 23.34 127.031841  72.416947 10.483
 81     5.620 55065.48563107 22.83 127.026241  72.419837 10.483
 81     7.057 55065.48563171 23.47 127.020641  72.422727 10.483
 82     2.568 55100.48557306  9.71 127.043572  72.419157  4.845
 82     4.738 55100.48557370 17.49 127.037976  72.422043 10.274
 83     4.703 55135.48557459 28.46 127.028760  72.410818  7.999
 83     4.428 55135.48557524 33.97 127.023170  72.413708  7.999
 83     4.921 55135.48557588 30.47 127.017570  72.416598  7.999
 83     4.174 55135.48557653 36.34 127.011970  72.419488  7.999
 83     4.946 55135.48557717 28.51 127.006360  72.422378  7.999
 84     4.138 55170.48553669 17.25 127.056095  72.408339  2.555
 84     3.873 55170.48553734 17.13 127.050505  72.411229  2.555
 84     3.492 55170.48553798 16.99 127.044908  72.414117  2.860
 84     3.331 55170.48553863 17.16 127.039308  72.417007  2.860
 84     3.538 55170.48553927 17.22 127.033718  72.419897  2.860
 84     3.819 55170.48553992 17.13 127.028118  72.422787  2.860
 85     4.288 55205.48556797 14.47 127.027993  72.410650  3.336
 85     4.133 55205.48556861 14.86 127.022393  72.413540  3.336
 85     4.650 55205.48556926 14.06 127.016793  72.416430  3.336
 86     4.185 55240.48554281 14.58 127.056911  72.408617  2.420
 86     4.209 55240.48554345 13.86 127.051321  72.411507  2.420
 86     3.653 55240.48554410 15.07 127.045731  72.414397  2.420
 86     3.527 55240.48554474 14.80 127.040128  72.417283  2.397
 86     3.642 55240.48554539 14.58 127.034538  72.420173  2.397
 86     3.404 55240.48554603 14.52 127.028938  72.423063  2.397
 88     3.637 55310.48552734 12.20 127.055853  72.410436  2.351
 88     3.326 55310.48552798 12.31 127.050253  72.413326  2.351
 88     3.723 55310.48552863 12.56 127.044661  72.416217  2.282
 88     3.987 55310.48552927 11.36 127.039061  72.419107  2.282
 88     4.084 55310.48552992 11.51 127.033461  72.421997  2.282
 89     5.976 55345.48553028 26.09 127.041270  72.409520  8.048
 89     5.517 55345.48553092 25.93 127.035670  72.412400  8.048
 89     5.185 55345.48553157 25.46 127.030080  72.415290  8.048
 89     6.115 55345.48553221 25.19 127.024480  72.418180  8.048
 89     6.873 55345.48553286 26.51 127.018880  72.421070  8.048
 90     6.354 55380.48552303 26.17 127.050316  72.408197 17.590
 90     5.707 55380.48552367 25.24 127.044716  72.411085  5.576
 91     5.446 55415.48555010 23.08 127.029621  72.408990  8.491
 91     5.197 55415.48555075 22.63 127.024021  72.411880  8.491
 91     5.054 55415.48555139 22.69 127.018431  72.414770  8.491
 91     5.339 55415.48555204 23.25 127.012821  72.417660  8.491
 91     5.757 55415.48555268 24.50 127.007221  72.420550  8.491
 92     4.968 55450.48553517 26.63 127.048701  72.410525 18.268
 92     4.425 55450.48553582 25.99 127.043111  72.413415 18.268
 92     4.995 55450.48553646 26.07 127.037514  72.416300  6.945
 92     4.983 55450.48553711 26.80 127.031914  72.419190  6.945
 93     2.723 55485.48545930 40.84 127.064250  72.410369 11.721
 93     2.841 55485.48545995 41.47 127.058660  72.413259 11.721
 93     2.863 55485.48546059 44.27 127.053070  72.416149 11.721
 93     2.714 55485.48546124 42.11 127.047470  72.419039 11.721
 93     2.669 55485.48546188 41.72 127.041880  72.421925  8.953
