# NaN NaN NaN ;Mean Elev.(m), Avg Gradient(m/km), RMS Gradient(m/km) - SRTM1     
#  167.819  -1.197  47.049 ;Mean Elev.(m), Avg Gradient(m/km), RMS Gradient(m/km) - ASTER GDEM
#  130.766  -1.523  45.987 ;Mean Elev.(m), Avg Gradient(m/km), RMS Gradient(m/km) - GMTED2010 
  8   143.208 52488.54687675 37.14 118.334022  59.688662 10.598
  8   144.750 52488.54687739 37.61 118.331867  59.691837 16.383
 10   145.122 52558.54690129 31.01 118.320115  59.687893 13.472
 10   143.632 52558.54690194 39.51 118.317955  59.691063 13.472
 10   140.571 52558.54690258 42.05 118.315795  59.694233 13.472
 11   138.802 52593.54690189 22.48 118.323162  59.689264 11.814
 11   137.540 52593.54690254 20.34 118.321002  59.692434 11.814
 12   136.940 52628.54682638 16.99 118.324010  59.689207 13.062
 12   136.749 52628.54682702 16.67 118.321850  59.692377 13.062
 13   138.119 52663.54686401 14.49 118.326870  59.689946  8.906
 13   138.386 52663.54686465 13.99 118.324710  59.693126  8.906
 14   141.994 52698.54683925 11.14 118.321248  59.688455 14.740
 14   140.523 52698.54683990 10.70 118.319088  59.691625 14.740
 16   138.807 52768.54686482 15.68 118.337327  59.687550 11.502
 16   139.791 52768.54686546 18.15 118.335167  59.690730 11.502
 16   139.023 52768.54686611 28.07 118.333017  59.693900 11.502
 17   143.960 52803.54688697 25.71 118.317757  59.686920 16.653
 17   145.287 52803.54688762 25.88 118.315597  59.690090 16.653
 17   146.398 52803.54688826 24.64 118.313437  59.693260 16.653
 18   142.962 52838.54695032 29.94 118.323895  59.687713 23.596
 18   145.809 52838.54695096 31.71 118.321735  59.690883 23.596
 18   140.568 52838.54695161 32.85 118.319575  59.694063 23.596
 19   145.884 52873.54699004 31.49 118.326337  59.687774 21.634
 19   145.404 52873.54699068 30.84 118.324177  59.690944 21.634
 19   144.565 52873.54699133 32.38 118.322017  59.694124 21.634
 20   141.916 52908.54697124 18.00 118.337600  59.687862  6.958
 20   141.196 52908.54697188 28.91 118.335440  59.691042  6.958
 20   138.274 52908.54697253 37.95 118.333290  59.694212  6.958
 21   136.535 52943.54690051 41.28 118.324603  59.688424 17.253
 21   136.048 52943.54690115 43.75 118.322444  59.691592 14.535
 23   142.404 53013.54695725  8.58 118.329109  59.689742 14.648
 23   141.362 53013.54695790  9.41 118.326949  59.692922 14.648
 24   141.777 53048.54692752  8.25 118.320788  59.687970  8.465
 24   140.596 53048.54692817  7.70 118.318629  59.691141 11.988
 24   140.794 53048.54692881  7.65 118.316469  59.694321 11.988
 25   141.759 53083.54696284  7.17 118.325387  59.688638  9.756
 25   141.631 53083.54696348  7.02 118.323227  59.691808  9.756
 28   147.388 53188.54697225 32.09 118.333710  59.688384 21.261
 28   149.236 53188.54697289 34.01 118.331550  59.691554 21.261
 29   153.143 53223.54698932 16.52 118.333200  59.690435  6.219
 29   153.087 53223.54698997 26.66 118.331050  59.693605  6.219
 30   151.669 53258.54696447 14.51 118.332905  59.688929  6.410
 30   150.641 53258.54696512 21.56 118.330755  59.692109  6.410
 31   147.537 53293.54698744 36.99 118.312793  59.688838 22.793
 31   145.589 53293.54698808 36.75 118.310633  59.692008 22.793
 32   138.348 53328.54696059 17.98 118.330887  59.689436 15.316
 32   138.428 53328.54696124 23.88 118.328727  59.692606 15.316
 33   139.013 53363.54691299 13.39 118.339700  59.688529  8.445
 33   137.966 53363.54691363 14.64 118.337540  59.691699  8.445
 34   145.936 53398.54693649  5.24 118.321672  59.689108 14.273
 34   145.330 53398.54693713 11.59 118.319512  59.692278 14.273
 35   143.537 53433.54692650  7.71 118.338585  59.687761 11.822
 35   142.397 53433.54692715  6.83 118.336425  59.690931 11.822
 35   141.150 53433.54692779  7.19 118.334275  59.694111 11.822
 38   200.714 53538.54701013  9.33 118.328539  59.689230 10.399
 38   206.756 53538.54701078  7.97 118.326379  59.692400 10.399
 39   267.106 53573.54701010  1.98 118.327312  59.690400 12.610
 39   266.886 53573.54701075  2.92 118.325152  59.693580 12.610
 40   148.729 53608.54695887 21.08 118.339354  59.687577 22.234
 40   150.108 53608.54695951 29.37 118.337194  59.690747 22.234
 40   142.669 53608.54696016 40.57 118.335034  59.693927 22.234
 42   144.325 53678.54697948 36.81 118.324645  59.688803 22.884
 42   142.941 53678.54698013 38.03 118.322485  59.691983 22.884
 43   136.602 53713.54690752 25.34 118.340336  59.688664 13.007
 43   137.022 53713.54690817 25.44 118.338176  59.691834 13.007
 44   135.451 53748.54682187 21.11 118.321463  59.687479 11.187
 44   136.550 53748.54682252 20.17 118.319303  59.690649 11.187
 44   135.582 53748.54682316 18.18 118.317143  59.693819 11.187
 45   141.257 53783.54685247 14.25 118.334581  59.688784 16.996
 45   141.857 53783.54685311 14.72 118.332421  59.691964 16.996
 46   141.613 53818.54681491 10.83 118.345355  59.689195 14.830
 46   140.803 53818.54681556 11.79 118.343195  59.692375 14.830
 47   136.485 53853.54689307 21.21 118.318446  59.687638 16.128
 47   136.198 53853.54689371 22.02 118.316281  59.690809 11.703
 47   136.653 53853.54689436 18.28 118.314121  59.693989 11.703
 48   385.564 53888.54690057  1.35 118.334458  59.688922 10.353
 48   385.854 53888.54690122  2.34 118.332298  59.692092 10.353
 49   147.797 53923.54696941 37.00 118.317282  59.687622  8.522
 49   149.308 53923.54697005 37.94 118.315128  59.690796 15.083
 49   146.267 53923.54697070 38.81 118.312968  59.693966 15.083
 50   267.255 53958.54696108  1.07 118.326202  59.687080  2.484
 50   264.941 53958.54696173  3.64 118.324042  59.690250  2.484
 50   265.168 53958.54696237  6.25 118.321882  59.693420  2.484
 52   145.172 54028.54695051 34.14 118.322395  59.688090 16.985
 52   145.770 54028.54695115 37.30 118.320235  59.691260 16.985
 53   137.700 54063.54694386 16.32 118.334715  59.688995 14.482
 53   138.637 54063.54694451 16.07 118.332565  59.692165 14.482
 54   144.440 54098.54691144 10.54 118.337605  59.687582 14.653
 54   144.506 54098.54691208 10.87 118.335445  59.690762 14.653
 54   143.774 54098.54691273  9.78 118.333285  59.693932 14.653
 55   146.954 54133.54686789 10.40 118.320395  59.688140  3.991
 55   141.572 54133.54686854  8.84 118.318233  59.691310 13.538
 56   142.578 54168.54688612  7.25 118.332930  59.689675 14.647
 56   142.602 54168.54688676  6.97 118.330770  59.692845 14.647
 59   227.885 54273.54692423  7.29 118.331145  59.687126  9.395
 59   216.720 54273.54692487  7.99 118.328985  59.690296  9.395
 60   149.498 54308.54692663 37.89 118.326919  59.689980 19.174
 60   148.238 54308.54692727 38.58 118.324759  59.693160 19.174
 61   145.351 54343.54690407  9.41 118.338514  59.687922 15.816
 61   143.597 54343.54690471 10.92 118.336354  59.691092 15.816
 61   144.019 54343.54690535  9.67 118.334194  59.694262 15.816
 62   198.211 54378.54686208  8.20 118.323343  59.688846  6.562
 62   204.117 54378.54686272  7.71 118.321183  59.692016  6.562
 63   144.184 54413.54685218 35.61 118.330678  59.689198 18.663
 63   142.584 54413.54685283 38.16 118.328518  59.692368 18.663
 64   144.838 54448.54682819 12.33 118.321203  59.687184 15.008
 64   145.129 54448.54682883 14.43 118.319043  59.690354 15.008
 64   143.786 54448.54682948 14.36 118.316883  59.693524 15.008
 65   142.994 54483.54684560 11.24 118.330334  59.687881 13.669
 65   143.815 54483.54684624 12.53 118.328173  59.691054  9.094
 65   139.696 54483.54684689 14.02 118.326023  59.694224  9.094
 66   142.176 54518.54684183  7.60 118.324025  59.687300 15.013
 66   143.124 54518.54684247  9.64 118.321865  59.690470 15.013
 66   143.160 54518.54684312  9.10 118.319705  59.693640 15.013
 68   150.830 54588.54683797  9.82 118.325806  59.688305  7.817
 68   137.220 54588.54683862 13.15 118.323646  59.691475  7.817
 69   252.465 54623.54685533  3.50 118.330473  59.688006 17.215
 69   272.561 54623.54685597  3.55 118.328313  59.691176 17.215
 69   272.738 54623.54685662  5.30 118.326153  59.694346 17.215
 70   149.424 54658.54686432 35.85 118.327183  59.687879 19.671
 70   147.030 54658.54686497 37.58 118.325023  59.691059 19.671
 70   144.725 54658.54686561 39.15 118.322863  59.694229 19.671
 71   151.029 54693.54684549 30.46 118.333331  59.688015  5.334
 71   146.504 54693.54684613 37.90 118.331170  59.691190 19.728
 73   144.645 54763.54682315 34.63 118.328632  59.688200 17.351
 73   144.351 54763.54682379 37.85 118.326472  59.691370 17.351
 74   138.994 54798.54681194 18.26 118.317900  59.689572 13.995
 74   137.879 54798.54681259 18.35 118.315740  59.692752 13.995
 75   138.210 54833.54681386 13.33 118.329096  59.689292  8.342
 75   138.604 54833.54681451 14.42 118.326936  59.692472  8.342
 76   137.410 54868.54680795 11.92 118.321399  59.687762  9.836
 76   138.469 54868.54680860 11.72 118.319239  59.690932  9.836
 76   137.552 54868.54680924 10.93 118.317079  59.694112  9.836
 77   139.727 54903.54682283  8.34 118.334440  59.687410  9.997
 77   140.643 54903.54682347  8.18 118.332280  59.690580  9.997
 77   142.490 54903.54682412  7.36 118.330120  59.693760  9.997
 78   151.447 54938.54679910  7.80 118.323570  59.689549 17.819
 78   148.689 54938.54679974  8.19 118.321410  59.692719 17.819
 80   151.961 55008.54684520 11.30 118.329162  59.689531  7.602
 80   148.173 55008.54684584 20.45 118.327002  59.692711  7.602
 81   150.296 55043.54683435 29.09 118.329499  59.686957 18.271
 81   144.348 55043.54683500 37.48 118.327339  59.690127 18.271
 81   144.279 55043.54683564 38.99 118.325179  59.693307 18.271
 82   145.714 55078.54681223 13.49 118.335032  59.688825  6.218
 82   147.020 55078.54681287 14.91 118.332875  59.692002 17.380
 83   268.706 55113.54676737  1.25 118.323636  59.690144 15.470
 83   266.875 55113.54676801  3.79 118.321476  59.693314 15.470
 84   142.247 55148.54676769 14.45 118.327377  59.689515 11.905
 84   138.653 55148.54676833 18.84 118.325217  59.692695 11.905
 85   138.340 55183.54674925 15.39 118.319893  59.688625 11.175
 85   138.335 55183.54674989 14.53 118.317733  59.691795 11.175
 86   138.266 55218.54676497  8.82 118.331433  59.687395  8.121
 86   137.949 55218.54676561  9.38 118.329283  59.690575  8.121
 86   138.113 55218.54676626  8.70 118.327123  59.693745  8.121
 87   140.246 55253.54674515  6.53 118.323358  59.689280  8.612
 87   139.307 55253.54674580  7.05 118.321198  59.692450  8.612
 88   138.221 55288.54675521  5.66 118.335240  59.688656  6.241
 88   138.004 55288.54675586  6.93 118.333080  59.691826  6.241
 90   227.236 55358.54673119  6.27 118.329673  59.688478 15.622
 90   269.731 55358.54673184  5.31 118.327513  59.691658 15.622
 91   147.075 55393.54673444 35.24 118.324927  59.686867 20.230
 91   145.118 55393.54673509 34.60 118.322767  59.690037 20.230
 91   145.905 55393.54673573 37.94 118.320607  59.693207 20.230
 92   143.104 55428.54674695 30.65 118.329815  59.687071 20.801
 92   143.667 55428.54674760 40.62 118.327655  59.690241 20.801
 92   144.147 55428.54674824 41.41 118.325495  59.693421 20.801
 93   149.221 55463.54671037 25.69 118.339065  59.688674  8.252
 93   146.307 55463.54671102 35.09 118.336905  59.691844  8.252
