-151649.266    -1.464     0.00    0.26
-151274.329    -1.449     0.04    0.23
-150899.483    -1.428     0.06    0.19
-150524.729    -1.391     0.10    0.00
-150150.065    -1.391     0.00    0.00
-149775.493    -1.391     0.00    0.00
-149401.012    -1.391     0.00    0.00
-149026.622    -1.391     0.00    0.00
-148652.323    -1.391     0.00    0.00
-148278.115    -1.391     0.00    0.00
-147903.998    -1.391     0.00    0.00
-147529.971    -1.391     0.00    0.00
-147156.035    -1.391     0.00    0.00
-146782.190    -0.786     1.62    3.92
-146408.435     4.786    14.91   17.47
-146034.771    12.459    20.54   28.75
-145661.197    26.875    38.59   40.59
-145287.713    38.454    31.01   44.84
-144914.320    53.702    40.84   47.51
-144541.017    67.370    36.62   47.21
-144167.804    85.070    47.43   41.00
-143794.681    99.381    38.36   34.21
-143421.648   111.347    32.08   23.17
-143048.705   119.168    20.97   13.21
-142675.852   122.927    10.08    9.49
-142303.089   127.581    12.49    5.41
-141930.416   129.027     3.88    4.05
-141557.832   128.885    -0.38    3.92
-141185.338   128.368    -1.39    4.26
-140812.933   127.128    -3.33    4.28
-140440.618   125.437    -4.54    5.46
-140068.393   123.902    -4.12    5.38
-139696.257   120.489    -9.17    6.34
-139324.210   114.609   -15.81   11.21
-138952.252   105.385   -24.80   19.10
-138580.384    93.537   -31.87   21.79
-138208.605    82.304   -30.22   21.49
-137836.914    71.924   -27.93   23.74
-137465.313    61.489   -28.08   25.08
-137093.801    47.729   -37.04   25.91
-136722.377    35.897   -31.86   22.81
-136351.043    25.065   -29.17   10.33
-135979.797    22.058    -8.10    6.05
-135608.640    22.071     0.03    5.70
-135237.571    21.842    -0.62    5.99
-134866.591    21.480    -0.98    5.31
-134495.700    22.470     2.67    4.23
-134124.897    21.573    -2.42    3.26
-133754.182    21.311    -0.71    2.55
-133383.556    20.510    -2.16    2.74
-133013.017    19.712    -2.15    2.96
-132642.567    19.009    -1.90    3.20
-132272.206    18.918    -0.25    3.15
-131901.932    20.220     3.52    3.06
-131531.746    20.718     1.35    3.34
-131161.648    21.397     1.83    3.45
-130791.638    21.472     0.20    3.55
-130421.716    21.701     0.62    3.40
-130051.881    21.849     0.40    3.05
-129682.135    21.672    -0.48    3.16
-129312.476    20.724    -2.57    3.34
-128942.904    18.356    -6.41    3.40
-128573.420    17.440    -2.48    3.32
-128204.023    17.726     0.77    3.81
-127834.714    18.090     0.99    4.62
-127465.492    19.109     2.76    5.57
-127096.357    18.465    -1.75    6.94
-126727.310    16.568    -5.14    7.07
-126358.349    14.829    -4.71    5.57
-125989.476    12.590    -6.07    4.32
-125620.690     8.535   -11.00    7.72
-125251.990     4.536   -10.85    8.35
-124883.378     3.589    -2.57    8.96
-124514.852     8.263    12.68   13.89
-124146.413    12.307    10.98   14.91
-123778.061    14.145     4.99   11.97
-123409.795    12.744    -3.81    8.01
-123041.616    11.873    -2.37    7.24
-122673.524    11.673    -0.54    7.03
-122305.518    10.413    -3.42    6.29
-121937.598     8.471    -5.28    4.41
-121569.765     8.674     0.55    4.45
-121202.018     8.814     0.38    4.20
-120834.357    10.014     3.26    3.50
-120466.783    12.269     6.13    4.05
-120099.294    14.418     5.85    6.74
-119731.892    16.053     4.45    7.69
-119364.575    15.711    -0.93    6.76
-118997.345    14.025    -4.59    5.56
-118630.200    12.195    -4.99    5.04
-118263.141     9.737    -6.70    3.08
-117896.168     8.328    -3.84    4.18
-117529.281     9.553     3.34    7.56
-117162.479    14.985    14.81   15.11
-116795.762    24.199    25.13   20.84
-116429.132    37.400    36.01   24.21
-116062.586    46.982    26.15   21.73
-115696.126    52.964    16.32   16.85
-115329.751    52.294    -1.83   13.09
-114963.462    48.388   -10.67   11.39
-114597.258    43.462   -13.45    8.62
-114231.139    39.982    -9.50    6.06
-113865.105    40.379     1.08    7.57
-113499.156    43.227     7.78    8.46
-113133.292    46.760     9.66    9.69
-112767.513    49.436     7.32   11.62
-112401.819    49.627     0.52   14.14
-112036.209    46.831    -7.65   15.68
-111670.685    41.803   -13.76   16.51
-111305.245    38.552    -8.90   15.48
-110939.889    36.315    -6.12   12.86
-110574.618    35.763    -1.51   10.36
-110209.432    38.254     6.82    8.76
-109844.330    42.711    12.21    9.50
-109479.313    49.550    18.74   10.80
-109114.379    55.333    15.85   10.52
-108749.530    60.075    13.00    9.89
-108384.766    63.012     8.05    7.95
-108020.085    65.251     6.14    7.03
-107655.489    67.532     6.26    7.28
-107290.976    68.818     3.53    7.21
-106926.548    70.628     4.97    7.03
-106562.203    72.572     5.34    7.02
-106186.431    74.863     6.10    5.39
-105804.425    76.248     3.62    4.48
-105422.514    78.099     4.85    4.12
-105040.697    78.599     1.31    4.09
-104658.975    79.719     2.93    3.29
-104277.346    81.118     3.67    3.08
-103895.811    81.872     1.98    3.92
-103514.371    82.899     2.69    4.13
-103133.024    83.998     2.88    4.24
-102751.771    84.772     2.03    3.62
-102370.611    84.831     0.15    3.70
-101989.546    84.343    -1.28    4.43
-101608.574    82.398    -5.11    4.08
-101227.695    81.434    -2.53    4.84
-100846.910    81.418    -0.04    6.78
-100466.218    81.657     0.63    8.24
-100085.620    82.526     2.28    8.27
 -99705.115    84.741     5.82    6.92
 -99324.703    85.442     1.84    5.06
 -98944.384    86.356     2.40    5.44
 -98564.159    87.368     2.66    5.06
 -98184.026    86.939    -1.13    5.68
 -97803.986    84.627    -6.08    8.25
 -97424.039    81.278    -8.81    8.57
 -97044.185    78.458    -7.43    7.38
 -96664.424    76.020    -6.42    8.11
 -96284.755    74.618    -3.69    9.68
 -95905.179    71.472    -8.29    9.95
 -95525.695    67.339   -10.89    7.99
 -95146.304    65.022    -6.11    5.46
 -94767.005    61.861    -8.33    5.64
 -94387.799    55.500   -16.78    9.53
 -94008.685    50.522   -13.13    9.10
 -93629.663    48.122    -6.33    8.46
 -93250.733    48.466     0.91    8.26
 -92871.895    50.618     5.68    8.51
 -92493.149    50.758     0.37    8.77
 -92114.495    49.627    -2.99    7.45
 -91735.933    49.683     0.15    5.45
 -91357.463    49.665    -0.05    4.51
 -90979.084    49.398    -0.71    4.77
 -90600.797    49.104    -0.78    5.21
 -90222.602    49.396     0.77    5.60
 -89844.498    49.252    -0.38    5.62
 -89466.486    47.590    -4.40    6.21
 -89088.565    45.803    -4.73    6.70
 -88710.736    43.729    -5.49    6.70
 -88332.997    41.429    -6.09    5.82
 -87955.350    39.889    -4.08    5.70
 -87577.794    37.711    -5.77    6.42
 -87200.329    35.440    -6.02    6.97
 -86822.955    33.859    -4.19    6.79
 -86445.673    30.561    -8.74    5.54
 -86068.481    28.011    -6.76    5.46
 -85691.379    24.900    -8.25    4.87
 -85314.369    23.118    -4.73    4.46
 -84937.449    21.791    -3.52    5.46
 -84560.620    21.831     0.10    6.74
 -84183.881    19.458    -6.30    9.06
 -83807.233    16.127    -8.84    9.37
 -83430.675    12.235   -10.34    7.81
 -83054.208     9.448    -7.40    6.39
 -82677.831     8.702    -1.98    6.43
 -82301.544     8.562    -0.37    6.99
 -81925.348     8.382    -0.48    7.51
 -81549.241     7.974    -1.09    7.96
 -81173.225     7.470    -1.34    8.06
 -80797.298     6.955    -1.37    8.12
 -80421.461     6.880    -0.20    7.98
 -80045.715     7.266     1.03    7.92
 -79670.058     7.933     1.78    7.96
 -79294.491     8.382     1.20    7.99
 -78919.013     9.216     2.22    7.92
 -78543.625     9.412     0.52    7.92
 -78168.327     9.859     1.19    7.40
 -77793.118     9.870     0.03    6.81
 -77417.998    10.269     1.06    6.04
 -77042.968    11.673     3.74    5.53
 -76668.027    13.910     5.97    5.09
 -76293.175    17.599     9.84    5.04
 -75918.413    20.455     7.62    5.33
 -75543.739    23.863     9.10    6.14
 -75169.155    26.403     6.78    6.20
 -74794.659    29.024     7.00    6.14
 -74420.253    32.132     8.30    4.62
 -74045.935    34.618     6.64    3.94
 -73671.706    36.479     4.97    3.66
 -73297.566    38.628     5.74    2.52
 -72923.514    39.627     2.67    1.90
 -72549.551    39.732     0.28    1.85
 -72175.677    39.534    -0.53    2.44
 -71801.891    38.338    -3.20    4.18
 -71428.193    36.467    -5.01    7.15
 -71054.584    32.291   -11.18   10.03
 -70681.063    27.301   -13.36   11.81
 -70307.630    22.831   -11.97   10.93
 -69934.286    20.226    -6.98    8.42
 -69561.029    19.099    -3.02    6.45
 -69187.861    19.503     1.08    5.67
 -68814.781    19.627     0.33    6.47
 -68441.788    18.543    -2.91    7.45
 -68068.883    17.297    -3.34    8.37
 -67696.066    16.721    -1.55    9.07
 -67323.337    18.176     3.90    9.38
 -66950.696    20.266     5.61    9.02
 -66578.142    21.599     3.58    9.51
 -66205.676    22.861     3.39   10.63
 -65833.297    25.484     7.04   11.68
 -65461.005    31.468    16.08   13.57
 -65088.801    38.683    19.39   13.64
 -64716.684    47.368    23.34    9.06
 -64344.655    52.175    12.92    5.02
 -63972.712    54.830     7.14    1.67
 -63600.857    55.636     2.17    2.55
 -63229.089    55.875     0.64    6.09
 -62857.408    55.254    -1.67   12.94
 -62485.814    57.552     6.19   15.04
 -62114.306    61.024     9.35   14.44
 -61742.886    64.316     8.86    9.60
 -61371.552    64.234    -0.22    5.17
 -61000.305    60.812    -9.22    5.93
 -60629.144    56.240   -12.32    5.94
 -60258.070    49.194   -18.99   12.94
 -59887.083    44.401   -12.92   15.27
 -59516.182    41.071    -8.98   16.04
 -59145.368    41.917     2.28   16.11
 -58774.639    46.317    11.87   16.15
 -58403.998    54.942    23.27   13.12
 -58033.442    61.419    17.48    5.39
 -57662.972    62.732     3.55    3.38
 -57292.589    61.493    -3.35    3.90
 -56922.292    59.338    -5.82    4.46
 -56552.080    57.307    -5.49    5.91
 -56181.955    55.366    -5.24    7.98
 -55811.915    53.768    -4.32    8.94
 -55441.961    53.833     0.18    9.24
 -55072.093    54.627     2.15    8.84
 -54702.311    54.618    -0.02    8.87
 -54332.614    54.165    -1.22   10.71
 -53963.003    54.440     0.74   11.90
 -53593.477    54.529     0.24   14.03
 -53224.037    54.285    -0.66   14.94
 -52854.682    52.649    -4.43   13.06
 -52485.412    51.003    -4.46   11.00
 -52116.228    47.018   -10.79   10.41
 -51747.129    43.761    -8.82    8.77
 -51378.115    41.269    -6.75    8.02
 -51009.187    39.491    -4.82    6.52
 -50640.343    37.197    -6.22    7.84
 -50271.584    33.500   -10.03    8.29
 -49902.910    35.845     6.36   11.24
 -49534.321    39.228     9.18   13.49
 -49165.817    46.809    20.57   17.37
 -48797.398    54.847    21.82   16.22
 -48429.063    61.777    18.82   12.86
 -48060.813    69.637    21.34   12.43
 -47692.647    73.522    10.55   11.30
 -47324.566    74.297     2.11   11.27
 -46956.570    72.147    -5.84   12.72
 -46588.658    69.493    -7.21   11.28
 -46220.830    66.076    -9.29    8.78
 -45853.086    64.638    -3.91    6.50
 -45485.427    67.599     8.05    7.00
 -45117.852    70.445     7.74    8.18
 -44750.361    72.184     4.73   10.41
 -44382.954    71.401    -2.13   13.19
 -44015.631    71.789     1.06   15.40
 -43648.392    79.326    20.52   21.84
 -43281.237    90.520    30.49   23.06
 -42914.166   103.375    35.02   20.80
 -42547.178   111.967    23.41   16.48
 -42180.275   116.752    13.04    9.94
 -41813.455   110.805   -16.21   16.67
 -41446.718    97.609   -35.98   23.89
 -41080.065    91.263   -17.31   25.04
 -40713.496    86.609   -12.70   25.41
 -40347.010    81.685   -13.44   24.70
 -39980.607    75.731   -16.25   22.22
 -39614.288    68.769   -19.01   17.44
 -39248.051    60.440   -22.74    8.71
 -38881.899    59.763    -1.85    9.64
 -38515.829    68.926    25.03   20.89
 -38149.842    81.033    33.08   24.80
 -37783.939    93.628    34.42   20.66
 -37418.118    96.414     7.62   19.84
 -37052.380    88.432   -21.82   24.66
 -36686.725    80.816   -20.83   25.93
 -36321.153    77.212    -9.86   26.04
 -35955.664    80.878    10.03   26.75
 -35590.258    82.992     5.79   25.77
 -35224.934    85.343     6.44   23.13
 -34859.692    84.884    -1.26   23.06
 -34494.534    84.026    -2.35   22.66
 -34129.457    86.926     7.94   21.12
 -33764.464    89.229     6.31   18.98
 -33399.552    94.609    14.74   12.75
 -33034.723    97.675     8.40    7.96
 -32669.976    98.916     3.40    7.43
 -32305.311    98.532    -1.05    7.13
 -31940.729    98.388    -0.40   10.98
 -31570.499    96.893    -4.04   15.68
 -31188.666    95.269    -4.25   15.30
 -30806.924    95.124    -0.38   13.78
 -30425.275    93.543    -4.14   10.88
 -30043.717    94.073     1.39   10.18
 -29662.251    93.228    -2.22   12.31
 -29280.876    88.915   -11.31   12.37
 -28899.593    86.936    -5.19   11.00
 -28518.402    84.211    -7.15    7.87
 -28137.302    82.854    -3.56    6.74
 -27756.294    79.790    -8.04    9.96
 -27375.376    76.081    -9.74   12.69
 -26994.551    74.942    -2.99   12.10
 -26613.816    74.486    -1.20    8.99
 -26233.173    72.181    -6.05    7.27
 -25852.620    68.094   -10.74    9.65
 -25472.159    64.745    -8.80   10.57
 -25091.788    65.090     0.91   10.78
 -24711.509    69.320    11.12   12.08
 -24331.320    73.220    10.26   10.02
 -23951.222    74.724     3.96    8.19
 -23571.215    74.637    -0.23    9.62
 -23191.299    74.342    -0.78   10.56
 -22811.473    76.725     6.27   11.24
 -22431.737    78.760     5.36   10.26
 -22052.092    76.347    -6.36    9.88
 -21672.537    72.354   -10.52    8.97
 -21293.073    69.421    -7.73    7.76
 -20913.699    67.448    -5.20    7.68
 -20534.415    66.333    -2.94    8.05
 -20155.221    66.958     1.65    7.92
 -19776.118    70.259     8.71    8.45
 -19397.104    73.812     9.38    8.16
 -19018.180    77.033     8.50    9.24
 -18639.346    80.513     9.19    9.66
 -18260.602    82.422     5.04   10.60
 -17881.948    81.194    -3.25   12.17
 -17503.383    77.628    -9.42   13.56
 -17124.908    74.580    -8.05   14.15
 -16746.523    74.075    -1.34   14.71
 -16368.227    72.618    -3.85   16.55
 -15990.020    74.807     5.79   17.40
 -15611.903    74.809     0.00   15.76
 -15233.876    75.061     0.67   13.42
 -14855.937    71.440    -9.58   13.28
 -14478.088    65.437   -15.89   14.81
 -14100.327    60.409   -13.31   12.84
 -13722.656    55.085   -14.10   12.04
 -13345.074    56.986     5.04   14.93
 -12967.581    71.152    37.53   22.76
 -12590.176    81.598    27.68   22.24
 -12212.861    89.382    20.63   16.83
 -11835.634    89.450     0.18   18.19
 -11458.496    83.609   -15.49   22.59
 -11081.446    79.774   -10.17   24.08
 -10704.485    81.618     4.89   22.30
 -10327.613    86.007    11.64   17.19
  -9950.829    87.550     4.10   11.61
  -9574.134    87.628     0.21    9.60
  -9197.526    88.981     3.59   10.67
  -8821.007    92.907    10.43    8.96
  -8444.576    94.285     3.66    7.66
  -8068.234    93.165    -2.98    7.54
  -7691.979    89.517    -9.70    7.83
  -7315.813    85.275   -11.28    7.86
  -6939.734    81.711    -9.48    7.05
  -6563.743    78.799    -7.74    6.00
  -6187.841    76.871    -5.13    4.91
  -5812.025    75.964    -2.41    6.39
  -5436.298    73.805    -5.75   12.67
  -5060.658    67.279   -17.37   23.60
  -4685.106    58.220   -24.12   31.55
  -4309.642    46.676   -30.75   36.90
  -3934.264    34.771   -31.72   38.01
  -3558.975    22.935   -31.54   35.65
  -3183.772    10.447   -33.29   26.04
  -2808.657     2.190   -22.01   13.80
  -2433.629    -1.189    -9.01    1.19
  -2058.689    -1.391    -0.54    0.00
  -1683.835    -1.391     0.00    0.00
  -1309.069    -1.391     0.00    0.00
   -934.389    -1.391     0.00    0.00
   -559.797    -1.391     0.00    0.00
   -185.291    -1.391     0.00    0.00
    189.128    -1.391     0.00    0.00
    563.460    -1.391     0.00    0.00
    937.706    -1.391     0.00    0.00
   1311.865    -1.391     0.00    0.00
   1685.937    -1.258     0.36    1.37
   2059.923    -0.024     3.30    5.05
   2433.822     1.513     4.11    7.54
   2807.635     4.124     6.98   10.35
   3181.361     6.541     6.47   11.86
   3555.002     9.541     8.03   12.60
   3928.556    12.288     7.35   13.22
   4302.023    15.437     8.43   12.83
   4675.405    17.628     5.87   11.60
   5048.701    18.580     2.55    9.88
   5421.911    19.098     1.39    6.98
   5795.035    19.231     0.36    4.25
   6168.073    20.078     2.27    2.61
   6541.025    21.734     4.44    3.09
   6913.891    23.648     5.13    3.05
   7286.672    25.686     5.47    2.88
   7659.367    27.580     5.08    2.75
   8031.977    28.298     1.93    2.58
   8404.501    28.513     0.58    2.41
   8776.939    28.679     0.45    2.30
   9149.292    28.085    -1.60    2.09
   9521.560    27.869    -0.58    2.20
   9893.743    27.964     0.26    2.57
  10265.840    28.217     0.68    2.95
  10637.852    28.152    -0.17    4.10
  11009.779    28.609     1.23    4.20
  11381.621    28.919     0.84    4.16
  11753.378    28.428    -1.32    4.92
  12125.050    27.389    -2.80    5.76
  12496.637    25.703    -4.54    5.96
  12868.139    25.348    -0.95    5.98
  13239.557    26.282     2.51    5.70
  13610.890    26.481     0.54    6.38
  13982.138    24.868    -4.34    6.23
  14353.302    22.313    -6.88    5.28
  14724.381    19.910    -6.48    2.91
  15095.375    20.128     0.59    2.65
  15466.285    20.036    -0.25    2.18
  15837.111    20.807     2.08    2.64
  16207.853    22.405     4.31    3.17
  16578.510    23.359     2.57    3.31
  16949.083    24.618     3.40    3.58
  17319.572    26.190     4.24    3.49
  17689.977    27.849     4.48    3.72
  18060.297    29.697     4.99    5.79
  18430.534    28.926    -2.08    6.86
  18800.687    26.848    -5.61    7.05
  19170.756    25.118    -4.67    4.94
  19540.742    23.679    -3.89    3.26
  19910.643    24.811     3.06    4.95
  20280.461    26.304     4.04    5.27
  20650.195    26.991     1.86    5.55
  21019.846    24.599    -6.47    7.73
  21389.413    21.517    -8.34    7.83
  21758.897    20.712    -2.18    7.18
  22128.297    19.925    -2.13    7.96
  22497.614    21.195     3.44    9.70
  22866.847    22.226     2.79   10.53
  23235.998    20.687    -4.17   11.57
  23605.065    20.474    -0.58   11.05
  23974.049    19.638    -2.26    8.60
  24342.950    21.104     3.97    6.73
  24711.768    22.040     2.54    5.26
  25080.503    20.471    -4.25    4.84
  25449.155    19.628    -2.29    4.44
  25817.724    19.148    -1.30    5.73
  26186.211    18.157    -2.69    6.97
  26554.614    18.193     0.10    7.40
  26922.936    21.782     9.74    8.53
  27291.174    24.671     7.85    7.82
  27659.330    27.128     6.67    6.41
  28027.403    28.876     4.75    8.58
  28395.394    29.109     0.63   10.37
  28763.302    29.070    -0.10   10.36
  29131.128    28.034    -2.82   10.54
  29498.872    24.696    -9.08    9.62
  29866.534    21.732    -8.06   12.02
  30234.113    18.373    -9.14   11.43
  30601.610    17.312    -2.89    9.89
  30969.026    18.775     3.98    9.50
  31336.359    21.291     6.85    7.62
  31703.610    25.015    10.14    4.57
  32070.779    27.143     5.80    5.58
  32437.866    26.669    -1.29    7.41
  32804.872    28.638     5.36    8.71
  33171.796    30.815     5.93    9.37
  33538.638    34.793    10.85    8.76
  33905.398    36.047     3.42    8.18
  34272.077    32.292   -10.24   10.54
  34638.674    28.890    -9.28    9.95
  35005.190    25.619    -8.93    6.34
  35371.625    25.114    -1.38    4.80
  35737.978    25.560     1.22    4.46
  36104.249    24.719    -2.30    4.55
  36470.440    23.201    -4.14    4.14
  36836.549    25.149     5.32    6.77
  37202.577    27.224     5.67    6.83
  37568.524    28.549     3.62    6.64
  37934.390    29.945     3.82    5.86
  38300.175    29.089    -2.34    4.11
  38665.879    28.415    -1.84    3.15
  39031.502    28.560     0.40    3.03
  39397.044    28.013    -1.50    3.63
  39762.505    28.725     1.95    5.12
  40127.886    28.054    -1.84    7.12
  40493.186    24.559    -9.57    8.73
  40858.405    21.824    -7.49    8.71
  41223.544    22.046     0.61    9.93
  41588.603    23.945     5.20    9.55
  41953.580    25.411     4.02    8.20
  42318.478    26.856     3.96    6.36
  42683.295    27.502     1.77    5.90
  43048.393    26.354    -3.15    6.86
  43430.055    25.094    -3.30    6.67
  43811.627    26.780     4.42    7.99
  44193.109    27.540     1.99    9.04
  44574.502    25.851    -4.43   10.19
  44955.806    24.936    -2.40   10.31
  45337.020    22.821    -5.55    7.95
  45718.145    22.948     0.33    5.41
  46099.181    23.963     2.66    4.86
  46480.128    27.055     8.12    8.03
  46860.985    28.731     4.40    9.27
  47241.754    28.279    -1.19    9.85
  47622.433    28.598     0.84    9.64
  48003.024    25.061    -9.29    8.34
  48383.526    22.567    -6.56    5.53
  48763.939    21.317    -3.28    3.74
  49144.263    20.292    -2.70    3.13
  49524.499    23.492     8.42    7.19
  49904.646    30.640    18.80   12.82
  50284.704    40.069    24.81   14.39
  50664.674    51.155    29.17   13.22
  51044.555    60.016    23.33   12.04
  51424.348    62.609     6.83   10.12
  51804.053    61.805    -2.12    9.06
  52183.670    58.899    -7.66    7.41
  52563.198    59.364     1.22    8.69
  52942.638    61.739     6.26   11.58
  53321.990    64.687     7.77   12.91
  53701.254    64.471    -0.57   14.27
  54080.431    62.259    -5.83   15.29
  54459.519    59.619    -6.97   13.73
  54838.519    56.677    -7.76   10.82
  55217.432    52.628   -10.68    9.87
  55596.257    46.919   -15.07   10.92
  55974.994    40.873   -15.96    9.57
  56353.644    37.173    -9.77    7.29
  56732.206    37.913     1.95    8.68
  57110.681    40.154     5.92    9.31
  57489.069    43.511     8.87   11.39
  57867.369    46.659     8.32   13.11
  58245.581    50.315     9.66   12.40
  58623.707    52.935     6.93   11.66
  59001.745    52.157    -2.06   11.96
  59379.696    49.022    -8.29   12.49
  59757.561    45.354    -9.71   12.51
  60135.338    41.241   -10.89   11.15
  60513.028    40.203    -2.75    9.02
  60890.631    40.949     1.98    7.97
  61268.148    42.764     4.81    8.25
  61645.578    44.949     5.79    9.05
  62022.921    48.962    10.63   10.67
  62400.177    51.209     5.96   10.69
  62777.347    50.393    -2.16   10.15
  63154.430    52.539     5.69    9.83
  63531.427    54.312     4.70   11.15
  63908.338    53.955    -0.95   13.43
  64285.162    54.449     1.31   12.52
  64661.900    57.197     7.29   12.57
  65038.551    60.020     7.50   14.32
  65415.117    62.599     6.85   12.99
  65791.596    61.939    -1.75   10.39
  66167.990    58.978    -7.87   10.35
  66544.297    55.701    -8.71   10.58
  66920.518    52.252    -9.17   12.03
  67296.654    50.838    -3.76   13.99
  67672.703    50.230    -1.62   15.87
  68048.667    48.619    -4.28   16.57
  68424.546    48.166    -1.20   15.57
  68800.338    50.678     6.68   16.52
  69176.045    54.589    10.41   17.16
  69551.667    57.729     8.36   16.11
  69927.202    53.906   -10.18   16.45
  70302.653    46.699   -19.19   14.61
  70678.018    42.299   -11.72    9.48
  71053.298    43.334     2.76    9.18
  71428.493    48.170    12.89    9.21
  71803.602    51.599     9.14    6.51
  72178.626    52.400     2.14    4.60
  72553.566    50.288    -5.63    4.20
  72928.420    47.547    -7.31    3.62
  73303.189    46.432    -2.98    3.29
  73677.874    48.671     5.98    7.41
  74052.473    55.589    18.47   11.52
  74426.988    59.861    11.41    9.92
  74801.418    56.893    -7.93   13.36
  75175.763    48.969   -21.17   16.24
  75550.024    37.279   -31.23   12.64
  75924.200    28.149   -24.40    7.72
  76298.292    22.409   -15.34    6.88
  76672.299    18.962    -9.22    5.57
  77046.222    16.479    -6.64    2.66
  77420.060    18.667     5.85    5.54
  77793.814    21.739     8.22    7.45
  78167.484    22.922     3.17    8.44
  78541.070    21.282    -4.39    9.22
  78914.572    16.945   -11.61    7.92
  79287.989    16.905    -0.11    8.23
  79661.323    21.401    12.04   10.40
  80034.573    23.369     5.27    9.41
  80407.739    26.371     8.05    7.11
  80780.821    25.148    -3.28    6.82
  81153.819    21.874    -8.78    4.84
  81526.733    19.864    -5.39    5.25
  81899.564    15.162   -12.61    5.56
  82272.311    11.331   -10.28    6.45
  82644.975     8.956    -6.37    5.20
  83017.555    11.815     7.67    9.03
  83390.052    14.689     7.72    9.57
  83762.465    17.272     6.93    8.25
  84134.795    19.519     6.03    7.94
  84507.042    19.579     0.16    8.48
  84879.205    20.282     1.89    8.44
  85251.286    17.376    -7.81    7.73
  85623.283    13.913    -9.31    5.54
  85995.197    14.774     2.31    8.91
  86367.028    17.609     7.62   10.82
  86738.776    23.109    14.79   10.93
  87110.442    25.060     5.25    9.37
  87482.024    21.912    -8.47    9.30
  87853.524    18.148   -10.13    9.64
  88224.941    12.649   -14.81    7.17
  88596.275     8.399   -11.44    3.86
  88967.527     7.560    -2.26    4.23
  89338.696     7.660     0.27    5.01
  89709.783     9.628     5.30    5.44
  90080.787    11.702     5.59    5.28
  90451.709    11.393    -0.83    5.11
  90822.548    10.356    -2.80    4.92
  91193.305     7.326    -8.17    4.54
  91563.980     7.063    -0.71    5.03
  91934.573     8.629     4.22    6.47
  92305.083     9.859     3.32    6.83
  92675.512    11.033     3.17    6.67
  93045.858    11.158     0.34    6.84
  93416.123    12.282     3.04    7.87
  93786.306    14.932     7.16    8.35
  94156.406    17.588     7.17    8.12
  94526.425    17.282    -0.83    7.48
  94896.362    16.094    -3.21    6.11
  95266.218    14.638    -3.93    4.66
  95635.992    15.490     2.30    5.83
  96005.684    16.017     1.43    6.35
  96375.295    14.876    -3.09    5.62
  96744.824    13.843    -2.79    3.92
  97114.272    13.619    -0.61    5.89
  97483.638    12.619    -2.71    6.80
  97852.923    14.618     5.41    8.61
  98222.127    17.063     6.62   10.13
  98591.250    20.548     9.44    8.76
  98960.291    23.259     7.34    6.72
  99329.251    22.364    -2.43    7.00
  99698.131    17.876   -12.17    8.92
 100066.929    16.935    -2.55    9.95
 100435.646    21.439    12.21   14.83
 100804.283    23.659     6.02   16.11
 101172.838    33.399    26.42   13.47
 101541.313    34.519     3.04   13.10
 101909.707    33.043    -4.01   12.06
 102278.020    35.569     6.86    5.06
 102646.253    31.576   -10.84    4.57
 103014.405    23.324   -22.41   11.59
 103382.477    16.508   -18.52   11.64
 103750.468    13.906    -7.07    9.66
 104118.378    13.909     0.01   10.41
 104486.209    16.579     7.26   10.77
 104853.958    15.886    -1.88   10.47
 105221.628    12.310    -9.73    9.23
 105589.218    11.315    -2.71    9.48
 105956.727    10.696    -1.68    9.51
 106324.156    14.747    11.03   12.59
 106691.505    18.659    10.65   13.74
 107058.774    20.439     4.84   12.99
 107425.963    20.359    -0.22   12.32
 107793.072    19.792    -1.54   12.28
 108160.102    17.836    -5.33   12.26
 108527.051    15.213    -7.15   11.80
 108893.921    15.826     1.67   14.32
 109260.711    20.013    11.41   16.67
 109627.422    25.419    14.74   16.07
 109994.053    29.879    12.16   14.45
 110360.604    31.184     3.56   13.14
 110727.076    29.246    -5.29   13.67
 111093.468    27.377    -5.10   14.13
 111459.781    23.440   -10.75   13.62
 111826.014    20.129    -9.04   11.08
 112192.169    16.549    -9.78    8.39
 112558.244    14.619    -5.27    6.06
 112924.240    12.649    -5.38    5.88
 113290.156    10.199    -6.70    5.71
 113655.994     6.978    -8.80    4.72
 114021.753     4.034    -8.05    4.73
 114387.432     3.289    -2.04    5.84
 114753.033     7.219    10.75    9.06
 115118.555    12.033    13.17   11.32
 115483.998    21.205    25.10   14.83
 115849.362    33.669    34.11   20.49
 116214.647    48.973    41.89   23.25
 116579.854    66.449    47.85   25.29
 116944.982    78.507    33.02   23.38
 117310.032    85.889    20.22   22.92
 117675.003    88.199     6.33   20.55
 118051.852    90.445     5.96   16.63
 118433.253    91.560     2.92   14.98
 118814.567    93.485     5.05   13.92
 119195.794    93.480    -0.01   13.12
 119576.934    90.568    -7.64   13.19
 119957.986    85.118   -14.30    9.64
 120338.952    80.201   -12.91    5.85
 120719.831    76.678    -9.25    6.46
 121100.623    74.354    -6.10    6.64
 121481.328    72.030    -6.10    8.15
 121861.946    67.782   -11.16    9.50
 122242.477    61.955   -15.31   10.95
 122622.922    51.701   -26.95   15.15
 123003.281    40.491   -29.47   19.20
 123383.552    28.252   -32.18   16.22
 123763.738    19.599   -22.76    8.59
 124143.837    17.021    -6.78    3.75
 124523.849    21.971    13.03    7.31
 124903.775    28.640    17.55    9.19
 125283.615    33.043    11.59    7.96
 125663.369    37.268    11.13    5.90
 126043.037    41.677    11.61    8.27
 126422.618    47.921    16.45    9.82
 126802.114    54.569    17.52    8.52
 127181.523    60.893    16.67    5.66
 127560.847    66.698    15.30    7.04
 127940.085    72.437    15.13    7.96
 128319.237    77.688    13.85    7.47
 128698.303    82.458    12.58    5.19
 129077.284    83.159     1.85    5.46
 129456.179    82.877    -0.74    7.04
 129834.988    89.331    17.04   14.54
 130213.712   100.337    29.06   19.62
 130592.351   115.929    41.17   18.84
 130970.904   130.587    38.72   10.58
 131349.372   137.718    18.84    6.63
 131727.754   140.383     7.04    3.81
 132106.052   135.401   -13.17    9.46
 132484.264   125.119   -27.18   14.22
 132862.391   111.477   -36.07   15.45
 133240.433   101.150   -27.31   11.28
 133618.390    99.718    -3.79   10.19
 133996.262   109.609    26.17   19.04
 134374.049   125.211    41.29   22.20
 134751.752   137.547    32.66   19.54
 135129.369   143.419    15.55   16.71
 135506.902   143.359    -0.16   14.09
 135884.351   144.993     4.33   10.96
 136261.714   148.124     8.30    8.56
 136638.993   146.289    -4.86   10.44
 137016.188   139.241   -18.68   14.47
 137393.298   127.456   -31.25   14.35
 137770.324   119.831   -20.22    9.21
 138147.266   124.680    12.86   17.27
 138524.123   135.391    28.42   21.39
 138900.896   142.619    19.18   16.82
 139277.585   139.540    -8.17   17.75
 139654.190   126.062   -35.78   20.80
 140030.711   113.912   -32.27   14.37
 140407.147   108.899   -13.31    8.70
 140783.500   111.659     7.33   12.38
 141159.769   117.409    15.28   13.57
 141535.954   119.399     5.29   11.00
 141912.056   116.022    -8.98   10.03
 142288.074   107.346   -23.07   16.61
 142664.008    95.662   -31.08   19.72
 143039.858    83.982   -31.07   17.08
 143415.625    76.098   -20.98   10.55
 143791.309    74.466    -4.35    7.19
 144166.909    77.442     7.92    9.85
 144542.425    85.179    20.60   14.29
 144917.859    95.558    27.64   16.54
 145293.209   108.877    35.48   17.22
 145668.476   121.124    32.63   17.75
 146043.659   134.976    36.92   15.76
 146418.760   143.508    22.74   13.35
 146793.777   147.030     9.39   11.29
 147168.712   143.336    -9.85   15.10
 147543.564   138.917   -11.79   16.83
 147918.332   139.813     2.39   16.25
 148293.018   143.917    10.95   14.32
 148667.621   149.139    13.94   10.89
 149042.142   153.315    11.15    5.46
 149416.579   160.639    19.56   16.10
 149790.934   167.963    19.56   20.57
 150165.207   171.699     9.98   19.96
 150539.397   173.000     3.48   16.93
 150913.505   171.884    -2.98   11.62
 151287.530   170.354    -4.09    7.14
 151661.473   172.915     6.85    8.50
 152035.333   176.180     8.73    7.30
 152409.111   176.379     0.53    6.96
 152782.808   173.239    -8.40    8.26
 153156.422   168.361   -13.05    7.90
 153529.953   162.976   -14.42    6.65
 153903.403   158.290   -12.55    6.82
 154276.771   154.069   -11.30    6.74
 154650.057   151.522    -6.82    5.22
 155023.261   152.989     3.93    4.95
 155396.384   155.967     7.98    5.90
 155769.424   161.189    14.00    8.97
 156142.383   167.788    17.69   10.66
 156515.260   173.496    15.31    9.95
 156888.056   176.249     7.38    8.79
 157260.770   174.864    -3.72    9.58
 157633.402   171.364    -9.39   10.22
 158005.954   166.238   -13.76   10.15
 158378.423   163.159    -8.27   11.51
 158750.812   158.598   -12.25   12.64
 159123.119   153.098   -14.77   14.53
 159495.345   145.652   -20.00   18.54
 159867.489   141.039   -12.40   22.35
 160239.553   135.141   -15.85   23.10
 160611.535   124.429   -28.79   26.87
 160983.437   109.671   -39.68   29.82
 161355.257    94.341   -41.22   24.91
 161726.997    90.017   -11.63   20.07
 162098.656   108.170    48.84   34.23
 162470.234   131.245    62.09   36.20
 162841.731   153.952    61.12   22.53
 163213.147   162.919    24.14    8.08
 163584.483   163.311     1.06    8.83
 163955.738   161.134    -5.86    9.58
 164326.913   159.902    -3.32   10.05
 164698.007   161.119     3.28    8.08
 165069.021   162.798     4.53    8.31
 165439.954   167.068    11.51   13.13
 165810.807   174.821    20.90   15.24
 166181.579   181.609    18.31   10.97
 166552.272   182.149     1.46   10.46
 166922.884   177.372   -12.89   11.87
 167293.416   174.720    -7.16   10.98
 167663.868   174.433    -0.77    9.55
 168034.240   175.354     2.49    8.29
 168404.532   176.576     3.30    5.42
 168774.744   176.275    -0.81    3.60
 169144.876   175.314    -2.60    3.71
 169514.929   170.932   -11.84    6.19
 169884.901   163.722   -19.49   11.15
 170254.794   156.103   -20.59   12.63
 170624.607   150.466   -15.24    9.11
 170994.341   146.310   -11.24    6.74
 171363.994   137.928   -22.67   18.59
 171733.569   127.250   -28.89   22.74
 172103.064   115.506   -31.78   19.06
 172472.479   107.523   -21.61    9.72
 172841.815   113.109    15.12   11.17
 173211.072   122.323    24.95   12.43
 173580.250   130.313    21.64   12.68
 173949.348   137.062    18.28   11.37
 174318.367   142.176    13.86    9.37
 174687.307   144.730     6.92    6.92
 175056.168   146.081     3.66    4.68
 175424.950   145.908    -0.47    4.79
 175793.653   145.413    -1.34    4.73
 176162.277   146.346     2.53    4.04
 176530.822   148.317     5.35    5.39
 176899.288   149.772     3.95    5.86
 177267.676   148.104    -4.53    8.37
 177635.985   140.911   -19.53   15.66
 178004.215   131.275   -26.16   16.49
 178372.367   122.535   -23.74   10.88
 178740.440   120.249    -6.21    7.70
 179108.434   123.163     7.92    8.86
 179476.350   130.821    20.81   11.54
 179844.188   136.124    14.42   10.19
 180211.947   140.905    13.00    5.33
 180579.628   140.649    -0.69    5.01
 180947.230   135.524   -13.94    6.99
 181314.755   131.023   -12.25    8.53
 181682.201   126.109   -13.37    8.05
 182049.569   124.029    -5.66    6.35
 182416.859   124.555     1.43    6.11
 182784.071   127.803     8.84    6.26
 183151.205   130.973     8.64    5.25
 183518.261   134.238     8.89    4.29
 183885.239   135.517     3.49    4.54
 184252.140   138.704     8.69    5.56
 184618.962   143.486    13.03    6.68
 184985.707   148.489    13.64    8.43
 185352.374   154.303    15.85    9.42
 185718.964   158.652    11.86    9.19
 186085.476   159.047     1.08    9.07
 186451.910   156.762    -6.24    9.67
 186818.267   150.293   -17.65   10.54
 187184.547   143.356   -18.94   10.98
 187550.749   136.739   -18.07   10.34
 187916.874   130.356   -17.43    9.87
 188282.921   123.777   -17.97    9.13
 188648.891   120.629    -8.60    9.62
 189014.785   123.746     8.52   14.72
 189380.600   131.827    22.09   17.30
 189746.339   140.507    23.73   14.63
 190112.001   148.781    22.62   11.22
 190477.586   153.139    11.92   11.95
 190843.094   154.141     2.74    9.78
 191208.525   151.047    -8.47   11.21
 191573.879   143.879   -19.62   15.69
 191939.156   132.731   -30.52   14.91
 192304.356   130.854    -5.14   14.69
 192676.411   135.790    13.26   18.77
 193057.643   143.316    19.74   17.59
 193438.790   148.293    13.06   10.95
 193819.852   145.423    -7.53   11.00
 194200.829   138.980   -16.91   10.90
 194581.722   129.149   -25.81   14.33
 194962.529   113.409   -41.33   19.21
 195343.252    99.959   -35.32   19.01
 195723.890    88.786   -29.35   12.19
 196104.444    85.990    -7.35    9.28
 196484.913    89.866    10.19   12.71
 196865.298    93.752    10.21   13.86
 197245.598    98.335    12.05   11.56
 197625.814    99.786     3.82    9.89
 198005.946    99.098    -1.81    9.09
 198385.993    98.660    -1.15    7.81
 198765.956   100.784     5.59    9.02
 199145.835   103.165     6.27   11.11
 199525.630   110.703    19.84   12.88
 199905.341   115.067    11.49   13.16
 200284.968   115.942     2.30   15.90
 200664.511   112.815    -8.24   18.71
 201043.970   108.732   -10.76   18.57
 201423.345   106.390    -6.17   16.65
 201802.637   106.567     0.47   14.77
 202181.845   106.182    -1.02   12.78
 202560.969   105.577    -1.59    9.32
 202940.009   102.990    -6.82    8.96
 203318.966   102.036    -2.52   12.27
 203697.840   104.762     7.19   13.72
 204076.630   111.819    18.63   16.75
 204455.337   119.712    20.84   17.17
 204833.960   128.367    22.86   12.34
 205212.500   131.411     8.04   10.38
 205590.957   133.207     4.74    9.70
 205969.331   135.037     4.84    9.14
 206347.622   137.321     6.04   10.32
 206725.829   138.833     4.00    9.97
 207103.954   141.167     6.17   10.61
 207481.995   145.869    12.44   12.62
 207859.954   153.114    19.17   12.33
 208237.830   158.801    15.05   11.25
 208615.623   163.837    13.33   10.81
 208993.333   166.341     6.63   11.75
 209370.961   168.351     5.32   11.79
 209748.506   169.258     2.40   10.87
 210125.969   169.239    -0.05    9.79
 210503.349   165.874    -8.92    9.44
 210880.646   163.169    -7.17    9.15
 211257.861   160.513    -7.04    8.94
 211634.994   158.420    -5.55    8.60
 212012.044   153.851   -12.12    9.42
 212389.012   146.956   -18.29    9.58
 212765.898   142.094   -12.90    9.06
 213142.702   141.520    -1.52    9.39
 213519.424   145.494    10.55   13.45
 213896.064   152.031    17.35   14.07
 214272.621   156.854    12.81   12.20
 214649.097   160.790    10.45   10.12
 215025.491   168.609    20.77   12.38
 215401.803   176.546    21.09   13.09
 215778.033   185.805    24.61   10.37
 216154.182   192.587    18.03    5.43
 216530.249   195.330     7.29    4.11
 216906.234   196.482     3.06    3.59
 217282.138   197.557     2.86    3.60
 217657.960   197.119    -1.17    4.26
 218033.701   197.703     1.56    4.76
 218409.360   199.819     5.63    5.78
 218784.938   202.241     6.45    6.85
 219160.434   205.219     7.93    6.41
 219535.850   206.758     4.10    5.88
 219911.184   208.254     3.99    5.60
 220286.437   209.555     3.46    5.21
 220661.609   210.282     1.94    5.12
 221036.700   209.525    -2.02    6.56
 221411.710   206.192    -8.89    8.02
 221786.639   203.727    -6.57    7.35
 222161.487   206.506     7.41    9.52
 222536.254   211.359    12.95    9.84
 222910.940   210.722    -1.70   11.39
 223285.546   203.009   -20.59   18.20
 223660.071   188.972   -37.47   18.60
 224034.515   178.185   -28.81   10.56
 224408.879   176.639    -4.13    6.81
 224783.162   178.065     3.81    5.92
 225157.365   179.134     2.86    4.75
 225531.487   177.716    -3.79    6.24
 225905.529   175.629    -5.58    7.21
 226279.491   175.330    -0.80    7.97
 226653.372   174.918    -1.10    8.99
 227027.173   170.714   -11.24   11.53
 227400.894   165.671   -13.49   12.31
 227774.535   159.897   -15.45   10.84
 228148.096   155.609   -11.48    9.71
 228521.577   153.986    -4.34    8.77
 228894.978   151.956    -5.43    8.27
 229268.298   149.848    -5.65    8.71
 229641.539   148.301    -4.14    9.61
 230014.701   146.969    -3.57    9.37
 230387.782   145.478    -4.00    8.78
 230760.784   145.083    -1.06    7.44
 231133.706   145.186     0.28    6.22
 231506.548   143.928    -3.37    5.61
 231879.311   142.222    -4.58    6.35
 232251.994   141.805    -1.12    6.91
 232624.598   142.385     1.56    6.36
 232997.123   143.207     2.20    7.04
 233369.568   144.578     3.68    7.28
 233741.934   143.470    -2.97    7.88
 234114.220   138.973   -12.08   10.24
 234486.427   131.994   -18.75   12.84
 234858.556   123.335   -23.27   13.09
 235230.605   114.332   -24.19   10.33
 235602.574   108.691   -15.16    7.00
 235974.465   108.393    -0.80    8.68
 236346.277   113.896    14.80   15.56
 236718.010   122.486    23.11   18.81
 237089.665   128.289    15.61   16.35
 237461.240   131.430     8.45   10.96
 237832.737   133.556     5.72    7.43
 238204.155   137.332    10.16    7.02
 238575.494   138.484     3.10    7.08
 238946.754   135.346    -8.45   10.42
 239317.936   130.821   -12.19    9.75
 239689.040   130.588    -0.63   10.93
 240060.065   133.663     8.29   13.27
 240431.012   137.744    11.00   12.84
 240801.880   140.975     8.71   12.09
 241172.670   139.413    -4.21   11.53
 241543.382   135.533   -10.47    9.92
 241914.015   131.268   -11.50   10.67
 242284.570   125.770   -14.84   10.44
 242655.047   119.990   -15.60    8.41
 243025.447   117.194    -7.55    5.83
 243395.768   118.019     2.23    7.50
 243766.011   121.734    10.03    9.82
 244136.176   127.790    16.36   10.34
 244506.263   131.351     9.62   10.28
 244876.272   132.261     2.46   10.72
 245246.204   131.588    -1.82   10.59
 245616.058   128.964    -7.09    8.78
 245985.834   125.928    -8.21    7.94
 246355.533   123.750    -5.89    5.79
 246725.154   124.082     0.90    4.63
 247094.697   126.189     5.70    5.75
 247464.163   130.307    11.14    6.23
 247833.552   133.609     8.94    5.67
 248202.863   135.377     4.79    5.59
 248572.096   135.619     0.66    4.74
 248941.253   136.727     3.00    4.72
 249310.332   139.547     7.64    5.86
 249679.334   143.552    10.85    7.71
 250048.259   147.492    10.68    7.43
 250417.107   150.153     7.21    6.83
 250785.877   152.692     6.88    8.10
 251154.571   156.077     9.18    8.82
 251523.188   160.807    12.83    7.93
 251891.727   165.619    13.06    5.81
 252260.190   167.335     4.66    6.05
 252628.576   167.830     1.34    6.26
 252996.886   167.703    -0.34    6.15
 253365.118   167.021    -1.85    5.19
 253733.274   167.031     0.03    4.40
 254101.353   167.998     2.63    4.11
 254469.356   167.927    -0.19    4.55
 254837.282   168.848     2.50    6.02
 255205.132   170.779     5.25    6.28
 255572.905   172.724     5.29    5.33
 255940.602   173.914     3.23    5.47
 256308.222   175.587     4.55    6.72
 256675.766   177.000     3.84    7.37
 257043.234   180.120     8.49    9.12
 257410.626   189.629    25.88   14.91
 257777.941   203.391    37.46   18.41
 258145.181   215.682    33.46   15.87
 258512.344   222.652    18.98    9.55
 258879.431   223.651     2.72    8.47
 259246.443   222.004    -4.49    8.62
 259613.378   219.641    -6.44    7.38
 259980.238   219.046    -1.62    7.06
 260347.021   218.153    -2.43    6.67
 260713.729   213.779   -11.93    4.54
 261080.361   211.968    -4.94    3.29
 261446.918   210.577    -3.79    5.14
 261813.399   209.098    -4.04    6.58
 262179.804   208.683    -1.13    7.16
 262546.134   210.327     4.49    8.70
 262912.388   213.609     8.96    8.17
 263278.566   216.557     8.05    6.51
 263644.670   217.979     3.89    5.47
 264010.698   216.359    -4.43    5.40
 264376.650   216.254    -0.29    6.36
 264742.528   215.451    -2.19    8.23
 265108.330   213.875    -4.31    9.90
 265474.057   208.502   -14.69   12.20
 265839.708   200.756   -21.18   13.04
 266205.285   193.119   -20.89    8.34
 266570.787   187.504   -15.36    5.53
 266936.213   184.986    -6.89    2.91
 267303.851   186.900     5.20    5.61
 267684.913   191.058    10.91    9.31
 268065.892   198.335    19.10   10.99
 268446.789   208.063    25.54   10.25
 268827.603   217.768    25.48   10.62
 269208.334   222.484    12.38    7.61
 269588.983   221.990    -1.30    7.18
 269969.549   217.886   -10.78    7.43
 270350.033   213.007   -12.82    5.84
 270730.435   209.431    -9.40    5.28
 271110.754   207.463    -5.17    6.57
 271490.991   205.935    -4.02    8.64
 271871.146   203.082    -7.50    9.27
 272251.218   198.496   -12.06    9.73
 272631.209   193.851   -12.22    7.95
 273011.117   190.642    -8.44    4.81
 273390.943   189.314    -3.50    3.40
 273770.687   189.334     0.05    3.61
 274150.350   188.819    -1.36    3.70
 274529.930   187.974    -2.23    3.57
 274909.429   188.693     1.89    4.13
 275288.846   189.026     0.88    5.84
 275668.181   191.683     7.00    7.96
 276047.435   196.304    12.18    9.46
 276426.607   200.817    11.90    9.14
 276805.697   206.059    13.83    6.78
 277184.706   209.188     8.25    5.61
 277563.634   211.587     6.33    4.57
 277942.480   212.396     2.13    3.68
 278321.245   212.759     0.96    3.12
 278699.928   210.788    -5.21    4.65
 279078.531   208.695    -5.53    6.17
 279457.052   208.683    -0.03    6.94
 279835.491   209.544     2.27    7.26
 280213.850   210.875     3.52    6.14
 280592.128   211.752     2.32    4.07
 280970.325   211.692    -0.16    2.56
 281348.441   211.924     0.61    2.51
 281726.476   211.661    -0.69    2.87
 282104.430   210.250    -3.73    4.08
 282482.303   209.503    -1.98    4.30
 282860.096   209.924     1.11    4.82
 283237.808   210.198     0.72    5.31
 283615.439   208.663    -4.06    7.16
 283992.990   204.694   -10.51    9.27
 284370.460   199.642   -13.38    7.68
 284747.850   197.661    -5.25    5.95
 285125.160   199.334     4.43    5.23
 285502.389   201.452     5.61    4.75
 285879.537   203.191     4.61    4.27
 286256.606   205.236     5.42    4.67
 286633.594   206.786     4.11    6.98
 287010.502   208.994     5.86    7.61
 287387.330   212.793    10.08    5.47
 287764.078   213.703     2.41    3.32
 288140.746   212.653    -2.79    3.68
 288517.333   212.015    -1.69    3.94
 288893.841   211.317    -1.85    4.61
 289270.269   209.172    -5.69    6.62
 289646.618   205.505    -9.74    8.41
 290022.886   199.417   -16.18   10.70
 290399.075   193.109   -16.77   10.25
 290775.184   187.791   -14.13   10.37
 291151.214   183.097   -12.48    8.79
 291527.163   178.556   -12.08    7.77
 291903.034   174.209   -11.56    5.18
 292278.825   172.202    -5.34    5.56
 292654.536   170.842    -3.62    7.34
 293030.168   171.072     0.61    7.82
 293405.721   171.960     2.37    6.50
 293781.195   173.768     4.81    3.76
 294156.589   175.741     5.25    4.17
 294531.904   180.236    11.98    7.79
 294907.140   183.894     9.75    6.67
 295282.297   187.130     8.62    4.74
 295657.375   189.258     5.67    4.35
 296032.374   190.239     2.62    4.72
 296407.294   193.077     7.57    6.16
 296782.136   199.587    17.37   10.31
 297156.898   203.920    11.56   11.99
 297531.582   205.311     3.71   11.97
 297906.187   204.942    -0.98   10.38
 298280.713   207.768     7.54   11.50
 298655.160   215.426    20.45   15.56
 299029.529   225.141    25.94   14.11
 299403.820   229.640    12.02    9.04
 299778.032   230.880     3.31    8.01
 300152.165   230.893     0.03    8.61
 300526.220   229.513    -3.69    7.75
 300900.197   227.914    -4.27    6.41
 301274.096   225.784    -5.69    7.51
 301647.916   221.956   -10.24    7.21
 302021.658   219.788    -5.80    8.69
 302395.322   218.222    -4.19    9.64
 302768.908   214.229   -10.68   12.07
 303142.416   208.736   -14.70   12.25
 303515.846   199.953   -23.51    9.52
 303889.198   195.726   -11.32    7.00
 304262.472   195.496    -0.61    8.56
 304635.668   195.727     0.62   10.33
 305008.786   198.784     8.19   11.99
 305381.827   200.353     4.20    9.63
 305754.790   199.820    -1.43    7.68
 306127.675   201.967     5.76    7.76
 306500.483   203.913     5.22    7.08
 306873.213   204.013     0.27    7.28
 307245.865   202.446    -4.20    7.02
 307618.440   200.077    -6.36    6.26
 307990.938   198.988    -2.92    6.06
 308363.358   195.463    -9.46    8.49
 308735.701   191.163   -11.55   11.23
 309107.967   185.454   -15.33    9.96
 309480.155   180.947   -12.11    5.54
 309852.267   180.869    -0.21    7.31
