# NaN NaN NaN ;Mean Elev.(m), Avg Gradient(m/km), RMS Gradient(m/km) - SRTM1     
#  148.546   1.558  41.802 ;Mean Elev.(m), Avg Gradient(m/km), RMS Gradient(m/km) - ASTER GDEM
#  139.806   1.562  41.197 ;Mean Elev.(m), Avg Gradient(m/km), RMS Gradient(m/km) - GMTED2010 
  7 117.413001  59.971478   145.968   145.964  4 52472.54895311 41.867
  8 117.423056  59.966898   138.984   138.750  3 52507.54892535 44.703
  9 117.412368  59.972674   144.672   144.674  4 52542.54890916 30.057
 10 117.406708  59.976089   141.662   141.652  5 52577.54896068 34.782
 11 117.421238  59.968741   143.058   142.855  3 52612.54892301 13.892
 12 117.412868  59.972128   142.210   142.221  4 52647.54890790 11.492
 13 117.432880  59.966284   144.442   144.442  2 52682.54887858  7.025
 14 117.407829  59.974478   145.211   143.939  5 52717.54893886  4.753
 15 117.410804  59.972972   142.183   142.190  4 52752.54896355 30.647
 16 117.381199  60.000527   276.069   276.069  2 52787.54891493  1.184
 19 117.411503  59.972343   144.018   144.032  5 52892.54905999 36.932
 20 117.428947  59.965412   143.155   143.230  3 52927.54900973 40.116
 21 117.413273  59.971094   142.176   142.215  4 52962.54898366 32.473
 22 117.410582  59.973050   143.215   142.548  5 52997.54902500 18.146
 23 117.427766  59.966562   143.664   143.483  3 53032.54898060  9.923
 24 117.417267  59.969195   142.735   142.636  4 53067.54899277  9.735
 26 117.416092  59.969937   142.710   142.539  4 53137.54899622 32.516
 27 117.409123  59.973968   154.098   154.061  4 53172.54904325 40.780
 28 117.416118  59.970496   144.180   144.199  3 53207.54905721 47.357
 29 117.428360  59.965525   143.918   143.791  3 53242.54902357 45.118
 30 117.393402  59.985677   149.237   148.582  8 53277.54900228 42.993
 31 117.410136  59.973359   142.659   142.655  5 53312.54903331 46.343
 36 117.404395  59.973406   142.579   142.573  3 53487.54906457 23.342
 37 117.419577  59.970448   146.597   146.597  2 53522.54905414 39.315
 38 117.408983  59.973678   290.216   276.215  5 53557.54908023  3.267
 39 117.435341  59.966217   142.901   142.901  2 53592.54901506 52.273
 40 117.376047  59.999565   143.959   143.914 14 53627.54901350 44.298
 41 117.408598  59.973611   142.425   142.413  5 53662.54903284 48.218
 42 117.424628  59.967629   144.674   144.674  2 53697.54899587 13.796
 43 117.435358  59.966261   144.153   144.153  2 53732.54891791 35.418
 46 117.397184  59.982263   142.170   142.051  7 53837.54891052  5.098
 49 117.401493  59.979129   143.403   143.383  6 53942.54902917 42.773
 51 117.395553  59.984364   150.332   150.561  7 54012.54899011 10.472
 52 117.423510  59.967823   143.246   143.246  2 54047.54899665 45.926
 55 117.415841  59.970046   144.379   144.953  3 54152.54894279  6.960
 57 117.408974  59.973689   362.022   362.126  5 54222.54895355  1.491
 59 117.418925  59.969173   146.312   146.273  3 54292.54897696 46.531
 60 117.424123  59.968003   144.686   144.675  3 54327.54897259 50.098
 62 117.416791  59.970090   142.713   142.748  3 54397.54891294 51.299
 63 117.430932  59.965602   144.655   144.655  2 54432.54887089 14.403
 64 117.412732  59.971757   144.904   144.889  5 54467.54889512  7.643
 66 117.422108  59.967236   144.737   144.232  3 54537.54890954  4.778
 69 117.420657  59.968310   147.541   147.484  3 54642.54891191 45.533
 71 117.433158  59.965455   277.340   277.340  2 54712.54886683  1.856
 72 117.411665  59.973180   144.024   143.985  4 54747.54888366 51.094
 73 117.424877  59.966767   141.328   141.308  3 54782.54885345 36.118
 74 117.413671  59.970717   144.988   144.416  4 54817.54887595 10.794
 75 117.425937  59.966629   144.903   145.231  3 54852.54885101  8.644
 76 117.415846  59.969692   144.451   144.605  4 54887.54887998  7.564
 77 117.430864  59.967092   144.263   144.263  2 54922.54885134  6.013
 78 117.407548  59.976664   314.838   314.838  2 54957.54887832  1.296
 80 117.423463  59.966924   145.618   145.556  3 55027.54888915 50.850
 81 117.419953  59.969488   147.112   147.139  3 55062.54888244 47.105
 83 117.414141  59.970654   142.589   142.610  4 55132.54882599 44.459
 84 117.426532  59.967341   144.689   144.401  3 55167.54879159 12.156
 85 117.412215  59.972888   145.908   145.927  4 55202.54881897  5.899
 86 117.427681  59.966189   146.626   146.626  2 55237.54879859  3.103
 87 117.419836  59.968678   144.373   144.262  3 55272.54881202  3.920
 88 117.431428  59.967601   144.097   144.097  2 55307.54878133 15.814
 91 117.413480  59.971918   145.159   145.150  4 55412.54880016 48.469
 92 117.423699  59.967483   280.711   280.711  2 55447.54878956  3.228
 93 117.436338  59.965888   143.444   143.444  2 55482.54871851 54.317
