# NaN NaN NaN ;Mean Elev.(m), Avg Gradient(m/km), RMS Gradient(m/km) - SRTM1     
# NaN NaN NaN ;Mean Elev.(m), Avg Gradient(m/km), RMS Gradient(m/km) - ASTER GDEM
#  126.280  -8.751  35.391 ;Mean Elev.(m), Avg Gradient(m/km), RMS Gradient(m/km) - GMTED2010 
  8   124.249 52498.53708863 16.64 121.268627  60.631836 15.004
  8   125.220 52498.53708927 17.70 121.266357  60.635006 15.004
  8   125.954 52498.53708992 20.20 121.264087  60.638166 15.004
  8   124.499 52498.53709056 25.76 121.261807  60.641326 15.004
  8   123.523 52498.53709121 30.24 121.259537  60.644496 15.004
 10   123.262 52568.53710268 32.09 121.260668  60.629157 17.879
 10   125.583 52568.53710332 37.77 121.258398  60.632317 17.879
 10   125.820 52568.53710397 40.32 121.256128  60.635477 17.879
 10   121.002 52568.53710461 40.10 121.253848  60.638647 17.879
 10   125.207 52568.53710525 26.70 121.251578  60.641807 17.879
 11   125.260 52603.53709425 20.95 121.266037  60.630199 12.808
 11   123.192 52603.53709490 21.48 121.263767  60.633359 12.808
 11   123.602 52603.53709554 21.03 121.261497  60.636519 12.808
 11   122.325 52603.53709619 21.83 121.259227  60.639689 12.808
 11   124.879 52603.53709683 20.28 121.256957  60.642849 12.808
 12   126.128 52638.53707041 13.51 121.252350  60.628743 14.520
 12   122.354 52638.53707106 15.21 121.250070  60.631903 14.520
 12   122.744 52638.53707170 16.65 121.247800  60.635073 14.520
 12   123.728 52638.53707235 15.23 121.245530  60.638233 14.520
 12   125.106 52638.53707299 14.57 121.243250  60.641393 14.520
 13   125.623 52673.53706924 12.80 121.265209  60.631547 12.188
 13   127.265 52673.53706989 13.74 121.262929  60.634707 12.188
 13   124.690 52673.53707053 14.79 121.260659  60.637867 12.188
 13   126.432 52673.53707118 14.91 121.258389  60.641037 12.188
 13   126.258 52673.53707182 16.58 121.256119  60.644197 12.188
 14   129.698 52708.53708062  5.56 121.252073  60.635670  9.006
 14   132.669 52708.53708127 12.16 121.249803  60.638840  9.006
 14   134.996 52708.53708191 13.27 121.247523  60.642000  9.006
 17   127.353 52813.53712964 35.62 121.248704  60.630505 14.693
 17   128.137 52813.53713029 37.49 121.246434  60.633665 14.693
 17   125.860 52813.53713093 38.87 121.244154  60.636825 14.693
 17   127.404 52813.53713157 40.31 121.241884  60.639985 14.693
 17   125.694 52813.53713222 40.47 121.239604  60.643155 14.693
 18   123.637 52848.53718267 39.74 121.254359  60.628881 16.477
 18   121.608 52848.53718332 39.90 121.252079  60.632041 16.477
 18   124.258 52848.53718396 41.24 121.249809  60.635211 16.477
 18   123.009 52848.53718460 33.62 121.247539  60.638371 16.477
 18   125.207 52848.53718525 27.60 121.245259  60.641531 16.477
 19   128.726 52883.53721885 30.44 121.259063  60.631120 19.074
 19   125.924 52883.53721949 33.05 121.256793  60.634280 19.074
 19   128.792 52883.53722014 33.85 121.254523  60.637450 19.074
 19   123.590 52883.53722078 29.10 121.252253  60.640610 19.074
 19   124.326 52883.53722143 31.61 121.249973  60.643770 19.074
 20   128.435 52918.53717511 38.02 121.269861  60.631107 22.504
 20   130.710 52918.53717575 38.04 121.267591  60.634277 22.504
 20   128.213 52918.53717639 36.65 121.265321  60.637437 22.504
 20   129.312 52918.53717704 35.53 121.263051  60.640607 22.504
 20   128.738 52918.53717768 25.99 121.260781  60.643767 22.504
 21   127.597 52953.53713812 15.24 121.255687  60.631630 20.189
 21   127.217 52953.53713877 15.62 121.253417  60.634790 20.189
 21   126.630 52953.53713941 15.96 121.251147  60.637960 20.189
 21   127.257 52953.53714006 15.83 121.248867  60.641120 20.189
 21   128.799 52953.53714070 15.95 121.246597  60.644280 20.189
 22   126.246 52988.53714685 11.16 121.268380  60.632890 18.426
 22   127.876 52988.53714750 10.87 121.266110  60.636050 18.426
 22   128.059 52988.53714814 10.52 121.263830  60.639210 18.426
 22   127.895 52988.53714879 11.16 121.261560  60.642380 18.426
 24   128.208 53058.53713075  6.32 121.260160  60.639585 13.732
 24   132.110 53058.53713139  9.64 121.257890  60.642755 13.732
 25   126.046 53093.53716722  6.03 121.262670  60.632383 15.802
 25   127.400 53093.53716786  6.48 121.260400  60.635543 15.802
 25   128.720 53093.53716851  5.98 121.258130  60.638703 15.802
 25   128.812 53093.53716915  6.40 121.255860  60.641873 15.802
 28   125.019 53198.53720517 24.40 121.262615  60.629568 13.462
 28   124.748 53198.53720582 23.33 121.260345  60.632728 13.462
 28   126.684 53198.53720646 24.67 121.258065  60.635888 13.462
 28   126.404 53198.53720711 34.94 121.255795  60.639058 13.462
 28   126.253 53198.53720775 35.60 121.253525  60.642218 13.462
 29   125.532 53233.53717850 35.19 121.271926  60.634196 12.705
 29   126.072 53233.53717914 34.77 121.269656  60.637366 12.705
 29   125.314 53233.53717979 27.15 121.267386  60.640526 12.705
 29   124.046 53233.53718043 26.51 121.265116  60.643686 12.705
 30   123.017 53268.53714711 26.57 121.269927  60.639347 11.729
 30   124.736 53268.53714776 27.19 121.267657  60.642507 11.729
 31   132.258 53303.53720448 17.86 121.248010  60.629521 20.390
 31   130.130 53303.53720513 26.61 121.245740  60.632681 20.390
 31   127.134 53303.53720577 35.99 121.243470  60.635841 20.390
 31   125.876 53303.53720642 28.97 121.241190  60.639011 20.390
 31   127.623 53303.53720706 22.90 121.238920  60.642171 20.390
 38   185.886 53548.53723441  9.68 121.261051  60.630331 13.186
 38   193.292 53548.53723506  7.41 121.258781  60.633491 13.186
 38   185.285 53548.53723570  9.09 121.256511  60.636661 13.186
 39   125.690 53583.53720018 21.80 121.266759  60.632020 11.226
 39   125.272 53583.53720083 31.53 121.264489  60.635190 11.226
 39   125.409 53583.53720147 37.89 121.262219  60.638350 11.226
 39   123.840 53583.53720212 42.89 121.259939  60.641510 11.226
 39   126.759 53583.53720276 34.62 121.257669  60.644680 11.226
 40   125.625 53618.53715664 36.52 121.270585  60.633473 12.636
 40   125.814 53618.53715729 37.93 121.268315  60.636643 12.636
 40   124.689 53618.53715793 36.57 121.266045  60.639803 12.636
 40   126.828 53618.53715858 38.18 121.263775  60.642963 12.636
 41   181.467 53653.53717901  9.71 121.256911  60.631214 15.421
 41   188.976 53653.53717966 10.17 121.254641  60.634374 15.421
 41   180.003 53653.53718030 12.34 121.252361  60.637544 15.421
 41   180.105 53653.53718095  5.20 121.250091  60.640704 15.421
 42   207.484 53688.53717941 10.62 121.253580  60.640456 18.113
 42   125.814 53688.53718006 19.72 121.251300  60.643626 18.113
 49   126.310 53933.53718624 31.99 121.252815  60.631246 14.289
 49   126.053 53933.53718689 39.80 121.250545  60.634406 14.289
 49   126.731 53933.53718753 40.42 121.248275  60.637576 14.289
 49   122.264 53933.53718817 44.02 121.245995  60.640736 14.289
 49   123.645 53933.53718882 39.10 121.243725  60.643896 14.289
 50   126.621 53968.53715798 11.45 121.260521  60.631618  6.660
 50   126.713 53968.53715862 12.96 121.258251  60.634778  6.660
 50   128.046 53968.53715926 14.17 121.255972  60.637946 12.145
 50   128.093 53968.53715991 17.98 121.253702  60.641106 12.145
 50   129.135 53968.53716055 24.64 121.251432  60.644276 12.145
 51   184.334 54003.53712816 10.96 121.251927  60.630472 11.450
 51   197.908 54003.53712881 10.51 121.249657  60.633632 11.450
 51   182.317 54003.53712945 11.39 121.247387  60.636802 11.450
 52   129.168 54038.53716265 29.70 121.260930  60.630827 13.065
 52   128.457 54038.53716330 31.87 121.258660  60.633987 13.065
 52   129.594 54038.53716394 34.80 121.256381  60.637153 13.800
 52   123.665 54038.53716459 28.89 121.254111  60.640313 13.800
 52   124.810 54038.53716523 24.34 121.251841  60.643483 13.800
 54   126.416 54108.53710449  9.36 121.272732  60.634275  6.068
 54   127.822 54108.53710513  8.82 121.270452  60.637435  6.068
 54   129.290 54108.53710578 10.11 121.268191  60.640606 14.068
 54   129.860 54108.53710642  9.38 121.265911  60.643766 14.068
 56   126.486 54178.53708764  6.96 121.270375  60.631117 13.746
 56   128.062 54178.53708829  5.88 121.268095  60.634287 13.746
 56   128.469 54178.53708893  6.03 121.265825  60.637447 13.746
 56   128.630 54178.53708958  6.22 121.263555  60.640607 13.746
 56   128.347 54178.53709022  7.81 121.261285  60.643777 13.746
 57   122.709 54213.53710115 17.20 121.257460  60.629922 13.754
 57   124.835 54213.53710179 16.91 121.255190  60.633082 13.754
 57   125.464 54213.53710244 19.46 121.252920  60.636242 13.754
 57   126.059 54213.53710308 20.41 121.250640  60.639412 13.754
 57   128.049 54213.53710373 20.75 121.248370  60.642572 13.754
 59   129.787 54283.53713809 25.28 121.263552  60.631553 11.098
 59   130.156 54283.53713874 25.90 121.261282  60.634713 11.098
 59   130.209 54283.53713938 26.14 121.259012  60.637883 11.098
 59   130.832 54283.53714003 27.06 121.256742  60.641043 11.098
 59   131.073 54283.53714067 29.00 121.254462  60.644203 11.098
 60   118.443 54318.53713603 46.07 121.264432  60.633119 13.277
 60   125.348 54318.53713668 43.85 121.262162  60.636279 13.277
 60   125.525 54318.53713732 43.89 121.259892  60.639439 13.277
 60   122.330 54318.53713797 39.25 121.257612  60.642609 13.277
 61   122.370 54353.53710021 44.33 121.270541  60.632421 12.676
 61   125.427 54353.53710085 41.55 121.268271  60.635591 12.676
 61   123.641 54353.53710150 44.58 121.266001  60.638751 12.676
 61   123.824 54353.53710214 38.49 121.263721  60.641911 12.676
 62   124.366 54388.53707570 25.23 121.261940  60.631170 10.907
 62   124.815 54388.53707635 29.62 121.259670  60.634330 10.907
 62   125.811 54388.53707699 35.67 121.257400  60.637500 10.907
 62   120.707 54388.53707764 39.24 121.255130  60.640660 10.907
 62   125.757 54388.53707828 29.83 121.252850  60.643820 10.907
 63   124.678 54423.53705183  9.18 121.260218  60.641242  5.990
 63   122.929 54423.53705248 16.92 121.257948  60.644402  5.990
 69   129.659 54633.53707183 27.62 121.260585  60.631421 11.739
 69   129.217 54633.53707248 29.32 121.258315  60.634581 11.739
 69   129.858 54633.53707312 29.42 121.256035  60.637741 11.739
 69   128.853 54633.53707376 30.24 121.253765  60.640901 11.739
 69   130.298 54633.53707441 31.59 121.251495  60.644071 11.739
 70   126.511 54668.53707664 36.38 121.263540  60.629846 13.904
 70   120.709 54668.53707729 40.84 121.261270  60.633016 13.904
 70   125.019 54668.53707793 37.12 121.259000  60.636176 13.904
 70   123.221 54668.53707858 34.28 121.256720  60.639336 13.904
 70   125.167 54668.53707922 29.06 121.254450  60.642496 13.904
 71   126.993 54703.53704155 22.72 121.271498  60.630843  9.592
 71   125.069 54703.53704219 22.48 121.269228  60.634013  9.592
 71   125.648 54703.53704284 22.85 121.266958  60.637173  9.592
 71   124.329 54703.53704348 21.89 121.264688  60.640343  9.592
 71   126.436 54703.53704413 21.70 121.262418  60.643503  9.592
 73   179.829 54773.53702263  3.72 121.268031  60.631754  5.333
 73   184.398 54773.53702456  5.64 121.261221  60.641244  5.333
 74   127.706 54808.53703248 20.30 121.253135  60.631609 16.055
 74   128.263 54808.53703313 18.82 121.250855  60.634769 16.055
 74   124.443 54808.53703377 27.41 121.248585  60.637929 16.055
 74   127.522 54808.53703442 15.71 121.246315  60.641099 16.055
 75   129.034 54843.53702069 13.51 121.265167  60.632595 13.836
 75   128.122 54843.53702134 15.13 121.262897  60.635765 13.836
 75   127.137 54843.53702198 13.51 121.260627  60.638925 13.836
 75   126.890 54843.53702263 11.50 121.258347  60.642085 13.836
 76   130.758 54878.53703674  7.31 121.252183  60.639467  8.243
 76   131.976 54878.53703738 13.10 121.249903  60.642627  8.243
 79   215.638 54983.53705453  0.11 121.254156  60.639293  7.161
 79   214.309 54983.53705518  4.69 121.251886  60.642463  7.161
 80   128.042 55018.53705022 36.34 121.262854  60.632344 14.897
 80   127.911 55018.53705086 43.48 121.260584  60.635514 14.897
 80   128.301 55018.53705150 42.90 121.258314  60.638674 14.897
 80   127.699 55018.53705215 40.48 121.256034  60.641834 14.897
 81   124.816 55053.53704596 15.69 121.265688  60.631747 12.003
 81   125.231 55053.53704660 16.63 121.263418  60.634917 12.003
 81   126.066 55053.53704725 17.54 121.261148  60.638077 12.003
 81   126.226 55053.53704789 20.03 121.258868  60.641237 12.003
 81   126.951 55053.53704854 23.96 121.256598  60.644407 12.003
 82   127.731 55088.53700722 25.44 121.271134  60.630751  9.165
 82   128.234 55088.53700787 25.55 121.268864  60.633921  9.165
 82   127.341 55088.53700851 25.08 121.266594  60.637081  9.165
 82   126.368 55088.53700916 25.95 121.264324  60.640241  9.165
 82   128.278 55088.53700980 26.07 121.262054  60.643411  9.165
 83   128.475 55123.53698242 18.42 121.258677  60.632338 23.266
 83   128.892 55123.53698306 19.88 121.256397  60.635498 23.266
 83   131.265 55123.53698370 22.88 121.254127  60.638658 23.266
 83   128.525 55123.53698435 25.71 121.251857  60.641828 23.266
 84   128.953 55158.53696818 14.14 121.266536  60.631546 17.612
 84   123.508 55158.53696882 17.34 121.264266  60.634706 17.612
 84   124.533 55158.53696947 17.92 121.261996  60.637876 17.612
 84   125.446 55158.53697011 16.96 121.259726  60.641036 17.612
 84   125.801 55158.53697076 17.40 121.257446  60.644196 17.612
 86   125.868 55228.53697026  8.96 121.266845  60.633276 15.846
 86   128.596 55228.53697090  9.13 121.264575  60.636446 15.846
 86   127.979 55228.53697154  9.80 121.262305  60.639606 15.846
 86   127.912 55228.53697219  9.47 121.260025  60.642766 15.846
 87   126.220 55263.53696752  8.21 121.261225  60.631862 11.131
 87   131.197 55263.53696816 10.23 121.258945  60.635022 11.131
 87   132.208 55263.53696880  9.43 121.256675  60.638182 11.131
 87   129.480 55263.53696945  7.68 121.254405  60.641352 11.131
 87   129.320 55263.53697009  7.55 121.252135  60.644512 11.131
 88   128.809 55298.53695386 11.43 121.269335  60.633135 16.779
 88   131.422 55298.53695450 11.60 121.267065  60.636295 16.779
 88   128.228 55298.53695515  9.34 121.264795  60.639465 16.779
 88   129.982 55298.53695579  9.37 121.262525  60.642625 16.779
 89   215.892 55333.53694707  4.42 121.259166  60.636836 10.537
 89   215.892 55333.53694836  8.80 121.254616  60.643156 10.537
 90   125.589 55368.53693715 17.28 121.266172  60.630746 12.059
 90   126.000 55368.53693779 19.88 121.263902  60.633906 12.059
 90   127.619 55368.53693844 21.10 121.261632  60.637076 12.059
 90   127.837 55368.53693908 24.90 121.259362  60.640236 12.059
 90   127.623 55368.53693973 30.51 121.257082  60.643396 12.059
 91   124.289 55403.53695330 18.16 121.258001  60.630169  5.197
 91   125.105 55403.53695394 18.42 121.255731  60.633329  5.197
 91   125.593 55403.53695459 20.38 121.253451  60.636489  5.197
 92   125.939 55438.53695568 46.81 121.266694  60.632614 16.049
 92   127.129 55438.53695633 43.50 121.264424  60.635774 16.049
 92   125.266 55438.53695697 44.93 121.262154  60.638944 16.049
 92   127.791 55438.53695762 41.55 121.259874  60.642104 16.049
 93   124.013 55473.53690306 26.90 121.272085  60.632809 12.396
 93   124.462 55473.53690371 24.37 121.269815  60.635979 12.396
 93   125.433 55473.53690435 26.93 121.267545  60.639139 12.396
 93   124.318 55473.53690500 30.14 121.265275  60.642309 12.396
